-3.14159     -3.14159    0.0137869
-2.93215     -3.14159    0.00107385
-2.72271     -3.14159    0.000808976
-2.51327     -3.14159    0.000444649
-2.30383     -3.14159    0.0022152
-2.0944     -3.14159    0.00138581
-1.88496     -3.14159    0.00245197
-1.67552     -3.14159    0.00357072
-1.46608     -3.14159    0.00741398
-1.25664     -3.14159    0.00117723
-1.0472     -3.14159    0.0144902
-0.837758     -3.14159    0.00169613
-0.628319     -3.14159    0.00661184
-0.418879     -3.14159    0.00200558
-0.20944     -3.14159    0.00439099
0     -3.14159    0.00097471
0.20944     -3.14159    0.00453309
0.418879     -3.14159    0.00205645
0.628319     -3.14159    0.00656522
0.837758     -3.14159    0.00179714
1.0472     -3.14159    0.0144138
1.25664     -3.14159    0.00118221
1.46608     -3.14159    0.00741141
1.67552     -3.14159    0.00360462
1.88496     -3.14159    0.00290024
2.0944     -3.14159    0.00154222
2.30383     -3.14159    0.00218065
2.51327     -3.14159    0.000463848
2.72271     -3.14159    0.000889741
2.93215     -3.14159    0.00123586
3.14159     -3.14159    0.0133667

-3.14159     -2.93215    0.0161872
-2.93215     -2.93215    0.000899744
-2.72271     -2.93215    0.00361987
-2.51327     -2.93215    0.00153813
-2.30383     -2.93215    0.000161778
-2.0944     -2.93215    0.00118939
-1.88496     -2.93215    0.0074
-1.67552     -2.93215    0.00790869
-1.46608     -2.93215    0.0084936
-1.25664     -2.93215    0.00260012
-1.0472     -2.93215    0.0129552
-0.837758     -2.93215    0.00497917
-0.628319     -2.93215    0.00524846
-0.418879     -2.93215    0.00458399
-0.20944     -2.93215    0.00154649
0     -2.93215    0.00195614
0.20944     -2.93215    0.00144357
0.418879     -2.93215    0.00447658
0.628319     -2.93215    0.00511216
0.837758     -2.93215    0.00492983
1.0472     -2.93215    0.0130463
1.25664     -2.93215    0.00266926
1.46608     -2.93215    0.00858647
1.67552     -2.93215    0.00868748
1.88496     -2.93215    0.00711795
2.0944     -2.93215    0.00129502
2.30383     -2.93215    0.00014669
2.51327     -2.93215    0.0016959
2.72271     -2.93215    0.00353524
2.93215     -2.93215    0.00074866
3.14159     -2.93215    0.0154469

-3.14159     -2.72271    0.00287946
-2.93215     -2.72271    0.000909596
-2.72271     -2.72271    0.00384171
-2.51327     -2.72271    0.00114646
-2.30383     -2.72271    0.00255144
-2.0944     -2.72271    0.0025304
-1.88496     -2.72271    0.0099905
-1.67552     -2.72271    0.000133649
-1.46608     -2.72271    0.00281632
-1.25664     -2.72271    0.00170018
-1.0472     -2.72271    0.00325445
-0.837758     -2.72271    0.00524264
-0.628319     -2.72271    0.00537556
-0.418879     -2.72271    0.00157452
-0.20944     -2.72271    0.000291087
0     -2.72271    0.00538485
0.20944     -2.72271    0.000266354
0.418879     -2.72271    0.00153944
0.628319     -2.72271    0.00536787
0.837758     -2.72271    0.00515771
1.0472     -2.72271    0.00314555
1.25664     -2.72271    0.0017125
1.46608     -2.72271    0.00287028
1.67552     -2.72271    0.000166623
1.88496     -2.72271    0.00969981
2.0944     -2.72271    0.00250326
2.30383     -2.72271    0.00291449
2.51327     -2.72271    0.00141198
2.72271     -2.72271    0.00367595
2.93215     -2.72271    0.00106112
3.14159     -2.72271    0.0028114

-3.14159     -2.51327    0.00325698
-2.93215     -2.51327    0.000668822
-2.72271     -2.51327    0.0115058
-2.51327     -2.51327    0.000577207
-2.30383     -2.51327    0.000780404
-2.0944     -2.51327    0.0111558
-1.88496     -2.51327    0.00140783
-1.67552     -2.51327    0.00176357
-1.46608     -2.51327    0.00945227
-1.25664     -2.51327    0.013586
-1.0472     -2.51327    0.00371665
-0.837758     -2.51327    0.000773824
-0.628319     -2.51327    0.00255656
-0.418879     -2.51327    0.00622551
-0.20944     -2.51327    0.00292128
0     -2.51327    0.00761023
0.20944     -2.51327    0.00293544
0.418879     -2.51327    0.00629469
0.628319     -2.51327    0.00261795
0.837758     -2.51327    0.000555549
1.0472     -2.51327    0.00397167
1.25664     -2.51327    0.0137585
1.46608     -2.51327    0.00952324
1.67552     -2.51327    0.00165203
1.88496     -2.51327    0.00127976
2.0944     -2.51327    0.0116581
2.30383     -2.51327    0.000742195
2.51327     -2.51327    0.000462167
2.72271     -2.51327    0.0114773
2.93215     -2.51327    0.000639521
3.14159     -2.51327    0.00338681

-3.14159     -2.30383    0.000763972
-2.93215     -2.30383    0.00470226
-2.72271     -2.30383    0.00458103
-2.51327     -2.30383    0.00464741
-2.30383     -2.30383    0.00179903
-2.0944     -2.30383    0.0169484
-1.88496     -2.30383    0.000821819
-1.67552     -2.30383    0.00053935
-1.46608     -2.30383    0.0153745
-1.25664     -2.30383    0.00763604
-1.0472     -2.30383    0.00944123
-0.837758     -2.30383    0.00231117
-0.628319     -2.30383    0.000391751
-0.418879     -2.30383    0.00301507
-0.20944     -2.30383    0.00604098
0     -2.30383    0.00924517
0.20944     -2.30383    0.00609693
0.418879     -2.30383    0.00303423
0.628319     -2.30383    0.000355382
0.837758     -2.30383    0.00220748
1.0472     -2.30383    0.00934764
1.25664     -2.30383    0.00767123
1.46608     -2.30383    0.0156872
1.67552     -2.30383    0.000656847
1.88496     -2.30383    0.000787155
2.0944     -2.30383    0.017405
2.30383     -2.30383    0.00182835
2.51327     -2.30383    0.00476509
2.72271     -2.30383    0.00484231
2.93215     -2.30383    0.00470252
3.14159     -2.30383    0.000662022

-3.14159     -2.0944    0.000229865
-2.93215     -2.0944    0.00323559
-2.72271     -2.0944    0.000139769
-2.51327     -2.0944    0.00295327
-2.30383     -2.0944    0.00652628
-2.0944     -2.0944    0.00404429
-1.88496     -2.0944    0.00469068
-1.67552     -2.0944    0.00369793
-1.46608     -2.0944    0.00649363
-1.25664     -2.0944    0.00182034
-1.0472     -2.0944    0.00327295
-0.837758     -2.0944    0.00627901
-0.628319     -2.0944    0.00172376
-0.418879     -2.0944    0.000583175
-0.20944     -2.0944    0.003926
0     -2.0944    0.00936275
0.20944     -2.0944    0.00395749
0.418879     -2.0944    0.000572418
0.628319     -2.0944    0.00172324
0.837758     -2.0944    0.00615367
1.0472     -2.0944    0.00335018
1.25664     -2.0944    0.00187376
1.46608     -2.0944    0.00641487
1.67552     -2.0944    0.00377416
1.88496     -2.0944    0.00466192
2.0944     -2.0944    0.00439011
2.30383     -2.0944    0.00652903
2.51327     -2.0944    0.00283516
2.72271     -2.0944    5.73078e-05
2.93215     -2.0944    0.00313565
3.14159     -2.0944    0.000366523

-3.14159     -1.88496    0.0110412
-2.93215     -1.88496    0.00508514
-2.72271     -1.88496    0.00379448
-2.51327     -1.88496    0.00222603
-2.30383     -1.88496    0.00212714
-2.0944     -1.88496    0.00398163
-1.88496     -1.88496    0.00403549
-1.67552     -1.88496    0.00249672
-1.46608     -1.88496    0.00936403
-1.25664     -1.88496    0.00591481
-1.0472     -1.88496    0.0093473
-0.837758     -1.88496    0.00441
-0.628319     -1.88496    0.00187293
-0.418879     -1.88496    0.00447373
-0.20944     -1.88496    0.00162602
0     -1.88496    0.00197103
0.20944     -1.88496    0.00155385
0.418879     -1.88496    0.0044691
0.628319     -1.88496    0.00194156
0.837758     -1.88496    0.0045394
1.0472     -1.88496    0.00911014
1.25664     -1.88496    0.0057818
1.46608     -1.88496    0.00948295
1.67552     -1.88496    0.00234062
1.88496     -1.88496    0.00404742
2.0944     -1.88496    0.0041036
2.30383     -1.88496    0.00222336
2.51327     -1.88496    0.00221093
2.72271     -1.88496    0.00368393
2.93215     -1.88496    0.00498577
3.14159     -1.88496    0.0107175

-3.14159     -1.67552    0.00783324
-2.93215     -1.67552    0.0041462
-2.72271     -1.67552    0.00170561
-2.51327     -1.67552    0.00127048
-2.30383     -1.67552    0.00367504
-2.0944     -1.67552    0.00480533
-1.88496     -1.67552    0.00391301
-1.67552     -1.67552    0.000152181
-1.46608     -1.67552    0.00202212
-1.25664     -1.67552    0.00494074
-1.0472     -1.67552    0.00165298
-0.837758     -1.67552    0.00352291
-0.628319     -1.67552    0.00254197
-0.418879     -1.67552    0.00495172
-0.20944     -1.67552    0.00590805
0     -1.67552    0.00213907
0.20944     -1.67552    0.00578583
0.418879     -1.67552    0.00496201
0.628319     -1.67552    0.00260927
0.837758     -1.67552    0.00359349
1.0472     -1.67552    0.00162893
1.25664     -1.67552    0.00504619
1.46608     -1.67552    0.00216508
1.67552     -1.67552    0.000208661
1.88496     -1.67552    0.00369475
2.0944     -1.67552    0.00488953
2.30383     -1.67552    0.00381536
2.51327     -1.67552    0.0012416
2.72271     -1.67552    0.00157949
2.93215     -1.67552    0.00408933
3.14159     -1.67552    0.00762819

-3.14159     -1.46608    0.00143627
-2.93215     -1.46608    0.00393174
-2.72271     -1.46608    0.00175328
-2.51327     -1.46608    0.00121437
-2.30383     -1.46608    0.00296064
-2.0944     -1.46608    0.00417001
-1.88496     -1.46608    0.00199654
-1.67552     -1.46608    0.00202305
-1.46608     -1.46608    0.000232711
-1.25664     -1.46608    0.001456
-1.0472     -1.46608    0.00489943
-0.837758     -1.46608    0.00181975
-0.628319     -1.46608    0.00595895
-0.418879     -1.46608    0.00577875
-0.20944     -1.46608    0.0018821
0     -1.46608    0.00462728
0.20944     -1.46608    0.0015317
0.418879     -1.46608    0.00579051
0.628319     -1.46608    0.00609289
0.837758     -1.46608    0.002405
1.0472     -1.46608    0.0048308
1.25664     -1.46608    0.00154414
1.46608     -1.46608    0.000368315
1.67552     -1.46608    0.00200784
1.88496     -1.46608    0.00194505
2.0944     -1.46608    0.00391644
2.30383     -1.46608    0.0027564
2.51327     -1.46608    0.00126106
2.72271     -1.46608    0.00183923
2.93215     -1.46608    0.00380764
3.14159     -1.46608    0.00120816

-3.14159     -1.25664    0.000451668
-2.93215     -1.25664    0.00129923
-2.72271     -1.25664    0.000682647
-2.51327     -1.25664    0.000800221
-2.30383     -1.25664    0.00675449
-2.0944     -1.25664    0.00513813
-1.88496     -1.25664    0.0103492
-1.67552     -1.25664    0.00234461
-1.46608     -1.25664    0.00600866
-1.25664     -1.25664    0.00275963
-1.0472     -1.25664    0.00695472
-0.837758     -1.25664    0.000744897
-0.628319     -1.25664    0.000894195
-0.418879     -1.25664    0.000934952
-0.20944     -1.25664    0.00324357
0     -1.25664    0.00633022
0.20944     -1.25664    0.00310713
0.418879     -1.25664    0.000804716
0.628319     -1.25664    0.00072792
0.837758     -1.25664    0.00094084
1.0472     -1.25664    0.00700564
1.25664     -1.25664    0.00275831
1.46608     -1.25664    0.00616232
1.67552     -1.25664    0.00246886
1.88496     -1.25664    0.0105878
2.0944     -1.25664    0.00548406
2.30383     -1.25664    0.0067394
2.51327     -1.25664    0.000800589
2.72271     -1.25664    0.000729264
2.93215     -1.25664    0.00133141
3.14159     -1.25664    0.000459795

-3.14159     -1.0472    0.00513229
-2.93215     -1.0472    0.0065927
-2.72271     -1.0472    0.00427266
-2.51327     -1.0472    0.000901561
-2.30383     -1.0472    0.00594266
-2.0944     -1.0472    0.00883026
-1.88496     -1.0472    0.00967653
-1.67552     -1.0472    0.000542682
-1.46608     -1.0472    0.00219865
-1.25664     -1.0472    0.00187695
-1.0472     -1.0472    0.00413215
-0.837758     -1.0472    0.00246247
-0.628319     -1.0472    0.00881943
-0.418879     -1.0472    0.00698875
-0.20944     -1.0472    0.00207353
0     -1.0472    0.0114754
0.20944     -1.0472    0.00226397
0.418879     -1.0472    0.00683124
0.628319     -1.0472    0.00853583
0.837758     -1.0472    0.00268413
1.0472     -1.0472    0.00420096
1.25664     -1.0472    0.00200511
1.46608     -1.0472    0.00213027
1.67552     -1.0472    0.000615214
1.88496     -1.0472    0.00976886
2.0944     -1.0472    0.00883474
2.30383     -1.0472    0.00588141
2.51327     -1.0472    0.00072036
2.72271     -1.0472    0.00430278
2.93215     -1.0472    0.00667627
3.14159     -1.0472    0.00515154

-3.14159     -0.837758    0.00240046
-2.93215     -0.837758    0.000592739
-2.72271     -0.837758    0.00535829
-2.51327     -0.837758    0.00729594
-2.30383     -0.837758    0.00412054
-2.0944     -0.837758    0.00212986
-1.88496     -0.837758    0.00266971
-1.67552     -0.837758    0.00193804
-1.46608     -0.837758    0.00145983
-1.25664     -0.837758    0.00766617
-1.0472     -0.837758    0.00189934
-0.837758     -0.837758    0.000961574
-0.628319     -0.837758    0.00719995
-0.418879     -0.837758    0.00465248
-0.20944     -0.837758    0.000360678
0     -0.837758    0.00453162
0.20944     -0.837758    0.000321318
0.418879     -0.837758    0.00484108
0.628319     -0.837758    0.00733777
0.837758     -0.837758    0.00100034
1.0472     -0.837758    0.00204986
1.25664     -0.837758    0.00758967
1.46608     -0.837758    0.0015362
1.67552     -0.837758    0.00190999
1.88496     -0.837758    0.00237988
2.0944     -0.837758    0.00201829
2.30383     -0.837758    0.00425995
2.51327     -0.837758    0.00722105
2.72271     -0.837758    0.0053576
2.93215     -0.837758    0.000615678
3.14159     -0.837758    0.00227675

-3.14159     -0.628319    0.0194915
-2.93215     -0.628319    0.00296627
-2.72271     -0.628319    0.00583929
-2.51327     -0.628319    0.00176094
-2.30383     -0.628319    0.000919568
-2.0944     -0.628319    0.00217008
-1.88496     -0.628319    0.00435318
-1.67552     -0.628319    0.0020881
-1.46608     -0.628319    0.00463236
-1.25664     -0.628319    0.00277292
-1.0472     -0.628319    0.00832706
-0.837758     -0.628319    0.00580012
-0.628319     -0.628319    0.000553912
-0.418879     -0.628319    0.00539171
-0.20944     -0.628319    0.00770659
0     -0.628319    0.00564523
0.20944     -0.628319    0.00779374
0.418879     -0.628319    0.00526454
0.628319     -0.628319    0.000462953
0.837758     -0.628319    0.00587453
1.0472     -0.628319    0.00851767
1.25664     -0.628319    0.00267317
1.46608     -0.628319    0.00463054
1.67552     -0.628319    0.00206062
1.88496     -0.628319    0.00434953
2.0944     -0.628319    0.00211258
2.30383     -0.628319    0.000961502
2.51327     -0.628319    0.00176107
2.72271     -0.628319    0.00562257
2.93215     -0.628319    0.00290892
3.14159     -0.628319    0.0186466

-3.14159     -0.418879    0.00727845
-2.93215     -0.418879    0.00142742
-2.72271     -0.418879    0.00427389
-2.51327     -0.418879    0.00275834
-2.30383     -0.418879    0.00615345
-2.0944     -0.418879    0.00356447
-1.88496     -0.418879    0.00322044
-1.67552     -0.418879    0.00688386
-1.46608     -0.418879    0.00346432
-1.25664     -0.418879    0.00262716
-1.0472     -0.418879    0.00605141
-0.837758     -0.418879    0.00485761
-0.628319     -0.418879    0.00820838
-0.418879     -0.418879    0.00687576
-0.20944     -0.418879    0.00030738
0     -0.418879    0.0022443
0.20944     -0.418879    0.000417497
0.418879     -0.418879    0.00701945
0.628319     -0.418879    0.00786365
0.837758     -0.418879    0.00501232
1.0472     -0.418879    0.00609168
1.25664     -0.418879    0.00269398
1.46608     -0.418879    0.00349733
1.67552     -0.418879    0.00689214
1.88496     -0.418879    0.00326157
2.0944     -0.418879    0.00345045
2.30383     -0.418879    0.00635539
2.51327     -0.418879    0.00309429
2.72271     -0.418879    0.00429619
2.93215     -0.418879    0.0014705
3.14159     -0.418879    0.007147

-3.14159     -0.20944    0.00320839
-2.93215     -0.20944    0.0038218
-2.72271     -0.20944    0.00611024
-2.51327     -0.20944    0.00868578
-2.30383     -0.20944    0.000936864
-2.0944     -0.20944    0.00330901
-1.88496     -0.20944    0.00238307
-1.67552     -0.20944    0.00468329
-1.46608     -0.20944    0.00466052
-1.25664     -0.20944    0.0027408
-1.0472     -0.20944    0.00488944
-0.837758     -0.20944    0.000347989
-0.628319     -0.20944    0.000678017
-0.418879     -0.20944    0.000529717
-0.20944     -0.20944    0.00403211
0     -0.20944    0.000599232
0.20944     -0.20944    0.00465718
0.418879     -0.20944    0.000145767
0.628319     -0.20944    0.000459121
0.837758     -0.20944    0.00028782
1.0472     -0.20944    0.00481745
1.25664     -0.20944    0.00279052
1.46608     -0.20944    0.00459626
1.67552     -0.20944    0.00450652
1.88496     -0.20944    0.00238654
2.0944     -0.20944    0.00349147
2.30383     -0.20944    0.00112646
2.51327     -0.20944    0.00870887
2.72271     -0.20944    0.00622177
2.93215     -0.20944    0.00385912
3.14159     -0.20944    0.00326482

-3.14159     0    0.00172143
-2.93215     0    0.00704349
-2.72271     0    0.0210467
-2.51327     0    0.000848451
-2.30383     0    0.00993145
-2.0944     0    0.00552387
-1.88496     0    0.00518104
-1.67552     0    0.00315233
-1.46608     0    0.000380573
-1.25664     0    0.00644946
-1.0472     0    0.00904692
-0.837758     0    0.000895696
-0.628319     0    0.0134651
-0.418879     0    0.00355444
-0.20944     0    0.00302227
0     0    5.53312e-15
0.20944     0    0.00302227
0.418879     0    0.00355444
0.628319     0    0.0134651
0.837758     0    0.000895696
1.0472     0    0.00904692
1.25664     0    0.00644946
1.46608     0    0.000380573
1.67552     0    0.00315233
1.88496     0    0.00518104
2.0944     0    0.00552387
2.30383     0    0.00993145
2.51327     0    0.000848451
2.72271     0    0.0210467
2.93215     0    0.00704349
3.14159     0    0.00172143

-3.14159     0.20944    0.00326482
-2.93215     0.20944    0.00385912
-2.72271     0.20944    0.00622177
-2.51327     0.20944    0.00870887
-2.30383     0.20944    0.00112646
-2.0944     0.20944    0.00349147
-1.88496     0.20944    0.00238654
-1.67552     0.20944    0.00450652
-1.46608     0.20944    0.00459626
-1.25664     0.20944    0.00279052
-1.0472     0.20944    0.00481745
-0.837758     0.20944    0.00028782
-0.628319     0.20944    0.000459121
-0.418879     0.20944    0.000145767
-0.20944     0.20944    0.00465718
0     0.20944    0.000599232
0.20944     0.20944    0.00403211
0.418879     0.20944    0.000529717
0.628319     0.20944    0.000678017
0.837758     0.20944    0.000347989
1.0472     0.20944    0.00488944
1.25664     0.20944    0.0027408
1.46608     0.20944    0.00466052
1.67552     0.20944    0.00468329
1.88496     0.20944    0.00238307
2.0944     0.20944    0.00330901
2.30383     0.20944    0.000936864
2.51327     0.20944    0.00868578
2.72271     0.20944    0.00611024
2.93215     0.20944    0.0038218
3.14159     0.20944    0.00320839

-3.14159     0.418879    0.007147
-2.93215     0.418879    0.0014705
-2.72271     0.418879    0.00429619
-2.51327     0.418879    0.00309429
-2.30383     0.418879    0.00635539
-2.0944     0.418879    0.00345045
-1.88496     0.418879    0.00326157
-1.67552     0.418879    0.00689214
-1.46608     0.418879    0.00349733
-1.25664     0.418879    0.00269398
-1.0472     0.418879    0.00609168
-0.837758     0.418879    0.00501232
-0.628319     0.418879    0.00786365
-0.418879     0.418879    0.00701945
-0.20944     0.418879    0.000417497
0     0.418879    0.0022443
0.20944     0.418879    0.00030738
0.418879     0.418879    0.00687576
0.628319     0.418879    0.00820838
0.837758     0.418879    0.00485761
1.0472     0.418879    0.00605141
1.25664     0.418879    0.00262716
1.46608     0.418879    0.00346432
1.67552     0.418879    0.00688386
1.88496     0.418879    0.00322044
2.0944     0.418879    0.00356447
2.30383     0.418879    0.00615345
2.51327     0.418879    0.00275834
2.72271     0.418879    0.00427389
2.93215     0.418879    0.00142742
3.14159     0.418879    0.00727845

-3.14159     0.628319    0.0186466
-2.93215     0.628319    0.00290892
-2.72271     0.628319    0.00562257
-2.51327     0.628319    0.00176107
-2.30383     0.628319    0.000961502
-2.0944     0.628319    0.00211258
-1.88496     0.628319    0.00434953
-1.67552     0.628319    0.00206062
-1.46608     0.628319    0.00463054
-1.25664     0.628319    0.00267317
-1.0472     0.628319    0.00851767
-0.837758     0.628319    0.00587453
-0.628319     0.628319    0.000462953
-0.418879     0.628319    0.00526454
-0.20944     0.628319    0.00779374
0     0.628319    0.00564523
0.20944     0.628319    0.00770659
0.418879     0.628319    0.00539171
0.628319     0.628319    0.000553912
0.837758     0.628319    0.00580012
1.0472     0.628319    0.00832706
1.25664     0.628319    0.00277292
1.46608     0.628319    0.00463236
1.67552     0.628319    0.0020881
1.88496     0.628319    0.00435318
2.0944     0.628319    0.00217008
2.30383     0.628319    0.000919568
2.51327     0.628319    0.00176094
2.72271     0.628319    0.00583929
2.93215     0.628319    0.00296627
3.14159     0.628319    0.0194915

-3.14159     0.837758    0.00227675
-2.93215     0.837758    0.000615678
-2.72271     0.837758    0.0053576
-2.51327     0.837758    0.00722105
-2.30383     0.837758    0.00425995
-2.0944     0.837758    0.00201829
-1.88496     0.837758    0.00237988
-1.67552     0.837758    0.00190999
-1.46608     0.837758    0.0015362
-1.25664     0.837758    0.00758967
-1.0472     0.837758    0.00204986
-0.837758     0.837758    0.00100034
-0.628319     0.837758    0.00733777
-0.418879     0.837758    0.00484108
-0.20944     0.837758    0.000321318
0     0.837758    0.00453162
0.20944     0.837758    0.000360678
0.418879     0.837758    0.00465248
0.628319     0.837758    0.00719995
0.837758     0.837758    0.000961574
1.0472     0.837758    0.00189934
1.25664     0.837758    0.00766617
1.46608     0.837758    0.00145983
1.67552     0.837758    0.00193804
1.88496     0.837758    0.00266971
2.0944     0.837758    0.00212986
2.30383     0.837758    0.00412054
2.51327     0.837758    0.00729594
2.72271     0.837758    0.00535829
2.93215     0.837758    0.000592739
3.14159     0.837758    0.00240046

-3.14159     1.0472    0.00515154
-2.93215     1.0472    0.00667627
-2.72271     1.0472    0.00430278
-2.51327     1.0472    0.00072036
-2.30383     1.0472    0.00588141
-2.0944     1.0472    0.00883474
-1.88496     1.0472    0.00976886
-1.67552     1.0472    0.000615214
-1.46608     1.0472    0.00213027
-1.25664     1.0472    0.00200511
-1.0472     1.0472    0.00420096
-0.837758     1.0472    0.00268413
-0.628319     1.0472    0.00853583
-0.418879     1.0472    0.00683124
-0.20944     1.0472    0.00226397
0     1.0472    0.0114754
0.20944     1.0472    0.00207353
0.418879     1.0472    0.00698875
0.628319     1.0472    0.00881943
0.837758     1.0472    0.00246247
1.0472     1.0472    0.00413215
1.25664     1.0472    0.00187695
1.46608     1.0472    0.00219865
1.67552     1.0472    0.000542682
1.88496     1.0472    0.00967653
2.0944     1.0472    0.00883026
2.30383     1.0472    0.00594266
2.51327     1.0472    0.000901561
2.72271     1.0472    0.00427266
2.93215     1.0472    0.0065927
3.14159     1.0472    0.00513229

-3.14159     1.25664    0.000459795
-2.93215     1.25664    0.00133141
-2.72271     1.25664    0.000729264
-2.51327     1.25664    0.000800589
-2.30383     1.25664    0.0067394
-2.0944     1.25664    0.00548406
-1.88496     1.25664    0.0105878
-1.67552     1.25664    0.00246886
-1.46608     1.25664    0.00616232
-1.25664     1.25664    0.00275831
-1.0472     1.25664    0.00700564
-0.837758     1.25664    0.00094084
-0.628319     1.25664    0.00072792
-0.418879     1.25664    0.000804716
-0.20944     1.25664    0.00310713
0     1.25664    0.00633022
0.20944     1.25664    0.00324357
0.418879     1.25664    0.000934952
0.628319     1.25664    0.000894195
0.837758     1.25664    0.000744897
1.0472     1.25664    0.00695472
1.25664     1.25664    0.00275963
1.46608     1.25664    0.00600866
1.67552     1.25664    0.00234461
1.88496     1.25664    0.0103492
2.0944     1.25664    0.00513813
2.30383     1.25664    0.00675449
2.51327     1.25664    0.000800221
2.72271     1.25664    0.000682647
2.93215     1.25664    0.00129923
3.14159     1.25664    0.000451668

-3.14159     1.46608    0.00120816
-2.93215     1.46608    0.00380764
-2.72271     1.46608    0.00183923
-2.51327     1.46608    0.00126106
-2.30383     1.46608    0.0027564
-2.0944     1.46608    0.00391644
-1.88496     1.46608    0.00194505
-1.67552     1.46608    0.00200784
-1.46608     1.46608    0.000368315
-1.25664     1.46608    0.00154414
-1.0472     1.46608    0.0048308
-0.837758     1.46608    0.002405
-0.628319     1.46608    0.00609289
-0.418879     1.46608    0.00579051
-0.20944     1.46608    0.0015317
0     1.46608    0.00462728
0.20944     1.46608    0.0018821
0.418879     1.46608    0.00577875
0.628319     1.46608    0.00595895
0.837758     1.46608    0.00181975
1.0472     1.46608    0.00489943
1.25664     1.46608    0.001456
1.46608     1.46608    0.000232711
1.67552     1.46608    0.00202305
1.88496     1.46608    0.00199654
2.0944     1.46608    0.00417001
2.30383     1.46608    0.00296064
2.51327     1.46608    0.00121437
2.72271     1.46608    0.00175328
2.93215     1.46608    0.00393174
3.14159     1.46608    0.00143627

-3.14159     1.67552    0.00762819
-2.93215     1.67552    0.00408933
-2.72271     1.67552    0.00157949
-2.51327     1.67552    0.0012416
-2.30383     1.67552    0.00381536
-2.0944     1.67552    0.00488953
-1.88496     1.67552    0.00369475
-1.67552     1.67552    0.000208661
-1.46608     1.67552    0.00216508
-1.25664     1.67552    0.00504619
-1.0472     1.67552    0.00162893
-0.837758     1.67552    0.00359349
-0.628319     1.67552    0.00260927
-0.418879     1.67552    0.00496201
-0.20944     1.67552    0.00578583
0     1.67552    0.00213907
0.20944     1.67552    0.00590805
0.418879     1.67552    0.00495172
0.628319     1.67552    0.00254197
0.837758     1.67552    0.00352291
1.0472     1.67552    0.00165298
1.25664     1.67552    0.00494074
1.46608     1.67552    0.00202212
1.67552     1.67552    0.000152181
1.88496     1.67552    0.00391301
2.0944     1.67552    0.00480533
2.30383     1.67552    0.00367504
2.51327     1.67552    0.00127048
2.72271     1.67552    0.00170561
2.93215     1.67552    0.0041462
3.14159     1.67552    0.00783324

-3.14159     1.88496    0.0107175
-2.93215     1.88496    0.00498577
-2.72271     1.88496    0.00368393
-2.51327     1.88496    0.00221093
-2.30383     1.88496    0.00222336
-2.0944     1.88496    0.0041036
-1.88496     1.88496    0.00404742
-1.67552     1.88496    0.00234062
-1.46608     1.88496    0.00948295
-1.25664     1.88496    0.0057818
-1.0472     1.88496    0.00911014
-0.837758     1.88496    0.0045394
-0.628319     1.88496    0.00194156
-0.418879     1.88496    0.0044691
-0.20944     1.88496    0.00155385
0     1.88496    0.00197103
0.20944     1.88496    0.00162602
0.418879     1.88496    0.00447373
0.628319     1.88496    0.00187293
0.837758     1.88496    0.00441
1.0472     1.88496    0.0093473
1.25664     1.88496    0.00591481
1.46608     1.88496    0.00936403
1.67552     1.88496    0.00249672
1.88496     1.88496    0.00403549
2.0944     1.88496    0.00398163
2.30383     1.88496    0.00212714
2.51327     1.88496    0.00222603
2.72271     1.88496    0.00379448
2.93215     1.88496    0.00508514
3.14159     1.88496    0.0110412

-3.14159     2.0944    0.000366523
-2.93215     2.0944    0.00313565
-2.72271     2.0944    5.73078e-05
-2.51327     2.0944    0.00283516
-2.30383     2.0944    0.00652903
-2.0944     2.0944    0.00439011
-1.88496     2.0944    0.00466192
-1.67552     2.0944    0.00377416
-1.46608     2.0944    0.00641487
-1.25664     2.0944    0.00187376
-1.0472     2.0944    0.00335018
-0.837758     2.0944    0.00615367
-0.628319     2.0944    0.00172324
-0.418879     2.0944    0.000572418
-0.20944     2.0944    0.00395749
0     2.0944    0.00936275
0.20944     2.0944    0.003926
0.418879     2.0944    0.000583175
0.628319     2.0944    0.00172376
0.837758     2.0944    0.00627901
1.0472     2.0944    0.00327295
1.25664     2.0944    0.00182034
1.46608     2.0944    0.00649363
1.67552     2.0944    0.00369793
1.88496     2.0944    0.00469068
2.0944     2.0944    0.00404429
2.30383     2.0944    0.00652628
2.51327     2.0944    0.00295327
2.72271     2.0944    0.000139769
2.93215     2.0944    0.00323559
3.14159     2.0944    0.000229865

-3.14159     2.30383    0.000662022
-2.93215     2.30383    0.00470252
-2.72271     2.30383    0.00484231
-2.51327     2.30383    0.00476509
-2.30383     2.30383    0.00182835
-2.0944     2.30383    0.017405
-1.88496     2.30383    0.000787155
-1.67552     2.30383    0.000656847
-1.46608     2.30383    0.0156872
-1.25664     2.30383    0.00767123
-1.0472     2.30383    0.00934764
-0.837758     2.30383    0.00220748
-0.628319     2.30383    0.000355382
-0.418879     2.30383    0.00303423
-0.20944     2.30383    0.00609693
0     2.30383    0.00924517
0.20944     2.30383    0.00604098
0.418879     2.30383    0.00301507
0.628319     2.30383    0.000391751
0.837758     2.30383    0.00231117
1.0472     2.30383    0.00944123
1.25664     2.30383    0.00763604
1.46608     2.30383    0.0153745
1.67552     2.30383    0.00053935
1.88496     2.30383    0.000821819
2.0944     2.30383    0.0169484
2.30383     2.30383    0.00179903
2.51327     2.30383    0.00464741
2.72271     2.30383    0.00458103
2.93215     2.30383    0.00470226
3.14159     2.30383    0.000763972

-3.14159     2.51327    0.00338681
-2.93215     2.51327    0.000639521
-2.72271     2.51327    0.0114773
-2.51327     2.51327    0.000462167
-2.30383     2.51327    0.000742195
-2.0944     2.51327    0.0116581
-1.88496     2.51327    0.00127976
-1.67552     2.51327    0.00165203
-1.46608     2.51327    0.00952324
-1.25664     2.51327    0.0137585
-1.0472     2.51327    0.00397167
-0.837758     2.51327    0.000555549
-0.628319     2.51327    0.00261795
-0.418879     2.51327    0.00629469
-0.20944     2.51327    0.00293544
0     2.51327    0.00761023
0.20944     2.51327    0.00292128
0.418879     2.51327    0.00622551
0.628319     2.51327    0.00255656
0.837758     2.51327    0.000773824
1.0472     2.51327    0.00371665
1.25664     2.51327    0.013586
1.46608     2.51327    0.00945227
1.67552     2.51327    0.00176357
1.88496     2.51327    0.00140783
2.0944     2.51327    0.0111558
2.30383     2.51327    0.000780404
2.51327     2.51327    0.000577207
2.72271     2.51327    0.0115058
2.93215     2.51327    0.000668822
3.14159     2.51327    0.00325698

-3.14159     2.72271    0.0028114
-2.93215     2.72271    0.00106112
-2.72271     2.72271    0.00367595
-2.51327     2.72271    0.00141198
-2.30383     2.72271    0.00291449
-2.0944     2.72271    0.00250326
-1.88496     2.72271    0.00969981
-1.67552     2.72271    0.000166623
-1.46608     2.72271    0.00287028
-1.25664     2.72271    0.0017125
-1.0472     2.72271    0.00314555
-0.837758     2.72271    0.00515771
-0.628319     2.72271    0.00536787
-0.418879     2.72271    0.00153944
-0.20944     2.72271    0.000266354
0     2.72271    0.00538485
0.20944     2.72271    0.000291087
0.418879     2.72271    0.00157452
0.628319     2.72271    0.00537556
0.837758     2.72271    0.00524264
1.0472     2.72271    0.00325445
1.25664     2.72271    0.00170018
1.46608     2.72271    0.00281632
1.67552     2.72271    0.000133649
1.88496     2.72271    0.0099905
2.0944     2.72271    0.0025304
2.30383     2.72271    0.00255144
2.51327     2.72271    0.00114646
2.72271     2.72271    0.00384171
2.93215     2.72271    0.000909596
3.14159     2.72271    0.00287946

-3.14159     2.93215    0.0154469
-2.93215     2.93215    0.00074866
-2.72271     2.93215    0.00353524
-2.51327     2.93215    0.0016959
-2.30383     2.93215    0.00014669
-2.0944     2.93215    0.00129502
-1.88496     2.93215    0.00711795
-1.67552     2.93215    0.00868748
-1.46608     2.93215    0.00858647
-1.25664     2.93215    0.00266926
-1.0472     2.93215    0.0130463
-0.837758     2.93215    0.00492983
-0.628319     2.93215    0.00511216
-0.418879     2.93215    0.00447658
-0.20944     2.93215    0.00144357
0     2.93215    0.00195614
0.20944     2.93215    0.00154649
0.418879     2.93215    0.00458399
0.628319     2.93215    0.00524846
0.837758     2.93215    0.00497917
1.0472     2.93215    0.0129552
1.25664     2.93215    0.00260012
1.46608     2.93215    0.0084936
1.67552     2.93215    0.00790869
1.88496     2.93215    0.0074
2.0944     2.93215    0.00118939
2.30383     2.93215    0.000161778
2.51327     2.93215    0.00153813
2.72271     2.93215    0.00361987
2.93215     2.93215    0.000899744
3.14159     2.93215    0.0161872

-3.14159     3.14159    0.0133667
-2.93215     3.14159    0.00123586
-2.72271     3.14159    0.000889741
-2.51327     3.14159    0.000463848
-2.30383     3.14159    0.00218065
-2.0944     3.14159    0.00154222
-1.88496     3.14159    0.00290024
-1.67552     3.14159    0.00360462
-1.46608     3.14159    0.00741141
-1.25664     3.14159    0.00118221
-1.0472     3.14159    0.0144138
-0.837758     3.14159    0.00179714
-0.628319     3.14159    0.00656522
-0.418879     3.14159    0.00205645
-0.20944     3.14159    0.00453309
0     3.14159    0.00097471
0.20944     3.14159    0.00439099
0.418879     3.14159    0.00200558
0.628319     3.14159    0.00661184
0.837758     3.14159    0.00169613
1.0472     3.14159    0.0144902
1.25664     3.14159    0.00117723
1.46608     3.14159    0.00741398
1.67552     3.14159    0.00357072
1.88496     3.14159    0.00245197
2.0944     3.14159    0.00138581
2.30383     3.14159    0.0022152
2.51327     3.14159    0.000444649
2.72271     3.14159    0.000808976
2.93215     3.14159    0.00107385
3.14159     3.14159    0.0137869

