-3.14159     -3.14159    5.00727e-10
-2.93215     -3.14159    7.32348e-10
-2.72271     -3.14159    4.57138e-10
-2.51327     -3.14159    2.32483e-09
-2.30383     -3.14159    4.61289e-09
-2.0944     -3.14159    1.36152e-09
-1.88496     -3.14159    1.78107e-09
-1.67552     -3.14159    1.21226e-09
-1.46608     -3.14159    3.72919e-10
-1.25664     -3.14159    8.3125e-10
-1.0472     -3.14159    6.17121e-10
-0.837758     -3.14159    3.41533e-10
-0.628319     -3.14159    7.87463e-10
-0.418879     -3.14159    9.69424e-11
-0.20944     -3.14159    5.13115e-09
0     -3.14159    1.45383e-09
0.20944     -3.14159    5.19503e-09
0.418879     -3.14159    2.48003e-10
0.628319     -3.14159    8.99685e-10
0.837758     -3.14159    2.86614e-10
1.0472     -3.14159    5.42118e-10
1.25664     -3.14159    9.4228e-10
1.46608     -3.14159    1.45618e-09
1.67552     -3.14159    1.12549e-09
1.88496     -3.14159    2.53116e-09
2.0944     -3.14159    1.73505e-09
2.30383     -3.14159    1.28089e-09
2.51327     -3.14159    7.33661e-10
2.72271     -3.14159    1.95079e-09
2.93215     -3.14159    4.75023e-10
3.14159     -3.14159    4.08401e-10

-3.14159     -2.93215    3.18963e-10
-2.93215     -2.93215    3.62091e-10
-2.72271     -2.93215    7.62588e-10
-2.51327     -2.93215    2.31457e-10
-2.30383     -2.93215    2.34205e-09
-2.0944     -2.93215    6.43446e-10
-1.88496     -2.93215    7.07583e-10
-1.67552     -2.93215    6.25364e-10
-1.46608     -2.93215    9.52908e-10
-1.25664     -2.93215    6.30943e-10
-1.0472     -2.93215    8.01909e-10
-0.837758     -2.93215    3.28087e-10
-0.628319     -2.93215    6.23237e-10
-0.418879     -2.93215    1.95528e-09
-0.20944     -2.93215    3.5988e-09
0     -2.93215    9.28117e-09
0.20944     -2.93215    4.3436e-09
0.418879     -2.93215    1.9082e-09
0.628319     -2.93215    7.25283e-10
0.837758     -2.93215    2.99103e-10
1.0472     -2.93215    4.12072e-10
1.25664     -2.93215    4.63914e-10
1.46608     -2.93215    7.30302e-10
1.67552     -2.93215    1.16755e-09
1.88496     -2.93215    2.70038e-09
2.0944     -2.93215    2.0952e-09
2.30383     -2.93215    1.32022e-09
2.51327     -2.93215    2.12364e-09
2.72271     -2.93215    8.21358e-10
2.93215     -2.93215    5.53459e-10
3.14159     -2.93215    3.98235e-10

-3.14159     -2.72271    5.95805e-10
-2.93215     -2.72271    3.72185e-10
-2.72271     -2.72271    7.88318e-10
-2.51327     -2.72271    8.78548e-10
-2.30383     -2.72271    4.76139e-10
-2.0944     -2.72271    9.49853e-10
-1.88496     -2.72271    1.48054e-09
-1.67552     -2.72271    4.09334e-10
-1.46608     -2.72271    1.01415e-09
-1.25664     -2.72271    4.3051e-10
-1.0472     -2.72271    6.19044e-10
-0.837758     -2.72271    4.08128e-10
-0.628319     -2.72271    3.3495e-10
-0.418879     -2.72271    1.9912e-09
-0.20944     -2.72271    3.48412e-09
0     -2.72271    1.88831e-08
0.20944     -2.72271    2.62539e-09
0.418879     -2.72271    2.47938e-09
0.628319     -2.72271    2.35848e-10
0.837758     -2.72271    3.12359e-10
1.0472     -2.72271    4.77898e-10
1.25664     -2.72271    3.95824e-10
1.46608     -2.72271    7.25039e-10
1.67552     -2.72271    2.25069e-10
1.88496     -2.72271    8.19668e-10
2.0944     -2.72271    1.50014e-09
2.30383     -2.72271    1.42995e-09
2.51327     -2.72271    1.56632e-09
2.72271     -2.72271    5.18576e-10
2.93215     -2.72271    6.12708e-10
3.14159     -2.72271    2.47028e-10

-3.14159     -2.51327    5.55841e-10
-2.93215     -2.51327    3.94444e-10
-2.72271     -2.51327    5.07524e-10
-2.51327     -2.51327    7.83865e-10
-2.30383     -2.51327    8.87739e-10
-2.0944     -2.51327    1.99656e-09
-1.88496     -2.51327    1.08431e-09
-1.67552     -2.51327    1.43308e-10
-1.46608     -2.51327    8.3771e-11
-1.25664     -2.51327    2.43764e-10
-1.0472     -2.51327    3.59288e-10
-0.837758     -2.51327    6.22236e-10
-0.628319     -2.51327    6.6024e-10
-0.418879     -2.51327    4.16729e-09
-0.20944     -2.51327    7.49639e-10
0     -2.51327    2.4959e-08
0.20944     -2.51327    1.96899e-09
0.418879     -2.51327    3.59138e-09
0.628319     -2.51327    3.62327e-10
0.837758     -2.51327    2.60303e-10
1.0472     -2.51327    4.87263e-10
1.25664     -2.51327    6.1812e-10
1.46608     -2.51327    6.5302e-10
1.67552     -2.51327    6.52381e-10
1.88496     -2.51327    9.98736e-10
2.0944     -2.51327    2.65925e-10
2.30383     -2.51327    2.54496e-10
2.51327     -2.51327    2.6734e-10
2.72271     -2.51327    1.11209e-09
2.93215     -2.51327    3.43418e-10
3.14159     -2.51327    2.89793e-10

-3.14159     -2.30383    1.71018e-09
-2.93215     -2.30383    1.18047e-09
-2.72271     -2.30383    3.08594e-10
-2.51327     -2.30383    8.61586e-10
-2.30383     -2.30383    5.48434e-10
-2.0944     -2.30383    5.29915e-10
-1.88496     -2.30383    2.26534e-10
-1.67552     -2.30383    1.24319e-09
-1.46608     -2.30383    2.90805e-10
-1.25664     -2.30383    2.74541e-10
-1.0472     -2.30383    1.22941e-10
-0.837758     -2.30383    7.27215e-10
-0.628319     -2.30383    1.36962e-09
-0.418879     -2.30383    3.9713e-09
-0.20944     -2.30383    1.33962e-09
0     -2.30383    2.83202e-08
0.20944     -2.30383    5.00987e-10
0.418879     -2.30383    4.25192e-09
0.628319     -2.30383    5.1312e-10
0.837758     -2.30383    2.07509e-10
1.0472     -2.30383    9.86081e-10
1.25664     -2.30383    2.24247e-10
1.46608     -2.30383    7.24924e-10
1.67552     -2.30383    7.2362e-10
1.88496     -2.30383    3.31988e-10
2.0944     -2.30383    1.38545e-09
2.30383     -2.30383    7.77318e-10
2.51327     -2.30383    5.61138e-10
2.72271     -2.30383    4.58713e-10
2.93215     -2.30383    3.30575e-10
3.14159     -2.30383    6.79684e-10

-3.14159     -2.0944    8.16136e-10
-2.93215     -2.0944    1.21416e-10
-2.72271     -2.0944    6.13389e-10
-2.51327     -2.0944    2.18966e-10
-2.30383     -2.0944    9.08319e-10
-2.0944     -2.0944    1.00517e-09
-1.88496     -2.0944    4.32678e-10
-1.67552     -2.0944    3.93515e-10
-1.46608     -2.0944    8.72305e-10
-1.25664     -2.0944    6.33295e-10
-1.0472     -2.0944    2.16015e-10
-0.837758     -2.0944    1.0095e-09
-0.628319     -2.0944    1.06798e-09
-0.418879     -2.0944    4.31023e-09
-0.20944     -2.0944    2.71025e-09
0     -2.0944    2.70056e-08
0.20944     -2.0944    2.14782e-09
0.418879     -2.0944    2.6785e-09
0.628319     -2.0944    5.77224e-10
0.837758     -2.0944    3.02258e-10
1.0472     -2.0944    2.11671e-10
1.25664     -2.0944    1.6661e-10
1.46608     -2.0944    1.52196e-10
1.67552     -2.0944    2.21963e-10
1.88496     -2.0944    9.681e-11
2.0944     -2.0944    5.70059e-10
2.30383     -2.0944    1.9738e-10
2.51327     -2.0944    6.1697e-10
2.72271     -2.0944    4.86271e-10
2.93215     -2.0944    6.18665e-10
3.14159     -2.0944    3.8368e-10

-3.14159     -1.88496    2.10617e-10
-2.93215     -1.88496    6.91147e-10
-2.72271     -1.88496    6.83936e-10
-2.51327     -1.88496    7.45126e-10
-2.30383     -1.88496    3.10197e-10
-2.0944     -1.88496    9.05108e-10
-1.88496     -1.88496    6.56227e-10
-1.67552     -1.88496    3.69274e-10
-1.46608     -1.88496    5.86861e-11
-1.25664     -1.88496    1.56277e-10
-1.0472     -1.88496    6.08091e-10
-0.837758     -1.88496    3.2678e-10
-0.628319     -1.88496    7.63796e-10
-0.418879     -1.88496    2.33804e-09
-0.20944     -1.88496    3.55072e-09
0     -1.88496    1.98058e-08
0.20944     -1.88496    4.39442e-09
0.418879     -1.88496    3.2683e-09
0.628319     -1.88496    9.79226e-10
0.837758     -1.88496    6.20675e-10
1.0472     -1.88496    1.63553e-10
1.25664     -1.88496    3.32983e-10
1.46608     -1.88496    8.47188e-10
1.67552     -1.88496    8.16087e-11
1.88496     -1.88496    7.08123e-10
2.0944     -1.88496    1.23634e-09
2.30383     -1.88496    6.08019e-10
2.51327     -1.88496    4.37752e-10
2.72271     -1.88496    6.55925e-10
2.93215     -1.88496    2.03707e-10
3.14159     -1.88496    3.36557e-10

-3.14159     -1.67552    1.50692e-10
-2.93215     -1.67552    9.28379e-10
-2.72271     -1.67552    2.79369e-10
-2.51327     -1.67552    2.34957e-10
-2.30383     -1.67552    7.71294e-10
-2.0944     -1.67552    5.29861e-10
-1.88496     -1.67552    5.37786e-10
-1.67552     -1.67552    1.49155e-10
-1.46608     -1.67552    3.15881e-10
-1.25664     -1.67552    5.18791e-10
-1.0472     -1.67552    8.31727e-10
-0.837758     -1.67552    6.73362e-10
-0.628319     -1.67552    6.33992e-10
-0.418879     -1.67552    1.20203e-09
-0.20944     -1.67552    5.35993e-09
0     -1.67552    9.48354e-09
0.20944     -1.67552    8.27228e-09
0.418879     -1.67552    6.26428e-10
0.628319     -1.67552    1.56247e-09
0.837758     -1.67552    1.30261e-09
1.0472     -1.67552    1.0781e-09
1.25664     -1.67552    6.71696e-10
1.46608     -1.67552    9.58046e-10
1.67552     -1.67552    4.17617e-10
1.88496     -1.67552    9.21979e-10
2.0944     -1.67552    2.83772e-10
2.30383     -1.67552    9.71769e-10
2.51327     -1.67552    4.49569e-11
2.72271     -1.67552    3.34055e-10
2.93215     -1.67552    8.98419e-10
3.14159     -1.67552    4.76275e-10

-3.14159     -1.46608    1.37795e-09
-2.93215     -1.46608    9.47842e-10
-2.72271     -1.46608    9.79724e-10
-2.51327     -1.46608    2.44555e-09
-2.30383     -1.46608    9.27007e-10
-2.0944     -1.46608    6.88268e-11
-1.88496     -1.46608    1.03536e-09
-1.67552     -1.46608    1.31031e-09
-1.46608     -1.46608    6.63039e-11
-1.25664     -1.46608    6.54403e-10
-1.0472     -1.46608    2.38808e-10
-0.837758     -1.46608    1.22165e-09
-0.628319     -1.46608    1.14701e-09
-0.418879     -1.46608    7.98617e-10
-0.20944     -1.46608    7.17369e-09
0     -1.46608    8.87615e-09
0.20944     -1.46608    1.0656e-08
0.418879     -1.46608    3.63109e-10
0.628319     -1.46608    8.44108e-10
0.837758     -1.46608    2.48473e-10
1.0472     -1.46608    9.39306e-10
1.25664     -1.46608    9.90908e-10
1.46608     -1.46608    6.70607e-10
1.67552     -1.46608    5.44955e-10
1.88496     -1.46608    5.5849e-10
2.0944     -1.46608    5.05028e-10
2.30383     -1.46608    1.8403e-09
2.51327     -1.46608    1.56805e-09
2.72271     -1.46608    9.4043e-10
2.93215     -1.46608    5.73689e-10
3.14159     -1.46608    4.44165e-10

-3.14159     -1.25664    1.37106e-09
-2.93215     -1.25664    8.4033e-10
-2.72271     -1.25664    2.1981e-09
-2.51327     -1.25664    5.28573e-10
-2.30383     -1.25664    1.07015e-09
-2.0944     -1.25664    1.01871e-10
-1.88496     -1.25664    4.61137e-10
-1.67552     -1.25664    1.95008e-09
-1.46608     -1.25664    1.56741e-09
-1.25664     -1.25664    3.04492e-10
-1.0472     -1.25664    5.55929e-10
-0.837758     -1.25664    1.03786e-09
-0.628319     -1.25664    2.01034e-09
-0.418879     -1.25664    5.63055e-09
-0.20944     -1.25664    4.62584e-09
0     -1.25664    2.97715e-08
0.20944     -1.25664    6.43151e-09
0.418879     -1.25664    2.22844e-09
0.628319     -1.25664    2.28654e-09
0.837758     -1.25664    1.96567e-09
1.0472     -1.25664    1.10164e-09
1.25664     -1.25664    1.6573e-09
1.46608     -1.25664    1.60816e-09
1.67552     -1.25664    1.85334e-09
1.88496     -1.25664    8.93439e-10
2.0944     -1.25664    8.49652e-10
2.30383     -1.25664    7.47098e-10
2.51327     -1.25664    1.43613e-09
2.72271     -1.25664    9.19544e-10
2.93215     -1.25664    7.0296e-10
3.14159     -1.25664    6.21805e-10

-3.14159     -1.0472    5.61997e-10
-2.93215     -1.0472    7.61994e-10
-2.72271     -1.0472    9.4161e-10
-2.51327     -1.0472    1.17336e-09
-2.30383     -1.0472    1.55397e-09
-2.0944     -1.0472    7.68066e-10
-1.88496     -1.0472    6.22802e-10
-1.67552     -1.0472    1.25193e-09
-1.46608     -1.0472    1.15635e-09
-1.25664     -1.0472    1.15317e-09
-1.0472     -1.0472    1.11995e-09
-0.837758     -1.0472    8.25726e-10
-0.628319     -1.0472    1.01743e-09
-0.418879     -1.0472    6.46839e-09
-0.20944     -1.0472    4.42028e-09
0     -1.0472    5.08478e-08
0.20944     -1.0472    2.7723e-09
0.418879     -1.0472    6.99935e-09
0.628319     -1.0472    7.22898e-12
0.837758     -1.0472    1.34712e-09
1.0472     -1.0472    7.25586e-10
1.25664     -1.0472    1.85681e-09
1.46608     -1.0472    8.34816e-10
1.67552     -1.0472    5.66043e-10
1.88496     -1.0472    9.98732e-10
2.0944     -1.0472    1.62983e-09
2.30383     -1.0472    1.1847e-09
2.51327     -1.0472    1.03445e-09
2.72271     -1.0472    4.27613e-10
2.93215     -1.0472    3.66995e-10
3.14159     -1.0472    1.92479e-10

-3.14159     -0.837758    4.92436e-10
-2.93215     -0.837758    2.01519e-10
-2.72271     -0.837758    5.30737e-10
-2.51327     -0.837758    9.83489e-10
-2.30383     -0.837758    1.19474e-10
-2.0944     -0.837758    2.75444e-10
-1.88496     -0.837758    7.87224e-10
-1.67552     -0.837758    4.20679e-10
-1.46608     -0.837758    4.64713e-10
-1.25664     -0.837758    1.50384e-09
-1.0472     -0.837758    8.55937e-10
-0.837758     -0.837758    1.45002e-09
-0.628319     -0.837758    2.37937e-09
-0.418879     -0.837758    1.00315e-08
-0.20944     -0.837758    2.5474e-09
0     -0.837758    7.48412e-08
0.20944     -0.837758    9.063e-10
0.418879     -0.837758    8.09941e-09
0.628319     -0.837758    4.19494e-09
0.837758     -0.837758    2.05503e-09
1.0472     -0.837758    3.63908e-09
1.25664     -0.837758    2.13286e-09
1.46608     -0.837758    9.03618e-10
1.67552     -0.837758    9.58034e-10
1.88496     -0.837758    4.70767e-10
2.0944     -0.837758    9.77959e-10
2.30383     -0.837758    1.09205e-09
2.51327     -0.837758    7.35196e-10
2.72271     -0.837758    6.61628e-11
2.93215     -0.837758    7.42212e-10
3.14159     -0.837758    2.95337e-10

-3.14159     -0.628319    4.65772e-10
-2.93215     -0.628319    4.39284e-10
-2.72271     -0.628319    6.3977e-10
-2.51327     -0.628319    4.7801e-10
-2.30383     -0.628319    5.23444e-10
-2.0944     -0.628319    1.7964e-09
-1.88496     -0.628319    5.97229e-10
-1.67552     -0.628319    6.66087e-10
-1.46608     -0.628319    2.63173e-09
-1.25664     -0.628319    1.66485e-09
-1.0472     -0.628319    3.44041e-09
-0.837758     -0.628319    1.58265e-09
-0.628319     -0.628319    3.19461e-09
-0.418879     -0.628319    9.84603e-09
-0.20944     -0.628319    2.82063e-08
0     -0.628319    9.69331e-08
0.20944     -0.628319    1.95e-08
0.418879     -0.628319    1.35814e-08
0.628319     -0.628319    2.1801e-09
0.837758     -0.628319    1.79596e-09
1.0472     -0.628319    3.16665e-09
1.25664     -0.628319    1.35076e-09
1.46608     -0.628319    1.34976e-09
1.67552     -0.628319    8.81145e-10
1.88496     -0.628319    1.1188e-09
2.0944     -0.628319    7.78253e-10
2.30383     -0.628319    4.29756e-10
2.51327     -0.628319    5.07368e-10
2.72271     -0.628319    3.35542e-10
2.93215     -0.628319    1.26429e-10
3.14159     -0.628319    4.40618e-10

-3.14159     -0.418879    3.43937e-10
-2.93215     -0.418879    5.17076e-10
-2.72271     -0.418879    4.35034e-10
-2.51327     -0.418879    8.97543e-10
-2.30383     -0.418879    6.49516e-10
-2.0944     -0.418879    5.57707e-10
-1.88496     -0.418879    5.04725e-10
-1.67552     -0.418879    1.32753e-09
-1.46608     -0.418879    9.45357e-10
-1.25664     -0.418879    2.58339e-09
-1.0472     -0.418879    2.21017e-09
-0.837758     -0.418879    3.53611e-09
-0.628319     -0.418879    4.04078e-09
-0.418879     -0.418879    2.2354e-08
-0.20944     -0.418879    3.03773e-08
0     -0.418879    1.35636e-07
0.20944     -0.418879    2.46983e-08
0.418879     -0.418879    3.65009e-08
0.628319     -0.418879    1.67753e-08
0.837758     -0.418879    1.03063e-09
1.0472     -0.418879    9.66161e-10
1.25664     -0.418879    1.43319e-10
1.46608     -0.418879    6.19748e-10
1.67552     -0.418879    6.90182e-10
1.88496     -0.418879    1.26615e-10
2.0944     -0.418879    8.62392e-10
2.30383     -0.418879    2.1156e-10
2.51327     -0.418879    9.94544e-10
2.72271     -0.418879    2.86075e-10
2.93215     -0.418879    4.63097e-10
3.14159     -0.418879    2.95401e-10

-3.14159     -0.20944    4.40119e-10
-2.93215     -0.20944    2.02262e-10
-2.72271     -0.20944    3.79611e-10
-2.51327     -0.20944    3.6906e-10
-2.30383     -0.20944    5.48295e-10
-2.0944     -0.20944    4.81606e-10
-1.88496     -0.20944    4.29558e-10
-1.67552     -0.20944    1.03713e-09
-1.46608     -0.20944    5.69145e-10
-1.25664     -0.20944    1.572e-09
-1.0472     -0.20944    1.69547e-09
-0.837758     -0.20944    7.90391e-10
-0.628319     -0.20944    1.29757e-08
-0.418879     -0.20944    6.21659e-08
-0.20944     -0.20944    1.3679e-07
0     -0.20944    3.27223e-07
0.20944     -0.20944    2.21212e-07
0.418879     -0.20944    2.61086e-08
0.628319     -0.20944    2.96568e-08
0.837758     -0.20944    1.34529e-09
1.0472     -0.20944    2.71718e-09
1.25664     -0.20944    2.00703e-09
1.46608     -0.20944    2.86096e-10
1.67552     -0.20944    5.56975e-10
1.88496     -0.20944    6.67917e-10
2.0944     -0.20944    3.54324e-10
2.30383     -0.20944    1.34163e-10
2.51327     -0.20944    6.78044e-10
2.72271     -0.20944    5.84838e-10
2.93215     -0.20944    5.89907e-11
3.14159     -0.20944    2.46015e-10

-3.14159     0    3.18809e-10
-2.93215     0    9.34292e-10
-2.72271     0    6.61405e-10
-2.51327     0    5.72462e-10
-2.30383     0    6.32356e-10
-2.0944     0    5.26767e-10
-1.88496     0    1.30573e-09
-1.67552     0    3.65022e-10
-1.46608     0    1.41889e-09
-1.25664     0    1.63143e-09
-1.0472     0    8.40855e-10
-0.837758     0    3.51707e-09
-0.628319     0    2.89932e-08
-0.418879     0    9.02578e-08
-0.20944     0    2.21319e-07
0     0    4.57103e-16
0.20944     0    2.21319e-07
0.418879     0    9.02578e-08
0.628319     0    2.89932e-08
0.837758     0    3.51707e-09
1.0472     0    8.40855e-10
1.25664     0    1.63143e-09
1.46608     0    1.41889e-09
1.67552     0    3.65022e-10
1.88496     0    1.30573e-09
2.0944     0    5.26767e-10
2.30383     0    6.32356e-10
2.51327     0    5.72462e-10
2.72271     0    6.61405e-10
2.93215     0    9.34292e-10
3.14159     0    3.18809e-10

-3.14159     0.20944    2.46015e-10
-2.93215     0.20944    5.89907e-11
-2.72271     0.20944    5.84838e-10
-2.51327     0.20944    6.78044e-10
-2.30383     0.20944    1.34163e-10
-2.0944     0.20944    3.54324e-10
-1.88496     0.20944    6.67917e-10
-1.67552     0.20944    5.56975e-10
-1.46608     0.20944    2.86096e-10
-1.25664     0.20944    2.00703e-09
-1.0472     0.20944    2.71718e-09
-0.837758     0.20944    1.34529e-09
-0.628319     0.20944    2.96568e-08
-0.418879     0.20944    2.61086e-08
-0.20944     0.20944    2.21212e-07
0     0.20944    3.27223e-07
0.20944     0.20944    1.3679e-07
0.418879     0.20944    6.21659e-08
0.628319     0.20944    1.29757e-08
0.837758     0.20944    7.90391e-10
1.0472     0.20944    1.69547e-09
1.25664     0.20944    1.572e-09
1.46608     0.20944    5.69145e-10
1.67552     0.20944    1.03713e-09
1.88496     0.20944    4.29558e-10
2.0944     0.20944    4.81606e-10
2.30383     0.20944    5.48295e-10
2.51327     0.20944    3.6906e-10
2.72271     0.20944    3.79611e-10
2.93215     0.20944    2.02262e-10
3.14159     0.20944    4.40119e-10

-3.14159     0.418879    2.95401e-10
-2.93215     0.418879    4.63097e-10
-2.72271     0.418879    2.86075e-10
-2.51327     0.418879    9.94544e-10
-2.30383     0.418879    2.1156e-10
-2.0944     0.418879    8.62392e-10
-1.88496     0.418879    1.26615e-10
-1.67552     0.418879    6.90182e-10
-1.46608     0.418879    6.19748e-10
-1.25664     0.418879    1.43319e-10
-1.0472     0.418879    9.66161e-10
-0.837758     0.418879    1.03063e-09
-0.628319     0.418879    1.67753e-08
-0.418879     0.418879    3.65009e-08
-0.20944     0.418879    2.46983e-08
0     0.418879    1.35636e-07
0.20944     0.418879    3.03773e-08
0.418879     0.418879    2.2354e-08
0.628319     0.418879    4.04078e-09
0.837758     0.418879    3.53611e-09
1.0472     0.418879    2.21017e-09
1.25664     0.418879    2.58339e-09
1.46608     0.418879    9.45357e-10
1.67552     0.418879    1.32753e-09
1.88496     0.418879    5.04725e-10
2.0944     0.418879    5.57707e-10
2.30383     0.418879    6.49516e-10
2.51327     0.418879    8.97543e-10
2.72271     0.418879    4.35034e-10
2.93215     0.418879    5.17076e-10
3.14159     0.418879    3.43937e-10

-3.14159     0.628319    4.40618e-10
-2.93215     0.628319    1.26429e-10
-2.72271     0.628319    3.35542e-10
-2.51327     0.628319    5.07368e-10
-2.30383     0.628319    4.29756e-10
-2.0944     0.628319    7.78253e-10
-1.88496     0.628319    1.1188e-09
-1.67552     0.628319    8.81145e-10
-1.46608     0.628319    1.34976e-09
-1.25664     0.628319    1.35076e-09
-1.0472     0.628319    3.16665e-09
-0.837758     0.628319    1.79596e-09
-0.628319     0.628319    2.1801e-09
-0.418879     0.628319    1.35814e-08
-0.20944     0.628319    1.95e-08
0     0.628319    9.69331e-08
0.20944     0.628319    2.82063e-08
0.418879     0.628319    9.84603e-09
0.628319     0.628319    3.19461e-09
0.837758     0.628319    1.58265e-09
1.0472     0.628319    3.44041e-09
1.25664     0.628319    1.66485e-09
1.46608     0.628319    2.63173e-09
1.67552     0.628319    6.66087e-10
1.88496     0.628319    5.97229e-10
2.0944     0.628319    1.7964e-09
2.30383     0.628319    5.23444e-10
2.51327     0.628319    4.7801e-10
2.72271     0.628319    6.3977e-10
2.93215     0.628319    4.39284e-10
3.14159     0.628319    4.65772e-10

-3.14159     0.837758    2.95337e-10
-2.93215     0.837758    7.42212e-10
-2.72271     0.837758    6.61628e-11
-2.51327     0.837758    7.35196e-10
-2.30383     0.837758    1.09205e-09
-2.0944     0.837758    9.77959e-10
-1.88496     0.837758    4.70767e-10
-1.67552     0.837758    9.58034e-10
-1.46608     0.837758    9.03618e-10
-1.25664     0.837758    2.13286e-09
-1.0472     0.837758    3.63908e-09
-0.837758     0.837758    2.05503e-09
-0.628319     0.837758    4.19494e-09
-0.418879     0.837758    8.09941e-09
-0.20944     0.837758    9.063e-10
0     0.837758    7.48412e-08
0.20944     0.837758    2.5474e-09
0.418879     0.837758    1.00315e-08
0.628319     0.837758    2.37937e-09
0.837758     0.837758    1.45002e-09
1.0472     0.837758    8.55937e-10
1.25664     0.837758    1.50384e-09
1.46608     0.837758    4.64713e-10
1.67552     0.837758    4.20679e-10
1.88496     0.837758    7.87224e-10
2.0944     0.837758    2.75444e-10
2.30383     0.837758    1.19474e-10
2.51327     0.837758    9.83489e-10
2.72271     0.837758    5.30737e-10
2.93215     0.837758    2.01519e-10
3.14159     0.837758    4.92436e-10

-3.14159     1.0472    1.92479e-10
-2.93215     1.0472    3.66995e-10
-2.72271     1.0472    4.27613e-10
-2.51327     1.0472    1.03445e-09
-2.30383     1.0472    1.1847e-09
-2.0944     1.0472    1.62983e-09
-1.88496     1.0472    9.98732e-10
-1.67552     1.0472    5.66043e-10
-1.46608     1.0472    8.34816e-10
-1.25664     1.0472    1.85681e-09
-1.0472     1.0472    7.25586e-10
-0.837758     1.0472    1.34712e-09
-0.628319     1.0472    7.22898e-12
-0.418879     1.0472    6.99935e-09
-0.20944     1.0472    2.7723e-09
0     1.0472    5.08478e-08
0.20944     1.0472    4.42028e-09
0.418879     1.0472    6.46839e-09
0.628319     1.0472    1.01743e-09
0.837758     1.0472    8.25726e-10
1.0472     1.0472    1.11995e-09
1.25664     1.0472    1.15317e-09
1.46608     1.0472    1.15635e-09
1.67552     1.0472    1.25193e-09
1.88496     1.0472    6.22802e-10
2.0944     1.0472    7.68066e-10
2.30383     1.0472    1.55397e-09
2.51327     1.0472    1.17336e-09
2.72271     1.0472    9.4161e-10
2.93215     1.0472    7.61994e-10
3.14159     1.0472    5.61997e-10

-3.14159     1.25664    6.21805e-10
-2.93215     1.25664    7.0296e-10
-2.72271     1.25664    9.19544e-10
-2.51327     1.25664    1.43613e-09
-2.30383     1.25664    7.47098e-10
-2.0944     1.25664    8.49652e-10
-1.88496     1.25664    8.93439e-10
-1.67552     1.25664    1.85334e-09
-1.46608     1.25664    1.60816e-09
-1.25664     1.25664    1.6573e-09
-1.0472     1.25664    1.10164e-09
-0.837758     1.25664    1.96567e-09
-0.628319     1.25664    2.28654e-09
-0.418879     1.25664    2.22844e-09
-0.20944     1.25664    6.43151e-09
0     1.25664    2.97715e-08
0.20944     1.25664    4.62584e-09
0.418879     1.25664    5.63055e-09
0.628319     1.25664    2.01034e-09
0.837758     1.25664    1.03786e-09
1.0472     1.25664    5.55929e-10
1.25664     1.25664    3.04492e-10
1.46608     1.25664    1.56741e-09
1.67552     1.25664    1.95008e-09
1.88496     1.25664    4.61137e-10
2.0944     1.25664    1.01871e-10
2.30383     1.25664    1.07015e-09
2.51327     1.25664    5.28573e-10
2.72271     1.25664    2.1981e-09
2.93215     1.25664    8.4033e-10
3.14159     1.25664    1.37106e-09

-3.14159     1.46608    4.44165e-10
-2.93215     1.46608    5.73689e-10
-2.72271     1.46608    9.4043e-10
-2.51327     1.46608    1.56805e-09
-2.30383     1.46608    1.8403e-09
-2.0944     1.46608    5.05028e-10
-1.88496     1.46608    5.5849e-10
-1.67552     1.46608    5.44955e-10
-1.46608     1.46608    6.70607e-10
-1.25664     1.46608    9.90908e-10
-1.0472     1.46608    9.39306e-10
-0.837758     1.46608    2.48473e-10
-0.628319     1.46608    8.44108e-10
-0.418879     1.46608    3.63109e-10
-0.20944     1.46608    1.0656e-08
0     1.46608    8.87615e-09
0.20944     1.46608    7.17369e-09
0.418879     1.46608    7.98617e-10
0.628319     1.46608    1.14701e-09
0.837758     1.46608    1.22165e-09
1.0472     1.46608    2.38808e-10
1.25664     1.46608    6.54403e-10
1.46608     1.46608    6.63039e-11
1.67552     1.46608    1.31031e-09
1.88496     1.46608    1.03536e-09
2.0944     1.46608    6.88268e-11
2.30383     1.46608    9.27007e-10
2.51327     1.46608    2.44555e-09
2.72271     1.46608    9.79724e-10
2.93215     1.46608    9.47842e-10
3.14159     1.46608    1.37795e-09

-3.14159     1.67552    4.76275e-10
-2.93215     1.67552    8.98419e-10
-2.72271     1.67552    3.34055e-10
-2.51327     1.67552    4.49569e-11
-2.30383     1.67552    9.71769e-10
-2.0944     1.67552    2.83772e-10
-1.88496     1.67552    9.21979e-10
-1.67552     1.67552    4.17617e-10
-1.46608     1.67552    9.58046e-10
-1.25664     1.67552    6.71696e-10
-1.0472     1.67552    1.0781e-09
-0.837758     1.67552    1.30261e-09
-0.628319     1.67552    1.56247e-09
-0.418879     1.67552    6.26428e-10
-0.20944     1.67552    8.27228e-09
0     1.67552    9.48354e-09
0.20944     1.67552    5.35993e-09
0.418879     1.67552    1.20203e-09
0.628319     1.67552    6.33992e-10
0.837758     1.67552    6.73362e-10
1.0472     1.67552    8.31727e-10
1.25664     1.67552    5.18791e-10
1.46608     1.67552    3.15881e-10
1.67552     1.67552    1.49155e-10
1.88496     1.67552    5.37786e-10
2.0944     1.67552    5.29861e-10
2.30383     1.67552    7.71294e-10
2.51327     1.67552    2.34957e-10
2.72271     1.67552    2.79369e-10
2.93215     1.67552    9.28379e-10
3.14159     1.67552    1.50692e-10

-3.14159     1.88496    3.36557e-10
-2.93215     1.88496    2.03707e-10
-2.72271     1.88496    6.55925e-10
-2.51327     1.88496    4.37752e-10
-2.30383     1.88496    6.08019e-10
-2.0944     1.88496    1.23634e-09
-1.88496     1.88496    7.08123e-10
-1.67552     1.88496    8.16087e-11
-1.46608     1.88496    8.47188e-10
-1.25664     1.88496    3.32983e-10
-1.0472     1.88496    1.63553e-10
-0.837758     1.88496    6.20675e-10
-0.628319     1.88496    9.79226e-10
-0.418879     1.88496    3.2683e-09
-0.20944     1.88496    4.39442e-09
0     1.88496    1.98058e-08
0.20944     1.88496    3.55072e-09
0.418879     1.88496    2.33804e-09
0.628319     1.88496    7.63796e-10
0.837758     1.88496    3.2678e-10
1.0472     1.88496    6.08091e-10
1.25664     1.88496    1.56277e-10
1.46608     1.88496    5.86861e-11
1.67552     1.88496    3.69274e-10
1.88496     1.88496    6.56227e-10
2.0944     1.88496    9.05108e-10
2.30383     1.88496    3.10197e-10
2.51327     1.88496    7.45126e-10
2.72271     1.88496    6.83936e-10
2.93215     1.88496    6.91147e-10
3.14159     1.88496    2.10617e-10

-3.14159     2.0944    3.8368e-10
-2.93215     2.0944    6.18665e-10
-2.72271     2.0944    4.86271e-10
-2.51327     2.0944    6.1697e-10
-2.30383     2.0944    1.9738e-10
-2.0944     2.0944    5.70059e-10
-1.88496     2.0944    9.681e-11
-1.67552     2.0944    2.21963e-10
-1.46608     2.0944    1.52196e-10
-1.25664     2.0944    1.6661e-10
-1.0472     2.0944    2.11671e-10
-0.837758     2.0944    3.02258e-10
-0.628319     2.0944    5.77224e-10
-0.418879     2.0944    2.6785e-09
-0.20944     2.0944    2.14782e-09
0     2.0944    2.70056e-08
0.20944     2.0944    2.71025e-09
0.418879     2.0944    4.31023e-09
0.628319     2.0944    1.06798e-09
0.837758     2.0944    1.0095e-09
1.0472     2.0944    2.16015e-10
1.25664     2.0944    6.33295e-10
1.46608     2.0944    8.72305e-10
1.67552     2.0944    3.93515e-10
1.88496     2.0944    4.32678e-10
2.0944     2.0944    1.00517e-09
2.30383     2.0944    9.08319e-10
2.51327     2.0944    2.18966e-10
2.72271     2.0944    6.13389e-10
2.93215     2.0944    1.21416e-10
3.14159     2.0944    8.16136e-10

-3.14159     2.30383    6.79684e-10
-2.93215     2.30383    3.30575e-10
-2.72271     2.30383    4.58713e-10
-2.51327     2.30383    5.61138e-10
-2.30383     2.30383    7.77318e-10
-2.0944     2.30383    1.38545e-09
-1.88496     2.30383    3.31988e-10
-1.67552     2.30383    7.2362e-10
-1.46608     2.30383    7.24924e-10
-1.25664     2.30383    2.24247e-10
-1.0472     2.30383    9.86081e-10
-0.837758     2.30383    2.07509e-10
-0.628319     2.30383    5.1312e-10
-0.418879     2.30383    4.25192e-09
-0.20944     2.30383    5.00987e-10
0     2.30383    2.83202e-08
0.20944     2.30383    1.33962e-09
0.418879     2.30383    3.9713e-09
0.628319     2.30383    1.36962e-09
0.837758     2.30383    7.27215e-10
1.0472     2.30383    1.22941e-10
1.25664     2.30383    2.74541e-10
1.46608     2.30383    2.90805e-10
1.67552     2.30383    1.24319e-09
1.88496     2.30383    2.26534e-10
2.0944     2.30383    5.29915e-10
2.30383     2.30383    5.48434e-10
2.51327     2.30383    8.61586e-10
2.72271     2.30383    3.08594e-10
2.93215     2.30383    1.18047e-09
3.14159     2.30383    1.71018e-09

-3.14159     2.51327    2.89793e-10
-2.93215     2.51327    3.43418e-10
-2.72271     2.51327    1.11209e-09
-2.51327     2.51327    2.6734e-10
-2.30383     2.51327    2.54496e-10
-2.0944     2.51327    2.65925e-10
-1.88496     2.51327    9.98736e-10
-1.67552     2.51327    6.52381e-10
-1.46608     2.51327    6.5302e-10
-1.25664     2.51327    6.1812e-10
-1.0472     2.51327    4.87263e-10
-0.837758     2.51327    2.60303e-10
-0.628319     2.51327    3.62327e-10
-0.418879     2.51327    3.59138e-09
-0.20944     2.51327    1.96899e-09
0     2.51327    2.4959e-08
0.20944     2.51327    7.49639e-10
0.418879     2.51327    4.16729e-09
0.628319     2.51327    6.6024e-10
0.837758     2.51327    6.22236e-10
1.0472     2.51327    3.59288e-10
1.25664     2.51327    2.43764e-10
1.46608     2.51327    8.3771e-11
1.67552     2.51327    1.43308e-10
1.88496     2.51327    1.08431e-09
2.0944     2.51327    1.99656e-09
2.30383     2.51327    8.87739e-10
2.51327     2.51327    7.83865e-10
2.72271     2.51327    5.07524e-10
2.93215     2.51327    3.94444e-10
3.14159     2.51327    5.55841e-10

-3.14159     2.72271    2.47028e-10
-2.93215     2.72271    6.12708e-10
-2.72271     2.72271    5.18576e-10
-2.51327     2.72271    1.56632e-09
-2.30383     2.72271    1.42995e-09
-2.0944     2.72271    1.50014e-09
-1.88496     2.72271    8.19668e-10
-1.67552     2.72271    2.25069e-10
-1.46608     2.72271    7.25039e-10
-1.25664     2.72271    3.95824e-10
-1.0472     2.72271    4.77898e-10
-0.837758     2.72271    3.12359e-10
-0.628319     2.72271    2.35848e-10
-0.418879     2.72271    2.47938e-09
-0.20944     2.72271    2.62539e-09
0     2.72271    1.88831e-08
0.20944     2.72271    3.48412e-09
0.418879     2.72271    1.9912e-09
0.628319     2.72271    3.3495e-10
0.837758     2.72271    4.08128e-10
1.0472     2.72271    6.19044e-10
1.25664     2.72271    4.3051e-10
1.46608     2.72271    1.01415e-09
1.67552     2.72271    4.09334e-10
1.88496     2.72271    1.48054e-09
2.0944     2.72271    9.49853e-10
2.30383     2.72271    4.76139e-10
2.51327     2.72271    8.78548e-10
2.72271     2.72271    7.88318e-10
2.93215     2.72271    3.72185e-10
3.14159     2.72271    5.95805e-10

-3.14159     2.93215    3.98235e-10
-2.93215     2.93215    5.53459e-10
-2.72271     2.93215    8.21358e-10
-2.51327     2.93215    2.12364e-09
-2.30383     2.93215    1.32022e-09
-2.0944     2.93215    2.0952e-09
-1.88496     2.93215    2.70038e-09
-1.67552     2.93215    1.16755e-09
-1.46608     2.93215    7.30302e-10
-1.25664     2.93215    4.63914e-10
-1.0472     2.93215    4.12072e-10
-0.837758     2.93215    2.99103e-10
-0.628319     2.93215    7.25283e-10
-0.418879     2.93215    1.9082e-09
-0.20944     2.93215    4.3436e-09
0     2.93215    9.28117e-09
0.20944     2.93215    3.5988e-09
0.418879     2.93215    1.95528e-09
0.628319     2.93215    6.23237e-10
0.837758     2.93215    3.28087e-10
1.0472     2.93215    8.01909e-10
1.25664     2.93215    6.30943e-10
1.46608     2.93215    9.52908e-10
1.67552     2.93215    6.25364e-10
1.88496     2.93215    7.07583e-10
2.0944     2.93215    6.43446e-10
2.30383     2.93215    2.34205e-09
2.51327     2.93215    2.31457e-10
2.72271     2.93215    7.62588e-10
2.93215     2.93215    3.62091e-10
3.14159     2.93215    3.18963e-10

-3.14159     3.14159    4.08401e-10
-2.93215     3.14159    4.75023e-10
-2.72271     3.14159    1.95079e-09
-2.51327     3.14159    7.33661e-10
-2.30383     3.14159    1.28089e-09
-2.0944     3.14159    1.73505e-09
-1.88496     3.14159    2.53116e-09
-1.67552     3.14159    1.12549e-09
-1.46608     3.14159    1.45618e-09
-1.25664     3.14159    9.4228e-10
-1.0472     3.14159    5.42118e-10
-0.837758     3.14159    2.86614e-10
-0.628319     3.14159    8.99685e-10
-0.418879     3.14159    2.48003e-10
-0.20944     3.14159    5.19503e-09
0     3.14159    1.45383e-09
0.20944     3.14159    5.13115e-09
0.418879     3.14159    9.69424e-11
0.628319     3.14159    7.87463e-10
0.837758     3.14159    3.41533e-10
1.0472     3.14159    6.17121e-10
1.25664     3.14159    8.3125e-10
1.46608     3.14159    3.72919e-10
1.67552     3.14159    1.21226e-09
1.88496     3.14159    1.78107e-09
2.0944     3.14159    1.36152e-09
2.30383     3.14159    4.61289e-09
2.51327     3.14159    2.32483e-09
2.72271     3.14159    4.57138e-10
2.93215     3.14159    7.32348e-10
3.14159     3.14159    5.00727e-10

