-3.14159     -3.14159    0.0031332
-2.93215     -3.14159    0.00248372
-2.72271     -3.14159    0.00363751
-2.51327     -3.14159    0.00369301
-2.30383     -3.14159    0.0012379
-2.0944     -3.14159    0.000137954
-1.88496     -3.14159    0.00182486
-1.67552     -3.14159    0.00014357
-1.46608     -3.14159    0.00197665
-1.25664     -3.14159    0.00241238
-1.0472     -3.14159    0.0033248
-0.837758     -3.14159    0.000586103
-0.628319     -3.14159    0.0058236
-0.418879     -3.14159    0.00392245
-0.20944     -3.14159    0.00676553
0     -3.14159    0.0115298
0.20944     -3.14159    0.00684132
0.418879     -3.14159    0.00391415
0.628319     -3.14159    0.00568703
0.837758     -3.14159    0.000593822
1.0472     -3.14159    0.00329968
1.25664     -3.14159    0.00246226
1.46608     -3.14159    0.00196186
1.67552     -3.14159    0.000137882
1.88496     -3.14159    0.00188899
2.0944     -3.14159    0.00012736
2.30383     -3.14159    0.001281
2.51327     -3.14159    0.00369331
2.72271     -3.14159    0.0036653
2.93215     -3.14159    0.00252121
3.14159     -3.14159    0.00318236

-3.14159     -2.93215    0.00378793
-2.93215     -2.93215    0.000472366
-2.72271     -2.93215    0.00139475
-2.51327     -2.93215    0.00318054
-2.30383     -2.93215    0.00442992
-2.0944     -2.93215    0.000638005
-1.88496     -2.93215    0.00177724
-1.67552     -2.93215    0.00409135
-1.46608     -2.93215    0.00228501
-1.25664     -2.93215    0.000234017
-1.0472     -2.93215    0.003528
-0.837758     -2.93215    0.00338802
-0.628319     -2.93215    0.00476336
-0.418879     -2.93215    0.00073386
-0.20944     -2.93215    1.98628e-05
0     -2.93215    0.00716826
0.20944     -2.93215    2.8626e-05
0.418879     -2.93215    0.000749506
0.628319     -2.93215    0.00479993
0.837758     -2.93215    0.00328566
1.0472     -2.93215    0.00351458
1.25664     -2.93215    0.000229492
1.46608     -2.93215    0.00228849
1.67552     -2.93215    0.0039423
1.88496     -2.93215    0.00184676
2.0944     -2.93215    0.000638864
2.30383     -2.93215    0.00438941
2.51327     -2.93215    0.00315747
2.72271     -2.93215    0.00134384
2.93215     -2.93215    0.000433053
3.14159     -2.93215    0.00381004

-3.14159     -2.72271    0.00236398
-2.93215     -2.72271    0.00189159
-2.72271     -2.72271    0.000101236
-2.51327     -2.72271    0.0029234
-2.30383     -2.72271    0.00268
-2.0944     -2.72271    0.00235549
-1.88496     -2.72271    0.00242645
-1.67552     -2.72271    0.000779521
-1.46608     -2.72271    0.000639735
-1.25664     -2.72271    0.000474723
-1.0472     -2.72271    0.00184022
-0.837758     -2.72271    0.00235392
-0.628319     -2.72271    0.00489205
-0.418879     -2.72271    0.00216373
-0.20944     -2.72271    0.000924281
0     -2.72271    0.00381274
0.20944     -2.72271    0.000920881
0.418879     -2.72271    0.00217672
0.628319     -2.72271    0.00492504
0.837758     -2.72271    0.00231173
1.0472     -2.72271    0.00183864
1.25664     -2.72271    0.000492432
1.46608     -2.72271    0.000658396
1.67552     -2.72271    0.000733619
1.88496     -2.72271    0.00250975
2.0944     -2.72271    0.00238233
2.30383     -2.72271    0.00266063
2.51327     -2.72271    0.00295175
2.72271     -2.72271    0.000124967
2.93215     -2.72271    0.00195651
3.14159     -2.72271    0.0024121

-3.14159     -2.51327    0.00713826
-2.93215     -2.51327    0.00510057
-2.72271     -2.51327    0.00393279
-2.51327     -2.51327    0.00281333
-2.30383     -2.51327    0.000156917
-2.0944     -2.51327    0.0011322
-1.88496     -2.51327    0.000506237
-1.67552     -2.51327    0.00111183
-1.46608     -2.51327    0.00258
-1.25664     -2.51327    0.00568392
-1.0472     -2.51327    0.00189136
-0.837758     -2.51327    0.00119978
-0.628319     -2.51327    0.00198134
-0.418879     -2.51327    0.00248068
-0.20944     -2.51327    0.00256067
0     -2.51327    0.00151438
0.20944     -2.51327    0.00252573
0.418879     -2.51327    0.00249492
0.628319     -2.51327    0.00194728
0.837758     -2.51327    0.00130825
1.0472     -2.51327    0.00188262
1.25664     -2.51327    0.00568958
1.46608     -2.51327    0.00256571
1.67552     -2.51327    0.00108072
1.88496     -2.51327    0.000545186
2.0944     -2.51327    0.00105858
2.30383     -2.51327    0.000179208
2.51327     -2.51327    0.00284442
2.72271     -2.51327    0.00393481
2.93215     -2.51327    0.00493813
3.14159     -2.51327    0.00712223

-3.14159     -2.30383    0.0106059
-2.93215     -2.30383    0.00954574
-2.72271     -2.30383    0.00590304
-2.51327     -2.30383    0.00434195
-2.30383     -2.30383    0.000529375
-2.0944     -2.30383    0.00682149
-1.88496     -2.30383    0.000798587
-1.67552     -2.30383    0.000800015
-1.46608     -2.30383    0.00517948
-1.25664     -2.30383    0.00206604
-1.0472     -2.30383    0.00322528
-0.837758     -2.30383    0.00251986
-0.628319     -2.30383    0.000740669
-0.418879     -2.30383    0.00137601
-0.20944     -2.30383    0.000194998
0     -2.30383    0.0038637
0.20944     -2.30383    0.000194112
0.418879     -2.30383    0.00140305
0.628319     -2.30383    0.000729277
0.837758     -2.30383    0.00257687
1.0472     -2.30383    0.00319813
1.25664     -2.30383    0.00201712
1.46608     -2.30383    0.0052327
1.67552     -2.30383    0.000792436
1.88496     -2.30383    0.000781791
2.0944     -2.30383    0.0067606
2.30383     -2.30383    0.000555338
2.51327     -2.30383    0.00437038
2.72271     -2.30383    0.00577494
2.93215     -2.30383    0.00944964
3.14159     -2.30383    0.0105561

-3.14159     -2.0944    0.0115055
-2.93215     -2.0944    0.0175366
-2.72271     -2.0944    0.0102204
-2.51327     -2.0944    0.0071412
-2.30383     -2.0944    0.00461707
-2.0944     -2.0944    0.00102144
-1.88496     -2.0944    0.00260082
-1.67552     -2.0944    0.00233976
-1.46608     -2.0944    0.00164568
-1.25664     -2.0944    0.000913663
-1.0472     -2.0944    0.000915069
-0.837758     -2.0944    0.00652535
-0.628319     -2.0944    0.00155237
-0.418879     -2.0944    0.000330866
-0.20944     -2.0944    0.00172717
0     -2.0944    0.00170738
0.20944     -2.0944    0.00174699
0.418879     -2.0944    0.000334696
0.628319     -2.0944    0.00155841
0.837758     -2.0944    0.00650408
1.0472     -2.0944    0.000932278
1.25664     -2.0944    0.000878376
1.46608     -2.0944    0.00172145
1.67552     -2.0944    0.00228856
1.88496     -2.0944    0.00256813
2.0944     -2.0944    0.00102819
2.30383     -2.0944    0.00462079
2.51327     -2.0944    0.00713877
2.72271     -2.0944    0.0102061
2.93215     -2.0944    0.017645
3.14159     -2.0944    0.0115601

-3.14159     -1.88496    0.0119666
-2.93215     -1.88496    0.00860117
-2.72271     -1.88496    0.00983944
-2.51327     -1.88496    0.00266333
-2.30383     -1.88496    0.00256972
-2.0944     -1.88496    0.00486065
-1.88496     -1.88496    0.00294745
-1.67552     -1.88496    0.000616316
-1.46608     -1.88496    0.00656775
-1.25664     -1.88496    0.00141563
-1.0472     -1.88496    0.00137487
-0.837758     -1.88496    0.00526414
-0.628319     -1.88496    0.000210622
-0.418879     -1.88496    0.00125868
-0.20944     -1.88496    0.00113779
0     -1.88496    0.00181938
0.20944     -1.88496    0.00114133
0.418879     -1.88496    0.00125962
0.628319     -1.88496    0.000235952
0.837758     -1.88496    0.00530098
1.0472     -1.88496    0.0013325
1.25664     -1.88496    0.00137299
1.46608     -1.88496    0.00658444
1.67552     -1.88496    0.000570911
1.88496     -1.88496    0.00293858
2.0944     -1.88496    0.00487361
2.30383     -1.88496    0.00255135
2.51327     -1.88496    0.00264622
2.72271     -1.88496    0.00990564
2.93215     -1.88496    0.00859006
3.14159     -1.88496    0.0119404

-3.14159     -1.67552    0.0117977
-2.93215     -1.67552    0.00641528
-2.72271     -1.67552    0.0108605
-2.51327     -1.67552    0.00305918
-2.30383     -1.67552    0.00123059
-2.0944     -1.67552    0.00255795
-1.88496     -1.67552    0.00175392
-1.67552     -1.67552    0.00088548
-1.46608     -1.67552    0.00310108
-1.25664     -1.67552    0.00505523
-1.0472     -1.67552    0.004186
-0.837758     -1.67552    0.0046857
-0.628319     -1.67552    0.00158522
-0.418879     -1.67552    0.00537784
-0.20944     -1.67552    0.000762588
0     -1.67552    0.00114647
0.20944     -1.67552    0.000775169
0.418879     -1.67552    0.00537801
0.628319     -1.67552    0.00157888
0.837758     -1.67552    0.00467956
1.0472     -1.67552    0.00414499
1.25664     -1.67552    0.00508167
1.46608     -1.67552    0.00306622
1.67552     -1.67552    0.00093741
1.88496     -1.67552    0.00176027
2.0944     -1.67552    0.00259383
2.30383     -1.67552    0.00119328
2.51327     -1.67552    0.00306255
2.72271     -1.67552    0.010863
2.93215     -1.67552    0.00646944
3.14159     -1.67552    0.011807

-3.14159     -1.46608    0.0114076
-2.93215     -1.46608    0.00996058
-2.72271     -1.46608    0.00906356
-2.51327     -1.46608    0.00622905
-2.30383     -1.46608    0.00183767
-2.0944     -1.46608    0.00291234
-1.88496     -1.46608    0.00164422
-1.67552     -1.46608    0.00067121
-1.46608     -1.46608    0.000645618
-1.25664     -1.46608    0.000376768
-1.0472     -1.46608    0.00378022
-0.837758     -1.46608    0.00316328
-0.628319     -1.46608    0.00274149
-0.418879     -1.46608    0.00531964
-0.20944     -1.46608    0.00155686
0     -1.46608    0.00036341
0.20944     -1.46608    0.00151493
0.418879     -1.46608    0.00531291
0.628319     -1.46608    0.00275942
0.837758     -1.46608    0.0031372
1.0472     -1.46608    0.00373631
1.25664     -1.46608    0.00038357
1.46608     -1.46608    0.000658201
1.67552     -1.46608    0.000646055
1.88496     -1.46608    0.00168623
2.0944     -1.46608    0.00291663
2.30383     -1.46608    0.00186683
2.51327     -1.46608    0.00619225
2.72271     -1.46608    0.00909836
2.93215     -1.46608    0.00993689
3.14159     -1.46608    0.0114411

-3.14159     -1.25664    0.00973697
-2.93215     -1.25664    0.00410898
-2.72271     -1.25664    4.05401e-05
-2.51327     -1.25664    0.000864854
-2.30383     -1.25664    0.0032159
-2.0944     -1.25664    0.00142753
-1.88496     -1.25664    0.00152564
-1.67552     -1.25664    0.00156104
-1.46608     -1.25664    0.000363255
-1.25664     -1.25664    0.00424853
-1.0472     -1.25664    0.00318361
-0.837758     -1.25664    0.00114353
-0.628319     -1.25664    0.00377205
-0.418879     -1.25664    0.00403741
-0.20944     -1.25664    0.000750902
0     -1.25664    0.00111831
0.20944     -1.25664    0.000761734
0.418879     -1.25664    0.00406046
0.628319     -1.25664    0.00378409
0.837758     -1.25664    0.00115426
1.0472     -1.25664    0.00320842
1.25664     -1.25664    0.00423255
1.46608     -1.25664    0.000351788
1.67552     -1.25664    0.00154272
1.88496     -1.25664    0.00151272
2.0944     -1.25664    0.00142529
2.30383     -1.25664    0.00326955
2.51327     -1.25664    0.000860635
2.72271     -1.25664    6.67184e-05
2.93215     -1.25664    0.00409236
3.14159     -1.25664    0.0096712

-3.14159     -1.0472    0.00576341
-2.93215     -1.0472    0.00576278
-2.72271     -1.0472    0.00189192
-2.51327     -1.0472    0.00079721
-2.30383     -1.0472    0.00280324
-2.0944     -1.0472    0.00200598
-1.88496     -1.0472    0.00156235
-1.67552     -1.0472    0.00214178
-1.46608     -1.0472    0.000701507
-1.25664     -1.0472    0.00376377
-1.0472     -1.0472    0.00499624
-0.837758     -1.0472    0.00540206
-0.628319     -1.0472    0.005999
-0.418879     -1.0472    0.00298483
-0.20944     -1.0472    0.000762447
0     -1.0472    0.00371341
0.20944     -1.0472    0.000729922
0.418879     -1.0472    0.00300419
0.628319     -1.0472    0.00600616
0.837758     -1.0472    0.00538535
1.0472     -1.0472    0.00499548
1.25664     -1.0472    0.00378392
1.46608     -1.0472    0.00069287
1.67552     -1.0472    0.00210691
1.88496     -1.0472    0.00154582
2.0944     -1.0472    0.00197892
2.30383     -1.0472    0.00278378
2.51327     -1.0472    0.000774354
2.72271     -1.0472    0.00190003
2.93215     -1.0472    0.00581901
3.14159     -1.0472    0.00578415

-3.14159     -0.837758    0.00036376
-2.93215     -0.837758    0.00030748
-2.72271     -0.837758    0.00506015
-2.51327     -0.837758    0.00417755
-2.30383     -0.837758    0.0018024
-2.0944     -0.837758    0.00153888
-1.88496     -0.837758    0.00207956
-1.67552     -0.837758    0.000574909
-1.46608     -0.837758    0.00129449
-1.25664     -0.837758    0.000655736
-1.0472     -0.837758    0.000250448
-0.837758     -0.837758    0.00135397
-0.628319     -0.837758    0.0033395
-0.418879     -0.837758    0.00578249
-0.20944     -0.837758    0.00402412
0     -0.837758    0.00703293
0.20944     -0.837758    0.00398083
0.418879     -0.837758    0.00572837
0.628319     -0.837758    0.00336128
0.837758     -0.837758    0.00135679
1.0472     -0.837758    0.000275326
1.25664     -0.837758    0.000618318
1.46608     -0.837758    0.00128394
1.67552     -0.837758    0.00059155
1.88496     -0.837758    0.00209469
2.0944     -0.837758    0.00156097
2.30383     -0.837758    0.00177736
2.51327     -0.837758    0.0041237
2.72271     -0.837758    0.00512324
2.93215     -0.837758    0.000264535
3.14159     -0.837758    0.00039627

-3.14159     -0.628319    0.00476845
-2.93215     -0.628319    0.00216079
-2.72271     -0.628319    0.00299325
-2.51327     -0.628319    0.000464454
-2.30383     -0.628319    0.000478857
-2.0944     -0.628319    0.000526171
-1.88496     -0.628319    0.000785778
-1.67552     -0.628319    0.00247131
-1.46608     -0.628319    0.00138192
-1.25664     -0.628319    0.000573929
-1.0472     -0.628319    0.00193716
-0.837758     -0.628319    0.000834016
-0.628319     -0.628319    0.00340942
-0.418879     -0.628319    0.00791958
-0.20944     -0.628319    0.00701263
0     -0.628319    0.00716863
0.20944     -0.628319    0.00703452
0.418879     -0.628319    0.00780497
0.628319     -0.628319    0.00341552
0.837758     -0.628319    0.000897911
1.0472     -0.628319    0.00195901
1.25664     -0.628319    0.000554986
1.46608     -0.628319    0.00139074
1.67552     -0.628319    0.00249098
1.88496     -0.628319    0.000778553
2.0944     -0.628319    0.000510234
2.30383     -0.628319    0.000525076
2.51327     -0.628319    0.000465059
2.72271     -0.628319    0.00300868
2.93215     -0.628319    0.00212904
3.14159     -0.628319    0.00481052

-3.14159     -0.418879    0.00118316
-2.93215     -0.418879    0.000914813
-2.72271     -0.418879    0.00264854
-2.51327     -0.418879    0.00130408
-2.30383     -0.418879    0.0051392
-2.0944     -0.418879    0.00330238
-1.88496     -0.418879    0.000387858
-1.67552     -0.418879    0.00556389
-1.46608     -0.418879    0.00453427
-1.25664     -0.418879    0.000665917
-1.0472     -0.418879    0.000189136
-0.837758     -0.418879    0.000764629
-0.628319     -0.418879    0.00808989
-0.418879     -0.418879    0.00742683
-0.20944     -0.418879    0.00996763
0     -0.418879    0.0132249
0.20944     -0.418879    0.00996224
0.418879     -0.418879    0.00741399
0.628319     -0.418879    0.00814949
0.837758     -0.418879    0.000669483
1.0472     -0.418879    0.000199664
1.25664     -0.418879    0.000686562
1.46608     -0.418879    0.00450863
1.67552     -0.418879    0.00558846
1.88496     -0.418879    0.00037901
2.0944     -0.418879    0.00329927
2.30383     -0.418879    0.00513245
2.51327     -0.418879    0.00124011
2.72271     -0.418879    0.00265664
2.93215     -0.418879    0.000910934
3.14159     -0.418879    0.00121592

-3.14159     -0.20944    0.00145274
-2.93215     -0.20944    0.00214617
-2.72271     -0.20944    0.00230367
-2.51327     -0.20944    0.00288614
-2.30383     -0.20944    0.00331895
-2.0944     -0.20944    0.00464381
-1.88496     -0.20944    0.0034037
-1.67552     -0.20944    0.00150782
-1.46608     -0.20944    0.00456592
-1.25664     -0.20944    0.0043098
-1.0472     -0.20944    0.00194789
-0.837758     -0.20944    0.00474077
-0.628319     -0.20944    0.00828887
-0.418879     -0.20944    0.00966366
-0.20944     -0.20944    0.0143848
0     -0.20944    0.0147072
0.20944     -0.20944    0.0144392
0.418879     -0.20944    0.0096912
0.628319     -0.20944    0.00830834
0.837758     -0.20944    0.00475868
1.0472     -0.20944    0.00197178
1.25664     -0.20944    0.00428505
1.46608     -0.20944    0.00461077
1.67552     -0.20944    0.00145763
1.88496     -0.20944    0.00340569
2.0944     -0.20944    0.00467895
2.30383     -0.20944    0.0033517
2.51327     -0.20944    0.00295218
2.72271     -0.20944    0.0023462
2.93215     -0.20944    0.00214578
3.14159     -0.20944    0.00149996

-3.14159     0    0.00103549
-2.93215     0    0.00190432
-2.72271     0    0.00682134
-2.51327     0    0.000187926
-2.30383     0    0.00248609
-2.0944     0    0.000237707
-1.88496     0    0.00602713
-1.67552     0    0.0032936
-1.46608     0    0.00194241
-1.25664     0    0.00590917
-1.0472     0    0.00456065
-0.837758     0    0.00757853
-0.628319     0    0.0067297
-0.418879     0    0.0108295
-0.20944     0    0.0180172
0     0    8.58676e-15
0.20944     0    0.0180172
0.418879     0    0.0108295
0.628319     0    0.0067297
0.837758     0    0.00757853
1.0472     0    0.00456065
1.25664     0    0.00590917
1.46608     0    0.00194241
1.67552     0    0.0032936
1.88496     0    0.00602713
2.0944     0    0.000237707
2.30383     0    0.00248609
2.51327     0    0.000187926
2.72271     0    0.00682134
2.93215     0    0.00190432
3.14159     0    0.00103549

-3.14159     0.20944    0.00149996
-2.93215     0.20944    0.00214578
-2.72271     0.20944    0.0023462
-2.51327     0.20944    0.00295218
-2.30383     0.20944    0.0033517
-2.0944     0.20944    0.00467895
-1.88496     0.20944    0.00340569
-1.67552     0.20944    0.00145763
-1.46608     0.20944    0.00461077
-1.25664     0.20944    0.00428505
-1.0472     0.20944    0.00197178
-0.837758     0.20944    0.00475868
-0.628319     0.20944    0.00830834
-0.418879     0.20944    0.0096912
-0.20944     0.20944    0.0144392
0     0.20944    0.0147072
0.20944     0.20944    0.0143848
0.418879     0.20944    0.00966366
0.628319     0.20944    0.00828887
0.837758     0.20944    0.00474077
1.0472     0.20944    0.00194789
1.25664     0.20944    0.0043098
1.46608     0.20944    0.00456592
1.67552     0.20944    0.00150782
1.88496     0.20944    0.0034037
2.0944     0.20944    0.00464381
2.30383     0.20944    0.00331895
2.51327     0.20944    0.00288614
2.72271     0.20944    0.00230367
2.93215     0.20944    0.00214617
3.14159     0.20944    0.00145274

-3.14159     0.418879    0.00121592
-2.93215     0.418879    0.000910934
-2.72271     0.418879    0.00265664
-2.51327     0.418879    0.00124011
-2.30383     0.418879    0.00513245
-2.0944     0.418879    0.00329927
-1.88496     0.418879    0.00037901
-1.67552     0.418879    0.00558846
-1.46608     0.418879    0.00450863
-1.25664     0.418879    0.000686562
-1.0472     0.418879    0.000199664
-0.837758     0.418879    0.000669483
-0.628319     0.418879    0.00814949
-0.418879     0.418879    0.00741399
-0.20944     0.418879    0.00996224
0     0.418879    0.0132249
0.20944     0.418879    0.00996763
0.418879     0.418879    0.00742683
0.628319     0.418879    0.00808989
0.837758     0.418879    0.000764629
1.0472     0.418879    0.000189136
1.25664     0.418879    0.000665917
1.46608     0.418879    0.00453427
1.67552     0.418879    0.00556389
1.88496     0.418879    0.000387858
2.0944     0.418879    0.00330238
2.30383     0.418879    0.0051392
2.51327     0.418879    0.00130408
2.72271     0.418879    0.00264854
2.93215     0.418879    0.000914813
3.14159     0.418879    0.00118316

-3.14159     0.628319    0.00481052
-2.93215     0.628319    0.00212904
-2.72271     0.628319    0.00300868
-2.51327     0.628319    0.000465059
-2.30383     0.628319    0.000525076
-2.0944     0.628319    0.000510234
-1.88496     0.628319    0.000778553
-1.67552     0.628319    0.00249098
-1.46608     0.628319    0.00139074
-1.25664     0.628319    0.000554986
-1.0472     0.628319    0.00195901
-0.837758     0.628319    0.000897911
-0.628319     0.628319    0.00341552
-0.418879     0.628319    0.00780497
-0.20944     0.628319    0.00703452
0     0.628319    0.00716863
0.20944     0.628319    0.00701263
0.418879     0.628319    0.00791958
0.628319     0.628319    0.00340942
0.837758     0.628319    0.000834016
1.0472     0.628319    0.00193716
1.25664     0.628319    0.000573929
1.46608     0.628319    0.00138192
1.67552     0.628319    0.00247131
1.88496     0.628319    0.000785778
2.0944     0.628319    0.000526171
2.30383     0.628319    0.000478857
2.51327     0.628319    0.000464454
2.72271     0.628319    0.00299325
2.93215     0.628319    0.00216079
3.14159     0.628319    0.00476845

-3.14159     0.837758    0.00039627
-2.93215     0.837758    0.000264535
-2.72271     0.837758    0.00512324
-2.51327     0.837758    0.0041237
-2.30383     0.837758    0.00177736
-2.0944     0.837758    0.00156097
-1.88496     0.837758    0.00209469
-1.67552     0.837758    0.00059155
-1.46608     0.837758    0.00128394
-1.25664     0.837758    0.000618318
-1.0472     0.837758    0.000275326
-0.837758     0.837758    0.00135679
-0.628319     0.837758    0.00336128
-0.418879     0.837758    0.00572837
-0.20944     0.837758    0.00398083
0     0.837758    0.00703293
0.20944     0.837758    0.00402412
0.418879     0.837758    0.00578249
0.628319     0.837758    0.0033395
0.837758     0.837758    0.00135397
1.0472     0.837758    0.000250448
1.25664     0.837758    0.000655736
1.46608     0.837758    0.00129449
1.67552     0.837758    0.000574909
1.88496     0.837758    0.00207956
2.0944     0.837758    0.00153888
2.30383     0.837758    0.0018024
2.51327     0.837758    0.00417755
2.72271     0.837758    0.00506015
2.93215     0.837758    0.00030748
3.14159     0.837758    0.00036376

-3.14159     1.0472    0.00578415
-2.93215     1.0472    0.00581901
-2.72271     1.0472    0.00190003
-2.51327     1.0472    0.000774354
-2.30383     1.0472    0.00278378
-2.0944     1.0472    0.00197892
-1.88496     1.0472    0.00154582
-1.67552     1.0472    0.00210691
-1.46608     1.0472    0.00069287
-1.25664     1.0472    0.00378392
-1.0472     1.0472    0.00499548
-0.837758     1.0472    0.00538535
-0.628319     1.0472    0.00600616
-0.418879     1.0472    0.00300419
-0.20944     1.0472    0.000729922
0     1.0472    0.00371341
0.20944     1.0472    0.000762447
0.418879     1.0472    0.00298483
0.628319     1.0472    0.005999
0.837758     1.0472    0.00540206
1.0472     1.0472    0.00499624
1.25664     1.0472    0.00376377
1.46608     1.0472    0.000701507
1.67552     1.0472    0.00214178
1.88496     1.0472    0.00156235
2.0944     1.0472    0.00200598
2.30383     1.0472    0.00280324
2.51327     1.0472    0.00079721
2.72271     1.0472    0.00189192
2.93215     1.0472    0.00576278
3.14159     1.0472    0.00576341

-3.14159     1.25664    0.0096712
-2.93215     1.25664    0.00409236
-2.72271     1.25664    6.67184e-05
-2.51327     1.25664    0.000860635
-2.30383     1.25664    0.00326955
-2.0944     1.25664    0.00142529
-1.88496     1.25664    0.00151272
-1.67552     1.25664    0.00154272
-1.46608     1.25664    0.000351788
-1.25664     1.25664    0.00423255
-1.0472     1.25664    0.00320842
-0.837758     1.25664    0.00115426
-0.628319     1.25664    0.00378409
-0.418879     1.25664    0.00406046
-0.20944     1.25664    0.000761734
0     1.25664    0.00111831
0.20944     1.25664    0.000750902
0.418879     1.25664    0.00403741
0.628319     1.25664    0.00377205
0.837758     1.25664    0.00114353
1.0472     1.25664    0.00318361
1.25664     1.25664    0.00424853
1.46608     1.25664    0.000363255
1.67552     1.25664    0.00156104
1.88496     1.25664    0.00152564
2.0944     1.25664    0.00142753
2.30383     1.25664    0.0032159
2.51327     1.25664    0.000864854
2.72271     1.25664    4.05401e-05
2.93215     1.25664    0.00410898
3.14159     1.25664    0.00973697

-3.14159     1.46608    0.0114411
-2.93215     1.46608    0.00993689
-2.72271     1.46608    0.00909836
-2.51327     1.46608    0.00619225
-2.30383     1.46608    0.00186683
-2.0944     1.46608    0.00291663
-1.88496     1.46608    0.00168623
-1.67552     1.46608    0.000646055
-1.46608     1.46608    0.000658201
-1.25664     1.46608    0.00038357
-1.0472     1.46608    0.00373631
-0.837758     1.46608    0.0031372
-0.628319     1.46608    0.00275942
-0.418879     1.46608    0.00531291
-0.20944     1.46608    0.00151493
0     1.46608    0.00036341
0.20944     1.46608    0.00155686
0.418879     1.46608    0.00531964
0.628319     1.46608    0.00274149
0.837758     1.46608    0.00316328
1.0472     1.46608    0.00378022
1.25664     1.46608    0.000376768
1.46608     1.46608    0.000645618
1.67552     1.46608    0.00067121
1.88496     1.46608    0.00164422
2.0944     1.46608    0.00291234
2.30383     1.46608    0.00183767
2.51327     1.46608    0.00622905
2.72271     1.46608    0.00906356
2.93215     1.46608    0.00996058
3.14159     1.46608    0.0114076

-3.14159     1.67552    0.011807
-2.93215     1.67552    0.00646944
-2.72271     1.67552    0.010863
-2.51327     1.67552    0.00306255
-2.30383     1.67552    0.00119328
-2.0944     1.67552    0.00259383
-1.88496     1.67552    0.00176027
-1.67552     1.67552    0.00093741
-1.46608     1.67552    0.00306622
-1.25664     1.67552    0.00508167
-1.0472     1.67552    0.00414499
-0.837758     1.67552    0.00467956
-0.628319     1.67552    0.00157888
-0.418879     1.67552    0.00537801
-0.20944     1.67552    0.000775169
0     1.67552    0.00114647
0.20944     1.67552    0.000762588
0.418879     1.67552    0.00537784
0.628319     1.67552    0.00158522
0.837758     1.67552    0.0046857
1.0472     1.67552    0.004186
1.25664     1.67552    0.00505523
1.46608     1.67552    0.00310108
1.67552     1.67552    0.00088548
1.88496     1.67552    0.00175392
2.0944     1.67552    0.00255795
2.30383     1.67552    0.00123059
2.51327     1.67552    0.00305918
2.72271     1.67552    0.0108605
2.93215     1.67552    0.00641528
3.14159     1.67552    0.0117977

-3.14159     1.88496    0.0119404
-2.93215     1.88496    0.00859006
-2.72271     1.88496    0.00990564
-2.51327     1.88496    0.00264622
-2.30383     1.88496    0.00255135
-2.0944     1.88496    0.00487361
-1.88496     1.88496    0.00293858
-1.67552     1.88496    0.000570911
-1.46608     1.88496    0.00658444
-1.25664     1.88496    0.00137299
-1.0472     1.88496    0.0013325
-0.837758     1.88496    0.00530098
-0.628319     1.88496    0.000235952
-0.418879     1.88496    0.00125962
-0.20944     1.88496    0.00114133
0     1.88496    0.00181938
0.20944     1.88496    0.00113779
0.418879     1.88496    0.00125868
0.628319     1.88496    0.000210622
0.837758     1.88496    0.00526414
1.0472     1.88496    0.00137487
1.25664     1.88496    0.00141563
1.46608     1.88496    0.00656775
1.67552     1.88496    0.000616316
1.88496     1.88496    0.00294745
2.0944     1.88496    0.00486065
2.30383     1.88496    0.00256972
2.51327     1.88496    0.00266333
2.72271     1.88496    0.00983944
2.93215     1.88496    0.00860117
3.14159     1.88496    0.0119666

-3.14159     2.0944    0.0115601
-2.93215     2.0944    0.017645
-2.72271     2.0944    0.0102061
-2.51327     2.0944    0.00713877
-2.30383     2.0944    0.00462079
-2.0944     2.0944    0.00102819
-1.88496     2.0944    0.00256813
-1.67552     2.0944    0.00228856
-1.46608     2.0944    0.00172145
-1.25664     2.0944    0.000878376
-1.0472     2.0944    0.000932278
-0.837758     2.0944    0.00650408
-0.628319     2.0944    0.00155841
-0.418879     2.0944    0.000334696
-0.20944     2.0944    0.00174699
0     2.0944    0.00170738
0.20944     2.0944    0.00172717
0.418879     2.0944    0.000330866
0.628319     2.0944    0.00155237
0.837758     2.0944    0.00652535
1.0472     2.0944    0.000915069
1.25664     2.0944    0.000913663
1.46608     2.0944    0.00164568
1.67552     2.0944    0.00233976
1.88496     2.0944    0.00260082
2.0944     2.0944    0.00102144
2.30383     2.0944    0.00461707
2.51327     2.0944    0.0071412
2.72271     2.0944    0.0102204
2.93215     2.0944    0.0175366
3.14159     2.0944    0.0115055

-3.14159     2.30383    0.0105561
-2.93215     2.30383    0.00944964
-2.72271     2.30383    0.00577494
-2.51327     2.30383    0.00437038
-2.30383     2.30383    0.000555338
-2.0944     2.30383    0.0067606
-1.88496     2.30383    0.000781791
-1.67552     2.30383    0.000792436
-1.46608     2.30383    0.0052327
-1.25664     2.30383    0.00201712
-1.0472     2.30383    0.00319813
-0.837758     2.30383    0.00257687
-0.628319     2.30383    0.000729277
-0.418879     2.30383    0.00140305
-0.20944     2.30383    0.000194112
0     2.30383    0.0038637
0.20944     2.30383    0.000194998
0.418879     2.30383    0.00137601
0.628319     2.30383    0.000740669
0.837758     2.30383    0.00251986
1.0472     2.30383    0.00322528
1.25664     2.30383    0.00206604
1.46608     2.30383    0.00517948
1.67552     2.30383    0.000800015
1.88496     2.30383    0.000798587
2.0944     2.30383    0.00682149
2.30383     2.30383    0.000529375
2.51327     2.30383    0.00434195
2.72271     2.30383    0.00590304
2.93215     2.30383    0.00954574
3.14159     2.30383    0.0106059

-3.14159     2.51327    0.00712223
-2.93215     2.51327    0.00493813
-2.72271     2.51327    0.00393481
-2.51327     2.51327    0.00284442
-2.30383     2.51327    0.000179208
-2.0944     2.51327    0.00105858
-1.88496     2.51327    0.000545186
-1.67552     2.51327    0.00108072
-1.46608     2.51327    0.00256571
-1.25664     2.51327    0.00568958
-1.0472     2.51327    0.00188262
-0.837758     2.51327    0.00130825
-0.628319     2.51327    0.00194728
-0.418879     2.51327    0.00249492
-0.20944     2.51327    0.00252573
0     2.51327    0.00151438
0.20944     2.51327    0.00256067
0.418879     2.51327    0.00248068
0.628319     2.51327    0.00198134
0.837758     2.51327    0.00119978
1.0472     2.51327    0.00189136
1.25664     2.51327    0.00568392
1.46608     2.51327    0.00258
1.67552     2.51327    0.00111183
1.88496     2.51327    0.000506237
2.0944     2.51327    0.0011322
2.30383     2.51327    0.000156917
2.51327     2.51327    0.00281333
2.72271     2.51327    0.00393279
2.93215     2.51327    0.00510057
3.14159     2.51327    0.00713826

-3.14159     2.72271    0.0024121
-2.93215     2.72271    0.00195651
-2.72271     2.72271    0.000124967
-2.51327     2.72271    0.00295175
-2.30383     2.72271    0.00266063
-2.0944     2.72271    0.00238233
-1.88496     2.72271    0.00250975
-1.67552     2.72271    0.000733619
-1.46608     2.72271    0.000658396
-1.25664     2.72271    0.000492432
-1.0472     2.72271    0.00183864
-0.837758     2.72271    0.00231173
-0.628319     2.72271    0.00492504
-0.418879     2.72271    0.00217672
-0.20944     2.72271    0.000920881
0     2.72271    0.00381274
0.20944     2.72271    0.000924281
0.418879     2.72271    0.00216373
0.628319     2.72271    0.00489205
0.837758     2.72271    0.00235392
1.0472     2.72271    0.00184022
1.25664     2.72271    0.000474723
1.46608     2.72271    0.000639735
1.67552     2.72271    0.000779521
1.88496     2.72271    0.00242645
2.0944     2.72271    0.00235549
2.30383     2.72271    0.00268
2.51327     2.72271    0.0029234
2.72271     2.72271    0.000101236
2.93215     2.72271    0.00189159
3.14159     2.72271    0.00236398

-3.14159     2.93215    0.00381004
-2.93215     2.93215    0.000433053
-2.72271     2.93215    0.00134384
-2.51327     2.93215    0.00315747
-2.30383     2.93215    0.00438941
-2.0944     2.93215    0.000638864
-1.88496     2.93215    0.00184676
-1.67552     2.93215    0.0039423
-1.46608     2.93215    0.00228849
-1.25664     2.93215    0.000229492
-1.0472     2.93215    0.00351458
-0.837758     2.93215    0.00328566
-0.628319     2.93215    0.00479993
-0.418879     2.93215    0.000749506
-0.20944     2.93215    2.8626e-05
0     2.93215    0.00716826
0.20944     2.93215    1.98628e-05
0.418879     2.93215    0.00073386
0.628319     2.93215    0.00476336
0.837758     2.93215    0.00338802
1.0472     2.93215    0.003528
1.25664     2.93215    0.000234017
1.46608     2.93215    0.00228501
1.67552     2.93215    0.00409135
1.88496     2.93215    0.00177724
2.0944     2.93215    0.000638005
2.30383     2.93215    0.00442992
2.51327     2.93215    0.00318054
2.72271     2.93215    0.00139475
2.93215     2.93215    0.000472366
3.14159     2.93215    0.00378793

-3.14159     3.14159    0.00318236
-2.93215     3.14159    0.00252121
-2.72271     3.14159    0.0036653
-2.51327     3.14159    0.00369331
-2.30383     3.14159    0.001281
-2.0944     3.14159    0.00012736
-1.88496     3.14159    0.00188899
-1.67552     3.14159    0.000137882
-1.46608     3.14159    0.00196186
-1.25664     3.14159    0.00246226
-1.0472     3.14159    0.00329968
-0.837758     3.14159    0.000593822
-0.628319     3.14159    0.00568703
-0.418879     3.14159    0.00391415
-0.20944     3.14159    0.00684132
0     3.14159    0.0115298
0.20944     3.14159    0.00676553
0.418879     3.14159    0.00392245
0.628319     3.14159    0.0058236
0.837758     3.14159    0.000586103
1.0472     3.14159    0.0033248
1.25664     3.14159    0.00241238
1.46608     3.14159    0.00197665
1.67552     3.14159    0.00014357
1.88496     3.14159    0.00182486
2.0944     3.14159    0.000137954
2.30383     3.14159    0.0012379
2.51327     3.14159    0.00369301
2.72271     3.14159    0.00363751
2.93215     3.14159    0.00248372
3.14159     3.14159    0.0031332

