-3.14159     -3.14159    0.000200762
-2.93215     -3.14159    0.00032148
-2.72271     -3.14159    0.000435858
-2.51327     -3.14159    0.000525817
-2.30383     -3.14159    0.000523898
-2.0944     -3.14159    0.000462678
-1.88496     -3.14159    0.000424725
-1.67552     -3.14159    0.000416548
-1.46608     -3.14159    0.000420089
-1.25664     -3.14159    0.000321259
-1.0472     -3.14159    0.000225155
-0.837758     -3.14159    0.000162218
-0.628319     -3.14159    0.000111535
-0.418879     -3.14159    6.74706e-05
-0.20944     -3.14159    4.42265e-05
0     -3.14159    2.96308e-05
0.20944     -3.14159    4.41647e-05
0.418879     -3.14159    6.747e-05
0.628319     -3.14159    0.000111534
0.837758     -3.14159    0.000162216
1.0472     -3.14159    0.000225154
1.25664     -3.14159    0.000321259
1.46608     -3.14159    0.000420088
1.67552     -3.14159    0.000416548
1.88496     -3.14159    0.000424725
2.0944     -3.14159    0.000462679
2.30383     -3.14159    0.000523899
2.51327     -3.14159    0.000525816
2.72271     -3.14159    0.000435855
2.93215     -3.14159    0.000321479
3.14159     -3.14159    0.000200759

-3.14159     -2.93215    0.000158704
-2.93215     -2.93215    0.000293678
-2.72271     -2.93215    0.00039056
-2.51327     -2.93215    0.000433479
-2.30383     -2.93215    0.000487835
-2.0944     -2.93215    0.000480465
-1.88496     -2.93215    0.00040677
-1.67552     -2.93215    0.000362179
-1.46608     -2.93215    0.00034382
-1.25664     -2.93215    0.000254074
-1.0472     -2.93215    0.000137452
-0.837758     -2.93215    6.41091e-05
-0.628319     -2.93215    7.12111e-06
-0.418879     -2.93215    3.70278e-05
-0.20944     -2.93215    5.93107e-05
0     -2.93215    5.81962e-05
0.20944     -2.93215    5.92306e-05
0.418879     -2.93215    3.70324e-05
0.628319     -2.93215    7.12319e-06
0.837758     -2.93215    6.41051e-05
1.0472     -2.93215    0.000137452
1.25664     -2.93215    0.000254076
1.46608     -2.93215    0.000343821
1.67552     -2.93215    0.000362179
1.88496     -2.93215    0.000406773
2.0944     -2.93215    0.000480467
2.30383     -2.93215    0.000487838
2.51327     -2.93215    0.000433478
2.72271     -2.93215    0.000390559
2.93215     -2.93215    0.000293678
3.14159     -2.93215    0.000158703

-3.14159     -2.72271    0.000168826
-2.93215     -2.72271    0.00031935
-2.72271     -2.72271    0.000410904
-2.51327     -2.72271    0.000400686
-2.30383     -2.72271    0.000368975
-2.0944     -2.72271    0.000371667
-1.88496     -2.72271    0.000349834
-1.67552     -2.72271    0.000317155
-1.46608     -2.72271    0.000289277
-1.25664     -2.72271    0.000226579
-1.0472     -2.72271    9.72632e-05
-0.837758     -2.72271    1.06539e-05
-0.628319     -2.72271    5.44971e-05
-0.418879     -2.72271    8.16561e-05
-0.20944     -2.72271    0.000103148
0     -2.72271    0.000125727
0.20944     -2.72271    0.000103233
0.418879     -2.72271    8.16517e-05
0.628319     -2.72271    5.45e-05
0.837758     -2.72271    1.06567e-05
1.0472     -2.72271    9.72649e-05
1.25664     -2.72271    0.000226576
1.46608     -2.72271    0.000289278
1.67552     -2.72271    0.000317157
1.88496     -2.72271    0.000349837
2.0944     -2.72271    0.000371671
2.30383     -2.72271    0.000368978
2.51327     -2.72271    0.000400689
2.72271     -2.72271    0.000410907
2.93215     -2.72271    0.000319349
3.14159     -2.72271    0.000168826

-3.14159     -2.51327    0.000197814
-2.93215     -2.51327    0.000340571
-2.72271     -2.51327    0.000393058
-2.51327     -2.51327    0.000379884
-2.30383     -2.51327    0.000284251
-2.0944     -2.51327    0.000218439
-1.88496     -2.51327    0.000231386
-1.67552     -2.51327    0.000263482
-1.46608     -2.51327    0.000241641
-1.25664     -2.51327    0.000202119
-1.0472     -2.51327    6.37995e-05
-0.837758     -2.51327    3.01462e-05
-0.628319     -2.51327    9.15714e-05
-0.418879     -2.51327    0.00010388
-0.20944     -2.51327    0.00012138
0     -2.51327    0.000119787
0.20944     -2.51327    0.000121334
0.418879     -2.51327    0.000103888
0.628319     -2.51327    9.15723e-05
0.837758     -2.51327    3.01483e-05
1.0472     -2.51327    6.38002e-05
1.25664     -2.51327    0.000202123
1.46608     -2.51327    0.000241643
1.67552     -2.51327    0.000263484
1.88496     -2.51327    0.00023139
2.0944     -2.51327    0.000218444
2.30383     -2.51327    0.000284255
2.51327     -2.51327    0.000379888
2.72271     -2.51327    0.000393061
2.93215     -2.51327    0.000340571
3.14159     -2.51327    0.000197813

-3.14159     -2.30383    0.000250237
-2.93215     -2.30383    0.000350522
-2.72271     -2.30383    0.000349611
-2.51327     -2.30383    0.000255162
-2.30383     -2.30383    0.000167392
-2.0944     -2.30383    0.000115207
-1.88496     -2.30383    0.00010951
-1.67552     -2.30383    0.000151896
-1.46608     -2.30383    0.000188063
-1.25664     -2.30383    0.000161696
-1.0472     -2.30383    3.98855e-05
-0.837758     -2.30383    6.24199e-05
-0.628319     -2.30383    0.000118177
-0.418879     -2.30383    0.000139745
-0.20944     -2.30383    0.000139538
0     -2.30383    0.000168933
0.20944     -2.30383    0.000139524
0.418879     -2.30383    0.000139739
0.628319     -2.30383    0.000118179
0.837758     -2.30383    6.24186e-05
1.0472     -2.30383    3.98839e-05
1.25664     -2.30383    0.000161691
1.46608     -2.30383    0.000188065
1.67552     -2.30383    0.0001519
1.88496     -2.30383    0.000109516
2.0944     -2.30383    0.000115212
2.30383     -2.30383    0.000167397
2.51327     -2.30383    0.000255166
2.72271     -2.30383    0.000349614
2.93215     -2.30383    0.000350523
3.14159     -2.30383    0.000250239

-3.14159     -2.0944    0.000297928
-2.93215     -2.0944    0.000329745
-2.72271     -2.0944    0.000270496
-2.51327     -2.0944    0.000155728
-2.30383     -2.0944    6.30393e-05
-2.0944     -2.0944    1.70778e-05
-1.88496     -2.0944    1.4116e-05
-1.67552     -2.0944    2.05133e-05
-1.46608     -2.0944    6.53706e-05
-1.25664     -2.0944    9.14617e-05
-1.0472     -2.0944    1.55124e-05
-0.837758     -2.0944    7.64959e-05
-0.628319     -2.0944    0.000129154
-0.418879     -2.0944    0.00016246
-0.20944     -2.0944    0.000153736
0     -2.0944    0.000135487
0.20944     -2.0944    0.00015385
0.418879     -2.0944    0.000162464
0.628319     -2.0944    0.000129159
0.837758     -2.0944    7.64999e-05
1.0472     -2.0944    1.55121e-05
1.25664     -2.0944    9.14672e-05
1.46608     -2.0944    6.53734e-05
1.67552     -2.0944    2.05188e-05
1.88496     -2.0944    1.41217e-05
2.0944     -2.0944    1.70827e-05
2.30383     -2.0944    6.30429e-05
2.51327     -2.0944    0.000155731
2.72271     -2.0944    0.000270502
2.93215     -2.0944    0.000329747
3.14159     -2.0944    0.00029793

-3.14159     -1.88496    0.000319672
-2.93215     -1.88496    0.000293742
-2.72271     -1.88496    0.000168945
-2.51327     -1.88496    4.21126e-05
-2.30383     -1.88496    2.13342e-05
-2.0944     -1.88496    5.3992e-05
-1.88496     -1.88496    6.78435e-05
-1.67552     -1.88496    6.24533e-05
-1.46608     -1.88496    4.97333e-05
-1.25664     -1.88496    1.77447e-05
-1.0472     -1.88496    3.20134e-05
-0.837758     -1.88496    9.62284e-05
-0.628319     -1.88496    0.000146809
-0.418879     -1.88496    0.000168236
-0.20944     -1.88496    0.000158876
0     -1.88496    0.000174575
0.20944     -1.88496    0.000158664
0.418879     -1.88496    0.000168234
0.628319     -1.88496    0.000146808
0.837758     -1.88496    9.62288e-05
1.0472     -1.88496    3.20172e-05
1.25664     -1.88496    1.77445e-05
1.46608     -1.88496    4.97292e-05
1.67552     -1.88496    6.24469e-05
1.88496     -1.88496    6.78379e-05
2.0944     -1.88496    5.39866e-05
2.30383     -1.88496    2.13283e-05
2.51327     -1.88496    4.21173e-05
2.72271     -1.88496    0.000168948
2.93215     -1.88496    0.000293745
3.14159     -1.88496    0.000319674

-3.14159     -1.67552    0.000315561
-2.93215     -1.67552    0.000224452
-2.72271     -1.67552    7.26026e-05
-2.51327     -1.67552    2.62694e-05
-2.30383     -1.67552    8.01585e-05
-2.0944     -1.67552    9.10197e-05
-1.88496     -1.67552    0.000109708
-1.67552     -1.67552    0.000123214
-1.46608     -1.67552    0.000105312
-1.25664     -1.67552    9.56554e-05
-1.0472     -1.67552    7.96176e-05
-0.837758     -1.67552    0.00010315
-0.628319     -1.67552    0.000159906
-0.418879     -1.67552    0.000183327
-0.20944     -1.67552    0.000156957
0     -1.67552    0.000158174
0.20944     -1.67552    0.000157279
0.418879     -1.67552    0.00018333
0.628319     -1.67552    0.000159912
0.837758     -1.67552    0.000103154
1.0472     -1.67552    7.96154e-05
1.25664     -1.67552    9.56539e-05
1.46608     -1.67552    0.000105311
1.67552     -1.67552    0.000123208
1.88496     -1.67552    0.000109704
2.0944     -1.67552    9.10121e-05
2.30383     -1.67552    8.01526e-05
2.51327     -1.67552    2.62632e-05
2.72271     -1.67552    7.26066e-05
2.93215     -1.67552    0.000224455
3.14159     -1.67552    0.000315562

-3.14159     -1.46608    0.000285227
-2.93215     -1.46608    0.000140587
-2.72271     -1.46608    4.95058e-07
-2.51327     -1.46608    6.47743e-05
-2.30383     -1.46608    0.000107934
-2.0944     -1.46608    0.00011765
-1.88496     -1.46608    0.000126826
-1.67552     -1.46608    0.000156954
-1.46608     -1.46608    0.000154723
-1.25664     -1.46608    0.000149753
-1.0472     -1.46608    0.000128953
-0.837758     -1.46608    0.000124072
-0.628319     -1.46608    0.000163907
-0.418879     -1.46608    0.000193208
-0.20944     -1.46608    0.000158774
0     -1.46608    0.000146471
0.20944     -1.46608    0.000158371
0.418879     -1.46608    0.000193217
0.628319     -1.46608    0.000163911
0.837758     -1.46608    0.000124066
1.0472     -1.46608    0.000128952
1.25664     -1.46608    0.000149755
1.46608     -1.46608    0.000154722
1.67552     -1.46608    0.000156948
1.88496     -1.46608    0.00012682
2.0944     -1.46608    0.000117642
2.30383     -1.46608    0.000107929
2.51327     -1.46608    6.47688e-05
2.72271     -1.46608    4.93225e-07
2.93215     -1.46608    0.000140588
3.14159     -1.46608    0.00028523

-3.14159     -1.25664    0.000231954
-2.93215     -1.25664    8.00078e-05
-2.72271     -1.25664    3.09062e-05
-2.51327     -1.25664    9.55184e-05
-2.30383     -1.25664    0.000125951
-2.0944     -1.25664    0.000132407
-1.88496     -1.25664    0.000146456
-1.67552     -1.25664    0.000156368
-1.46608     -1.25664    0.000163412
-1.25664     -1.25664    0.000183593
-1.0472     -1.25664    0.000173752
-0.837758     -1.25664    0.000175957
-0.628319     -1.25664    0.000199399
-0.418879     -1.25664    0.000219675
-0.20944     -1.25664    0.000196611
0     -1.25664    0.000190114
0.20944     -1.25664    0.000196997
0.418879     -1.25664    0.00021969
0.628319     -1.25664    0.000199411
0.837758     -1.25664    0.000175957
1.0472     -1.25664    0.000173742
1.25664     -1.25664    0.000183593
1.46608     -1.25664    0.000163413
1.67552     -1.25664    0.000156361
1.88496     -1.25664    0.000146454
2.0944     -1.25664    0.000132406
2.30383     -1.25664    0.000125947
2.51327     -1.25664    9.55142e-05
2.72271     -1.25664    3.09066e-05
2.93215     -1.25664    8.00081e-05
3.14159     -1.25664    0.000231956

-3.14159     -1.0472    0.000185998
-2.93215     -1.0472    4.72707e-05
-2.72271     -1.0472    4.87486e-05
-2.51327     -1.0472    8.75498e-05
-2.30383     -1.0472    0.000116974
-2.0944     -1.0472    0.000134087
-1.88496     -1.0472    0.00015356
-1.67552     -1.0472    0.000152535
-1.46608     -1.0472    0.000160689
-1.25664     -1.0472    0.000162984
-1.0472     -1.0472    0.000196163
-0.837758     -1.0472    0.000209072
-0.628319     -1.0472    0.00024128
-0.418879     -1.0472    0.000261201
-0.20944     -1.0472    0.000256093
0     -1.0472    0.0001328
0.20944     -1.0472    0.000255794
0.418879     -1.0472    0.000261161
0.628319     -1.0472    0.000241269
0.837758     -1.0472    0.000209076
1.0472     -1.0472    0.000196164
1.25664     -1.0472    0.000162973
1.46608     -1.0472    0.000160682
1.67552     -1.0472    0.000152538
1.88496     -1.0472    0.000153558
2.0944     -1.0472    0.000134086
2.30383     -1.0472    0.000116976
2.51327     -1.0472    8.7549e-05
2.72271     -1.0472    4.87475e-05
2.93215     -1.0472    4.72719e-05
3.14159     -1.0472    0.000185998

-3.14159     -0.837758    0.000163031
-2.93215     -0.837758    5.20306e-05
-2.72271     -0.837758    3.98647e-05
-2.51327     -0.837758    9.31057e-05
-2.30383     -0.837758    0.000118725
-2.0944     -0.837758    0.000153943
-1.88496     -0.837758    0.000155454
-1.67552     -0.837758    0.0001524
-1.46608     -0.837758    0.000165961
-1.25664     -0.837758    0.000152135
-1.0472     -0.837758    0.00017736
-0.837758     -0.837758    0.000252849
-0.628319     -0.837758    0.000282648
-0.418879     -0.837758    0.000315908
-0.20944     -0.837758    0.000328732
0     -0.837758    0.000376389
0.20944     -0.837758    0.000328788
0.418879     -0.837758    0.000315922
0.628319     -0.837758    0.000282658
0.837758     -0.837758    0.000252821
1.0472     -0.837758    0.000177369
1.25664     -0.837758    0.000152137
1.46608     -0.837758    0.000165961
1.67552     -0.837758    0.000152406
1.88496     -0.837758    0.000155452
2.0944     -0.837758    0.000153941
2.30383     -0.837758    0.000118727
2.51327     -0.837758    9.31074e-05
2.72271     -0.837758    3.98676e-05
2.93215     -0.837758    5.20307e-05
3.14159     -0.837758    0.000163031

-3.14159     -0.628319    0.000164526
-2.93215     -0.628319    6.23e-05
-2.72271     -0.628319    6.66367e-06
-2.51327     -0.628319    7.35657e-05
-2.30383     -0.628319    0.000120498
-2.0944     -0.628319    0.000150363
-1.88496     -0.628319    0.000164905
-1.67552     -0.628319    0.000169445
-1.46608     -0.628319    0.000154288
-1.25664     -0.628319    0.0001591
-1.0472     -0.628319    0.00015661
-0.837758     -0.628319    0.000220584
-0.628319     -0.628319    0.000322835
-0.418879     -0.628319    0.000375736
-0.20944     -0.628319    0.000423028
0     -0.628319    0.000295916
0.20944     -0.628319    0.000423502
0.418879     -0.628319    0.000375824
0.628319     -0.628319    0.00032284
0.837758     -0.628319    0.000220559
1.0472     -0.628319    0.000156628
1.25664     -0.628319    0.000159098
1.46608     -0.628319    0.000154307
1.67552     -0.628319    0.000169448
1.88496     -0.628319    0.000164911
2.0944     -0.628319    0.000150366
2.30383     -0.628319    0.000120499
2.51327     -0.628319    7.35673e-05
2.72271     -0.628319    6.66668e-06
2.93215     -0.628319    6.22972e-05
3.14159     -0.628319    0.000164525

-3.14159     -0.418879    0.000226152
-2.93215     -0.418879    0.000138856
-2.72271     -0.418879    4.49774e-05
-2.51327     -0.418879    3.08233e-05
-2.30383     -0.418879    8.73816e-05
-2.0944     -0.418879    0.000122669
-1.88496     -0.418879    0.000161067
-1.67552     -0.418879    0.000182463
-1.46608     -0.418879    0.000184621
-1.25664     -0.418879    0.000193321
-1.0472     -0.418879    0.0002213
-0.837758     -0.418879    0.000242025
-0.628319     -0.418879    0.000337769
-0.418879     -0.418879    0.00046832
-0.20944     -0.418879    0.00055187
0     -0.418879    0.000787823
0.20944     -0.418879    0.000550264
0.418879     -0.418879    0.000468247
0.628319     -0.418879    0.000337717
0.837758     -0.418879    0.000242011
1.0472     -0.418879    0.000221321
1.25664     -0.418879    0.000193335
1.46608     -0.418879    0.000184624
1.67552     -0.418879    0.000182474
1.88496     -0.418879    0.00016107
2.0944     -0.418879    0.00012267
2.30383     -0.418879    8.73853e-05
2.51327     -0.418879    3.08233e-05
2.72271     -0.418879    4.49771e-05
2.93215     -0.418879    0.000138853
3.14159     -0.418879    0.000226149

-3.14159     -0.20944    0.000292873
-2.93215     -0.20944    0.000229921
-2.72271     -0.20944    0.000145612
-2.51327     -0.20944    5.59754e-05
-2.30383     -0.20944    1.9754e-05
-2.0944     -0.20944    8.32252e-05
-1.88496     -0.20944    0.000121641
-1.67552     -0.20944    0.000153606
-1.46608     -0.20944    0.000196084
-1.25664     -0.20944    0.000231224
-1.0472     -0.20944    0.000279477
-0.837758     -0.20944    0.000334421
-0.628319     -0.20944    0.000399155
-0.418879     -0.20944    0.000570067
-0.20944     -0.20944    0.000791884
0     -0.20944    0.000776359
0.20944     -0.20944    0.000794838
0.418879     -0.20944    0.000570009
0.628319     -0.20944    0.000399198
0.837758     -0.20944    0.000334424
1.0472     -0.20944    0.000279429
1.25664     -0.20944    0.000231234
1.46608     -0.20944    0.000196082
1.67552     -0.20944    0.000153608
1.88496     -0.20944    0.000121644
2.0944     -0.20944    8.32259e-05
2.30383     -0.20944    1.97568e-05
2.51327     -0.20944    5.59771e-05
2.72271     -0.20944    0.000145611
2.93215     -0.20944    0.00022992
3.14159     -0.20944    0.000292871

-3.14159     0    0.000308645
-2.93215     0    0.00024668
-2.72271     0    0.000208903
-2.51327     0    0.000125176
-2.30383     0    2.49574e-05
-2.0944     0    4.88876e-05
-1.88496     0    9.20525e-05
-1.67552     0    0.000127713
-1.46608     0    0.00017316
-1.25664     0    0.000233992
-1.0472     0    0.000277547
-0.837758     0    0.00034685
-0.628319     0    0.000457479
-0.418879     0    0.000604773
-0.20944     0    0.000955627
0     0    1.22331e-16
0.20944     0    0.000955627
0.418879     0    0.000604773
0.628319     0    0.000457479
0.837758     0    0.00034685
1.0472     0    0.000277547
1.25664     0    0.000233992
1.46608     0    0.00017316
1.67552     0    0.000127713
1.88496     0    9.20525e-05
2.0944     0    4.88876e-05
2.30383     0    2.49574e-05
2.51327     0    0.000125176
2.72271     0    0.000208903
2.93215     0    0.00024668
3.14159     0    0.000308645

-3.14159     0.20944    0.000292871
-2.93215     0.20944    0.00022992
-2.72271     0.20944    0.000145611
-2.51327     0.20944    5.59771e-05
-2.30383     0.20944    1.97568e-05
-2.0944     0.20944    8.32259e-05
-1.88496     0.20944    0.000121644
-1.67552     0.20944    0.000153608
-1.46608     0.20944    0.000196082
-1.25664     0.20944    0.000231234
-1.0472     0.20944    0.000279429
-0.837758     0.20944    0.000334424
-0.628319     0.20944    0.000399198
-0.418879     0.20944    0.000570009
-0.20944     0.20944    0.000794838
0     0.20944    0.000776359
0.20944     0.20944    0.000791884
0.418879     0.20944    0.000570067
0.628319     0.20944    0.000399155
0.837758     0.20944    0.000334421
1.0472     0.20944    0.000279477
1.25664     0.20944    0.000231224
1.46608     0.20944    0.000196084
1.67552     0.20944    0.000153606
1.88496     0.20944    0.000121641
2.0944     0.20944    8.32252e-05
2.30383     0.20944    1.9754e-05
2.51327     0.20944    5.59754e-05
2.72271     0.20944    0.000145612
2.93215     0.20944    0.000229921
3.14159     0.20944    0.000292873

-3.14159     0.418879    0.000226149
-2.93215     0.418879    0.000138853
-2.72271     0.418879    4.49771e-05
-2.51327     0.418879    3.08233e-05
-2.30383     0.418879    8.73853e-05
-2.0944     0.418879    0.00012267
-1.88496     0.418879    0.00016107
-1.67552     0.418879    0.000182474
-1.46608     0.418879    0.000184624
-1.25664     0.418879    0.000193335
-1.0472     0.418879    0.000221321
-0.837758     0.418879    0.000242011
-0.628319     0.418879    0.000337717
-0.418879     0.418879    0.000468247
-0.20944     0.418879    0.000550264
0     0.418879    0.000787823
0.20944     0.418879    0.00055187
0.418879     0.418879    0.00046832
0.628319     0.418879    0.000337769
0.837758     0.418879    0.000242025
1.0472     0.418879    0.0002213
1.25664     0.418879    0.000193321
1.46608     0.418879    0.000184621
1.67552     0.418879    0.000182463
1.88496     0.418879    0.000161067
2.0944     0.418879    0.000122669
2.30383     0.418879    8.73816e-05
2.51327     0.418879    3.08233e-05
2.72271     0.418879    4.49774e-05
2.93215     0.418879    0.000138856
3.14159     0.418879    0.000226152

-3.14159     0.628319    0.000164525
-2.93215     0.628319    6.22972e-05
-2.72271     0.628319    6.66668e-06
-2.51327     0.628319    7.35673e-05
-2.30383     0.628319    0.000120499
-2.0944     0.628319    0.000150366
-1.88496     0.628319    0.000164911
-1.67552     0.628319    0.000169448
-1.46608     0.628319    0.000154307
-1.25664     0.628319    0.000159098
-1.0472     0.628319    0.000156628
-0.837758     0.628319    0.000220559
-0.628319     0.628319    0.00032284
-0.418879     0.628319    0.000375824
-0.20944     0.628319    0.000423502
0     0.628319    0.000295916
0.20944     0.628319    0.000423028
0.418879     0.628319    0.000375736
0.628319     0.628319    0.000322835
0.837758     0.628319    0.000220584
1.0472     0.628319    0.00015661
1.25664     0.628319    0.0001591
1.46608     0.628319    0.000154288
1.67552     0.628319    0.000169445
1.88496     0.628319    0.000164905
2.0944     0.628319    0.000150363
2.30383     0.628319    0.000120498
2.51327     0.628319    7.35657e-05
2.72271     0.628319    6.66367e-06
2.93215     0.628319    6.23e-05
3.14159     0.628319    0.000164526

-3.14159     0.837758    0.000163031
-2.93215     0.837758    5.20307e-05
-2.72271     0.837758    3.98676e-05
-2.51327     0.837758    9.31074e-05
-2.30383     0.837758    0.000118727
-2.0944     0.837758    0.000153941
-1.88496     0.837758    0.000155452
-1.67552     0.837758    0.000152406
-1.46608     0.837758    0.000165961
-1.25664     0.837758    0.000152137
-1.0472     0.837758    0.000177369
-0.837758     0.837758    0.000252821
-0.628319     0.837758    0.000282658
-0.418879     0.837758    0.000315922
-0.20944     0.837758    0.000328788
0     0.837758    0.000376389
0.20944     0.837758    0.000328732
0.418879     0.837758    0.000315908
0.628319     0.837758    0.000282648
0.837758     0.837758    0.000252849
1.0472     0.837758    0.00017736
1.25664     0.837758    0.000152135
1.46608     0.837758    0.000165961
1.67552     0.837758    0.0001524
1.88496     0.837758    0.000155454
2.0944     0.837758    0.000153943
2.30383     0.837758    0.000118725
2.51327     0.837758    9.31057e-05
2.72271     0.837758    3.98647e-05
2.93215     0.837758    5.20306e-05
3.14159     0.837758    0.000163031

-3.14159     1.0472    0.000185998
-2.93215     1.0472    4.72719e-05
-2.72271     1.0472    4.87475e-05
-2.51327     1.0472    8.7549e-05
-2.30383     1.0472    0.000116976
-2.0944     1.0472    0.000134086
-1.88496     1.0472    0.000153558
-1.67552     1.0472    0.000152538
-1.46608     1.0472    0.000160682
-1.25664     1.0472    0.000162973
-1.0472     1.0472    0.000196164
-0.837758     1.0472    0.000209076
-0.628319     1.0472    0.000241269
-0.418879     1.0472    0.000261161
-0.20944     1.0472    0.000255794
0     1.0472    0.0001328
0.20944     1.0472    0.000256093
0.418879     1.0472    0.000261201
0.628319     1.0472    0.00024128
0.837758     1.0472    0.000209072
1.0472     1.0472    0.000196163
1.25664     1.0472    0.000162984
1.46608     1.0472    0.000160689
1.67552     1.0472    0.000152535
1.88496     1.0472    0.00015356
2.0944     1.0472    0.000134087
2.30383     1.0472    0.000116974
2.51327     1.0472    8.75498e-05
2.72271     1.0472    4.87486e-05
2.93215     1.0472    4.72707e-05
3.14159     1.0472    0.000185998

-3.14159     1.25664    0.000231956
-2.93215     1.25664    8.00081e-05
-2.72271     1.25664    3.09066e-05
-2.51327     1.25664    9.55142e-05
-2.30383     1.25664    0.000125947
-2.0944     1.25664    0.000132406
-1.88496     1.25664    0.000146454
-1.67552     1.25664    0.000156361
-1.46608     1.25664    0.000163413
-1.25664     1.25664    0.000183593
-1.0472     1.25664    0.000173742
-0.837758     1.25664    0.000175957
-0.628319     1.25664    0.000199411
-0.418879     1.25664    0.00021969
-0.20944     1.25664    0.000196997
0     1.25664    0.000190114
0.20944     1.25664    0.000196611
0.418879     1.25664    0.000219675
0.628319     1.25664    0.000199399
0.837758     1.25664    0.000175957
1.0472     1.25664    0.000173752
1.25664     1.25664    0.000183593
1.46608     1.25664    0.000163412
1.67552     1.25664    0.000156368
1.88496     1.25664    0.000146456
2.0944     1.25664    0.000132407
2.30383     1.25664    0.000125951
2.51327     1.25664    9.55184e-05
2.72271     1.25664    3.09062e-05
2.93215     1.25664    8.00078e-05
3.14159     1.25664    0.000231954

-3.14159     1.46608    0.00028523
-2.93215     1.46608    0.000140588
-2.72271     1.46608    4.93225e-07
-2.51327     1.46608    6.47688e-05
-2.30383     1.46608    0.000107929
-2.0944     1.46608    0.000117642
-1.88496     1.46608    0.00012682
-1.67552     1.46608    0.000156948
-1.46608     1.46608    0.000154722
-1.25664     1.46608    0.000149755
-1.0472     1.46608    0.000128952
-0.837758     1.46608    0.000124066
-0.628319     1.46608    0.000163911
-0.418879     1.46608    0.000193217
-0.20944     1.46608    0.000158371
0     1.46608    0.000146471
0.20944     1.46608    0.000158774
0.418879     1.46608    0.000193208
0.628319     1.46608    0.000163907
0.837758     1.46608    0.000124072
1.0472     1.46608    0.000128953
1.25664     1.46608    0.000149753
1.46608     1.46608    0.000154723
1.67552     1.46608    0.000156954
1.88496     1.46608    0.000126826
2.0944     1.46608    0.00011765
2.30383     1.46608    0.000107934
2.51327     1.46608    6.47743e-05
2.72271     1.46608    4.95058e-07
2.93215     1.46608    0.000140587
3.14159     1.46608    0.000285227

-3.14159     1.67552    0.000315562
-2.93215     1.67552    0.000224455
-2.72271     1.67552    7.26066e-05
-2.51327     1.67552    2.62632e-05
-2.30383     1.67552    8.01526e-05
-2.0944     1.67552    9.10121e-05
-1.88496     1.67552    0.000109704
-1.67552     1.67552    0.000123208
-1.46608     1.67552    0.000105311
-1.25664     1.67552    9.56539e-05
-1.0472     1.67552    7.96154e-05
-0.837758     1.67552    0.000103154
-0.628319     1.67552    0.000159912
-0.418879     1.67552    0.00018333
-0.20944     1.67552    0.000157279
0     1.67552    0.000158174
0.20944     1.67552    0.000156957
0.418879     1.67552    0.000183327
0.628319     1.67552    0.000159906
0.837758     1.67552    0.00010315
1.0472     1.67552    7.96176e-05
1.25664     1.67552    9.56554e-05
1.46608     1.67552    0.000105312
1.67552     1.67552    0.000123214
1.88496     1.67552    0.000109708
2.0944     1.67552    9.10197e-05
2.30383     1.67552    8.01585e-05
2.51327     1.67552    2.62694e-05
2.72271     1.67552    7.26026e-05
2.93215     1.67552    0.000224452
3.14159     1.67552    0.000315561

-3.14159     1.88496    0.000319674
-2.93215     1.88496    0.000293745
-2.72271     1.88496    0.000168948
-2.51327     1.88496    4.21173e-05
-2.30383     1.88496    2.13283e-05
-2.0944     1.88496    5.39866e-05
-1.88496     1.88496    6.78379e-05
-1.67552     1.88496    6.24469e-05
-1.46608     1.88496    4.97292e-05
-1.25664     1.88496    1.77445e-05
-1.0472     1.88496    3.20172e-05
-0.837758     1.88496    9.62288e-05
-0.628319     1.88496    0.000146808
-0.418879     1.88496    0.000168234
-0.20944     1.88496    0.000158664
0     1.88496    0.000174575
0.20944     1.88496    0.000158876
0.418879     1.88496    0.000168236
0.628319     1.88496    0.000146809
0.837758     1.88496    9.62284e-05
1.0472     1.88496    3.20134e-05
1.25664     1.88496    1.77447e-05
1.46608     1.88496    4.97333e-05
1.67552     1.88496    6.24533e-05
1.88496     1.88496    6.78435e-05
2.0944     1.88496    5.3992e-05
2.30383     1.88496    2.13342e-05
2.51327     1.88496    4.21126e-05
2.72271     1.88496    0.000168945
2.93215     1.88496    0.000293742
3.14159     1.88496    0.000319672

-3.14159     2.0944    0.00029793
-2.93215     2.0944    0.000329747
-2.72271     2.0944    0.000270502
-2.51327     2.0944    0.000155731
-2.30383     2.0944    6.30429e-05
-2.0944     2.0944    1.70827e-05
-1.88496     2.0944    1.41217e-05
-1.67552     2.0944    2.05188e-05
-1.46608     2.0944    6.53734e-05
-1.25664     2.0944    9.14672e-05
-1.0472     2.0944    1.55121e-05
-0.837758     2.0944    7.64999e-05
-0.628319     2.0944    0.000129159
-0.418879     2.0944    0.000162464
-0.20944     2.0944    0.00015385
0     2.0944    0.000135487
0.20944     2.0944    0.000153736
0.418879     2.0944    0.00016246
0.628319     2.0944    0.000129154
0.837758     2.0944    7.64959e-05
1.0472     2.0944    1.55124e-05
1.25664     2.0944    9.14617e-05
1.46608     2.0944    6.53706e-05
1.67552     2.0944    2.05133e-05
1.88496     2.0944    1.4116e-05
2.0944     2.0944    1.70778e-05
2.30383     2.0944    6.30393e-05
2.51327     2.0944    0.000155728
2.72271     2.0944    0.000270496
2.93215     2.0944    0.000329745
3.14159     2.0944    0.000297928

-3.14159     2.30383    0.000250239
-2.93215     2.30383    0.000350523
-2.72271     2.30383    0.000349614
-2.51327     2.30383    0.000255166
-2.30383     2.30383    0.000167397
-2.0944     2.30383    0.000115212
-1.88496     2.30383    0.000109516
-1.67552     2.30383    0.0001519
-1.46608     2.30383    0.000188065
-1.25664     2.30383    0.000161691
-1.0472     2.30383    3.98839e-05
-0.837758     2.30383    6.24186e-05
-0.628319     2.30383    0.000118179
-0.418879     2.30383    0.000139739
-0.20944     2.30383    0.000139524
0     2.30383    0.000168933
0.20944     2.30383    0.000139538
0.418879     2.30383    0.000139745
0.628319     2.30383    0.000118177
0.837758     2.30383    6.24199e-05
1.0472     2.30383    3.98855e-05
1.25664     2.30383    0.000161696
1.46608     2.30383    0.000188063
1.67552     2.30383    0.000151896
1.88496     2.30383    0.00010951
2.0944     2.30383    0.000115207
2.30383     2.30383    0.000167392
2.51327     2.30383    0.000255162
2.72271     2.30383    0.000349611
2.93215     2.30383    0.000350522
3.14159     2.30383    0.000250237

-3.14159     2.51327    0.000197813
-2.93215     2.51327    0.000340571
-2.72271     2.51327    0.000393061
-2.51327     2.51327    0.000379888
-2.30383     2.51327    0.000284255
-2.0944     2.51327    0.000218444
-1.88496     2.51327    0.00023139
-1.67552     2.51327    0.000263484
-1.46608     2.51327    0.000241643
-1.25664     2.51327    0.000202123
-1.0472     2.51327    6.38002e-05
-0.837758     2.51327    3.01483e-05
-0.628319     2.51327    9.15723e-05
-0.418879     2.51327    0.000103888
-0.20944     2.51327    0.000121334
0     2.51327    0.000119787
0.20944     2.51327    0.00012138
0.418879     2.51327    0.00010388
0.628319     2.51327    9.15714e-05
0.837758     2.51327    3.01462e-05
1.0472     2.51327    6.37995e-05
1.25664     2.51327    0.000202119
1.46608     2.51327    0.000241641
1.67552     2.51327    0.000263482
1.88496     2.51327    0.000231386
2.0944     2.51327    0.000218439
2.30383     2.51327    0.000284251
2.51327     2.51327    0.000379884
2.72271     2.51327    0.000393058
2.93215     2.51327    0.000340571
3.14159     2.51327    0.000197814

-3.14159     2.72271    0.000168826
-2.93215     2.72271    0.000319349
-2.72271     2.72271    0.000410907
-2.51327     2.72271    0.000400689
-2.30383     2.72271    0.000368978
-2.0944     2.72271    0.000371671
-1.88496     2.72271    0.000349837
-1.67552     2.72271    0.000317157
-1.46608     2.72271    0.000289278
-1.25664     2.72271    0.000226576
-1.0472     2.72271    9.72649e-05
-0.837758     2.72271    1.06567e-05
-0.628319     2.72271    5.45e-05
-0.418879     2.72271    8.16517e-05
-0.20944     2.72271    0.000103233
0     2.72271    0.000125727
0.20944     2.72271    0.000103148
0.418879     2.72271    8.16561e-05
0.628319     2.72271    5.44971e-05
0.837758     2.72271    1.06539e-05
1.0472     2.72271    9.72632e-05
1.25664     2.72271    0.000226579
1.46608     2.72271    0.000289277
1.67552     2.72271    0.000317155
1.88496     2.72271    0.000349834
2.0944     2.72271    0.000371667
2.30383     2.72271    0.000368975
2.51327     2.72271    0.000400686
2.72271     2.72271    0.000410904
2.93215     2.72271    0.00031935
3.14159     2.72271    0.000168826

-3.14159     2.93215    0.000158703
-2.93215     2.93215    0.000293678
-2.72271     2.93215    0.000390559
-2.51327     2.93215    0.000433478
-2.30383     2.93215    0.000487838
-2.0944     2.93215    0.000480467
-1.88496     2.93215    0.000406773
-1.67552     2.93215    0.000362179
-1.46608     2.93215    0.000343821
-1.25664     2.93215    0.000254076
-1.0472     2.93215    0.000137452
-0.837758     2.93215    6.41051e-05
-0.628319     2.93215    7.12319e-06
-0.418879     2.93215    3.70324e-05
-0.20944     2.93215    5.92306e-05
0     2.93215    5.81962e-05
0.20944     2.93215    5.93107e-05
0.418879     2.93215    3.70278e-05
0.628319     2.93215    7.12111e-06
0.837758     2.93215    6.41091e-05
1.0472     2.93215    0.000137452
1.25664     2.93215    0.000254074
1.46608     2.93215    0.00034382
1.67552     2.93215    0.000362179
1.88496     2.93215    0.00040677
2.0944     2.93215    0.000480465
2.30383     2.93215    0.000487835
2.51327     2.93215    0.000433479
2.72271     2.93215    0.00039056
2.93215     2.93215    0.000293678
3.14159     2.93215    0.000158704

-3.14159     3.14159    0.000200759
-2.93215     3.14159    0.000321479
-2.72271     3.14159    0.000435855
-2.51327     3.14159    0.000525816
-2.30383     3.14159    0.000523899
-2.0944     3.14159    0.000462679
-1.88496     3.14159    0.000424725
-1.67552     3.14159    0.000416548
-1.46608     3.14159    0.000420088
-1.25664     3.14159    0.000321259
-1.0472     3.14159    0.000225154
-0.837758     3.14159    0.000162216
-0.628319     3.14159    0.000111534
-0.418879     3.14159    6.747e-05
-0.20944     3.14159    4.41647e-05
0     3.14159    2.96308e-05
0.20944     3.14159    4.42265e-05
0.418879     3.14159    6.74706e-05
0.628319     3.14159    0.000111535
0.837758     3.14159    0.000162218
1.0472     3.14159    0.000225155
1.25664     3.14159    0.000321259
1.46608     3.14159    0.000420089
1.67552     3.14159    0.000416548
1.88496     3.14159    0.000424725
2.0944     3.14159    0.000462678
2.30383     3.14159    0.000523898
2.51327     3.14159    0.000525817
2.72271     3.14159    0.000435858
2.93215     3.14159    0.00032148
3.14159     3.14159    0.000200762

