-3.14159     -3.14159    0.00156153
-2.93215     -3.14159    0.00341559
-2.72271     -3.14159    0.00633624
-2.51327     -3.14159    0.00652364
-2.30383     -3.14159    0.00275568
-2.0944     -3.14159    0.000331995
-1.88496     -3.14159    0.00398715
-1.67552     -3.14159    0.00138322
-1.46608     -3.14159    0.00106641
-1.25664     -3.14159    0.00331568
-1.0472     -3.14159    0.00142417
-0.837758     -3.14159    0.000822253
-0.628319     -3.14159    0.0068152
-0.418879     -3.14159    0.00517647
-0.20944     -3.14159    0.00954581
0     -3.14159    0.0199629
0.20944     -3.14159    0.00973811
0.418879     -3.14159    0.00517592
0.628319     -3.14159    0.00662606
0.837758     -3.14159    0.000825665
1.0472     -3.14159    0.00141167
1.25664     -3.14159    0.00337412
1.46608     -3.14159    0.00105756
1.67552     -3.14159    0.00142562
1.88496     -3.14159    0.00405994
2.0944     -3.14159    0.000375331
2.30383     -3.14159    0.00280355
2.51327     -3.14159    0.00651621
2.72271     -3.14159    0.00638221
2.93215     -3.14159    0.00346465
3.14159     -3.14159    0.00158801

-3.14159     -2.93215    0.00187159
-2.93215     -2.93215    3.0097e-05
-2.72271     -2.93215    0.000536174
-2.51327     -2.93215    0.0045899
-2.30383     -2.93215    0.00752575
-2.0944     -2.93215    0.00112842
-1.88496     -2.93215    0.000604601
-1.67552     -2.93215    0.0021281
-1.46608     -2.93215    0.00106048
-1.25664     -2.93215    0.00027476
-1.0472     -2.93215    0.00225794
-0.837758     -2.93215    0.00269184
-0.628319     -2.93215    0.00545602
-0.418879     -2.93215    0.00182877
-0.20944     -2.93215    7.04977e-05
0     -2.93215    0.0118748
0.20944     -2.93215    0.000155213
0.418879     -2.93215    0.00184862
0.628319     -2.93215    0.0055223
0.837758     -2.93215    0.00264024
1.0472     -2.93215    0.00227348
1.25664     -2.93215    0.000297092
1.46608     -2.93215    0.00105567
1.67552     -2.93215    0.00204384
1.88496     -2.93215    0.000632204
2.0944     -2.93215    0.0011194
2.30383     -2.93215    0.00751444
2.51327     -2.93215    0.00445936
2.72271     -2.93215    0.000523115
2.93215     -2.93215    5.20718e-05
3.14159     -2.93215    0.00189218

-3.14159     -2.72271    0.00231681
-2.93215     -2.72271    0.00221235
-2.72271     -2.72271    0.000677672
-2.51327     -2.72271    0.00533777
-2.30383     -2.72271    0.00323248
-2.0944     -2.72271    0.00317997
-1.88496     -2.72271    0.00115255
-1.67552     -2.72271    0.000826701
-1.46608     -2.72271    9.31799e-05
-1.25664     -2.72271    0.000471185
-1.0472     -2.72271    0.00144898
-0.837758     -2.72271    0.00168617
-0.628319     -2.72271    0.00590326
-0.418879     -2.72271    0.00243257
-0.20944     -2.72271    0.00110764
0     -2.72271    0.00785745
0.20944     -2.72271    0.00115526
0.418879     -2.72271    0.00242794
0.628319     -2.72271    0.00593662
0.837758     -2.72271    0.00161745
1.0472     -2.72271    0.00144252
1.25664     -2.72271    0.00049931
1.46608     -2.72271    0.000100566
1.67552     -2.72271    0.000772849
1.88496     -2.72271    0.00119808
2.0944     -2.72271    0.0032401
2.30383     -2.72271    0.00321266
2.51327     -2.72271    0.0054544
2.72271     -2.72271    0.000639274
2.93215     -2.72271    0.00232301
3.14159     -2.72271    0.00238502

-3.14159     -2.51327    0.0103916
-2.93215     -2.51327    0.00780228
-2.72271     -2.51327    0.0102372
-2.51327     -2.51327    0.00403142
-2.30383     -2.51327    0.000576841
-2.0944     -2.51327    0.000851141
-1.88496     -2.51327    0.000642747
-1.67552     -2.51327    0.000708468
-1.46608     -2.51327    0.00116093
-1.25664     -2.51327    0.00451363
-1.0472     -2.51327    0.00102121
-0.837758     -2.51327    0.00205962
-0.628319     -2.51327    0.00200327
-0.418879     -2.51327    0.00174046
-0.20944     -2.51327    0.00311547
0     -2.51327    0.00476109
0.20944     -2.51327    0.00306106
0.418879     -2.51327    0.00176429
0.628319     -2.51327    0.00197383
0.837758     -2.51327    0.00217512
1.0472     -2.51327    0.000998361
1.25664     -2.51327    0.00451234
1.46608     -2.51327    0.00115293
1.67552     -2.51327    0.000688371
1.88496     -2.51327    0.00064832
2.0944     -2.51327    0.000913212
2.30383     -2.51327    0.00058755
2.51327     -2.51327    0.00398415
2.72271     -2.51327    0.0102103
2.93215     -2.51327    0.00744445
3.14159     -2.51327    0.0103397

-3.14159     -2.30383    0.0173118
-2.93215     -2.30383    0.0178843
-2.72271     -2.30383    0.010806
-2.51327     -2.30383    0.00506796
-2.30383     -2.30383    0.000760429
-2.0944     -2.30383    0.00513223
-1.88496     -2.30383    0.000477865
-1.67552     -2.30383    0.000877784
-1.46608     -2.30383    0.00368712
-1.25664     -2.30383    0.00142151
-1.0472     -2.30383    0.0013869
-0.837758     -2.30383    0.0040774
-0.628319     -2.30383    0.000981947
-0.418879     -2.30383    0.00081858
-0.20944     -2.30383    0.00141033
0     -2.30383    0.00300449
0.20944     -2.30383    0.00140978
0.418879     -2.30383    0.000861528
0.628319     -2.30383    0.000967645
0.837758     -2.30383    0.0041176
1.0472     -2.30383    0.00137893
1.25664     -2.30383    0.00138988
1.46608     -2.30383    0.00371582
1.67552     -2.30383    0.000857976
1.88496     -2.30383    0.000459488
2.0944     -2.30383    0.00509643
2.30383     -2.30383    0.000786347
2.51327     -2.30383    0.00519188
2.72271     -2.30383    0.0106876
2.93215     -2.30383    0.0177294
3.14159     -2.30383    0.0172843

-3.14159     -2.0944    0.0192033
-2.93215     -2.0944    0.02827
-2.72271     -2.0944    0.0168205
-2.51327     -2.0944    0.0105342
-2.30383     -2.0944    0.00478159
-2.0944     -2.0944    0.00125
-1.88496     -2.0944    0.00215949
-1.67552     -2.0944    0.00214784
-1.46608     -2.0944    0.000165168
-1.25664     -2.0944    0.00131693
-1.0472     -2.0944    0.0020171
-0.837758     -2.0944    0.00788008
-0.628319     -2.0944    0.00158095
-0.418879     -2.0944    0.000512078
-0.20944     -2.0944    0.0039789
0     -2.0944    0.0022502
0.20944     -2.0944    0.00401295
0.418879     -2.0944    0.000538594
0.628319     -2.0944    0.00157471
0.837758     -2.0944    0.00784668
1.0472     -2.0944    0.00204199
1.25664     -2.0944    0.00129475
1.46608     -2.0944    8.89133e-05
1.67552     -2.0944    0.002075
1.88496     -2.0944    0.00214392
2.0944     -2.0944    0.00124084
2.30383     -2.0944    0.00474883
2.51327     -2.0944    0.0105695
2.72271     -2.0944    0.0169074
2.93215     -2.0944    0.0285065
3.14159     -2.0944    0.0195255

-3.14159     -1.88496    0.0233648
-2.93215     -1.88496    0.0163124
-2.72271     -1.88496    0.0150837
-2.51327     -1.88496    0.00288722
-2.30383     -1.88496    0.00405488
-2.0944     -1.88496    0.00611069
-1.88496     -1.88496    0.00309352
-1.67552     -1.88496    0.00153225
-1.46608     -1.88496    0.00718762
-1.25664     -1.88496    0.00342573
-1.0472     -1.88496    0.00016663
-0.837758     -1.88496    0.0066907
-0.628319     -1.88496    0.000444372
-0.418879     -1.88496    0.00318183
-0.20944     -1.88496    0.00229577
0     -1.88496    0.00238411
0.20944     -1.88496    0.00227066
0.418879     -1.88496    0.00319505
0.628319     -1.88496    0.000460098
0.837758     -1.88496    0.00672103
1.0472     -1.88496    0.00020916
1.25664     -1.88496    0.00338403
1.46608     -1.88496    0.00719225
1.67552     -1.88496    0.00145851
1.88496     -1.88496    0.00308796
2.0944     -1.88496    0.00611012
2.30383     -1.88496    0.00403002
2.51327     -1.88496    0.0028763
2.72271     -1.88496    0.0152378
2.93215     -1.88496    0.0161721
3.14159     -1.88496    0.0235434

-3.14159     -1.67552    0.0220742
-2.93215     -1.67552    0.0140858
-2.72271     -1.67552    0.0182817
-2.51327     -1.67552    0.00427594
-2.30383     -1.67552    0.00151576
-2.0944     -1.67552    0.0021742
-1.88496     -1.67552    0.00121565
-1.67552     -1.67552    0.000874906
-1.46608     -1.67552    0.00407746
-1.25664     -1.67552    0.00623546
-1.0472     -1.67552    0.00588196
-0.837758     -1.67552    0.00611912
-0.628319     -1.67552    0.00116296
-0.418879     -1.67552    0.00694289
-0.20944     -1.67552    0.00286295
0     -1.67552    0.00207633
0.20944     -1.67552    0.00289634
0.418879     -1.67552    0.00692824
0.628319     -1.67552    0.00118788
0.837758     -1.67552    0.00609417
1.0472     -1.67552    0.00583503
1.25664     -1.67552    0.00625977
1.46608     -1.67552    0.0040374
1.67552     -1.67552    0.00092843
1.88496     -1.67552    0.00121864
2.0944     -1.67552    0.00221144
2.30383     -1.67552    0.00147589
2.51327     -1.67552    0.0042512
2.72271     -1.67552    0.0183674
2.93215     -1.67552    0.0140521
3.14159     -1.67552    0.0223283

-3.14159     -1.46608    0.0185139
-2.93215     -1.46608    0.0154887
-2.72271     -1.46608    0.0151062
-2.51327     -1.46608    0.0105258
-2.30383     -1.46608    0.00387071
-2.0944     -1.46608    0.00324487
-1.88496     -1.46608    0.00175312
-1.67552     -1.46608    0.000190193
-1.46608     -1.46608    0.000632396
-1.25664     -1.46608    0.000534738
-1.0472     -1.46608    0.00401774
-0.837758     -1.46608    0.00384189
-0.628319     -1.46608    0.00189277
-0.418879     -1.46608    0.00658674
-0.20944     -1.46608    0.00252219
0     -1.46608    0.000756222
0.20944     -1.46608    0.00245973
0.418879     -1.46608    0.00658217
0.628319     -1.46608    0.00188678
0.837758     -1.46608    0.00376377
1.0472     -1.46608    0.00394397
1.25664     -1.46608    0.000549499
1.46608     -1.46608    0.000678974
1.67552     -1.46608    0.000208267
1.88496     -1.46608    0.00179467
2.0944     -1.46608    0.00326273
2.30383     -1.46608    0.00392099
2.51327     -1.46608    0.0104415
2.72271     -1.46608    0.0151614
2.93215     -1.46608    0.0154915
3.14159     -1.46608    0.0187577

-3.14159     -1.25664    0.0158822
-2.93215     -1.25664    0.00590536
-2.72271     -1.25664    0.000801107
-2.51327     -1.25664    0.00131775
-2.30383     -1.25664    0.00751043
-2.0944     -1.25664    0.00103749
-1.88496     -1.25664    0.000563137
-1.67552     -1.25664    0.00334528
-1.46608     -1.25664    0.00236105
-1.25664     -1.25664    0.00581912
-1.0472     -1.25664    0.00245768
-0.837758     -1.25664    0.0010847
-0.628319     -1.25664    0.00529858
-0.418879     -1.25664    0.00600425
-0.20944     -1.25664    0.00088617
0     -1.25664    0.00159847
0.20944     -1.25664    0.000844042
0.418879     -1.25664    0.0060569
0.628319     -1.25664    0.00538323
0.837758     -1.25664    0.00107708
1.0472     -1.25664    0.00250018
1.25664     -1.25664    0.00579323
1.46608     -1.25664    0.00238565
1.67552     -1.25664    0.00330697
1.88496     -1.25664    0.000608433
2.0944     -1.25664    0.00103233
2.30383     -1.25664    0.00759547
2.51327     -1.25664    0.00130661
2.72271     -1.25664    0.00083418
2.93215     -1.25664    0.00589898
3.14159     -1.25664    0.0157799

-3.14159     -1.0472    0.00739665
-2.93215     -1.0472    0.0062502
-2.72271     -1.0472    0.00374368
-2.51327     -1.0472    0.000679241
-2.30383     -1.0472    0.00249117
-2.0944     -1.0472    0.000223737
-1.88496     -1.0472    9.33765e-05
-1.67552     -1.0472    0.00327582
-1.46608     -1.0472    0.00167823
-1.25664     -1.0472    0.0056663
-1.0472     -1.0472    0.00656789
-0.837758     -1.0472    0.0075798
-0.628319     -1.0472    0.00621335
-0.418879     -1.0472    0.00173623
-0.20944     -1.0472    0.00120478
0     -1.0472    0.00234413
0.20944     -1.0472    0.00121106
0.418879     -1.0472    0.00178692
0.628319     -1.0472    0.00626466
0.837758     -1.0472    0.00751071
1.0472     -1.0472    0.00657008
1.25664     -1.0472    0.00566959
1.46608     -1.0472    0.00166261
1.67552     -1.0472    0.00325934
1.88496     -1.0472    0.000108377
2.0944     -1.0472    0.000245646
2.30383     -1.0472    0.00246616
2.51327     -1.0472    0.000663993
2.72271     -1.0472    0.00376485
2.93215     -1.0472    0.00632613
3.14159     -1.0472    0.00741086

-3.14159     -0.837758    0.000646899
-2.93215     -0.837758    0.000500117
-2.72271     -0.837758    0.00611285
-2.51327     -0.837758    0.0035893
-2.30383     -0.837758    0.0012256
-2.0944     -0.837758    0.00187807
-1.88496     -0.837758    0.00415693
-1.67552     -0.837758    0.000450249
-1.46608     -0.837758    0.00222534
-1.25664     -0.837758    0.0015141
-1.0472     -0.837758    0.000440697
-0.837758     -0.837758    0.00114531
-0.628319     -0.837758    0.00203078
-0.418879     -0.837758    0.00714924
-0.20944     -0.837758    0.00602827
0     -0.837758    0.0110958
0.20944     -0.837758    0.00602156
0.418879     -0.837758    0.00703801
0.628319     -0.837758    0.00207679
0.837758     -0.837758    0.00117413
1.0472     -0.837758    0.000464083
1.25664     -0.837758    0.00147041
1.46608     -0.837758    0.0022139
1.67552     -0.837758    0.000443504
1.88496     -0.837758    0.00414994
2.0944     -0.837758    0.00190712
2.30383     -0.837758    0.00118698
2.51327     -0.837758    0.00354544
2.72271     -0.837758    0.00616168
2.93215     -0.837758    0.000461589
3.14159     -0.837758    0.00069205

-3.14159     -0.628319    0.00245047
-2.93215     -0.628319    0.00207078
-2.72271     -0.628319    0.00250526
-2.51327     -0.628319    0.00160035
-2.30383     -0.628319    0.000738545
-2.0944     -0.628319    0.00136858
-1.88496     -0.628319    0.00243005
-1.67552     -0.628319    0.00461183
-1.46608     -0.628319    0.0033635
-1.25664     -0.628319    0.00043502
-1.0472     -0.628319    0.000808565
-0.837758     -0.628319    0.0021922
-0.628319     -0.628319    0.00499554
-0.418879     -0.628319    0.0148726
-0.20944     -0.628319    0.0140932
0     -0.628319    0.00886681
0.20944     -0.628319    0.0140731
0.418879     -0.628319    0.014671
0.628319     -0.628319    0.00505332
0.837758     -0.628319    0.00218972
1.0472     -0.628319    0.00080277
1.25664     -0.628319    0.000436199
1.46608     -0.628319    0.00336271
1.67552     -0.628319    0.00463397
1.88496     -0.628319    0.00241331
2.0944     -0.628319    0.00137113
2.30383     -0.628319    0.000777407
2.51327     -0.628319    0.00159355
2.72271     -0.628319    0.00254003
2.93215     -0.628319    0.00203615
3.14159     -0.628319    0.00248378

-3.14159     -0.418879    0.000377326
-2.93215     -0.418879    0.000624334
-2.72271     -0.418879    0.00227431
-2.51327     -0.418879    0.00201191
-2.30383     -0.418879    0.00606161
-2.0944     -0.418879    0.00384388
-1.88496     -0.418879    0.0001514
-1.67552     -0.418879    0.00642656
-1.46608     -0.418879    0.00604592
-1.25664     -0.418879    0.000915633
-1.0472     -0.418879    0.00114273
-0.837758     -0.418879    0.00307528
-0.628319     -0.418879    0.0103798
-0.418879     -0.418879    0.0143645
-0.20944     -0.418879    0.0164259
0     -0.418879    0.0228276
0.20944     -0.418879    0.0163516
0.418879     -0.418879    0.014213
0.628319     -0.418879    0.0104044
0.837758     -0.418879    0.00308393
1.0472     -0.418879    0.0011374
1.25664     -0.418879    0.000924241
1.46608     -0.418879    0.00601681
1.67552     -0.418879    0.00647534
1.88496     -0.418879    0.00014799
2.0944     -0.418879    0.00383891
2.30383     -0.418879    0.00604351
2.51327     -0.418879    0.00192049
2.72271     -0.418879    0.00225591
2.93215     -0.418879    0.000612329
3.14159     -0.418879    0.000391421

-3.14159     -0.20944    0.00106177
-2.93215     -0.20944    0.00149814
-2.72271     -0.20944    0.00233443
-2.51327     -0.20944    0.00113025
-2.30383     -0.20944    0.00527161
-2.0944     -0.20944    0.00609025
-1.88496     -0.20944    0.00436876
-1.67552     -0.20944    0.000421704
-1.46608     -0.20944    0.00557364
-1.25664     -0.20944    0.00574597
-1.0472     -0.20944    0.000527963
-0.837758     -0.20944    0.00690595
-0.628319     -0.20944    0.0131761
-0.418879     -0.20944    0.0158405
-0.20944     -0.20944    0.0228778
0     -0.20944    0.0250945
0.20944     -0.20944    0.0230677
0.418879     -0.20944    0.0155932
0.628319     -0.20944    0.0135462
0.837758     -0.20944    0.00690536
1.0472     -0.20944    0.000575753
1.25664     -0.20944    0.00569157
1.46608     -0.20944    0.00563891
1.67552     -0.20944    0.000371346
1.88496     -0.20944    0.00439766
2.0944     -0.20944    0.00611919
2.30383     -0.20944    0.00529204
2.51327     -0.20944    0.00114126
2.72271     -0.20944    0.00236707
2.93215     -0.20944    0.00148516
3.14159     -0.20944    0.00109834

-3.14159     0    0.00102291
-2.93215     0    0.000874311
-2.72271     0    0.00426911
-2.51327     0    0.000733743
-2.30383     0    0.00147192
-2.0944     0    0.00165549
-1.88496     0    0.00770467
-1.67552     0    0.00402617
-1.46608     0    0.00250439
-1.25664     0    0.00684104
-1.0472     0    0.00354522
-0.837758     0    0.0123522
-0.628319     0    0.0155312
-0.418879     0    0.0168882
-0.20944     0    0.0321779
0     0    2.2986e-14
0.20944     0    0.0321779
0.418879     0    0.0168882
0.628319     0    0.0155312
0.837758     0    0.0123522
1.0472     0    0.00354522
1.25664     0    0.00684104
1.46608     0    0.00250439
1.67552     0    0.00402617
1.88496     0    0.00770467
2.0944     0    0.00165549
2.30383     0    0.00147192
2.51327     0    0.000733743
2.72271     0    0.00426911
2.93215     0    0.000874311
3.14159     0    0.00102291

-3.14159     0.20944    0.00109834
-2.93215     0.20944    0.00148516
-2.72271     0.20944    0.00236707
-2.51327     0.20944    0.00114126
-2.30383     0.20944    0.00529204
-2.0944     0.20944    0.00611919
-1.88496     0.20944    0.00439766
-1.67552     0.20944    0.000371346
-1.46608     0.20944    0.00563891
-1.25664     0.20944    0.00569157
-1.0472     0.20944    0.000575753
-0.837758     0.20944    0.00690536
-0.628319     0.20944    0.0135462
-0.418879     0.20944    0.0155932
-0.20944     0.20944    0.0230677
0     0.20944    0.0250945
0.20944     0.20944    0.0228778
0.418879     0.20944    0.0158405
0.628319     0.20944    0.0131761
0.837758     0.20944    0.00690595
1.0472     0.20944    0.000527963
1.25664     0.20944    0.00574597
1.46608     0.20944    0.00557364
1.67552     0.20944    0.000421704
1.88496     0.20944    0.00436876
2.0944     0.20944    0.00609025
2.30383     0.20944    0.00527161
2.51327     0.20944    0.00113025
2.72271     0.20944    0.00233443
2.93215     0.20944    0.00149814
3.14159     0.20944    0.00106177

-3.14159     0.418879    0.000391421
-2.93215     0.418879    0.000612329
-2.72271     0.418879    0.00225591
-2.51327     0.418879    0.00192049
-2.30383     0.418879    0.00604351
-2.0944     0.418879    0.00383891
-1.88496     0.418879    0.00014799
-1.67552     0.418879    0.00647534
-1.46608     0.418879    0.00601681
-1.25664     0.418879    0.000924241
-1.0472     0.418879    0.0011374
-0.837758     0.418879    0.00308393
-0.628319     0.418879    0.0104044
-0.418879     0.418879    0.014213
-0.20944     0.418879    0.0163516
0     0.418879    0.0228276
0.20944     0.418879    0.0164259
0.418879     0.418879    0.0143645
0.628319     0.418879    0.0103798
0.837758     0.418879    0.00307528
1.0472     0.418879    0.00114273
1.25664     0.418879    0.000915633
1.46608     0.418879    0.00604592
1.67552     0.418879    0.00642656
1.88496     0.418879    0.0001514
2.0944     0.418879    0.00384388
2.30383     0.418879    0.00606161
2.51327     0.418879    0.00201191
2.72271     0.418879    0.00227431
2.93215     0.418879    0.000624334
3.14159     0.418879    0.000377326

-3.14159     0.628319    0.00248378
-2.93215     0.628319    0.00203615
-2.72271     0.628319    0.00254003
-2.51327     0.628319    0.00159355
-2.30383     0.628319    0.000777407
-2.0944     0.628319    0.00137113
-1.88496     0.628319    0.00241331
-1.67552     0.628319    0.00463397
-1.46608     0.628319    0.00336271
-1.25664     0.628319    0.000436199
-1.0472     0.628319    0.00080277
-0.837758     0.628319    0.00218972
-0.628319     0.628319    0.00505332
-0.418879     0.628319    0.014671
-0.20944     0.628319    0.0140731
0     0.628319    0.00886681
0.20944     0.628319    0.0140932
0.418879     0.628319    0.0148726
0.628319     0.628319    0.00499554
0.837758     0.628319    0.0021922
1.0472     0.628319    0.000808565
1.25664     0.628319    0.00043502
1.46608     0.628319    0.0033635
1.67552     0.628319    0.00461183
1.88496     0.628319    0.00243005
2.0944     0.628319    0.00136858
2.30383     0.628319    0.000738545
2.51327     0.628319    0.00160035
2.72271     0.628319    0.00250526
2.93215     0.628319    0.00207078
3.14159     0.628319    0.00245047

-3.14159     0.837758    0.00069205
-2.93215     0.837758    0.000461589
-2.72271     0.837758    0.00616168
-2.51327     0.837758    0.00354544
-2.30383     0.837758    0.00118698
-2.0944     0.837758    0.00190712
-1.88496     0.837758    0.00414994
-1.67552     0.837758    0.000443504
-1.46608     0.837758    0.0022139
-1.25664     0.837758    0.00147041
-1.0472     0.837758    0.000464083
-0.837758     0.837758    0.00117413
-0.628319     0.837758    0.00207679
-0.418879     0.837758    0.00703801
-0.20944     0.837758    0.00602156
0     0.837758    0.0110958
0.20944     0.837758    0.00602827
0.418879     0.837758    0.00714924
0.628319     0.837758    0.00203078
0.837758     0.837758    0.00114531
1.0472     0.837758    0.000440697
1.25664     0.837758    0.0015141
1.46608     0.837758    0.00222534
1.67552     0.837758    0.000450249
1.88496     0.837758    0.00415693
2.0944     0.837758    0.00187807
2.30383     0.837758    0.0012256
2.51327     0.837758    0.0035893
2.72271     0.837758    0.00611285
2.93215     0.837758    0.000500117
3.14159     0.837758    0.000646899

-3.14159     1.0472    0.00741086
-2.93215     1.0472    0.00632613
-2.72271     1.0472    0.00376485
-2.51327     1.0472    0.000663993
-2.30383     1.0472    0.00246616
-2.0944     1.0472    0.000245646
-1.88496     1.0472    0.000108377
-1.67552     1.0472    0.00325934
-1.46608     1.0472    0.00166261
-1.25664     1.0472    0.00566959
-1.0472     1.0472    0.00657008
-0.837758     1.0472    0.00751071
-0.628319     1.0472    0.00626466
-0.418879     1.0472    0.00178692
-0.20944     1.0472    0.00121106
0     1.0472    0.00234413
0.20944     1.0472    0.00120478
0.418879     1.0472    0.00173623
0.628319     1.0472    0.00621335
0.837758     1.0472    0.0075798
1.0472     1.0472    0.00656789
1.25664     1.0472    0.0056663
1.46608     1.0472    0.00167823
1.67552     1.0472    0.00327582
1.88496     1.0472    9.33765e-05
2.0944     1.0472    0.000223737
2.30383     1.0472    0.00249117
2.51327     1.0472    0.000679241
2.72271     1.0472    0.00374368
2.93215     1.0472    0.0062502
3.14159     1.0472    0.00739665

-3.14159     1.25664    0.0157799
-2.93215     1.25664    0.00589898
-2.72271     1.25664    0.00083418
-2.51327     1.25664    0.00130661
-2.30383     1.25664    0.00759547
-2.0944     1.25664    0.00103233
-1.88496     1.25664    0.000608433
-1.67552     1.25664    0.00330697
-1.46608     1.25664    0.00238565
-1.25664     1.25664    0.00579323
-1.0472     1.25664    0.00250018
-0.837758     1.25664    0.00107708
-0.628319     1.25664    0.00538323
-0.418879     1.25664    0.0060569
-0.20944     1.25664    0.000844042
0     1.25664    0.00159847
0.20944     1.25664    0.00088617
0.418879     1.25664    0.00600425
0.628319     1.25664    0.00529858
0.837758     1.25664    0.0010847
1.0472     1.25664    0.00245768
1.25664     1.25664    0.00581912
1.46608     1.25664    0.00236105
1.67552     1.25664    0.00334528
1.88496     1.25664    0.000563137
2.0944     1.25664    0.00103749
2.30383     1.25664    0.00751043
2.51327     1.25664    0.00131775
2.72271     1.25664    0.000801107
2.93215     1.25664    0.00590536
3.14159     1.25664    0.0158822

-3.14159     1.46608    0.0187577
-2.93215     1.46608    0.0154915
-2.72271     1.46608    0.0151614
-2.51327     1.46608    0.0104415
-2.30383     1.46608    0.00392099
-2.0944     1.46608    0.00326273
-1.88496     1.46608    0.00179467
-1.67552     1.46608    0.000208267
-1.46608     1.46608    0.000678974
-1.25664     1.46608    0.000549499
-1.0472     1.46608    0.00394397
-0.837758     1.46608    0.00376377
-0.628319     1.46608    0.00188678
-0.418879     1.46608    0.00658217
-0.20944     1.46608    0.00245973
0     1.46608    0.000756222
0.20944     1.46608    0.00252219
0.418879     1.46608    0.00658674
0.628319     1.46608    0.00189277
0.837758     1.46608    0.00384189
1.0472     1.46608    0.00401774
1.25664     1.46608    0.000534738
1.46608     1.46608    0.000632396
1.67552     1.46608    0.000190193
1.88496     1.46608    0.00175312
2.0944     1.46608    0.00324487
2.30383     1.46608    0.00387071
2.51327     1.46608    0.0105258
2.72271     1.46608    0.0151062
2.93215     1.46608    0.0154887
3.14159     1.46608    0.0185139

-3.14159     1.67552    0.0223283
-2.93215     1.67552    0.0140521
-2.72271     1.67552    0.0183674
-2.51327     1.67552    0.0042512
-2.30383     1.67552    0.00147589
-2.0944     1.67552    0.00221144
-1.88496     1.67552    0.00121864
-1.67552     1.67552    0.00092843
-1.46608     1.67552    0.0040374
-1.25664     1.67552    0.00625977
-1.0472     1.67552    0.00583503
-0.837758     1.67552    0.00609417
-0.628319     1.67552    0.00118788
-0.418879     1.67552    0.00692824
-0.20944     1.67552    0.00289634
0     1.67552    0.00207633
0.20944     1.67552    0.00286295
0.418879     1.67552    0.00694289
0.628319     1.67552    0.00116296
0.837758     1.67552    0.00611912
1.0472     1.67552    0.00588196
1.25664     1.67552    0.00623546
1.46608     1.67552    0.00407746
1.67552     1.67552    0.000874906
1.88496     1.67552    0.00121565
2.0944     1.67552    0.0021742
2.30383     1.67552    0.00151576
2.51327     1.67552    0.00427594
2.72271     1.67552    0.0182817
2.93215     1.67552    0.0140858
3.14159     1.67552    0.0220742

-3.14159     1.88496    0.0235434
-2.93215     1.88496    0.0161721
-2.72271     1.88496    0.0152378
-2.51327     1.88496    0.0028763
-2.30383     1.88496    0.00403002
-2.0944     1.88496    0.00611012
-1.88496     1.88496    0.00308796
-1.67552     1.88496    0.00145851
-1.46608     1.88496    0.00719225
-1.25664     1.88496    0.00338403
-1.0472     1.88496    0.00020916
-0.837758     1.88496    0.00672103
-0.628319     1.88496    0.000460098
-0.418879     1.88496    0.00319505
-0.20944     1.88496    0.00227066
0     1.88496    0.00238411
0.20944     1.88496    0.00229577
0.418879     1.88496    0.00318183
0.628319     1.88496    0.000444372
0.837758     1.88496    0.0066907
1.0472     1.88496    0.00016663
1.25664     1.88496    0.00342573
1.46608     1.88496    0.00718762
1.67552     1.88496    0.00153225
1.88496     1.88496    0.00309352
2.0944     1.88496    0.00611069
2.30383     1.88496    0.00405488
2.51327     1.88496    0.00288722
2.72271     1.88496    0.0150837
2.93215     1.88496    0.0163124
3.14159     1.88496    0.0233648

-3.14159     2.0944    0.0195255
-2.93215     2.0944    0.0285065
-2.72271     2.0944    0.0169074
-2.51327     2.0944    0.0105695
-2.30383     2.0944    0.00474883
-2.0944     2.0944    0.00124084
-1.88496     2.0944    0.00214392
-1.67552     2.0944    0.002075
-1.46608     2.0944    8.89133e-05
-1.25664     2.0944    0.00129475
-1.0472     2.0944    0.00204199
-0.837758     2.0944    0.00784668
-0.628319     2.0944    0.00157471
-0.418879     2.0944    0.000538594
-0.20944     2.0944    0.00401295
0     2.0944    0.0022502
0.20944     2.0944    0.0039789
0.418879     2.0944    0.000512078
0.628319     2.0944    0.00158095
0.837758     2.0944    0.00788008
1.0472     2.0944    0.0020171
1.25664     2.0944    0.00131693
1.46608     2.0944    0.000165168
1.67552     2.0944    0.00214784
1.88496     2.0944    0.00215949
2.0944     2.0944    0.00125
2.30383     2.0944    0.00478159
2.51327     2.0944    0.0105342
2.72271     2.0944    0.0168205
2.93215     2.0944    0.02827
3.14159     2.0944    0.0192033

-3.14159     2.30383    0.0172843
-2.93215     2.30383    0.0177294
-2.72271     2.30383    0.0106876
-2.51327     2.30383    0.00519188
-2.30383     2.30383    0.000786347
-2.0944     2.30383    0.00509643
-1.88496     2.30383    0.000459488
-1.67552     2.30383    0.000857976
-1.46608     2.30383    0.00371582
-1.25664     2.30383    0.00138988
-1.0472     2.30383    0.00137893
-0.837758     2.30383    0.0041176
-0.628319     2.30383    0.000967645
-0.418879     2.30383    0.000861528
-0.20944     2.30383    0.00140978
0     2.30383    0.00300449
0.20944     2.30383    0.00141033
0.418879     2.30383    0.00081858
0.628319     2.30383    0.000981947
0.837758     2.30383    0.0040774
1.0472     2.30383    0.0013869
1.25664     2.30383    0.00142151
1.46608     2.30383    0.00368712
1.67552     2.30383    0.000877784
1.88496     2.30383    0.000477865
2.0944     2.30383    0.00513223
2.30383     2.30383    0.000760429
2.51327     2.30383    0.00506796
2.72271     2.30383    0.010806
2.93215     2.30383    0.0178843
3.14159     2.30383    0.0173118

-3.14159     2.51327    0.0103397
-2.93215     2.51327    0.00744445
-2.72271     2.51327    0.0102103
-2.51327     2.51327    0.00398415
-2.30383     2.51327    0.00058755
-2.0944     2.51327    0.000913212
-1.88496     2.51327    0.00064832
-1.67552     2.51327    0.000688371
-1.46608     2.51327    0.00115293
-1.25664     2.51327    0.00451234
-1.0472     2.51327    0.000998361
-0.837758     2.51327    0.00217512
-0.628319     2.51327    0.00197383
-0.418879     2.51327    0.00176429
-0.20944     2.51327    0.00306106
0     2.51327    0.00476109
0.20944     2.51327    0.00311547
0.418879     2.51327    0.00174046
0.628319     2.51327    0.00200327
0.837758     2.51327    0.00205962
1.0472     2.51327    0.00102121
1.25664     2.51327    0.00451363
1.46608     2.51327    0.00116093
1.67552     2.51327    0.000708468
1.88496     2.51327    0.000642747
2.0944     2.51327    0.000851141
2.30383     2.51327    0.000576841
2.51327     2.51327    0.00403142
2.72271     2.51327    0.0102372
2.93215     2.51327    0.00780228
3.14159     2.51327    0.0103916

-3.14159     2.72271    0.00238502
-2.93215     2.72271    0.00232301
-2.72271     2.72271    0.000639274
-2.51327     2.72271    0.0054544
-2.30383     2.72271    0.00321266
-2.0944     2.72271    0.0032401
-1.88496     2.72271    0.00119808
-1.67552     2.72271    0.000772849
-1.46608     2.72271    0.000100566
-1.25664     2.72271    0.00049931
-1.0472     2.72271    0.00144252
-0.837758     2.72271    0.00161745
-0.628319     2.72271    0.00593662
-0.418879     2.72271    0.00242794
-0.20944     2.72271    0.00115526
0     2.72271    0.00785745
0.20944     2.72271    0.00110764
0.418879     2.72271    0.00243257
0.628319     2.72271    0.00590326
0.837758     2.72271    0.00168617
1.0472     2.72271    0.00144898
1.25664     2.72271    0.000471185
1.46608     2.72271    9.31799e-05
1.67552     2.72271    0.000826701
1.88496     2.72271    0.00115255
2.0944     2.72271    0.00317997
2.30383     2.72271    0.00323248
2.51327     2.72271    0.00533777
2.72271     2.72271    0.000677672
2.93215     2.72271    0.00221235
3.14159     2.72271    0.00231681

-3.14159     2.93215    0.00189218
-2.93215     2.93215    5.20718e-05
-2.72271     2.93215    0.000523115
-2.51327     2.93215    0.00445936
-2.30383     2.93215    0.00751444
-2.0944     2.93215    0.0011194
-1.88496     2.93215    0.000632204
-1.67552     2.93215    0.00204384
-1.46608     2.93215    0.00105567
-1.25664     2.93215    0.000297092
-1.0472     2.93215    0.00227348
-0.837758     2.93215    0.00264024
-0.628319     2.93215    0.0055223
-0.418879     2.93215    0.00184862
-0.20944     2.93215    0.000155213
0     2.93215    0.0118748
0.20944     2.93215    7.04977e-05
0.418879     2.93215    0.00182877
0.628319     2.93215    0.00545602
0.837758     2.93215    0.00269184
1.0472     2.93215    0.00225794
1.25664     2.93215    0.00027476
1.46608     2.93215    0.00106048
1.67552     2.93215    0.0021281
1.88496     2.93215    0.000604601
2.0944     2.93215    0.00112842
2.30383     2.93215    0.00752575
2.51327     2.93215    0.0045899
2.72271     2.93215    0.000536174
2.93215     2.93215    3.0097e-05
3.14159     2.93215    0.00187159

-3.14159     3.14159    0.00158801
-2.93215     3.14159    0.00346465
-2.72271     3.14159    0.00638221
-2.51327     3.14159    0.00651621
-2.30383     3.14159    0.00280355
-2.0944     3.14159    0.000375331
-1.88496     3.14159    0.00405994
-1.67552     3.14159    0.00142562
-1.46608     3.14159    0.00105756
-1.25664     3.14159    0.00337412
-1.0472     3.14159    0.00141167
-0.837758     3.14159    0.000825665
-0.628319     3.14159    0.00662606
-0.418879     3.14159    0.00517592
-0.20944     3.14159    0.00973811
0     3.14159    0.0199629
0.20944     3.14159    0.00954581
0.418879     3.14159    0.00517647
0.628319     3.14159    0.0068152
0.837758     3.14159    0.000822253
1.0472     3.14159    0.00142417
1.25664     3.14159    0.00331568
1.46608     3.14159    0.00106641
1.67552     3.14159    0.00138322
1.88496     3.14159    0.00398715
2.0944     3.14159    0.000331995
2.30383     3.14159    0.00275568
2.51327     3.14159    0.00652364
2.72271     3.14159    0.00633624
2.93215     3.14159    0.00341559
3.14159     3.14159    0.00156153

