-3.14159     -3.14159    0.000241944
-2.93215     -3.14159    0.000334497
-2.72271     -3.14159    0.000485684
-2.51327     -3.14159    0.000609678
-2.30383     -3.14159    0.000648311
-2.0944     -3.14159    0.000598553
-1.88496     -3.14159    0.000557356
-1.67552     -3.14159    0.000524869
-1.46608     -3.14159    0.000471121
-1.25664     -3.14159    0.000334356
-1.0472     -3.14159    0.000264568
-0.837758     -3.14159    0.000167543
-0.628319     -3.14159    0.000129748
-0.418879     -3.14159    9.6335e-05
-0.20944     -3.14159    8.98292e-05
0     -3.14159    8.86302e-05
0.20944     -3.14159    8.97696e-05
0.418879     -3.14159    9.63389e-05
0.628319     -3.14159    0.000129755
0.837758     -3.14159    0.000167551
1.0472     -3.14159    0.000264578
1.25664     -3.14159    0.000334366
1.46608     -3.14159    0.000471132
1.67552     -3.14159    0.000524879
1.88496     -3.14159    0.000557361
2.0944     -3.14159    0.000598553
2.30383     -3.14159    0.000648309
2.51327     -3.14159    0.000609677
2.72271     -3.14159    0.000485682
2.93215     -3.14159    0.000334495
3.14159     -3.14159    0.000241944

-3.14159     -2.93215    0.000202421
-2.93215     -2.93215    0.000304117
-2.72271     -2.93215    0.000423878
-2.51327     -2.93215    0.000526892
-2.30383     -2.93215    0.000553799
-2.0944     -2.93215    0.000537477
-1.88496     -2.93215    0.000498199
-1.67552     -2.93215    0.000460018
-1.46608     -2.93215    0.000398786
-1.25664     -2.93215    0.000266996
-1.0472     -2.93215    0.00018895
-0.837758     -2.93215    0.000121941
-0.628319     -2.93215    7.34024e-05
-0.418879     -2.93215    6.59427e-05
-0.20944     -2.93215    6.63321e-05
0     -2.93215    6.68786e-05
0.20944     -2.93215    6.64198e-05
0.418879     -2.93215    6.593e-05
0.628319     -2.93215    7.34123e-05
0.837758     -2.93215    0.00012195
1.0472     -2.93215    0.000188965
1.25664     -2.93215    0.000267013
1.46608     -2.93215    0.000398805
1.67552     -2.93215    0.000460038
1.88496     -2.93215    0.00049821
2.0944     -2.93215    0.000537482
2.30383     -2.93215    0.000553798
2.51327     -2.93215    0.000526887
2.72271     -2.93215    0.000423872
2.93215     -2.93215    0.000304115
3.14159     -2.93215    0.000202417

-3.14159     -2.72271    0.000163545
-2.93215     -2.72271    0.000304927
-2.72271     -2.72271    0.000409942
-2.51327     -2.72271    0.000431713
-2.30383     -2.72271    0.000408316
-2.0944     -2.72271    0.000382459
-1.88496     -2.72271    0.000390021
-1.67552     -2.72271    0.00038803
-1.46608     -2.72271    0.000362779
-1.25664     -2.72271    0.000250714
-1.0472     -2.72271    0.000125116
-0.837758     -2.72271    6.21632e-05
-0.628319     -2.72271    1.91385e-05
-0.418879     -2.72271    3.67327e-05
-0.20944     -2.72271    6.74248e-05
0     -2.72271    9.37967e-05
0.20944     -2.72271    6.7346e-05
0.418879     -2.72271    3.67801e-05
0.628319     -2.72271    1.91491e-05
0.837758     -2.72271    6.21786e-05
1.0472     -2.72271    0.000125129
1.25664     -2.72271    0.000250731
1.46608     -2.72271    0.000362802
1.67552     -2.72271    0.000388051
1.88496     -2.72271    0.000390035
2.0944     -2.72271    0.000382466
2.30383     -2.72271    0.000408315
2.51327     -2.72271    0.000431706
2.72271     -2.72271    0.000409936
2.93215     -2.72271    0.000304923
3.14159     -2.72271    0.000163545

-3.14159     -2.51327    0.00018321
-2.93215     -2.51327    0.000304398
-2.72271     -2.51327    0.000380335
-2.51327     -2.51327    0.000354314
-2.30383     -2.51327    0.00028958
-2.0944     -2.51327    0.000258219
-1.88496     -2.51327    0.000243938
-1.67552     -2.51327    0.000310401
-1.46608     -2.51327    0.000353647
-1.25664     -2.51327    0.000278078
-1.0472     -2.51327    0.000114347
-0.837758     -2.51327    5.53913e-05
-0.628319     -2.51327    1.30329e-05
-0.418879     -2.51327    3.83568e-05
-0.20944     -2.51327    7.71096e-05
0     -2.51327    9.24825e-05
0.20944     -2.51327    7.7164e-05
0.418879     -2.51327    3.83211e-05
0.628319     -2.51327    1.30411e-05
0.837758     -2.51327    5.53994e-05
1.0472     -2.51327    0.000114361
1.25664     -2.51327    0.000278097
1.46608     -2.51327    0.000353669
1.67552     -2.51327    0.000310419
1.88496     -2.51327    0.00024395
2.0944     -2.51327    0.000258227
2.30383     -2.51327    0.000289582
2.51327     -2.51327    0.000354309
2.72271     -2.51327    0.000380328
2.93215     -2.51327    0.000304392
3.14159     -2.51327    0.000183208

-3.14159     -2.30383    0.000218797
-2.93215     -2.30383    0.00030908
-2.72271     -2.30383    0.000311534
-2.51327     -2.30383    0.000237908
-2.30383     -2.30383    0.000171327
-2.0944     -2.30383    0.00017819
-1.88496     -2.30383    0.000139668
-1.67552     -2.30383    0.000184057
-1.46608     -2.30383    0.000282602
-1.25664     -2.30383    0.000258585
-1.0472     -2.30383    0.000112574
-0.837758     -2.30383    5.75705e-05
-0.628319     -2.30383    4.12982e-05
-0.418879     -2.30383    5.5739e-05
-0.20944     -2.30383    0.000105751
0     -2.30383    0.000146733
0.20944     -2.30383    0.00010577
0.418879     -2.30383    5.57982e-05
0.628319     -2.30383    4.13071e-05
0.837758     -2.30383    5.75857e-05
1.0472     -2.30383    0.000112587
1.25664     -2.30383    0.000258604
1.46608     -2.30383    0.00028262
1.67552     -2.30383    0.000184074
1.88496     -2.30383    0.00013968
2.0944     -2.30383    0.000178198
2.30383     -2.30383    0.000171332
2.51327     -2.30383    0.000237907
2.72271     -2.30383    0.000311529
2.93215     -2.30383    0.000309075
3.14159     -2.30383    0.000218795

-3.14159     -2.0944    0.000258431
-2.93215     -2.0944    0.000282171
-2.72271     -2.0944    0.000234383
-2.51327     -2.0944    0.000148848
-2.30383     -2.0944    0.00010432
-2.0944     -2.0944    7.67988e-05
-1.88496     -2.0944    6.3591e-05
-1.67552     -2.0944    8.64364e-05
-1.46608     -2.0944    0.000137289
-1.25664     -2.0944    0.000179443
-1.0472     -2.0944    0.000106418
-0.837758     -2.0944    3.17916e-05
-0.628319     -2.0944    4.67865e-05
-0.418879     -2.0944    6.64416e-05
-0.20944     -2.0944    0.000108512
0     -2.0944    0.000100697
0.20944     -2.0944    0.000108407
0.418879     -2.0944    6.6406e-05
0.628319     -2.0944    4.67901e-05
0.837758     -2.0944    3.17945e-05
1.0472     -2.0944    0.000106428
1.25664     -2.0944    0.000179456
1.46608     -2.0944    0.000137303
1.67552     -2.0944    8.64511e-05
1.88496     -2.0944    6.36014e-05
2.0944     -2.0944    7.68076e-05
2.30383     -2.0944    0.000104327
2.51327     -2.0944    0.000148851
2.72271     -2.0944    0.00023438
2.93215     -2.0944    0.000282167
3.14159     -2.0944    0.000258425

-3.14159     -1.88496    0.000275949
-2.93215     -1.88496    0.00025898
-2.72271     -1.88496    0.000162185
-2.51327     -1.88496    8.42884e-05
-2.30383     -1.88496    7.04419e-05
-2.0944     -1.88496    2.63252e-05
-1.88496     -1.88496    1.41464e-05
-1.67552     -1.88496    5.8217e-05
-1.46608     -1.88496    4.59344e-05
-1.25664     -1.88496    8.21268e-05
-1.0472     -1.88496    8.82804e-05
-0.837758     -1.88496    3.26016e-05
-0.628319     -1.88496    3.76072e-05
-0.418879     -1.88496    6.72378e-05
-0.20944     -1.88496    0.00011111
0     -1.88496    0.000150354
0.20944     -1.88496    0.000111334
0.418879     -1.88496    6.72752e-05
0.628319     -1.88496    3.76103e-05
0.837758     -1.88496    3.26095e-05
1.0472     -1.88496    8.82903e-05
1.25664     -1.88496    8.21372e-05
1.46608     -1.88496    4.59465e-05
1.67552     -1.88496    5.82293e-05
1.88496     -1.88496    1.41547e-05
2.0944     -1.88496    2.63331e-05
2.30383     -1.88496    7.04507e-05
2.51327     -1.88496    8.42955e-05
2.72271     -1.88496    0.000162185
2.93215     -1.88496    0.000258976
3.14159     -1.88496    0.000275944

-3.14159     -1.67552    0.000273426
-2.93215     -1.67552    0.000215935
-2.72271     -1.67552    0.000110294
-2.51327     -1.67552    6.90481e-05
-2.30383     -1.67552    6.00136e-05
-2.0944     -1.67552    3.34709e-05
-1.88496     -1.67552    2.41886e-05
-1.67552     -1.67552    4.1229e-05
-1.46608     -1.67552    4.1806e-05
-1.25664     -1.67552    2.90628e-05
-1.0472     -1.67552    6.36927e-05
-0.837758     -1.67552    5.6455e-05
-0.628319     -1.67552    3.82877e-05
-0.418879     -1.67552    6.01183e-05
-0.20944     -1.67552    0.00012551
0     -1.67552    0.000117423
0.20944     -1.67552    0.000125187
0.418879     -1.67552    6.01128e-05
0.628319     -1.67552    3.82883e-05
0.837758     -1.67552    5.64617e-05
1.0472     -1.67552    6.36932e-05
1.25664     -1.67552    2.90704e-05
1.46608     -1.67552    4.18126e-05
1.67552     -1.67552    4.12379e-05
1.88496     -1.67552    2.4198e-05
2.0944     -1.67552    3.34789e-05
2.30383     -1.67552    6.00229e-05
2.51327     -1.67552    6.90564e-05
2.72271     -1.67552    0.000110296
2.93215     -1.67552    0.000215931
3.14159     -1.67552    0.000273421

-3.14159     -1.46608    0.000246685
-2.93215     -1.46608    0.000146855
-2.72271     -1.46608    7.42757e-05
-2.51327     -1.46608    7.28388e-05
-2.30383     -1.46608    7.7963e-05
-2.0944     -1.46608    7.11166e-05
-1.88496     -1.46608    7.65692e-05
-1.67552     -1.46608    5.82887e-05
-1.46608     -1.46608    5.05728e-05
-1.25664     -1.46608    3.45598e-05
-1.0472     -1.46608    4.6629e-05
-0.837758     -1.46608    8.66618e-05
-0.628319     -1.46608    6.68032e-05
-0.418879     -1.46608    8.50587e-05
-0.20944     -1.46608    0.000148818
0     -1.46608    0.000162789
0.20944     -1.46608    0.000149214
0.418879     -1.46608    8.50529e-05
0.628319     -1.46608    6.68085e-05
0.837758     -1.46608    8.66587e-05
1.0472     -1.46608    4.66405e-05
1.25664     -1.46608    3.45664e-05
1.46608     -1.46608    5.05807e-05
1.67552     -1.46608    5.82972e-05
1.88496     -1.46608    7.65794e-05
2.0944     -1.46608    7.11259e-05
2.30383     -1.46608    7.7971e-05
2.51327     -1.46608    7.28459e-05
2.72271     -1.46608    7.42808e-05
2.93215     -1.46608    0.000146854
3.14159     -1.46608    0.000246681

-3.14159     -1.25664    0.000206688
-2.93215     -1.25664    0.000102329
-2.72271     -1.25664    6.9437e-05
-2.51327     -1.25664    6.763e-05
-2.30383     -1.25664    8.51145e-05
-2.0944     -1.25664    0.000111043
-1.88496     -1.25664    0.000115297
-1.67552     -1.25664    9.9821e-05
-1.46608     -1.25664    8.57898e-05
-1.25664     -1.25664    5.04606e-05
-1.0472     -1.25664    5.74915e-05
-0.837758     -1.25664    8.25309e-05
-0.628319     -1.25664    9.03148e-05
-0.418879     -1.25664    0.000113802
-0.20944     -1.25664    0.000175499
0     -1.25664    0.000270235
0.20944     -1.25664    0.000175097
0.418879     -1.25664    0.000113844
0.628319     -1.25664    9.03166e-05
0.837758     -1.25664    8.25394e-05
1.0472     -1.25664    5.74944e-05
1.25664     -1.25664    5.04647e-05
1.46608     -1.25664    8.57947e-05
1.67552     -1.25664    9.98283e-05
1.88496     -1.25664    0.000115307
2.0944     -1.25664    0.000111053
2.30383     -1.25664    8.51215e-05
2.51327     -1.25664    6.76381e-05
2.72271     -1.25664    6.9442e-05
2.93215     -1.25664    0.000102331
3.14159     -1.25664    0.000206686

-3.14159     -1.0472    0.000173135
-2.93215     -1.0472    9.24145e-05
-2.72271     -1.0472    5.72319e-05
-2.51327     -1.0472    5.22605e-05
-2.30383     -1.0472    6.9418e-05
-2.0944     -1.0472    0.000120569
-1.88496     -1.0472    0.000117636
-1.67552     -1.0472    0.000125821
-1.46608     -1.0472    0.000118791
-1.25664     -1.0472    0.00010855
-1.0472     -1.0472    9.67098e-05
-0.837758     -1.0472    0.000109655
-0.628319     -1.0472    0.000105284
-0.418879     -1.0472    0.000148141
-0.20944     -1.0472    0.000191344
0     -1.0472    0.00021902
0.20944     -1.0472    0.000191645
0.418879     -1.0472    0.000148097
0.628319     -1.0472    0.000105272
0.837758     -1.0472    0.000109655
1.0472     -1.0472    9.67163e-05
1.25664     -1.0472    0.000108555
1.46608     -1.0472    0.000118796
1.67552     -1.0472    0.000125827
1.88496     -1.0472    0.000117642
2.0944     -1.0472    0.000120577
2.30383     -1.0472    6.94278e-05
2.51327     -1.0472    5.22681e-05
2.72271     -1.0472    5.72367e-05
2.93215     -1.0472    9.24154e-05
3.14159     -1.0472    0.000173134

-3.14159     -0.837758    0.000169543
-2.93215     -0.837758    0.000108257
-2.72271     -0.837758    3.16787e-05
-2.51327     -0.837758    3.52747e-06
-2.30383     -0.837758    4.7476e-05
-2.0944     -0.837758    7.58326e-05
-1.88496     -0.837758    0.000106918
-1.67552     -0.837758    0.000128058
-1.46608     -0.837758    0.000125444
-1.25664     -0.837758    0.00016522
-1.0472     -0.837758    0.000171986
-0.837758     -0.837758    0.00014547
-0.628319     -0.837758    0.000159715
-0.418879     -0.837758    0.000180508
-0.20944     -0.837758    0.000245095
0     -0.837758    0.000386771
0.20944     -0.837758    0.000245044
0.418879     -0.837758    0.000180599
0.628319     -0.837758    0.000159724
0.837758     -0.837758    0.000145466
1.0472     -0.837758    0.000171993
1.25664     -0.837758    0.000165231
1.46608     -0.837758    0.000125452
1.67552     -0.837758    0.000128063
1.88496     -0.837758    0.000106925
2.0944     -0.837758    7.58389e-05
2.30383     -0.837758    4.74846e-05
2.51327     -0.837758    3.52325e-06
2.72271     -0.837758    3.16838e-05
2.93215     -0.837758    0.000108258
3.14159     -0.837758    0.000169542

-3.14159     -0.628319    0.000219459
-2.93215     -0.628319    0.000117876
-2.72271     -0.628319    4.78825e-05
-2.51327     -0.628319    3.57066e-05
-2.30383     -0.628319    4.26127e-05
-2.0944     -0.628319    5.8159e-05
-1.88496     -0.628319    7.47551e-05
-1.67552     -0.628319    9.5753e-05
-1.46608     -0.628319    0.000136224
-1.25664     -0.628319    0.000178566
-1.0472     -0.628319    0.000247025
-0.837758     -0.628319    0.000237248
-0.628319     -0.628319    0.000233701
-0.418879     -0.628319    0.000288291
-0.20944     -0.628319    0.000342201
0     -0.628319    0.000237248
0.20944     -0.628319    0.000341798
0.418879     -0.628319    0.000288237
0.628319     -0.628319    0.000233705
0.837758     -0.628319    0.000237252
1.0472     -0.628319    0.000247022
1.25664     -0.628319    0.00017857
1.46608     -0.628319    0.000136226
1.67552     -0.628319    9.57574e-05
1.88496     -0.628319    7.47632e-05
2.0944     -0.628319    5.81686e-05
2.30383     -0.628319    4.26193e-05
2.51327     -0.628319    3.57128e-05
2.72271     -0.628319    4.78846e-05
2.93215     -0.628319    0.000117878
3.14159     -0.628319    0.000219455

-3.14159     -0.418879    0.000250032
-2.93215     -0.418879    0.000158501
-2.72271     -0.418879    9.07073e-05
-2.51327     -0.418879    6.74407e-05
-2.30383     -0.418879    3.56037e-05
-2.0944     -0.418879    3.48551e-05
-1.88496     -0.418879    3.83059e-05
-1.67552     -0.418879    4.69943e-05
-1.46608     -0.418879    9.96964e-05
-1.25664     -0.418879    0.000157613
-1.0472     -0.418879    0.000207881
-0.837758     -0.418879    0.000283698
-0.628319     -0.418879    0.000302124
-0.418879     -0.418879    0.000373983
-0.20944     -0.418879    0.000497632
0     -0.418879    0.000639562
0.20944     -0.418879    0.000498701
0.418879     -0.418879    0.000374
0.628319     -0.418879    0.000302108
0.837758     -0.418879    0.000283708
1.0472     -0.418879    0.0002079
1.25664     -0.418879    0.00015762
1.46608     -0.418879    9.97038e-05
1.67552     -0.418879    4.70017e-05
1.88496     -0.418879    3.83123e-05
2.0944     -0.418879    3.48606e-05
2.30383     -0.418879    3.56116e-05
2.51327     -0.418879    6.74464e-05
2.72271     -0.418879    9.07117e-05
2.93215     -0.418879    0.000158501
3.14159     -0.418879    0.000250034

-3.14159     -0.20944    0.000322611
-2.93215     -0.20944    0.000278474
-2.72271     -0.20944    0.00021627
-2.51327     -0.20944    0.000129405
-2.30383     -0.20944    7.51561e-05
-2.0944     -0.20944    3.70414e-05
-1.88496     -0.20944    4.38854e-05
-1.67552     -0.20944    5.56303e-05
-1.46608     -0.20944    7.64533e-05
-1.25664     -0.20944    0.00011643
-1.0472     -0.20944    0.000154971
-0.837758     -0.20944    0.00023622
-0.628319     -0.20944    0.000347911
-0.418879     -0.20944    0.000458727
-0.20944     -0.20944    0.000697181
0     -0.20944    0.000655641
0.20944     -0.20944    0.000692922
0.418879     -0.20944    0.000458885
0.628319     -0.20944    0.00034792
0.837758     -0.20944    0.000236226
1.0472     -0.20944    0.000154954
1.25664     -0.20944    0.000116448
1.46608     -0.20944    7.64594e-05
1.67552     -0.20944    5.56352e-05
1.88496     -0.20944    4.38939e-05
2.0944     -0.20944    3.70502e-05
2.30383     -0.20944    7.51618e-05
2.51327     -0.20944    0.000129414
2.72271     -0.20944    0.000216272
2.93215     -0.20944    0.000278474
3.14159     -0.20944    0.000322611

-3.14159     0    0.000398112
-2.93215     0    0.000356153
-2.72271     0    0.000318253
-2.51327     0    0.000214767
-2.30383     0    0.000123787
-2.0944     0    7.98529e-05
-1.88496     0    5.95227e-05
-1.67552     0    8.69926e-05
-1.46608     0    9.36055e-05
-1.25664     0    0.00010011
-1.0472     0    0.000162212
-0.837758     0    0.000229909
-0.628319     0    0.000359175
-0.418879     0    0.000551241
-0.20944     0    0.000789033
0     0    1.20465e-15
0.20944     0    0.000789033
0.418879     0    0.000551241
0.628319     0    0.000359175
0.837758     0    0.000229909
1.0472     0    0.000162212
1.25664     0    0.00010011
1.46608     0    9.36055e-05
1.67552     0    8.69926e-05
1.88496     0    5.95227e-05
2.0944     0    7.98529e-05
2.30383     0    0.000123787
2.51327     0    0.000214767
2.72271     0    0.000318253
2.93215     0    0.000356153
3.14159     0    0.000398112

-3.14159     0.20944    0.000322611
-2.93215     0.20944    0.000278474
-2.72271     0.20944    0.000216272
-2.51327     0.20944    0.000129414
-2.30383     0.20944    7.51618e-05
-2.0944     0.20944    3.70502e-05
-1.88496     0.20944    4.38939e-05
-1.67552     0.20944    5.56352e-05
-1.46608     0.20944    7.64594e-05
-1.25664     0.20944    0.000116448
-1.0472     0.20944    0.000154954
-0.837758     0.20944    0.000236226
-0.628319     0.20944    0.00034792
-0.418879     0.20944    0.000458885
-0.20944     0.20944    0.000692922
0     0.20944    0.000655641
0.20944     0.20944    0.000697181
0.418879     0.20944    0.000458727
0.628319     0.20944    0.000347911
0.837758     0.20944    0.00023622
1.0472     0.20944    0.000154971
1.25664     0.20944    0.00011643
1.46608     0.20944    7.64533e-05
1.67552     0.20944    5.56303e-05
1.88496     0.20944    4.38854e-05
2.0944     0.20944    3.70414e-05
2.30383     0.20944    7.51561e-05
2.51327     0.20944    0.000129405
2.72271     0.20944    0.00021627
2.93215     0.20944    0.000278474
3.14159     0.20944    0.000322611

-3.14159     0.418879    0.000250034
-2.93215     0.418879    0.000158501
-2.72271     0.418879    9.07117e-05
-2.51327     0.418879    6.74464e-05
-2.30383     0.418879    3.56116e-05
-2.0944     0.418879    3.48606e-05
-1.88496     0.418879    3.83123e-05
-1.67552     0.418879    4.70017e-05
-1.46608     0.418879    9.97038e-05
-1.25664     0.418879    0.00015762
-1.0472     0.418879    0.0002079
-0.837758     0.418879    0.000283708
-0.628319     0.418879    0.000302108
-0.418879     0.418879    0.000374
-0.20944     0.418879    0.000498701
0     0.418879    0.000639562
0.20944     0.418879    0.000497632
0.418879     0.418879    0.000373983
0.628319     0.418879    0.000302124
0.837758     0.418879    0.000283698
1.0472     0.418879    0.000207881
1.25664     0.418879    0.000157613
1.46608     0.418879    9.96964e-05
1.67552     0.418879    4.69943e-05
1.88496     0.418879    3.83059e-05
2.0944     0.418879    3.48551e-05
2.30383     0.418879    3.56037e-05
2.51327     0.418879    6.74407e-05
2.72271     0.418879    9.07073e-05
2.93215     0.418879    0.000158501
3.14159     0.418879    0.000250032

-3.14159     0.628319    0.000219455
-2.93215     0.628319    0.000117878
-2.72271     0.628319    4.78846e-05
-2.51327     0.628319    3.57128e-05
-2.30383     0.628319    4.26193e-05
-2.0944     0.628319    5.81686e-05
-1.88496     0.628319    7.47632e-05
-1.67552     0.628319    9.57574e-05
-1.46608     0.628319    0.000136226
-1.25664     0.628319    0.00017857
-1.0472     0.628319    0.000247022
-0.837758     0.628319    0.000237252
-0.628319     0.628319    0.000233705
-0.418879     0.628319    0.000288237
-0.20944     0.628319    0.000341798
0     0.628319    0.000237248
0.20944     0.628319    0.000342201
0.418879     0.628319    0.000288291
0.628319     0.628319    0.000233701
0.837758     0.628319    0.000237248
1.0472     0.628319    0.000247025
1.25664     0.628319    0.000178566
1.46608     0.628319    0.000136224
1.67552     0.628319    9.5753e-05
1.88496     0.628319    7.47551e-05
2.0944     0.628319    5.8159e-05
2.30383     0.628319    4.26127e-05
2.51327     0.628319    3.57066e-05
2.72271     0.628319    4.78825e-05
2.93215     0.628319    0.000117876
3.14159     0.628319    0.000219459

-3.14159     0.837758    0.000169542
-2.93215     0.837758    0.000108258
-2.72271     0.837758    3.16838e-05
-2.51327     0.837758    3.52325e-06
-2.30383     0.837758    4.74846e-05
-2.0944     0.837758    7.58389e-05
-1.88496     0.837758    0.000106925
-1.67552     0.837758    0.000128063
-1.46608     0.837758    0.000125452
-1.25664     0.837758    0.000165231
-1.0472     0.837758    0.000171993
-0.837758     0.837758    0.000145466
-0.628319     0.837758    0.000159724
-0.418879     0.837758    0.000180599
-0.20944     0.837758    0.000245044
0     0.837758    0.000386771
0.20944     0.837758    0.000245095
0.418879     0.837758    0.000180508
0.628319     0.837758    0.000159715
0.837758     0.837758    0.00014547
1.0472     0.837758    0.000171986
1.25664     0.837758    0.00016522
1.46608     0.837758    0.000125444
1.67552     0.837758    0.000128058
1.88496     0.837758    0.000106918
2.0944     0.837758    7.58326e-05
2.30383     0.837758    4.7476e-05
2.51327     0.837758    3.52747e-06
2.72271     0.837758    3.16787e-05
2.93215     0.837758    0.000108257
3.14159     0.837758    0.000169543

-3.14159     1.0472    0.000173134
-2.93215     1.0472    9.24154e-05
-2.72271     1.0472    5.72367e-05
-2.51327     1.0472    5.22681e-05
-2.30383     1.0472    6.94278e-05
-2.0944     1.0472    0.000120577
-1.88496     1.0472    0.000117642
-1.67552     1.0472    0.000125827
-1.46608     1.0472    0.000118796
-1.25664     1.0472    0.000108555
-1.0472     1.0472    9.67163e-05
-0.837758     1.0472    0.000109655
-0.628319     1.0472    0.000105272
-0.418879     1.0472    0.000148097
-0.20944     1.0472    0.000191645
0     1.0472    0.00021902
0.20944     1.0472    0.000191344
0.418879     1.0472    0.000148141
0.628319     1.0472    0.000105284
0.837758     1.0472    0.000109655
1.0472     1.0472    9.67098e-05
1.25664     1.0472    0.00010855
1.46608     1.0472    0.000118791
1.67552     1.0472    0.000125821
1.88496     1.0472    0.000117636
2.0944     1.0472    0.000120569
2.30383     1.0472    6.9418e-05
2.51327     1.0472    5.22605e-05
2.72271     1.0472    5.72319e-05
2.93215     1.0472    9.24145e-05
3.14159     1.0472    0.000173135

-3.14159     1.25664    0.000206686
-2.93215     1.25664    0.000102331
-2.72271     1.25664    6.9442e-05
-2.51327     1.25664    6.76381e-05
-2.30383     1.25664    8.51215e-05
-2.0944     1.25664    0.000111053
-1.88496     1.25664    0.000115307
-1.67552     1.25664    9.98283e-05
-1.46608     1.25664    8.57947e-05
-1.25664     1.25664    5.04647e-05
-1.0472     1.25664    5.74944e-05
-0.837758     1.25664    8.25394e-05
-0.628319     1.25664    9.03166e-05
-0.418879     1.25664    0.000113844
-0.20944     1.25664    0.000175097
0     1.25664    0.000270235
0.20944     1.25664    0.000175499
0.418879     1.25664    0.000113802
0.628319     1.25664    9.03148e-05
0.837758     1.25664    8.25309e-05
1.0472     1.25664    5.74915e-05
1.25664     1.25664    5.04606e-05
1.46608     1.25664    8.57898e-05
1.67552     1.25664    9.9821e-05
1.88496     1.25664    0.000115297
2.0944     1.25664    0.000111043
2.30383     1.25664    8.51145e-05
2.51327     1.25664    6.763e-05
2.72271     1.25664    6.9437e-05
2.93215     1.25664    0.000102329
3.14159     1.25664    0.000206688

-3.14159     1.46608    0.000246681
-2.93215     1.46608    0.000146854
-2.72271     1.46608    7.42808e-05
-2.51327     1.46608    7.28459e-05
-2.30383     1.46608    7.7971e-05
-2.0944     1.46608    7.11259e-05
-1.88496     1.46608    7.65794e-05
-1.67552     1.46608    5.82972e-05
-1.46608     1.46608    5.05807e-05
-1.25664     1.46608    3.45664e-05
-1.0472     1.46608    4.66405e-05
-0.837758     1.46608    8.66587e-05
-0.628319     1.46608    6.68085e-05
-0.418879     1.46608    8.50529e-05
-0.20944     1.46608    0.000149214
0     1.46608    0.000162789
0.20944     1.46608    0.000148818
0.418879     1.46608    8.50587e-05
0.628319     1.46608    6.68032e-05
0.837758     1.46608    8.66618e-05
1.0472     1.46608    4.6629e-05
1.25664     1.46608    3.45598e-05
1.46608     1.46608    5.05728e-05
1.67552     1.46608    5.82887e-05
1.88496     1.46608    7.65692e-05
2.0944     1.46608    7.11166e-05
2.30383     1.46608    7.7963e-05
2.51327     1.46608    7.28388e-05
2.72271     1.46608    7.42757e-05
2.93215     1.46608    0.000146855
3.14159     1.46608    0.000246685

-3.14159     1.67552    0.000273421
-2.93215     1.67552    0.000215931
-2.72271     1.67552    0.000110296
-2.51327     1.67552    6.90564e-05
-2.30383     1.67552    6.00229e-05
-2.0944     1.67552    3.34789e-05
-1.88496     1.67552    2.4198e-05
-1.67552     1.67552    4.12379e-05
-1.46608     1.67552    4.18126e-05
-1.25664     1.67552    2.90704e-05
-1.0472     1.67552    6.36932e-05
-0.837758     1.67552    5.64617e-05
-0.628319     1.67552    3.82883e-05
-0.418879     1.67552    6.01128e-05
-0.20944     1.67552    0.000125187
0     1.67552    0.000117423
0.20944     1.67552    0.00012551
0.418879     1.67552    6.01183e-05
0.628319     1.67552    3.82877e-05
0.837758     1.67552    5.6455e-05
1.0472     1.67552    6.36927e-05
1.25664     1.67552    2.90628e-05
1.46608     1.67552    4.1806e-05
1.67552     1.67552    4.1229e-05
1.88496     1.67552    2.41886e-05
2.0944     1.67552    3.34709e-05
2.30383     1.67552    6.00136e-05
2.51327     1.67552    6.90481e-05
2.72271     1.67552    0.000110294
2.93215     1.67552    0.000215935
3.14159     1.67552    0.000273426

-3.14159     1.88496    0.000275944
-2.93215     1.88496    0.000258976
-2.72271     1.88496    0.000162185
-2.51327     1.88496    8.42955e-05
-2.30383     1.88496    7.04507e-05
-2.0944     1.88496    2.63331e-05
-1.88496     1.88496    1.41547e-05
-1.67552     1.88496    5.82293e-05
-1.46608     1.88496    4.59465e-05
-1.25664     1.88496    8.21372e-05
-1.0472     1.88496    8.82903e-05
-0.837758     1.88496    3.26095e-05
-0.628319     1.88496    3.76103e-05
-0.418879     1.88496    6.72752e-05
-0.20944     1.88496    0.000111334
0     1.88496    0.000150354
0.20944     1.88496    0.00011111
0.418879     1.88496    6.72378e-05
0.628319     1.88496    3.76072e-05
0.837758     1.88496    3.26016e-05
1.0472     1.88496    8.82804e-05
1.25664     1.88496    8.21268e-05
1.46608     1.88496    4.59344e-05
1.67552     1.88496    5.8217e-05
1.88496     1.88496    1.41464e-05
2.0944     1.88496    2.63252e-05
2.30383     1.88496    7.04419e-05
2.51327     1.88496    8.42884e-05
2.72271     1.88496    0.000162185
2.93215     1.88496    0.00025898
3.14159     1.88496    0.000275949

-3.14159     2.0944    0.000258425
-2.93215     2.0944    0.000282167
-2.72271     2.0944    0.00023438
-2.51327     2.0944    0.000148851
-2.30383     2.0944    0.000104327
-2.0944     2.0944    7.68076e-05
-1.88496     2.0944    6.36014e-05
-1.67552     2.0944    8.64511e-05
-1.46608     2.0944    0.000137303
-1.25664     2.0944    0.000179456
-1.0472     2.0944    0.000106428
-0.837758     2.0944    3.17945e-05
-0.628319     2.0944    4.67901e-05
-0.418879     2.0944    6.6406e-05
-0.20944     2.0944    0.000108407
0     2.0944    0.000100697
0.20944     2.0944    0.000108512
0.418879     2.0944    6.64416e-05
0.628319     2.0944    4.67865e-05
0.837758     2.0944    3.17916e-05
1.0472     2.0944    0.000106418
1.25664     2.0944    0.000179443
1.46608     2.0944    0.000137289
1.67552     2.0944    8.64364e-05
1.88496     2.0944    6.3591e-05
2.0944     2.0944    7.67988e-05
2.30383     2.0944    0.00010432
2.51327     2.0944    0.000148848
2.72271     2.0944    0.000234383
2.93215     2.0944    0.000282171
3.14159     2.0944    0.000258431

-3.14159     2.30383    0.000218795
-2.93215     2.30383    0.000309075
-2.72271     2.30383    0.000311529
-2.51327     2.30383    0.000237907
-2.30383     2.30383    0.000171332
-2.0944     2.30383    0.000178198
-1.88496     2.30383    0.00013968
-1.67552     2.30383    0.000184074
-1.46608     2.30383    0.00028262
-1.25664     2.30383    0.000258604
-1.0472     2.30383    0.000112587
-0.837758     2.30383    5.75857e-05
-0.628319     2.30383    4.13071e-05
-0.418879     2.30383    5.57982e-05
-0.20944     2.30383    0.00010577
0     2.30383    0.000146733
0.20944     2.30383    0.000105751
0.418879     2.30383    5.5739e-05
0.628319     2.30383    4.12982e-05
0.837758     2.30383    5.75705e-05
1.0472     2.30383    0.000112574
1.25664     2.30383    0.000258585
1.46608     2.30383    0.000282602
1.67552     2.30383    0.000184057
1.88496     2.30383    0.000139668
2.0944     2.30383    0.00017819
2.30383     2.30383    0.000171327
2.51327     2.30383    0.000237908
2.72271     2.30383    0.000311534
2.93215     2.30383    0.00030908
3.14159     2.30383    0.000218797

-3.14159     2.51327    0.000183208
-2.93215     2.51327    0.000304392
-2.72271     2.51327    0.000380328
-2.51327     2.51327    0.000354309
-2.30383     2.51327    0.000289582
-2.0944     2.51327    0.000258227
-1.88496     2.51327    0.00024395
-1.67552     2.51327    0.000310419
-1.46608     2.51327    0.000353669
-1.25664     2.51327    0.000278097
-1.0472     2.51327    0.000114361
-0.837758     2.51327    5.53994e-05
-0.628319     2.51327    1.30411e-05
-0.418879     2.51327    3.83211e-05
-0.20944     2.51327    7.7164e-05
0     2.51327    9.24825e-05
0.20944     2.51327    7.71096e-05
0.418879     2.51327    3.83568e-05
0.628319     2.51327    1.30329e-05
0.837758     2.51327    5.53913e-05
1.0472     2.51327    0.000114347
1.25664     2.51327    0.000278078
1.46608     2.51327    0.000353647
1.67552     2.51327    0.000310401
1.88496     2.51327    0.000243938
2.0944     2.51327    0.000258219
2.30383     2.51327    0.00028958
2.51327     2.51327    0.000354314
2.72271     2.51327    0.000380335
2.93215     2.51327    0.000304398
3.14159     2.51327    0.00018321

-3.14159     2.72271    0.000163545
-2.93215     2.72271    0.000304923
-2.72271     2.72271    0.000409936
-2.51327     2.72271    0.000431706
-2.30383     2.72271    0.000408315
-2.0944     2.72271    0.000382466
-1.88496     2.72271    0.000390035
-1.67552     2.72271    0.000388051
-1.46608     2.72271    0.000362802
-1.25664     2.72271    0.000250731
-1.0472     2.72271    0.000125129
-0.837758     2.72271    6.21786e-05
-0.628319     2.72271    1.91491e-05
-0.418879     2.72271    3.67801e-05
-0.20944     2.72271    6.7346e-05
0     2.72271    9.37967e-05
0.20944     2.72271    6.74248e-05
0.418879     2.72271    3.67327e-05
0.628319     2.72271    1.91385e-05
0.837758     2.72271    6.21632e-05
1.0472     2.72271    0.000125116
1.25664     2.72271    0.000250714
1.46608     2.72271    0.000362779
1.67552     2.72271    0.00038803
1.88496     2.72271    0.000390021
2.0944     2.72271    0.000382459
2.30383     2.72271    0.000408316
2.51327     2.72271    0.000431713
2.72271     2.72271    0.000409942
2.93215     2.72271    0.000304927
3.14159     2.72271    0.000163545

-3.14159     2.93215    0.000202417
-2.93215     2.93215    0.000304115
-2.72271     2.93215    0.000423872
-2.51327     2.93215    0.000526887
-2.30383     2.93215    0.000553798
-2.0944     2.93215    0.000537482
-1.88496     2.93215    0.00049821
-1.67552     2.93215    0.000460038
-1.46608     2.93215    0.000398805
-1.25664     2.93215    0.000267013
-1.0472     2.93215    0.000188965
-0.837758     2.93215    0.00012195
-0.628319     2.93215    7.34123e-05
-0.418879     2.93215    6.593e-05
-0.20944     2.93215    6.64198e-05
0     2.93215    6.68786e-05
0.20944     2.93215    6.63321e-05
0.418879     2.93215    6.59427e-05
0.628319     2.93215    7.34024e-05
0.837758     2.93215    0.000121941
1.0472     2.93215    0.00018895
1.25664     2.93215    0.000266996
1.46608     2.93215    0.000398786
1.67552     2.93215    0.000460018
1.88496     2.93215    0.000498199
2.0944     2.93215    0.000537477
2.30383     2.93215    0.000553799
2.51327     2.93215    0.000526892
2.72271     2.93215    0.000423878
2.93215     2.93215    0.000304117
3.14159     2.93215    0.000202421

-3.14159     3.14159    0.000241944
-2.93215     3.14159    0.000334495
-2.72271     3.14159    0.000485682
-2.51327     3.14159    0.000609677
-2.30383     3.14159    0.000648309
-2.0944     3.14159    0.000598553
-1.88496     3.14159    0.000557361
-1.67552     3.14159    0.000524879
-1.46608     3.14159    0.000471132
-1.25664     3.14159    0.000334366
-1.0472     3.14159    0.000264578
-0.837758     3.14159    0.000167551
-0.628319     3.14159    0.000129755
-0.418879     3.14159    9.63389e-05
-0.20944     3.14159    8.97696e-05
0     3.14159    8.86302e-05
0.20944     3.14159    8.98292e-05
0.418879     3.14159    9.6335e-05
0.628319     3.14159    0.000129748
0.837758     3.14159    0.000167543
1.0472     3.14159    0.000264568
1.25664     3.14159    0.000334356
1.46608     3.14159    0.000471121
1.67552     3.14159    0.000524869
1.88496     3.14159    0.000557356
2.0944     3.14159    0.000598553
2.30383     3.14159    0.000648311
2.51327     3.14159    0.000609678
2.72271     3.14159    0.000485684
2.93215     3.14159    0.000334497
3.14159     3.14159    0.000241944

