-3.14159     -3.14159    8.85298e-05
-2.93215     -3.14159    1.8168e-05
-2.72271     -3.14159    5.06117e-05
-2.51327     -3.14159    0.000110286
-2.30383     -3.14159    8.42088e-05
-2.0944     -3.14159    2.0348e-05
-1.88496     -3.14159    1.80036e-05
-1.67552     -3.14159    8.52983e-06
-1.46608     -3.14159    3.81437e-05
-1.25664     -3.14159    1.78198e-05
-1.0472     -3.14159    0.000109553
-0.837758     -3.14159    0.000130728
-0.628319     -3.14159    0.000161205
-0.418879     -3.14159    0.00017936
-0.20944     -3.14159    0.000197224
0     -3.14159    0.000216408
0.20944     -3.14159    0.000197192
0.418879     -3.14159    0.000179354
0.628319     -3.14159    0.000161198
0.837758     -3.14159    0.000130721
1.0472     -3.14159    0.000109551
1.25664     -3.14159    1.78198e-05
1.46608     -3.14159    3.81493e-05
1.67552     -3.14159    8.5296e-06
1.88496     -3.14159    1.79984e-05
2.0944     -3.14159    2.0361e-05
2.30383     -3.14159    8.42246e-05
2.51327     -3.14159    0.000110291
2.72271     -3.14159    5.0618e-05
2.93215     -3.14159    1.81613e-05
3.14159     -3.14159    8.85313e-05

-3.14159     -2.93215    0.000143718
-2.93215     -2.93215    5.83249e-05
-2.72271     -2.93215    8.43571e-06
-2.51327     -2.93215    2.9027e-05
-2.30383     -2.93215    8.7392e-05
-2.0944     -2.93215    7.94792e-05
-1.88496     -2.93215    4.96967e-08
-1.67552     -2.93215    2.5281e-05
-1.46608     -2.93215    8.87532e-06
-1.25664     -2.93215    2.7138e-05
-1.0472     -2.93215    0.000132387
-0.837758     -2.93215    0.000172108
-0.628319     -2.93215    0.000203764
-0.418879     -2.93215    0.000238673
-0.20944     -2.93215    0.000250466
0     -2.93215    0.000241283
0.20944     -2.93215    0.000250507
0.418879     -2.93215    0.000238637
0.628319     -2.93215    0.000203758
0.837758     -2.93215    0.000172099
1.0472     -2.93215    0.000132386
1.25664     -2.93215    2.71387e-05
1.46608     -2.93215    8.87956e-06
1.67552     -2.93215    2.5276e-05
1.88496     -2.93215    4.10281e-08
2.0944     -2.93215    7.94968e-05
2.30383     -2.93215    8.7403e-05
2.51327     -2.93215    2.90302e-05
2.72271     -2.93215    8.44259e-06
2.93215     -2.93215    5.83207e-05
3.14159     -2.93215    0.000143714

-3.14159     -2.72271    0.00012466
-2.93215     -2.72271    3.58822e-05
-2.72271     -2.72271    2.91874e-05
-2.51327     -2.72271    1.2104e-05
-2.30383     -2.72271    7.97079e-06
-2.0944     -2.72271    2.14116e-05
-1.88496     -2.72271    1.3521e-05
-1.67552     -2.72271    6.42415e-06
-1.46608     -2.72271    5.47484e-06
-1.25664     -2.72271    1.89829e-06
-1.0472     -2.72271    0.000102067
-0.837758     -2.72271    0.000158732
-0.628319     -2.72271    0.000202252
-0.418879     -2.72271    0.000224074
-0.20944     -2.72271    0.00024808
0     -2.72271    0.000268531
0.20944     -2.72271    0.00024804
0.418879     -2.72271    0.000224136
0.628319     -2.72271    0.000202252
0.837758     -2.72271    0.000158732
1.0472     -2.72271    0.000102064
1.25664     -2.72271    1.90861e-06
1.46608     -2.72271    5.46672e-06
1.67552     -2.72271    6.41513e-06
1.88496     -2.72271    1.35349e-05
2.0944     -2.72271    2.1421e-05
2.30383     -2.72271    7.96075e-06
2.51327     -2.72271    1.21114e-05
2.72271     -2.72271    2.91903e-05
2.93215     -2.72271    3.58797e-05
3.14159     -2.72271    0.00012465

-3.14159     -2.51327    0.000110363
-2.93215     -2.51327    9.30483e-06
-2.72271     -2.51327    2.41841e-05
-2.51327     -2.51327    1.40786e-05
-2.30383     -2.51327    6.43951e-05
-2.0944     -2.51327    0.000102088
-1.88496     -2.51327    3.30781e-05
-1.67552     -2.51327    1.53131e-05
-1.46608     -2.51327    2.39424e-05
-1.25664     -2.51327    5.94996e-07
-1.0472     -2.51327    0.0001001
-0.837758     -2.51327    0.000167024
-0.628319     -2.51327    0.000199695
-0.418879     -2.51327    0.000201854
-0.20944     -2.51327    0.000225975
0     -2.51327    0.0002393
0.20944     -2.51327    0.000225999
0.418879     -2.51327    0.00020178
0.628319     -2.51327    0.000199689
0.837758     -2.51327    0.000167009
1.0472     -2.51327    0.000100098
1.25664     -2.51327    5.846e-07
1.46608     -2.51327    2.39328e-05
1.67552     -2.51327    1.53231e-05
1.88496     -2.51327    3.30667e-05
2.0944     -2.51327    0.000102077
2.30383     -2.51327    6.43814e-05
2.51327     -2.51327    1.40901e-05
2.72271     -2.51327    2.41874e-05
2.93215     -2.51327    9.29813e-06
3.14159     -2.51327    0.000110354

-3.14159     -2.30383    6.40367e-05
-2.93215     -2.30383    1.3308e-05
-2.72271     -2.30383    3.75641e-06
-2.51327     -2.30383    7.95156e-05
-2.30383     -2.30383    0.000127949
-2.0944     -2.30383    0.000155043
-1.88496     -2.30383    0.000107149
-1.67552     -2.30383    3.44453e-05
-1.46608     -2.30383    5.30324e-06
-1.25664     -2.30383    4.23446e-06
-1.0472     -2.30383    8.15e-05
-0.837758     -2.30383    0.000172767
-0.628319     -2.30383    0.000206264
-0.418879     -2.30383    0.000223514
-0.20944     -2.30383    0.000226218
0     -2.30383    0.000236659
0.20944     -2.30383    0.000226226
0.418879     -2.30383    0.000223591
0.628319     -2.30383    0.000206261
0.837758     -2.30383    0.000172771
1.0472     -2.30383    8.14963e-05
1.25664     -2.30383    4.22084e-06
1.46608     -2.30383    5.28895e-06
1.67552     -2.30383    3.44366e-05
1.88496     -2.30383    0.000107145
2.0944     -2.30383    0.000155044
2.30383     -2.30383    0.000127942
2.51327     -2.30383    7.95068e-05
2.72271     -2.30383    3.76595e-06
2.93215     -2.30383    1.3308e-05
3.14159     -2.30383    6.40289e-05

-3.14159     -2.0944    1.69144e-05
-2.93215     -2.0944    7.2858e-06
-2.72271     -2.0944    4.95116e-05
-2.51327     -2.0944    0.000129587
-2.30383     -2.0944    0.000182255
-2.0944     -2.0944    0.00018493
-1.88496     -2.0944    0.000149533
-1.67552     -2.0944    0.000137337
-1.46608     -2.0944    6.29095e-05
-1.25664     -2.0944    1.51067e-05
-1.0472     -2.0944    5.92453e-05
-0.837758     -2.0944    0.000127034
-0.628319     -2.0944    0.000178533
-0.418879     -2.0944    0.000213772
-0.20944     -2.0944    0.000205325
0     -2.0944    0.000204776
0.20944     -2.0944    0.000205286
0.418879     -2.0944    0.000213695
0.628319     -2.0944    0.000178533
0.837758     -2.0944    0.000127023
1.0472     -2.0944    5.92292e-05
1.25664     -2.0944    1.5093e-05
1.46608     -2.0944    6.28896e-05
1.67552     -2.0944    0.000137328
1.88496     -2.0944    0.00014953
2.0944     -2.0944    0.000184927
2.30383     -2.0944    0.000182252
2.51327     -2.0944    0.000129579
2.72271     -2.0944    4.9502e-05
2.93215     -2.0944    7.2914e-06
3.14159     -2.0944    1.69079e-05

-3.14159     -1.88496    7.42991e-06
-2.93215     -1.88496    1.91773e-05
-2.72271     -1.88496    0.000119683
-2.51327     -1.88496    0.000195966
-2.30383     -1.88496    0.000229521
-2.0944     -1.88496    0.000208846
-1.88496     -1.88496    0.000188184
-1.67552     -1.88496    0.00018227
-1.46608     -1.88496    0.000136911
-1.25664     -1.88496    7.37612e-05
-1.0472     -1.88496    6.72137e-05
-0.837758     -1.88496    0.000103556
-0.628319     -1.88496    0.000155839
-0.418879     -1.88496    0.000180399
-0.20944     -1.88496    0.000173289
0     -1.88496    0.00017752
0.20944     -1.88496    0.000173371
0.418879     -1.88496    0.000180439
0.628319     -1.88496    0.000155831
0.837758     -1.88496    0.00010356
1.0472     -1.88496    6.72064e-05
1.25664     -1.88496    7.37532e-05
1.46608     -1.88496    0.000136902
1.67552     -1.88496    0.000182269
1.88496     -1.88496    0.000188182
2.0944     -1.88496    0.000208842
2.30383     -1.88496    0.000229513
2.51327     -1.88496    0.000195955
2.72271     -1.88496    0.000119673
2.93215     -1.88496    1.91675e-05
3.14159     -1.88496    7.43388e-06

-3.14159     -1.67552    2.26387e-06
-2.93215     -1.67552    8.29373e-05
-2.72271     -1.67552    0.00018954
-2.51327     -1.67552    0.000233889
-2.30383     -1.67552    0.000251191
-2.0944     -1.67552    0.000213166
-1.88496     -1.67552    0.000207992
-1.67552     -1.67552    0.000208507
-1.46608     -1.67552    0.000157809
-1.25664     -1.67552    0.000109441
-1.0472     -1.67552    6.77413e-05
-0.837758     -1.67552    6.89741e-05
-0.628319     -1.67552    0.000129087
-0.418879     -1.67552    0.000153782
-0.20944     -1.67552    0.000130561
0     -1.67552    0.00013781
0.20944     -1.67552    0.000130333
0.418879     -1.67552    0.000153749
0.628319     -1.67552    0.000129083
0.837758     -1.67552    6.89605e-05
1.0472     -1.67552    6.77261e-05
1.25664     -1.67552    0.000109436
1.46608     -1.67552    0.000157805
1.67552     -1.67552    0.000208509
1.88496     -1.67552    0.000207989
2.0944     -1.67552    0.000213171
2.30383     -1.67552    0.000251181
2.51327     -1.67552    0.00023388
2.72271     -1.67552    0.000189525
2.93215     -1.67552    8.29294e-05
3.14159     -1.67552    2.26848e-06

-3.14159     -1.46608    2.95249e-05
-2.93215     -1.46608    0.000141519
-2.72271     -1.46608    0.000229264
-2.51327     -1.46608    0.000243459
-2.30383     -1.46608    0.000260076
-2.0944     -1.46608    0.00022605
-1.88496     -1.46608    0.00021505
-1.67552     -1.46608    0.000224299
-1.46608     -1.46608    0.000187246
-1.25664     -1.46608    0.000146762
-1.0472     -1.46608    8.59947e-05
-0.837758     -1.46608    6.18232e-05
-0.628319     -1.46608    9.53468e-05
-0.418879     -1.46608    0.000125056
-0.20944     -1.46608    8.84478e-05
0     -1.46608    8.72776e-05
0.20944     -1.46608    8.87241e-05
0.418879     -1.46608    0.000125045
0.628319     -1.46608    9.53532e-05
0.837758     -1.46608    6.18251e-05
1.0472     -1.46608    8.59963e-05
1.25664     -1.46608    0.000146766
1.46608     -1.46608    0.00018725
1.67552     -1.46608    0.000224284
1.88496     -1.46608    0.000215045
2.0944     -1.46608    0.000226047
2.30383     -1.46608    0.00026007
2.51327     -1.46608    0.000243452
2.72271     -1.46608    0.000229256
2.93215     -1.46608    0.000141503
3.14159     -1.46608    2.95177e-05

-3.14159     -1.25664    8.18379e-05
-2.93215     -1.25664    0.000170207
-2.72271     -1.25664    0.000235115
-2.51327     -1.25664    0.000257657
-2.30383     -1.25664    0.000259388
-2.0944     -1.25664    0.000232888
-1.88496     -1.25664    0.000230277
-1.67552     -1.25664    0.000204402
-1.46608     -1.25664    0.000179027
-1.25664     -1.25664    0.00016354
-1.0472     -1.25664    0.000117947
-0.837758     -1.25664    9.62418e-05
-0.628319     -1.25664    0.000106573
-0.418879     -1.25664    0.00012044
-0.20944     -1.25664    9.63569e-05
0     -1.25664    7.54296e-05
0.20944     -1.25664    9.62413e-05
0.418879     -1.25664    0.000120437
0.628319     -1.25664    0.000106549
0.837758     -1.25664    9.62431e-05
1.0472     -1.25664    0.000117945
1.25664     -1.25664    0.000163542
1.46608     -1.25664    0.000179024
1.67552     -1.25664    0.000204387
1.88496     -1.25664    0.00023028
2.0944     -1.25664    0.000232899
2.30383     -1.25664    0.000259407
2.51327     -1.25664    0.000257655
2.72271     -1.25664    0.000235117
2.93215     -1.25664    0.000170199
3.14159     -1.25664    8.18299e-05

-3.14159     -1.0472    0.000116839
-2.93215     -1.0472    0.000195832
-2.72271     -1.0472    0.00024004
-2.51327     -1.0472    0.000226363
-2.30383     -1.0472    0.000219577
-2.0944     -1.0472    0.000225321
-1.88496     -1.0472    0.000220483
-1.67552     -1.0472    0.000185019
-1.46608     -1.0472    0.00015941
-1.25664     -1.0472    0.000118715
-1.0472     -1.0472    0.000121268
-0.837758     -1.0472    0.00010976
-0.628319     -1.0472    0.000117154
-0.418879     -1.0472    0.000130654
-0.20944     -1.0472    0.000120136
0     -1.0472    3.67364e-05
0.20944     -1.0472    0.000120198
0.418879     -1.0472    0.000130551
0.628319     -1.0472    0.000117104
0.837758     -1.0472    0.000109733
1.0472     -1.0472    0.000121305
1.25664     -1.0472    0.000118711
1.46608     -1.0472    0.000159421
1.67552     -1.0472    0.000185031
1.88496     -1.0472    0.00022049
2.0944     -1.0472    0.000225333
2.30383     -1.0472    0.000219597
2.51327     -1.0472    0.00022637
2.72271     -1.0472    0.000240041
2.93215     -1.0472    0.000195824
3.14159     -1.0472    0.000116829

-3.14159     -0.837758    0.00013082
-2.93215     -0.837758    0.000176779
-2.72271     -0.837758    0.000203342
-2.51327     -0.837758    0.000201061
-2.30383     -0.837758    0.000210545
-2.0944     -0.837758    0.000229223
-1.88496     -0.837758    0.000198614
-1.67552     -0.837758    0.000167069
-1.46608     -0.837758    0.000142817
-1.25664     -0.837758    9.47125e-05
-1.0472     -0.837758    8.69303e-05
-0.837758     -0.837758    0.000136562
-0.628319     -0.837758    0.000134837
-0.418879     -0.837758    0.000141573
-0.20944     -0.837758    0.00014893
0     -0.837758    0.000125972
0.20944     -0.837758    0.00014878
0.418879     -0.837758    0.000141917
0.628319     -0.837758    0.000134915
0.837758     -0.837758    0.00013662
1.0472     -0.837758    8.6916e-05
1.25664     -0.837758    9.47113e-05
1.46608     -0.837758    0.000142835
1.67552     -0.837758    0.000167072
1.88496     -0.837758    0.000198613
2.0944     -0.837758    0.000229223
2.30383     -0.837758    0.000210543
2.51327     -0.837758    0.000201066
2.72271     -0.837758    0.000203346
2.93215     -0.837758    0.000176774
3.14159     -0.837758    0.000130811

-3.14159     -0.628319    0.000139305
-2.93215     -0.628319    0.000164731
-2.72271     -0.628319    0.000159941
-2.51327     -0.628319    0.000195621
-2.30383     -0.628319    0.000208834
-2.0944     -0.628319    0.000208169
-1.88496     -0.628319    0.000188709
-1.67552     -0.628319    0.000160141
-1.46608     -0.628319    0.000106917
-1.25664     -0.628319    8.1845e-05
-1.0472     -0.628319    5.74556e-05
-0.837758     -0.628319    8.11055e-05
-0.628319     -0.628319    0.000149548
-0.418879     -0.628319    0.000169604
-0.20944     -0.628319    0.000185486
0     -0.628319    9.85122e-05
0.20944     -0.628319    0.000184741
0.418879     -0.628319    0.000169656
0.628319     -0.628319    0.000149703
0.837758     -0.628319    8.11683e-05
1.0472     -0.628319    5.74055e-05
1.25664     -0.628319    8.18344e-05
1.46608     -0.628319    0.000106906
1.67552     -0.628319    0.000160132
1.88496     -0.628319    0.000188706
2.0944     -0.628319    0.000208175
2.30383     -0.628319    0.000208834
2.51327     -0.628319    0.000195618
2.72271     -0.628319    0.000159944
2.93215     -0.628319    0.000164737
3.14159     -0.628319    0.000139303

-3.14159     -0.418879    5.21113e-05
-2.93215     -0.418879    6.8253e-05
-2.72271     -0.418879    0.000118901
-2.51327     -0.418879    0.000158482
-2.30383     -0.418879    0.000164234
-2.0944     -0.418879    0.00015508
-1.88496     -0.418879    0.000163983
-1.67552     -0.418879    0.000149124
-1.46608     -0.418879    0.000118366
-1.25664     -0.418879    9.91204e-05
-1.0472     -0.418879    0.000100057
-0.837758     -0.418879    8.15134e-05
-0.628319     -0.418879    0.000115667
-0.418879     -0.418879    0.000197194
-0.20944     -0.418879    0.000230804
0     -0.418879    0.000330732
0.20944     -0.418879    0.000231266
0.418879     -0.418879    0.000196903
0.628319     -0.418879    0.000115604
0.837758     -0.418879    8.155e-05
1.0472     -0.418879    0.000100124
1.25664     -0.418879    9.91005e-05
1.46608     -0.418879    0.000118367
1.67552     -0.418879    0.000149124
1.88496     -0.418879    0.000163983
2.0944     -0.418879    0.000155074
2.30383     -0.418879    0.000164236
2.51327     -0.418879    0.000158476
2.72271     -0.418879    0.000118896
2.93215     -0.418879    6.82503e-05
3.14159     -0.418879    5.21132e-05

-3.14159     -0.20944    1.04606e-05
-2.93215     -0.20944    6.08811e-06
-2.72271     -0.20944    3.65292e-05
-2.51327     -0.20944    6.4549e-05
-2.30383     -0.20944    8.89053e-05
-2.0944     -0.20944    9.91351e-05
-1.88496     -0.20944    9.94099e-05
-1.67552     -0.20944    9.94406e-05
-1.46608     -0.20944    0.000115333
-1.25664     -0.20944    0.000123486
-1.0472     -0.20944    0.000136371
-0.837758     -0.20944    0.000153605
-0.628319     -0.20944    0.000152947
-0.418879     -0.20944    0.000230411
-0.20944     -0.20944    0.000343399
0     -0.20944    0.000338185
0.20944     -0.20944    0.000342448
0.418879     -0.20944    0.000230099
0.628319     -0.20944    0.000152736
0.837758     -0.20944    0.000153615
1.0472     -0.20944    0.000136341
1.25664     -0.20944    0.000123488
1.46608     -0.20944    0.000115329
1.67552     -0.20944    9.94324e-05
1.88496     -0.20944    9.9411e-05
2.0944     -0.20944    9.91206e-05
2.30383     -0.20944    8.89099e-05
2.51327     -0.20944    6.45506e-05
2.72271     -0.20944    3.65328e-05
2.93215     -0.20944    6.08856e-06
3.14159     -0.20944    1.04591e-05

-3.14159     0    8.62198e-06
-2.93215     0    2.47314e-05
-2.72271     0    1.22567e-05
-2.51327     0    4.31038e-06
-2.30383     0    4.17612e-05
-2.0944     0    6.84578e-05
-1.88496     0    5.63437e-05
-1.67552     0    6.42435e-05
-1.46608     0    8.6868e-05
-1.25664     0    0.000116308
-1.0472     0    0.000128827
-0.837758     0    0.000155084
-0.628319     0    0.000214226
-0.418879     0    0.000254736
-0.20944     0    0.000422895
0     0    5.1008e-16
0.20944     0    0.000422895
0.418879     0    0.000254736
0.628319     0    0.000214226
0.837758     0    0.000155084
1.0472     0    0.000128827
1.25664     0    0.000116308
1.46608     0    8.6868e-05
1.67552     0    6.42435e-05
1.88496     0    5.63437e-05
2.0944     0    6.84578e-05
2.30383     0    4.17612e-05
2.51327     0    4.31038e-06
2.72271     0    1.22567e-05
2.93215     0    2.47314e-05
3.14159     0    8.62198e-06

-3.14159     0.20944    1.04591e-05
-2.93215     0.20944    6.08856e-06
-2.72271     0.20944    3.65328e-05
-2.51327     0.20944    6.45506e-05
-2.30383     0.20944    8.89099e-05
-2.0944     0.20944    9.91206e-05
-1.88496     0.20944    9.9411e-05
-1.67552     0.20944    9.94324e-05
-1.46608     0.20944    0.000115329
-1.25664     0.20944    0.000123488
-1.0472     0.20944    0.000136341
-0.837758     0.20944    0.000153615
-0.628319     0.20944    0.000152736
-0.418879     0.20944    0.000230099
-0.20944     0.20944    0.000342448
0     0.20944    0.000338185
0.20944     0.20944    0.000343399
0.418879     0.20944    0.000230411
0.628319     0.20944    0.000152947
0.837758     0.20944    0.000153605
1.0472     0.20944    0.000136371
1.25664     0.20944    0.000123486
1.46608     0.20944    0.000115333
1.67552     0.20944    9.94406e-05
1.88496     0.20944    9.94099e-05
2.0944     0.20944    9.91351e-05
2.30383     0.20944    8.89053e-05
2.51327     0.20944    6.4549e-05
2.72271     0.20944    3.65292e-05
2.93215     0.20944    6.08811e-06
3.14159     0.20944    1.04606e-05

-3.14159     0.418879    5.21132e-05
-2.93215     0.418879    6.82503e-05
-2.72271     0.418879    0.000118896
-2.51327     0.418879    0.000158476
-2.30383     0.418879    0.000164236
-2.0944     0.418879    0.000155074
-1.88496     0.418879    0.000163983
-1.67552     0.418879    0.000149124
-1.46608     0.418879    0.000118367
-1.25664     0.418879    9.91005e-05
-1.0472     0.418879    0.000100124
-0.837758     0.418879    8.155e-05
-0.628319     0.418879    0.000115604
-0.418879     0.418879    0.000196903
-0.20944     0.418879    0.000231266
0     0.418879    0.000330732
0.20944     0.418879    0.000230804
0.418879     0.418879    0.000197194
0.628319     0.418879    0.000115667
0.837758     0.418879    8.15134e-05
1.0472     0.418879    0.000100057
1.25664     0.418879    9.91204e-05
1.46608     0.418879    0.000118366
1.67552     0.418879    0.000149124
1.88496     0.418879    0.000163983
2.0944     0.418879    0.00015508
2.30383     0.418879    0.000164234
2.51327     0.418879    0.000158482
2.72271     0.418879    0.000118901
2.93215     0.418879    6.8253e-05
3.14159     0.418879    5.21113e-05

-3.14159     0.628319    0.000139303
-2.93215     0.628319    0.000164737
-2.72271     0.628319    0.000159944
-2.51327     0.628319    0.000195618
-2.30383     0.628319    0.000208834
-2.0944     0.628319    0.000208175
-1.88496     0.628319    0.000188706
-1.67552     0.628319    0.000160132
-1.46608     0.628319    0.000106906
-1.25664     0.628319    8.18344e-05
-1.0472     0.628319    5.74055e-05
-0.837758     0.628319    8.11683e-05
-0.628319     0.628319    0.000149703
-0.418879     0.628319    0.000169656
-0.20944     0.628319    0.000184741
0     0.628319    9.85122e-05
0.20944     0.628319    0.000185486
0.418879     0.628319    0.000169604
0.628319     0.628319    0.000149548
0.837758     0.628319    8.11055e-05
1.0472     0.628319    5.74556e-05
1.25664     0.628319    8.1845e-05
1.46608     0.628319    0.000106917
1.67552     0.628319    0.000160141
1.88496     0.628319    0.000188709
2.0944     0.628319    0.000208169
2.30383     0.628319    0.000208834
2.51327     0.628319    0.000195621
2.72271     0.628319    0.000159941
2.93215     0.628319    0.000164731
3.14159     0.628319    0.000139305

-3.14159     0.837758    0.000130811
-2.93215     0.837758    0.000176774
-2.72271     0.837758    0.000203346
-2.51327     0.837758    0.000201066
-2.30383     0.837758    0.000210543
-2.0944     0.837758    0.000229223
-1.88496     0.837758    0.000198613
-1.67552     0.837758    0.000167072
-1.46608     0.837758    0.000142835
-1.25664     0.837758    9.47113e-05
-1.0472     0.837758    8.6916e-05
-0.837758     0.837758    0.00013662
-0.628319     0.837758    0.000134915
-0.418879     0.837758    0.000141917
-0.20944     0.837758    0.00014878
0     0.837758    0.000125972
0.20944     0.837758    0.00014893
0.418879     0.837758    0.000141573
0.628319     0.837758    0.000134837
0.837758     0.837758    0.000136562
1.0472     0.837758    8.69303e-05
1.25664     0.837758    9.47125e-05
1.46608     0.837758    0.000142817
1.67552     0.837758    0.000167069
1.88496     0.837758    0.000198614
2.0944     0.837758    0.000229223
2.30383     0.837758    0.000210545
2.51327     0.837758    0.000201061
2.72271     0.837758    0.000203342
2.93215     0.837758    0.000176779
3.14159     0.837758    0.00013082

-3.14159     1.0472    0.000116829
-2.93215     1.0472    0.000195824
-2.72271     1.0472    0.000240041
-2.51327     1.0472    0.00022637
-2.30383     1.0472    0.000219597
-2.0944     1.0472    0.000225333
-1.88496     1.0472    0.00022049
-1.67552     1.0472    0.000185031
-1.46608     1.0472    0.000159421
-1.25664     1.0472    0.000118711
-1.0472     1.0472    0.000121305
-0.837758     1.0472    0.000109733
-0.628319     1.0472    0.000117104
-0.418879     1.0472    0.000130551
-0.20944     1.0472    0.000120198
0     1.0472    3.67364e-05
0.20944     1.0472    0.000120136
0.418879     1.0472    0.000130654
0.628319     1.0472    0.000117154
0.837758     1.0472    0.00010976
1.0472     1.0472    0.000121268
1.25664     1.0472    0.000118715
1.46608     1.0472    0.00015941
1.67552     1.0472    0.000185019
1.88496     1.0472    0.000220483
2.0944     1.0472    0.000225321
2.30383     1.0472    0.000219577
2.51327     1.0472    0.000226363
2.72271     1.0472    0.00024004
2.93215     1.0472    0.000195832
3.14159     1.0472    0.000116839

-3.14159     1.25664    8.18299e-05
-2.93215     1.25664    0.000170199
-2.72271     1.25664    0.000235117
-2.51327     1.25664    0.000257655
-2.30383     1.25664    0.000259407
-2.0944     1.25664    0.000232899
-1.88496     1.25664    0.00023028
-1.67552     1.25664    0.000204387
-1.46608     1.25664    0.000179024
-1.25664     1.25664    0.000163542
-1.0472     1.25664    0.000117945
-0.837758     1.25664    9.62431e-05
-0.628319     1.25664    0.000106549
-0.418879     1.25664    0.000120437
-0.20944     1.25664    9.62413e-05
0     1.25664    7.54296e-05
0.20944     1.25664    9.63569e-05
0.418879     1.25664    0.00012044
0.628319     1.25664    0.000106573
0.837758     1.25664    9.62418e-05
1.0472     1.25664    0.000117947
1.25664     1.25664    0.00016354
1.46608     1.25664    0.000179027
1.67552     1.25664    0.000204402
1.88496     1.25664    0.000230277
2.0944     1.25664    0.000232888
2.30383     1.25664    0.000259388
2.51327     1.25664    0.000257657
2.72271     1.25664    0.000235115
2.93215     1.25664    0.000170207
3.14159     1.25664    8.18379e-05

-3.14159     1.46608    2.95177e-05
-2.93215     1.46608    0.000141503
-2.72271     1.46608    0.000229256
-2.51327     1.46608    0.000243452
-2.30383     1.46608    0.00026007
-2.0944     1.46608    0.000226047
-1.88496     1.46608    0.000215045
-1.67552     1.46608    0.000224284
-1.46608     1.46608    0.00018725
-1.25664     1.46608    0.000146766
-1.0472     1.46608    8.59963e-05
-0.837758     1.46608    6.18251e-05
-0.628319     1.46608    9.53532e-05
-0.418879     1.46608    0.000125045
-0.20944     1.46608    8.87241e-05
0     1.46608    8.72776e-05
0.20944     1.46608    8.84478e-05
0.418879     1.46608    0.000125056
0.628319     1.46608    9.53468e-05
0.837758     1.46608    6.18232e-05
1.0472     1.46608    8.59947e-05
1.25664     1.46608    0.000146762
1.46608     1.46608    0.000187246
1.67552     1.46608    0.000224299
1.88496     1.46608    0.00021505
2.0944     1.46608    0.00022605
2.30383     1.46608    0.000260076
2.51327     1.46608    0.000243459
2.72271     1.46608    0.000229264
2.93215     1.46608    0.000141519
3.14159     1.46608    2.95249e-05

-3.14159     1.67552    2.26848e-06
-2.93215     1.67552    8.29294e-05
-2.72271     1.67552    0.000189525
-2.51327     1.67552    0.00023388
-2.30383     1.67552    0.000251181
-2.0944     1.67552    0.000213171
-1.88496     1.67552    0.000207989
-1.67552     1.67552    0.000208509
-1.46608     1.67552    0.000157805
-1.25664     1.67552    0.000109436
-1.0472     1.67552    6.77261e-05
-0.837758     1.67552    6.89605e-05
-0.628319     1.67552    0.000129083
-0.418879     1.67552    0.000153749
-0.20944     1.67552    0.000130333
0     1.67552    0.00013781
0.20944     1.67552    0.000130561
0.418879     1.67552    0.000153782
0.628319     1.67552    0.000129087
0.837758     1.67552    6.89741e-05
1.0472     1.67552    6.77413e-05
1.25664     1.67552    0.000109441
1.46608     1.67552    0.000157809
1.67552     1.67552    0.000208507
1.88496     1.67552    0.000207992
2.0944     1.67552    0.000213166
2.30383     1.67552    0.000251191
2.51327     1.67552    0.000233889
2.72271     1.67552    0.00018954
2.93215     1.67552    8.29373e-05
3.14159     1.67552    2.26387e-06

-3.14159     1.88496    7.43388e-06
-2.93215     1.88496    1.91675e-05
-2.72271     1.88496    0.000119673
-2.51327     1.88496    0.000195955
-2.30383     1.88496    0.000229513
-2.0944     1.88496    0.000208842
-1.88496     1.88496    0.000188182
-1.67552     1.88496    0.000182269
-1.46608     1.88496    0.000136902
-1.25664     1.88496    7.37532e-05
-1.0472     1.88496    6.72064e-05
-0.837758     1.88496    0.00010356
-0.628319     1.88496    0.000155831
-0.418879     1.88496    0.000180439
-0.20944     1.88496    0.000173371
0     1.88496    0.00017752
0.20944     1.88496    0.000173289
0.418879     1.88496    0.000180399
0.628319     1.88496    0.000155839
0.837758     1.88496    0.000103556
1.0472     1.88496    6.72137e-05
1.25664     1.88496    7.37612e-05
1.46608     1.88496    0.000136911
1.67552     1.88496    0.00018227
1.88496     1.88496    0.000188184
2.0944     1.88496    0.000208846
2.30383     1.88496    0.000229521
2.51327     1.88496    0.000195966
2.72271     1.88496    0.000119683
2.93215     1.88496    1.91773e-05
3.14159     1.88496    7.42991e-06

-3.14159     2.0944    1.69079e-05
-2.93215     2.0944    7.2914e-06
-2.72271     2.0944    4.9502e-05
-2.51327     2.0944    0.000129579
-2.30383     2.0944    0.000182252
-2.0944     2.0944    0.000184927
-1.88496     2.0944    0.00014953
-1.67552     2.0944    0.000137328
-1.46608     2.0944    6.28896e-05
-1.25664     2.0944    1.5093e-05
-1.0472     2.0944    5.92292e-05
-0.837758     2.0944    0.000127023
-0.628319     2.0944    0.000178533
-0.418879     2.0944    0.000213695
-0.20944     2.0944    0.000205286
0     2.0944    0.000204776
0.20944     2.0944    0.000205325
0.418879     2.0944    0.000213772
0.628319     2.0944    0.000178533
0.837758     2.0944    0.000127034
1.0472     2.0944    5.92453e-05
1.25664     2.0944    1.51067e-05
1.46608     2.0944    6.29095e-05
1.67552     2.0944    0.000137337
1.88496     2.0944    0.000149533
2.0944     2.0944    0.00018493
2.30383     2.0944    0.000182255
2.51327     2.0944    0.000129587
2.72271     2.0944    4.95116e-05
2.93215     2.0944    7.2858e-06
3.14159     2.0944    1.69144e-05

-3.14159     2.30383    6.40289e-05
-2.93215     2.30383    1.3308e-05
-2.72271     2.30383    3.76595e-06
-2.51327     2.30383    7.95068e-05
-2.30383     2.30383    0.000127942
-2.0944     2.30383    0.000155044
-1.88496     2.30383    0.000107145
-1.67552     2.30383    3.44366e-05
-1.46608     2.30383    5.28895e-06
-1.25664     2.30383    4.22084e-06
-1.0472     2.30383    8.14963e-05
-0.837758     2.30383    0.000172771
-0.628319     2.30383    0.000206261
-0.418879     2.30383    0.000223591
-0.20944     2.30383    0.000226226
0     2.30383    0.000236659
0.20944     2.30383    0.000226218
0.418879     2.30383    0.000223514
0.628319     2.30383    0.000206264
0.837758     2.30383    0.000172767
1.0472     2.30383    8.15e-05
1.25664     2.30383    4.23446e-06
1.46608     2.30383    5.30324e-06
1.67552     2.30383    3.44453e-05
1.88496     2.30383    0.000107149
2.0944     2.30383    0.000155043
2.30383     2.30383    0.000127949
2.51327     2.30383    7.95156e-05
2.72271     2.30383    3.75641e-06
2.93215     2.30383    1.3308e-05
3.14159     2.30383    6.40367e-05

-3.14159     2.51327    0.000110354
-2.93215     2.51327    9.29813e-06
-2.72271     2.51327    2.41874e-05
-2.51327     2.51327    1.40901e-05
-2.30383     2.51327    6.43814e-05
-2.0944     2.51327    0.000102077
-1.88496     2.51327    3.30667e-05
-1.67552     2.51327    1.53231e-05
-1.46608     2.51327    2.39328e-05
-1.25664     2.51327    5.846e-07
-1.0472     2.51327    0.000100098
-0.837758     2.51327    0.000167009
-0.628319     2.51327    0.000199689
-0.418879     2.51327    0.00020178
-0.20944     2.51327    0.000225999
0     2.51327    0.0002393
0.20944     2.51327    0.000225975
0.418879     2.51327    0.000201854
0.628319     2.51327    0.000199695
0.837758     2.51327    0.000167024
1.0472     2.51327    0.0001001
1.25664     2.51327    5.94996e-07
1.46608     2.51327    2.39424e-05
1.67552     2.51327    1.53131e-05
1.88496     2.51327    3.30781e-05
2.0944     2.51327    0.000102088
2.30383     2.51327    6.43951e-05
2.51327     2.51327    1.40786e-05
2.72271     2.51327    2.41841e-05
2.93215     2.51327    9.30483e-06
3.14159     2.51327    0.000110363

-3.14159     2.72271    0.00012465
-2.93215     2.72271    3.58797e-05
-2.72271     2.72271    2.91903e-05
-2.51327     2.72271    1.21114e-05
-2.30383     2.72271    7.96075e-06
-2.0944     2.72271    2.1421e-05
-1.88496     2.72271    1.35349e-05
-1.67552     2.72271    6.41513e-06
-1.46608     2.72271    5.46672e-06
-1.25664     2.72271    1.90861e-06
-1.0472     2.72271    0.000102064
-0.837758     2.72271    0.000158732
-0.628319     2.72271    0.000202252
-0.418879     2.72271    0.000224136
-0.20944     2.72271    0.00024804
0     2.72271    0.000268531
0.20944     2.72271    0.00024808
0.418879     2.72271    0.000224074
0.628319     2.72271    0.000202252
0.837758     2.72271    0.000158732
1.0472     2.72271    0.000102067
1.25664     2.72271    1.89829e-06
1.46608     2.72271    5.47484e-06
1.67552     2.72271    6.42415e-06
1.88496     2.72271    1.3521e-05
2.0944     2.72271    2.14116e-05
2.30383     2.72271    7.97079e-06
2.51327     2.72271    1.2104e-05
2.72271     2.72271    2.91874e-05
2.93215     2.72271    3.58822e-05
3.14159     2.72271    0.00012466

-3.14159     2.93215    0.000143714
-2.93215     2.93215    5.83207e-05
-2.72271     2.93215    8.44259e-06
-2.51327     2.93215    2.90302e-05
-2.30383     2.93215    8.7403e-05
-2.0944     2.93215    7.94968e-05
-1.88496     2.93215    4.10281e-08
-1.67552     2.93215    2.5276e-05
-1.46608     2.93215    8.87956e-06
-1.25664     2.93215    2.71387e-05
-1.0472     2.93215    0.000132386
-0.837758     2.93215    0.000172099
-0.628319     2.93215    0.000203758
-0.418879     2.93215    0.000238637
-0.20944     2.93215    0.000250507
0     2.93215    0.000241283
0.20944     2.93215    0.000250466
0.418879     2.93215    0.000238673
0.628319     2.93215    0.000203764
0.837758     2.93215    0.000172108
1.0472     2.93215    0.000132387
1.25664     2.93215    2.7138e-05
1.46608     2.93215    8.87532e-06
1.67552     2.93215    2.5281e-05
1.88496     2.93215    4.96967e-08
2.0944     2.93215    7.94792e-05
2.30383     2.93215    8.7392e-05
2.51327     2.93215    2.9027e-05
2.72271     2.93215    8.43571e-06
2.93215     2.93215    5.83249e-05
3.14159     2.93215    0.000143718

-3.14159     3.14159    8.85313e-05
-2.93215     3.14159    1.81613e-05
-2.72271     3.14159    5.0618e-05
-2.51327     3.14159    0.000110291
-2.30383     3.14159    8.42246e-05
-2.0944     3.14159    2.0361e-05
-1.88496     3.14159    1.79984e-05
-1.67552     3.14159    8.5296e-06
-1.46608     3.14159    3.81493e-05
-1.25664     3.14159    1.78198e-05
-1.0472     3.14159    0.000109551
-0.837758     3.14159    0.000130721
-0.628319     3.14159    0.000161198
-0.418879     3.14159    0.000179354
-0.20944     3.14159    0.000197192
0     3.14159    0.000216408
0.20944     3.14159    0.000197224
0.418879     3.14159    0.00017936
0.628319     3.14159    0.000161205
0.837758     3.14159    0.000130728
1.0472     3.14159    0.000109553
1.25664     3.14159    1.78198e-05
1.46608     3.14159    3.81437e-05
1.67552     3.14159    8.52983e-06
1.88496     3.14159    1.80036e-05
2.0944     3.14159    2.0348e-05
2.30383     3.14159    8.42088e-05
2.51327     3.14159    0.000110286
2.72271     3.14159    5.06117e-05
2.93215     3.14159    1.8168e-05
3.14159     3.14159    8.85298e-05

