-3.14159     -3.14159    1.67973e-05
-2.93215     -3.14159    2.22069e-05
-2.72271     -3.14159    2.68372e-05
-2.51327     -3.14159    2.94789e-05
-2.30383     -3.14159    3.01416e-05
-2.0944     -3.14159    3.00202e-05
-1.88496     -3.14159    2.99393e-05
-1.67552     -3.14159    2.96635e-05
-1.46608     -3.14159    2.7501e-05
-1.25664     -3.14159    2.22219e-05
-1.0472     -3.14159    1.5583e-05
-0.837758     -3.14159    9.70689e-06
-0.628319     -3.14159    5.42187e-06
-0.418879     -3.14159    2.73755e-06
-0.20944     -3.14159    1.34571e-06
0     -3.14159    9.42051e-07
0.20944     -3.14159    1.33588e-06
0.418879     -3.14159    2.73665e-06
0.628319     -3.14159    5.42367e-06
0.837758     -3.14159    9.71983e-06
1.0472     -3.14159    1.55717e-05
1.25664     -3.14159    2.22322e-05
1.46608     -3.14159    2.75013e-05
1.67552     -3.14159    2.96692e-05
1.88496     -3.14159    2.9935e-05
2.0944     -3.14159    3.00132e-05
2.30383     -3.14159    3.01623e-05
2.51327     -3.14159    2.94948e-05
2.72271     -3.14159    2.68477e-05
2.93215     -3.14159    2.22058e-05
3.14159     -3.14159    1.67916e-05

-3.14159     -2.93215    1.21371e-05
-2.93215     -2.93215    1.80072e-05
-2.72271     -2.93215    2.3281e-05
-2.51327     -2.93215    2.66236e-05
-2.30383     -2.93215    2.82364e-05
-2.0944     -2.93215    2.8884e-05
-1.88496     -2.93215    2.89153e-05
-1.67552     -2.93215    2.82222e-05
-1.46608     -2.93215    2.57146e-05
-1.25664     -2.93215    2.01251e-05
-1.0472     -2.93215    1.30123e-05
-0.837758     -2.93215    7.00713e-06
-0.628319     -2.93215    3.00036e-06
-0.418879     -2.93215    7.46723e-07
-0.20944     -2.93215    3.52563e-07
0     -2.93215    6.41937e-07
0.20944     -2.93215    3.44776e-07
0.418879     -2.93215    7.41386e-07
0.628319     -2.93215    3.00336e-06
0.837758     -2.93215    7.01156e-06
1.0472     -2.93215    1.30201e-05
1.25664     -2.93215    2.01211e-05
1.46608     -2.93215    2.57171e-05
1.67552     -2.93215    2.82327e-05
1.88496     -2.93215    2.89073e-05
2.0944     -2.93215    2.8883e-05
2.30383     -2.93215    2.82538e-05
2.51327     -2.93215    2.66294e-05
2.72271     -2.93215    2.32946e-05
2.93215     -2.93215    1.80176e-05
3.14159     -2.93215    1.21254e-05

-3.14159     -2.72271    9.05965e-06
-2.93215     -2.72271    1.48134e-05
-2.72271     -2.72271    1.95906e-05
-2.51327     -2.72271    2.21593e-05
-2.30383     -2.72271    2.32635e-05
-2.0944     -2.72271    2.41915e-05
-1.88496     -2.72271    2.51804e-05
-1.67552     -2.72271    2.54692e-05
-1.46608     -2.72271    2.3729e-05
-1.25664     -2.72271    1.8666e-05
-1.0472     -2.72271    1.15788e-05
-0.837758     -2.72271    5.64404e-06
-0.628319     -2.72271    1.97265e-06
-0.418879     -2.72271    8.37963e-08
-0.20944     -2.72271    7.59139e-07
0     -2.72271    1.29972e-06
0.20944     -2.72271    7.6777e-07
0.418879     -2.72271    6.53995e-08
0.628319     -2.72271    1.96963e-06
0.837758     -2.72271    5.6476e-06
1.0472     -2.72271    1.1581e-05
1.25664     -2.72271    1.86658e-05
1.46608     -2.72271    2.37217e-05
1.67552     -2.72271    2.54685e-05
1.88496     -2.72271    2.51686e-05
2.0944     -2.72271    2.41916e-05
2.30383     -2.72271    2.32714e-05
2.51327     -2.72271    2.21485e-05
2.72271     -2.72271    1.96026e-05
2.93215     -2.72271    1.48177e-05
3.14159     -2.72271    9.05504e-06

-3.14159     -2.51327    7.43698e-06
-2.93215     -2.51327    1.25008e-05
-2.72271     -2.51327    1.58067e-05
-2.51327     -2.51327    1.67103e-05
-2.30383     -2.51327    1.66297e-05
-2.0944     -2.51327    1.72513e-05
-1.88496     -2.51327    1.90228e-05
-1.67552     -2.51327    2.0936e-05
-1.46608     -2.51327    2.09137e-05
-1.25664     -2.51327    1.7278e-05
-1.0472     -2.51327    1.08335e-05
-0.837758     -2.51327    5.10092e-06
-0.628319     -2.51327    1.65239e-06
-0.418879     -2.51327    5.11825e-08
-0.20944     -2.51327    6.87169e-07
0     -2.51327    8.3387e-07
0.20944     -2.51327    6.69439e-07
0.418879     -2.51327    5.61081e-08
0.628319     -2.51327    1.65437e-06
0.837758     -2.51327    5.10186e-06
1.0472     -2.51327    1.08326e-05
1.25664     -2.51327    1.72771e-05
1.46608     -2.51327    2.0904e-05
1.67552     -2.51327    2.09428e-05
1.88496     -2.51327    1.90322e-05
2.0944     -2.51327    1.72501e-05
2.30383     -2.51327    1.66264e-05
2.51327     -2.51327    1.6715e-05
2.72271     -2.51327    1.58084e-05
2.93215     -2.51327    1.24934e-05
3.14159     -2.51327    7.43244e-06

-3.14159     -2.30383    7.00148e-06
-2.93215     -2.30383    1.0683e-05
-2.72271     -2.30383    1.17671e-05
-2.51327     -2.30383    1.08479e-05
-2.30383     -2.30383    9.93951e-06
-2.0944     -2.30383    1.02847e-05
-1.88496     -2.30383    1.20832e-05
-1.67552     -2.30383    1.47832e-05
-1.46608     -2.30383    1.6599e-05
-1.25664     -2.30383    1.51196e-05
-1.0472     -2.30383    1.01566e-05
-0.837758     -2.30383    4.88018e-06
-0.628319     -2.30383    1.59169e-06
-0.418879     -2.30383    5.04174e-08
-0.20944     -2.30383    5.72715e-07
0     -2.30383    1.36786e-06
0.20944     -2.30383    5.74214e-07
0.418879     -2.30383    4.51946e-08
0.628319     -2.30383    1.58362e-06
0.837758     -2.30383    4.87073e-06
1.0472     -2.30383    1.0162e-05
1.25664     -2.30383    1.51198e-05
1.46608     -2.30383    1.65956e-05
1.67552     -2.30383    1.47739e-05
1.88496     -2.30383    1.20823e-05
2.0944     -2.30383    1.02828e-05
2.30383     -2.30383    9.93759e-06
2.51327     -2.30383    1.0843e-05
2.72271     -2.30383    1.17644e-05
2.93215     -2.30383    1.06784e-05
3.14159     -2.30383    7.00056e-06

-3.14159     -2.0944    7.26234e-06
-2.93215     -2.0944    8.85441e-06
-2.72271     -2.0944    7.70451e-06
-2.51327     -2.0944    5.70389e-06
-2.30383     -2.0944    4.62266e-06
-2.0944     -2.0944    4.8679e-06
-1.88496     -2.0944    6.27719e-06
-1.67552     -2.0944    8.61333e-06
-1.46608     -2.0944    1.11498e-05
-1.25664     -2.0944    1.17306e-05
-1.0472     -2.0944    8.92723e-06
-0.837758     -2.0944    4.60765e-06
-0.628319     -2.0944    1.48008e-06
-0.418879     -2.0944    6.69014e-08
-0.20944     -2.0944    6.49389e-07
0     -2.0944    6.82762e-07
0.20944     -2.0944    6.79826e-07
0.418879     -2.0944    3.85171e-08
0.628319     -2.0944    1.48739e-06
0.837758     -2.0944    4.59798e-06
1.0472     -2.0944    8.9214e-06
1.25664     -2.0944    1.17328e-05
1.46608     -2.0944    1.11459e-05
1.67552     -2.0944    8.61574e-06
1.88496     -2.0944    6.27432e-06
2.0944     -2.0944    4.86995e-06
2.30383     -2.0944    4.61245e-06
2.51327     -2.0944    5.69755e-06
2.72271     -2.0944    7.71248e-06
2.93215     -2.0944    8.85413e-06
3.14159     -2.0944    7.26676e-06

-3.14159     -1.88496    7.58175e-06
-2.93215     -1.88496    6.84336e-06
-2.72271     -1.88496    4.1883e-06
-2.51327     -1.88496    2.05421e-06
-2.30383     -1.88496    1.28925e-06
-2.0944     -1.88496    1.54465e-06
-1.88496     -1.88496    2.51058e-06
-1.67552     -1.88496    4.07552e-06
-1.46608     -1.88496    6.11207e-06
-1.25664     -1.88496    7.60691e-06
-1.0472     -1.88496    6.8233e-06
-0.837758     -1.88496    3.91394e-06
-0.628319     -1.88496    1.16528e-06
-0.418879     -1.88496    3.78518e-07
-0.20944     -1.88496    1.00867e-06
0     -1.88496    1.59111e-06
0.20944     -1.88496    9.62518e-07
0.418879     -1.88496    3.84858e-07
0.628319     -1.88496    1.1742e-06
0.837758     -1.88496    3.9273e-06
1.0472     -1.88496    6.81146e-06
1.25664     -1.88496    7.60921e-06
1.46608     -1.88496    6.10274e-06
1.67552     -1.88496    4.07861e-06
1.88496     -1.88496    2.51612e-06
2.0944     -1.88496    1.54406e-06
2.30383     -1.88496    1.29026e-06
2.51327     -1.88496    2.05442e-06
2.72271     -1.88496    4.19071e-06
2.93215     -1.88496    6.8378e-06
3.14159     -1.88496    7.58308e-06

-3.14159     -1.67552    7.50864e-06
-2.93215     -1.67552    4.8171e-06
-2.72271     -1.67552    1.73222e-06
-2.51327     -1.67552    6.05458e-08
-2.30383     -1.67552    3.41252e-07
-2.0944     -1.67552    6.46225e-08
-1.88496     -1.67552    5.39074e-07
-1.67552     -1.67552    1.41925e-06
-1.46608     -1.67552    2.60658e-06
-1.25664     -1.67552    3.85852e-06
-1.0472     -1.67552    4.12239e-06
-0.837758     -1.67552    2.66015e-06
-0.628319     -1.67552    5.42634e-07
-0.418879     -1.67552    9.21972e-07
-0.20944     -1.67552    1.56441e-06
0     -1.67552    1.6207e-06
0.20944     -1.67552    1.60562e-06
0.418879     -1.67552    9.19926e-07
0.628319     -1.67552    5.47661e-07
0.837758     -1.67552    2.66101e-06
1.0472     -1.67552    4.12893e-06
1.25664     -1.67552    3.86114e-06
1.46608     -1.67552    2.61602e-06
1.67552     -1.67552    1.41919e-06
1.88496     -1.67552    5.35458e-07
2.0944     -1.67552    6.23912e-08
2.30383     -1.67552    3.34937e-07
2.51327     -1.67552    6.09656e-08
2.72271     -1.67552    1.73889e-06
2.93215     -1.67552    4.80677e-06
3.14159     -1.67552    7.51114e-06

-3.14159     -1.46608    7.14227e-06
-2.93215     -1.46608    3.30069e-06
-2.72271     -1.46608    4.48637e-07
-2.51327     -1.46608    7.44457e-07
-2.30383     -1.46608    9.27286e-07
-2.0944     -1.46608    6.85096e-07
-1.88496     -1.46608    3.26058e-07
-1.67552     -1.46608    5.51627e-08
-1.46608     -1.46608    5.46872e-07
-1.25664     -1.46608    1.14069e-06
-1.0472     -1.46608    1.50249e-06
-0.837758     -1.46608    9.43207e-07
-0.628319     -1.46608    4.88722e-07
-0.418879     -1.46608    1.75263e-06
-0.20944     -1.46608    2.45921e-06
0     -1.46608    2.46742e-06
0.20944     -1.46608    2.43595e-06
0.418879     -1.46608    1.75292e-06
0.628319     -1.46608    4.68812e-07
0.837758     -1.46608    9.32787e-07
1.0472     -1.46608    1.49261e-06
1.25664     -1.46608    1.15217e-06
1.46608     -1.46608    5.38813e-07
1.67552     -1.46608    6.96587e-08
1.88496     -1.46608    3.24124e-07
2.0944     -1.46608    6.74097e-07
2.30383     -1.46608    9.28026e-07
2.51327     -1.46608    7.46676e-07
2.72271     -1.46608    4.53708e-07
2.93215     -1.46608    3.2906e-06
3.14159     -1.46608    7.14605e-06

-3.14159     -1.25664    7.03559e-06
-2.93215     -1.25664    2.75006e-06
-2.72271     -1.25664    1.88831e-07
-2.51327     -1.25664    7.94578e-07
-2.30383     -1.25664    9.25025e-07
-2.0944     -1.25664    8.06943e-07
-1.88496     -1.25664    6.47168e-07
-1.67552     -1.25664    6.09059e-07
-1.46608     -1.25664    5.82627e-07
-1.25664     -1.25664    5.86127e-07
-1.0472     -1.25664    5.72431e-07
-0.837758     -1.25664    9.13495e-07
-0.628319     -1.25664    1.78618e-06
-0.418879     -1.25664    2.86577e-06
-0.20944     -1.25664    3.51136e-06
0     -1.25664    4.34551e-06
0.20944     -1.25664    3.57352e-06
0.418879     -1.25664    2.89115e-06
0.628319     -1.25664    1.78076e-06
0.837758     -1.25664    9.04997e-07
1.0472     -1.25664    5.72654e-07
1.25664     -1.25664    5.85012e-07
1.46608     -1.25664    5.94311e-07
1.67552     -1.25664    6.18012e-07
1.88496     -1.25664    6.46825e-07
2.0944     -1.25664    7.98593e-07
2.30383     -1.25664    9.2897e-07
2.51327     -1.25664    7.98754e-07
2.72271     -1.25664    1.79826e-07
2.93215     -1.25664    2.74356e-06
3.14159     -1.25664    7.03238e-06

-3.14159     -1.0472    7.81352e-06
-2.93215     -1.0472    3.30278e-06
-2.72271     -1.0472    7.59989e-07
-2.51327     -1.0472    3.00109e-07
-2.30383     -1.0472    6.16118e-07
-2.0944     -1.0472    6.7534e-07
-1.88496     -1.0472    7.68089e-07
-1.67552     -1.0472    9.56007e-07
-1.46608     -1.0472    1.26997e-06
-1.25664     -1.0472    1.67941e-06
-1.0472     -1.0472    2.10302e-06
-0.837758     -1.0472    2.54909e-06
-0.628319     -1.0472    3.26691e-06
-0.418879     -1.0472    4.0366e-06
-0.20944     -1.0472    4.78143e-06
0     -1.0472    3.78117e-06
0.20944     -1.0472    4.74209e-06
0.418879     -1.0472    4.01554e-06
0.628319     -1.0472    3.24026e-06
0.837758     -1.0472    2.55845e-06
1.0472     -1.0472    2.09456e-06
1.25664     -1.0472    1.67454e-06
1.46608     -1.0472    1.25432e-06
1.67552     -1.0472    9.53249e-07
1.88496     -1.0472    7.69107e-07
2.0944     -1.0472    6.67153e-07
2.30383     -1.0472    6.1492e-07
2.51327     -1.0472    3.0161e-07
2.72271     -1.0472    7.52229e-07
2.93215     -1.0472    3.3005e-06
3.14159     -1.0472    7.80965e-06

-3.14159     -0.837758    9.87373e-06
-2.93215     -0.837758    5.15896e-06
-2.72271     -0.837758    2.23924e-06
-2.51327     -0.837758    7.48222e-07
-2.30383     -0.837758    5.80103e-08
-2.0944     -0.837758    3.5013e-07
-1.88496     -0.837758    7.05523e-07
-1.67552     -0.837758    1.13102e-06
-1.46608     -0.837758    1.71865e-06
-1.25664     -0.837758    2.4011e-06
-1.0472     -0.837758    3.16629e-06
-0.837758     -0.837758    3.93842e-06
-0.628319     -0.837758    4.71273e-06
-0.418879     -0.837758    5.63924e-06
-0.20944     -0.837758    6.2633e-06
0     -0.837758    8.42897e-06
0.20944     -0.837758    6.27306e-06
0.418879     -0.837758    5.66101e-06
0.628319     -0.837758    4.69156e-06
0.837758     -0.837758    3.9443e-06
1.0472     -0.837758    3.17504e-06
1.25664     -0.837758    2.41068e-06
1.46608     -0.837758    1.72714e-06
1.67552     -0.837758    1.13173e-06
1.88496     -0.837758    7.00839e-07
2.0944     -0.837758    3.39705e-07
2.30383     -0.837758    5.91103e-08
2.51327     -0.837758    7.47654e-07
2.72271     -0.837758    2.24309e-06
2.93215     -0.837758    5.16138e-06
3.14159     -0.837758    9.86682e-06

-3.14159     -0.628319    1.34742e-05
-2.93215     -0.628319    8.51141e-06
-2.72271     -0.628319    5.00342e-06
-2.51327     -0.628319    2.75388e-06
-2.30383     -0.628319    1.38406e-06
-2.0944     -0.628319    4.41001e-07
-1.88496     -0.628319    3.42706e-07
-1.67552     -0.628319    1.10442e-06
-1.46608     -0.628319    1.94377e-06
-1.25664     -0.628319    2.91909e-06
-1.0472     -0.628319    3.88643e-06
-0.837758     -0.628319    4.96746e-06
-0.628319     -0.628319    6.07261e-06
-0.418879     -0.628319    7.03121e-06
-0.20944     -0.628319    8.21981e-06
0     -0.628319    6.26734e-06
0.20944     -0.628319    8.20761e-06
0.418879     -0.628319    7.00155e-06
0.628319     -0.628319    6.08959e-06
0.837758     -0.628319    4.94451e-06
1.0472     -0.628319    3.86836e-06
1.25664     -0.628319    2.9334e-06
1.46608     -0.628319    1.96405e-06
1.67552     -0.628319    1.12051e-06
1.88496     -0.628319    3.43625e-07
2.0944     -0.628319    4.48186e-07
2.30383     -0.628319    1.3742e-06
2.51327     -0.628319    2.75344e-06
2.72271     -0.628319    5.00828e-06
2.93215     -0.628319    8.51079e-06
3.14159     -0.628319    1.34627e-05

-3.14159     -0.418879    1.84856e-05
-2.93215     -0.418879    1.36231e-05
-2.72271     -0.418879    9.46524e-06
-2.51327     -0.418879    6.23478e-06
-2.30383     -0.418879    3.83049e-06
-2.0944     -0.418879    2.06002e-06
-1.88496     -0.418879    6.0271e-07
-1.67552     -0.418879    6.90185e-07
-1.46608     -0.418879    1.91496e-06
-1.25664     -0.418879    3.18495e-06
-1.0472     -0.418879    4.41636e-06
-0.837758     -0.418879    5.73831e-06
-0.628319     -0.418879    7.30409e-06
-0.418879     -0.418879    9.22699e-06
-0.20944     -0.418879    1.04416e-05
0     -0.418879    1.45816e-05
0.20944     -0.418879    1.08685e-05
0.418879     -0.418879    9.43252e-06
0.628319     -0.418879    7.30664e-06
0.837758     -0.418879    5.71865e-06
1.0472     -0.418879    4.42804e-06
1.25664     -0.418879    3.16508e-06
1.46608     -0.418879    1.91729e-06
1.67552     -0.418879    6.77228e-07
1.88496     -0.418879    6.02487e-07
2.0944     -0.418879    2.05701e-06
2.30383     -0.418879    3.83808e-06
2.51327     -0.418879    6.23006e-06
2.72271     -0.418879    9.45669e-06
2.93215     -0.418879    1.36156e-05
3.14159     -0.418879    1.84828e-05

-3.14159     -0.20944    2.31153e-05
-2.93215     -0.20944    1.89979e-05
-2.72271     -0.20944    1.47661e-05
-2.51327     -0.20944    1.08034e-05
-2.30383     -0.20944    7.36873e-06
-2.0944     -0.20944    4.5227e-06
-1.88496     -0.20944    2.19234e-06
-1.67552     -0.20944    2.2731e-07
-1.46608     -0.20944    1.50606e-06
-1.25664     -0.20944    3.06542e-06
-1.0472     -0.20944    4.61606e-06
-0.837758     -0.20944    6.26244e-06
-0.628319     -0.20944    8.22041e-06
-0.418879     -0.20944    1.07617e-05
-0.20944     -0.20944    1.28696e-05
0     -0.20944    1.42229e-05
0.20944     -0.20944    1.47413e-05
0.418879     -0.20944    1.12092e-05
0.628319     -0.20944    8.22462e-06
0.837758     -0.20944    6.25271e-06
1.0472     -0.20944    4.6612e-06
1.25664     -0.20944    3.09272e-06
1.46608     -0.20944    1.49253e-06
1.67552     -0.20944    2.31755e-07
1.88496     -0.20944    2.20312e-06
2.0944     -0.20944    4.51859e-06
2.30383     -0.20944    7.37093e-06
2.51327     -0.20944    1.08142e-05
2.72271     -0.20944    1.47684e-05
2.93215     -0.20944    1.89986e-05
3.14159     -0.20944    2.31125e-05

-3.14159     0    2.49583e-05
-2.93215     0    2.13448e-05
-2.72271     0    1.73731e-05
-2.51327     0    1.32061e-05
-2.30383     0    9.29441e-06
-2.0944     0    5.93093e-06
-1.88496     0    3.1083e-06
-1.67552     0    7.95293e-07
-1.46608     0    1.1799e-06
-1.25664     0    2.95591e-06
-1.0472     0    4.60762e-06
-0.837758     0    6.39983e-06
-0.628319     0    8.61233e-06
-0.418879     0    1.07837e-05
-0.20944     0    1.55866e-05
0     0    3.85183e-16
0.20944     0    1.55866e-05
0.418879     0    1.07837e-05
0.628319     0    8.61233e-06
0.837758     0    6.39983e-06
1.0472     0    4.60762e-06
1.25664     0    2.95591e-06
1.46608     0    1.1799e-06
1.67552     0    7.95293e-07
1.88496     0    3.1083e-06
2.0944     0    5.93093e-06
2.30383     0    9.29441e-06
2.51327     0    1.32061e-05
2.72271     0    1.73731e-05
2.93215     0    2.13448e-05
3.14159     0    2.49583e-05

-3.14159     0.20944    2.31125e-05
-2.93215     0.20944    1.89986e-05
-2.72271     0.20944    1.47684e-05
-2.51327     0.20944    1.08142e-05
-2.30383     0.20944    7.37093e-06
-2.0944     0.20944    4.51859e-06
-1.88496     0.20944    2.20312e-06
-1.67552     0.20944    2.31755e-07
-1.46608     0.20944    1.49253e-06
-1.25664     0.20944    3.09272e-06
-1.0472     0.20944    4.6612e-06
-0.837758     0.20944    6.25271e-06
-0.628319     0.20944    8.22462e-06
-0.418879     0.20944    1.12092e-05
-0.20944     0.20944    1.47413e-05
0     0.20944    1.42229e-05
0.20944     0.20944    1.28696e-05
0.418879     0.20944    1.07617e-05
0.628319     0.20944    8.22041e-06
0.837758     0.20944    6.26244e-06
1.0472     0.20944    4.61606e-06
1.25664     0.20944    3.06542e-06
1.46608     0.20944    1.50606e-06
1.67552     0.20944    2.2731e-07
1.88496     0.20944    2.19234e-06
2.0944     0.20944    4.5227e-06
2.30383     0.20944    7.36873e-06
2.51327     0.20944    1.08034e-05
2.72271     0.20944    1.47661e-05
2.93215     0.20944    1.89979e-05
3.14159     0.20944    2.31153e-05

-3.14159     0.418879    1.84828e-05
-2.93215     0.418879    1.36156e-05
-2.72271     0.418879    9.45669e-06
-2.51327     0.418879    6.23006e-06
-2.30383     0.418879    3.83808e-06
-2.0944     0.418879    2.05701e-06
-1.88496     0.418879    6.02487e-07
-1.67552     0.418879    6.77228e-07
-1.46608     0.418879    1.91729e-06
-1.25664     0.418879    3.16508e-06
-1.0472     0.418879    4.42804e-06
-0.837758     0.418879    5.71865e-06
-0.628319     0.418879    7.30664e-06
-0.418879     0.418879    9.43252e-06
-0.20944     0.418879    1.08685e-05
0     0.418879    1.45816e-05
0.20944     0.418879    1.04416e-05
0.418879     0.418879    9.22699e-06
0.628319     0.418879    7.30409e-06
0.837758     0.418879    5.73831e-06
1.0472     0.418879    4.41636e-06
1.25664     0.418879    3.18495e-06
1.46608     0.418879    1.91496e-06
1.67552     0.418879    6.90185e-07
1.88496     0.418879    6.0271e-07
2.0944     0.418879    2.06002e-06
2.30383     0.418879    3.83049e-06
2.51327     0.418879    6.23478e-06
2.72271     0.418879    9.46524e-06
2.93215     0.418879    1.36231e-05
3.14159     0.418879    1.84856e-05

-3.14159     0.628319    1.34627e-05
-2.93215     0.628319    8.51079e-06
-2.72271     0.628319    5.00828e-06
-2.51327     0.628319    2.75344e-06
-2.30383     0.628319    1.3742e-06
-2.0944     0.628319    4.48186e-07
-1.88496     0.628319    3.43625e-07
-1.67552     0.628319    1.12051e-06
-1.46608     0.628319    1.96405e-06
-1.25664     0.628319    2.9334e-06
-1.0472     0.628319    3.86836e-06
-0.837758     0.628319    4.94451e-06
-0.628319     0.628319    6.08959e-06
-0.418879     0.628319    7.00155e-06
-0.20944     0.628319    8.20761e-06
0     0.628319    6.26734e-06
0.20944     0.628319    8.21981e-06
0.418879     0.628319    7.03121e-06
0.628319     0.628319    6.07261e-06
0.837758     0.628319    4.96746e-06
1.0472     0.628319    3.88643e-06
1.25664     0.628319    2.91909e-06
1.46608     0.628319    1.94377e-06
1.67552     0.628319    1.10442e-06
1.88496     0.628319    3.42706e-07
2.0944     0.628319    4.41001e-07
2.30383     0.628319    1.38406e-06
2.51327     0.628319    2.75388e-06
2.72271     0.628319    5.00342e-06
2.93215     0.628319    8.51141e-06
3.14159     0.628319    1.34742e-05

-3.14159     0.837758    9.86682e-06
-2.93215     0.837758    5.16138e-06
-2.72271     0.837758    2.24309e-06
-2.51327     0.837758    7.47654e-07
-2.30383     0.837758    5.91103e-08
-2.0944     0.837758    3.39705e-07
-1.88496     0.837758    7.00839e-07
-1.67552     0.837758    1.13173e-06
-1.46608     0.837758    1.72714e-06
-1.25664     0.837758    2.41068e-06
-1.0472     0.837758    3.17504e-06
-0.837758     0.837758    3.9443e-06
-0.628319     0.837758    4.69156e-06
-0.418879     0.837758    5.66101e-06
-0.20944     0.837758    6.27306e-06
0     0.837758    8.42897e-06
0.20944     0.837758    6.2633e-06
0.418879     0.837758    5.63924e-06
0.628319     0.837758    4.71273e-06
0.837758     0.837758    3.93842e-06
1.0472     0.837758    3.16629e-06
1.25664     0.837758    2.4011e-06
1.46608     0.837758    1.71865e-06
1.67552     0.837758    1.13102e-06
1.88496     0.837758    7.05523e-07
2.0944     0.837758    3.5013e-07
2.30383     0.837758    5.80103e-08
2.51327     0.837758    7.48222e-07
2.72271     0.837758    2.23924e-06
2.93215     0.837758    5.15896e-06
3.14159     0.837758    9.87373e-06

-3.14159     1.0472    7.80965e-06
-2.93215     1.0472    3.3005e-06
-2.72271     1.0472    7.52229e-07
-2.51327     1.0472    3.0161e-07
-2.30383     1.0472    6.1492e-07
-2.0944     1.0472    6.67153e-07
-1.88496     1.0472    7.69107e-07
-1.67552     1.0472    9.53249e-07
-1.46608     1.0472    1.25432e-06
-1.25664     1.0472    1.67454e-06
-1.0472     1.0472    2.09456e-06
-0.837758     1.0472    2.55845e-06
-0.628319     1.0472    3.24026e-06
-0.418879     1.0472    4.01554e-06
-0.20944     1.0472    4.74209e-06
0     1.0472    3.78117e-06
0.20944     1.0472    4.78143e-06
0.418879     1.0472    4.0366e-06
0.628319     1.0472    3.26691e-06
0.837758     1.0472    2.54909e-06
1.0472     1.0472    2.10302e-06
1.25664     1.0472    1.67941e-06
1.46608     1.0472    1.26997e-06
1.67552     1.0472    9.56007e-07
1.88496     1.0472    7.68089e-07
2.0944     1.0472    6.7534e-07
2.30383     1.0472    6.16118e-07
2.51327     1.0472    3.00109e-07
2.72271     1.0472    7.59989e-07
2.93215     1.0472    3.30278e-06
3.14159     1.0472    7.81352e-06

-3.14159     1.25664    7.03238e-06
-2.93215     1.25664    2.74356e-06
-2.72271     1.25664    1.79826e-07
-2.51327     1.25664    7.98754e-07
-2.30383     1.25664    9.2897e-07
-2.0944     1.25664    7.98593e-07
-1.88496     1.25664    6.46825e-07
-1.67552     1.25664    6.18012e-07
-1.46608     1.25664    5.94311e-07
-1.25664     1.25664    5.85012e-07
-1.0472     1.25664    5.72654e-07
-0.837758     1.25664    9.04997e-07
-0.628319     1.25664    1.78076e-06
-0.418879     1.25664    2.89115e-06
-0.20944     1.25664    3.57352e-06
0     1.25664    4.34551e-06
0.20944     1.25664    3.51136e-06
0.418879     1.25664    2.86577e-06
0.628319     1.25664    1.78618e-06
0.837758     1.25664    9.13495e-07
1.0472     1.25664    5.72431e-07
1.25664     1.25664    5.86127e-07
1.46608     1.25664    5.82627e-07
1.67552     1.25664    6.09059e-07
1.88496     1.25664    6.47168e-07
2.0944     1.25664    8.06943e-07
2.30383     1.25664    9.25025e-07
2.51327     1.25664    7.94578e-07
2.72271     1.25664    1.88831e-07
2.93215     1.25664    2.75006e-06
3.14159     1.25664    7.03559e-06

-3.14159     1.46608    7.14605e-06
-2.93215     1.46608    3.2906e-06
-2.72271     1.46608    4.53708e-07
-2.51327     1.46608    7.46676e-07
-2.30383     1.46608    9.28026e-07
-2.0944     1.46608    6.74097e-07
-1.88496     1.46608    3.24124e-07
-1.67552     1.46608    6.96587e-08
-1.46608     1.46608    5.38813e-07
-1.25664     1.46608    1.15217e-06
-1.0472     1.46608    1.49261e-06
-0.837758     1.46608    9.32787e-07
-0.628319     1.46608    4.68812e-07
-0.418879     1.46608    1.75292e-06
-0.20944     1.46608    2.43595e-06
0     1.46608    2.46742e-06
0.20944     1.46608    2.45921e-06
0.418879     1.46608    1.75263e-06
0.628319     1.46608    4.88722e-07
0.837758     1.46608    9.43207e-07
1.0472     1.46608    1.50249e-06
1.25664     1.46608    1.14069e-06
1.46608     1.46608    5.46872e-07
1.67552     1.46608    5.51627e-08
1.88496     1.46608    3.26058e-07
2.0944     1.46608    6.85096e-07
2.30383     1.46608    9.27286e-07
2.51327     1.46608    7.44457e-07
2.72271     1.46608    4.48637e-07
2.93215     1.46608    3.30069e-06
3.14159     1.46608    7.14227e-06

-3.14159     1.67552    7.51114e-06
-2.93215     1.67552    4.80677e-06
-2.72271     1.67552    1.73889e-06
-2.51327     1.67552    6.09656e-08
-2.30383     1.67552    3.34937e-07
-2.0944     1.67552    6.23912e-08
-1.88496     1.67552    5.35458e-07
-1.67552     1.67552    1.41919e-06
-1.46608     1.67552    2.61602e-06
-1.25664     1.67552    3.86114e-06
-1.0472     1.67552    4.12893e-06
-0.837758     1.67552    2.66101e-06
-0.628319     1.67552    5.47661e-07
-0.418879     1.67552    9.19926e-07
-0.20944     1.67552    1.60562e-06
0     1.67552    1.6207e-06
0.20944     1.67552    1.56441e-06
0.418879     1.67552    9.21972e-07
0.628319     1.67552    5.42634e-07
0.837758     1.67552    2.66015e-06
1.0472     1.67552    4.12239e-06
1.25664     1.67552    3.85852e-06
1.46608     1.67552    2.60658e-06
1.67552     1.67552    1.41925e-06
1.88496     1.67552    5.39074e-07
2.0944     1.67552    6.46225e-08
2.30383     1.67552    3.41252e-07
2.51327     1.67552    6.05458e-08
2.72271     1.67552    1.73222e-06
2.93215     1.67552    4.8171e-06
3.14159     1.67552    7.50864e-06

-3.14159     1.88496    7.58308e-06
-2.93215     1.88496    6.8378e-06
-2.72271     1.88496    4.19071e-06
-2.51327     1.88496    2.05442e-06
-2.30383     1.88496    1.29026e-06
-2.0944     1.88496    1.54406e-06
-1.88496     1.88496    2.51612e-06
-1.67552     1.88496    4.07861e-06
-1.46608     1.88496    6.10274e-06
-1.25664     1.88496    7.60921e-06
-1.0472     1.88496    6.81146e-06
-0.837758     1.88496    3.9273e-06
-0.628319     1.88496    1.1742e-06
-0.418879     1.88496    3.84858e-07
-0.20944     1.88496    9.62518e-07
0     1.88496    1.59111e-06
0.20944     1.88496    1.00867e-06
0.418879     1.88496    3.78518e-07
0.628319     1.88496    1.16528e-06
0.837758     1.88496    3.91394e-06
1.0472     1.88496    6.8233e-06
1.25664     1.88496    7.60691e-06
1.46608     1.88496    6.11207e-06
1.67552     1.88496    4.07552e-06
1.88496     1.88496    2.51058e-06
2.0944     1.88496    1.54465e-06
2.30383     1.88496    1.28925e-06
2.51327     1.88496    2.05421e-06
2.72271     1.88496    4.1883e-06
2.93215     1.88496    6.84336e-06
3.14159     1.88496    7.58175e-06

-3.14159     2.0944    7.26676e-06
-2.93215     2.0944    8.85413e-06
-2.72271     2.0944    7.71248e-06
-2.51327     2.0944    5.69755e-06
-2.30383     2.0944    4.61245e-06
-2.0944     2.0944    4.86995e-06
-1.88496     2.0944    6.27432e-06
-1.67552     2.0944    8.61574e-06
-1.46608     2.0944    1.11459e-05
-1.25664     2.0944    1.17328e-05
-1.0472     2.0944    8.9214e-06
-0.837758     2.0944    4.59798e-06
-0.628319     2.0944    1.48739e-06
-0.418879     2.0944    3.85171e-08
-0.20944     2.0944    6.79826e-07
0     2.0944    6.82762e-07
0.20944     2.0944    6.49389e-07
0.418879     2.0944    6.69014e-08
0.628319     2.0944    1.48008e-06
0.837758     2.0944    4.60765e-06
1.0472     2.0944    8.92723e-06
1.25664     2.0944    1.17306e-05
1.46608     2.0944    1.11498e-05
1.67552     2.0944    8.61333e-06
1.88496     2.0944    6.27719e-06
2.0944     2.0944    4.8679e-06
2.30383     2.0944    4.62266e-06
2.51327     2.0944    5.70389e-06
2.72271     2.0944    7.70451e-06
2.93215     2.0944    8.85441e-06
3.14159     2.0944    7.26234e-06

-3.14159     2.30383    7.00056e-06
-2.93215     2.30383    1.06784e-05
-2.72271     2.30383    1.17644e-05
-2.51327     2.30383    1.0843e-05
-2.30383     2.30383    9.93759e-06
-2.0944     2.30383    1.02828e-05
-1.88496     2.30383    1.20823e-05
-1.67552     2.30383    1.47739e-05
-1.46608     2.30383    1.65956e-05
-1.25664     2.30383    1.51198e-05
-1.0472     2.30383    1.0162e-05
-0.837758     2.30383    4.87073e-06
-0.628319     2.30383    1.58362e-06
-0.418879     2.30383    4.51946e-08
-0.20944     2.30383    5.74214e-07
0     2.30383    1.36786e-06
0.20944     2.30383    5.72715e-07
0.418879     2.30383    5.04174e-08
0.628319     2.30383    1.59169e-06
0.837758     2.30383    4.88018e-06
1.0472     2.30383    1.01566e-05
1.25664     2.30383    1.51196e-05
1.46608     2.30383    1.6599e-05
1.67552     2.30383    1.47832e-05
1.88496     2.30383    1.20832e-05
2.0944     2.30383    1.02847e-05
2.30383     2.30383    9.93951e-06
2.51327     2.30383    1.08479e-05
2.72271     2.30383    1.17671e-05
2.93215     2.30383    1.0683e-05
3.14159     2.30383    7.00148e-06

-3.14159     2.51327    7.43244e-06
-2.93215     2.51327    1.24934e-05
-2.72271     2.51327    1.58084e-05
-2.51327     2.51327    1.6715e-05
-2.30383     2.51327    1.66264e-05
-2.0944     2.51327    1.72501e-05
-1.88496     2.51327    1.90322e-05
-1.67552     2.51327    2.09428e-05
-1.46608     2.51327    2.0904e-05
-1.25664     2.51327    1.72771e-05
-1.0472     2.51327    1.08326e-05
-0.837758     2.51327    5.10186e-06
-0.628319     2.51327    1.65437e-06
-0.418879     2.51327    5.61081e-08
-0.20944     2.51327    6.69439e-07
0     2.51327    8.3387e-07
0.20944     2.51327    6.87169e-07
0.418879     2.51327    5.11825e-08
0.628319     2.51327    1.65239e-06
0.837758     2.51327    5.10092e-06
1.0472     2.51327    1.08335e-05
1.25664     2.51327    1.7278e-05
1.46608     2.51327    2.09137e-05
1.67552     2.51327    2.0936e-05
1.88496     2.51327    1.90228e-05
2.0944     2.51327    1.72513e-05
2.30383     2.51327    1.66297e-05
2.51327     2.51327    1.67103e-05
2.72271     2.51327    1.58067e-05
2.93215     2.51327    1.25008e-05
3.14159     2.51327    7.43698e-06

-3.14159     2.72271    9.05504e-06
-2.93215     2.72271    1.48177e-05
-2.72271     2.72271    1.96026e-05
-2.51327     2.72271    2.21485e-05
-2.30383     2.72271    2.32714e-05
-2.0944     2.72271    2.41916e-05
-1.88496     2.72271    2.51686e-05
-1.67552     2.72271    2.54685e-05
-1.46608     2.72271    2.37217e-05
-1.25664     2.72271    1.86658e-05
-1.0472     2.72271    1.1581e-05
-0.837758     2.72271    5.6476e-06
-0.628319     2.72271    1.96963e-06
-0.418879     2.72271    6.53995e-08
-0.20944     2.72271    7.6777e-07
0     2.72271    1.29972e-06
0.20944     2.72271    7.59139e-07
0.418879     2.72271    8.37963e-08
0.628319     2.72271    1.97265e-06
0.837758     2.72271    5.64404e-06
1.0472     2.72271    1.15788e-05
1.25664     2.72271    1.8666e-05
1.46608     2.72271    2.3729e-05
1.67552     2.72271    2.54692e-05
1.88496     2.72271    2.51804e-05
2.0944     2.72271    2.41915e-05
2.30383     2.72271    2.32635e-05
2.51327     2.72271    2.21593e-05
2.72271     2.72271    1.95906e-05
2.93215     2.72271    1.48134e-05
3.14159     2.72271    9.05965e-06

-3.14159     2.93215    1.21254e-05
-2.93215     2.93215    1.80176e-05
-2.72271     2.93215    2.32946e-05
-2.51327     2.93215    2.66294e-05
-2.30383     2.93215    2.82538e-05
-2.0944     2.93215    2.8883e-05
-1.88496     2.93215    2.89073e-05
-1.67552     2.93215    2.82327e-05
-1.46608     2.93215    2.57171e-05
-1.25664     2.93215    2.01211e-05
-1.0472     2.93215    1.30201e-05
-0.837758     2.93215    7.01156e-06
-0.628319     2.93215    3.00336e-06
-0.418879     2.93215    7.41386e-07
-0.20944     2.93215    3.44776e-07
0     2.93215    6.41937e-07
0.20944     2.93215    3.52563e-07
0.418879     2.93215    7.46723e-07
0.628319     2.93215    3.00036e-06
0.837758     2.93215    7.00713e-06
1.0472     2.93215    1.30123e-05
1.25664     2.93215    2.01251e-05
1.46608     2.93215    2.57146e-05
1.67552     2.93215    2.82222e-05
1.88496     2.93215    2.89153e-05
2.0944     2.93215    2.8884e-05
2.30383     2.93215    2.82364e-05
2.51327     2.93215    2.66236e-05
2.72271     2.93215    2.3281e-05
2.93215     2.93215    1.80072e-05
3.14159     2.93215    1.21371e-05

-3.14159     3.14159    1.67916e-05
-2.93215     3.14159    2.22058e-05
-2.72271     3.14159    2.68477e-05
-2.51327     3.14159    2.94948e-05
-2.30383     3.14159    3.01623e-05
-2.0944     3.14159    3.00132e-05
-1.88496     3.14159    2.9935e-05
-1.67552     3.14159    2.96692e-05
-1.46608     3.14159    2.75013e-05
-1.25664     3.14159    2.22322e-05
-1.0472     3.14159    1.55717e-05
-0.837758     3.14159    9.71983e-06
-0.628319     3.14159    5.42367e-06
-0.418879     3.14159    2.73665e-06
-0.20944     3.14159    1.33588e-06
0     3.14159    9.42051e-07
0.20944     3.14159    1.34571e-06
0.418879     3.14159    2.73755e-06
0.628319     3.14159    5.42187e-06
0.837758     3.14159    9.70689e-06
1.0472     3.14159    1.5583e-05
1.25664     3.14159    2.22219e-05
1.46608     3.14159    2.7501e-05
1.67552     3.14159    2.96635e-05
1.88496     3.14159    2.99393e-05
2.0944     3.14159    3.00202e-05
2.30383     3.14159    3.01416e-05
2.51327     3.14159    2.94789e-05
2.72271     3.14159    2.68372e-05
2.93215     3.14159    2.22069e-05
3.14159     3.14159    1.67973e-05

