-3.14159     -3.14159    4.70893e-10
-2.93215     -3.14159    6.76355e-10
-2.72271     -3.14159    4.09821e-10
-2.51327     -3.14159    2.10263e-09
-2.30383     -3.14159    4.17414e-09
-2.0944     -3.14159    1.22989e-09
-1.88496     -3.14159    1.61471e-09
-1.67552     -3.14159    1.10017e-09
-1.46608     -3.14159    3.39531e-10
-1.25664     -3.14159    7.67814e-10
-1.0472     -3.14159    5.8891e-10
-0.837758     -3.14159    3.25667e-10
-0.628319     -3.14159    7.66445e-10
-0.418879     -3.14159    9.35962e-11
-0.20944     -3.14159    4.93349e-09
0     -3.14159    1.4295e-09
0.20944     -3.14159    4.99594e-09
0.418879     -3.14159    2.40738e-10
0.628319     -3.14159    8.69829e-10
0.837758     -3.14159    2.73228e-10
1.0472     -3.14159    5.20409e-10
1.25664     -3.14159    8.70203e-10
1.46608     -3.14159    1.32762e-09
1.67552     -3.14159    1.02206e-09
1.88496     -3.14159    2.28446e-09
2.0944     -3.14159    1.56742e-09
2.30383     -3.14159    1.16076e-09
2.51327     -3.14159    6.62873e-10
2.72271     -3.14159    1.78355e-09
2.93215     -3.14159    4.38832e-10
3.14159     -3.14159    3.83334e-10

-3.14159     -2.93215    3.02208e-10
-2.93215     -2.93215    3.39039e-10
-2.72271     -2.93215    6.84988e-10
-2.51327     -2.93215    2.18955e-10
-2.30383     -2.93215    2.11582e-09
-2.0944     -2.93215    5.8951e-10
-1.88496     -2.93215    6.40147e-10
-1.67552     -2.93215    5.70709e-10
-1.46608     -2.93215    8.75518e-10
-1.25664     -2.93215    5.85684e-10
-1.0472     -2.93215    7.57819e-10
-0.837758     -2.93215    3.1389e-10
-0.628319     -2.93215    6.0381e-10
-0.418879     -2.93215    1.89644e-09
-0.20944     -2.93215    3.4371e-09
0     -2.93215    8.93554e-09
0.20944     -2.93215    4.163e-09
0.418879     -2.93215    1.85043e-09
0.628319     -2.93215    7.03195e-10
0.837758     -2.93215    2.86396e-10
1.0472     -2.93215    3.8255e-10
1.25664     -2.93215    4.30975e-10
1.46608     -2.93215    6.70317e-10
1.67552     -2.93215    1.07087e-09
1.88496     -2.93215    2.45906e-09
2.0944     -2.93215    1.90018e-09
2.30383     -2.93215    1.19124e-09
2.51327     -2.93215    1.92992e-09
2.72271     -2.93215    7.49166e-10
2.93215     -2.93215    5.1678e-10
3.14159     -2.93215    3.77219e-10

-3.14159     -2.72271    5.68617e-10
-2.93215     -2.72271    3.48496e-10
-2.72271     -2.72271    7.18337e-10
-2.51327     -2.72271    8.23025e-10
-2.30383     -2.72271    4.34439e-10
-2.0944     -2.72271    8.58493e-10
-1.88496     -2.72271    1.35884e-09
-1.67552     -2.72271    3.84107e-10
-1.46608     -2.72271    9.35244e-10
-1.25664     -2.72271    3.98726e-10
-1.0472     -2.72271    5.88081e-10
-0.837758     -2.72271    3.98606e-10
-0.628319     -2.72271    3.24903e-10
-0.418879     -2.72271    1.91152e-09
-0.20944     -2.72271    3.34786e-09
0     -2.72271    1.81899e-08
0.20944     -2.72271    2.50061e-09
0.418879     -2.72271    2.39087e-09
0.628319     -2.72271    2.28664e-10
0.837758     -2.72271    3.00403e-10
1.0472     -2.72271    4.55562e-10
1.25664     -2.72271    3.67663e-10
1.46608     -2.72271    6.60636e-10
1.67552     -2.72271    2.11415e-10
1.88496     -2.72271    7.45102e-10
2.0944     -2.72271    1.36637e-09
2.30383     -2.72271    1.30031e-09
2.51327     -2.72271    1.45443e-09
2.72271     -2.72271    4.75237e-10
2.93215     -2.72271    5.77066e-10
3.14159     -2.72271    2.36574e-10

-3.14159     -2.51327    5.32777e-10
-2.93215     -2.51327    3.72238e-10
-2.72271     -2.51327    4.73203e-10
-2.51327     -2.51327    7.29963e-10
-2.30383     -2.51327    8.28427e-10
-2.0944     -2.51327    1.81533e-09
-1.88496     -2.51327    1.01502e-09
-1.67552     -2.51327    1.2322e-10
-1.46608     -2.51327    7.82206e-11
-1.25664     -2.51327    2.24313e-10
-1.0472     -2.51327    3.40086e-10
-0.837758     -2.51327    6.03898e-10
-0.628319     -2.51327    6.44e-10
-0.418879     -2.51327    4.03153e-09
-0.20944     -2.51327    6.99067e-10
0     -2.51327    2.40276e-08
0.20944     -2.51327    1.8929e-09
0.418879     -2.51327    3.46625e-09
0.628319     -2.51327    3.53211e-10
0.837758     -2.51327    2.50252e-10
1.0472     -2.51327    4.6152e-10
1.25664     -2.51327    5.71775e-10
1.46608     -2.51327    6.01963e-10
1.67552     -2.51327    6.1492e-10
1.88496     -2.51327    9.23945e-10
2.0944     -2.51327    2.73677e-10
2.30383     -2.51327    2.34821e-10
2.51327     -2.51327    2.42539e-10
2.72271     -2.51327    1.03606e-09
2.93215     -2.51327    3.17269e-10
3.14159     -2.51327    2.77855e-10

-3.14159     -2.30383    1.63926e-09
-2.93215     -2.30383    1.11392e-09
-2.72271     -2.30383    2.93453e-10
-2.51327     -2.30383    7.90392e-10
-2.30383     -2.30383    5.22236e-10
-2.0944     -2.30383    4.41746e-10
-1.88496     -2.30383    2.16168e-10
-1.67552     -2.30383    1.16071e-09
-1.46608     -2.30383    2.71907e-10
-1.25664     -2.30383    2.54968e-10
-1.0472     -2.30383    1.16249e-10
-0.837758     -2.30383    6.98644e-10
-0.628319     -2.30383    1.33662e-09
-0.418879     -2.30383    3.83287e-09
-0.20944     -2.30383    1.30677e-09
0     -2.30383    2.72721e-08
0.20944     -2.30383    4.83131e-10
0.418879     -2.30383    4.10739e-09
0.628319     -2.30383    5.01151e-10
0.837758     -2.30383    2.02995e-10
1.0472     -2.30383    9.36529e-10
1.25664     -2.30383    2.137e-10
1.46608     -2.30383    6.79229e-10
1.67552     -2.30383    6.89223e-10
1.88496     -2.30383    3.13646e-10
2.0944     -2.30383    1.27369e-09
2.30383     -2.30383    7.39708e-10
2.51327     -2.30383    5.46034e-10
2.72271     -2.30383    4.34064e-10
2.93215     -2.30383    3.13885e-10
3.14159     -2.30383    6.51586e-10

-3.14159     -2.0944    7.81816e-10
-2.93215     -2.0944    1.18305e-10
-2.72271     -2.0944    5.98358e-10
-2.51327     -2.0944    2.37714e-10
-2.30383     -2.0944    8.68796e-10
-2.0944     -2.0944    9.13567e-10
-1.88496     -2.0944    4.13956e-10
-1.67552     -2.0944    3.85084e-10
-1.46608     -2.0944    8.23809e-10
-1.25664     -2.0944    5.95104e-10
-1.0472     -2.0944    2.06792e-10
-0.837758     -2.0944    9.74021e-10
-0.628319     -2.0944    1.03929e-09
-0.418879     -2.0944    4.16712e-09
-0.20944     -2.0944    2.60812e-09
0     -2.0944    2.60118e-08
0.20944     -2.0944    2.04782e-09
0.418879     -2.0944    2.57113e-09
0.628319     -2.0944    5.60911e-10
0.837758     -2.0944    2.90892e-10
1.0472     -2.0944    2.03805e-10
1.25664     -2.0944    1.56249e-10
1.46608     -2.0944    1.39353e-10
1.67552     -2.0944    2.10938e-10
1.88496     -2.0944    9.56648e-11
2.0944     -2.0944    5.15253e-10
2.30383     -2.0944    1.94384e-10
2.51327     -2.0944    5.97297e-10
2.72271     -2.0944    4.58513e-10
2.93215     -2.0944    5.82836e-10
3.14159     -2.0944    3.67278e-10

-3.14159     -1.88496    2.02448e-10
-2.93215     -1.88496    6.61676e-10
-2.72271     -1.88496    6.41785e-10
-2.51327     -1.88496    7.15337e-10
-2.30383     -1.88496    2.84301e-10
-2.0944     -1.88496    8.43308e-10
-1.88496     -1.88496    6.36271e-10
-1.67552     -1.88496    3.62785e-10
-1.46608     -1.88496    5.46136e-11
-1.25664     -1.88496    1.49934e-10
-1.0472     -1.88496    5.81591e-10
-0.837758     -1.88496    3.15603e-10
-0.628319     -1.88496    7.4256e-10
-0.418879     -1.88496    2.25131e-09
-0.20944     -1.88496    3.3869e-09
0     -1.88496    1.90714e-08
0.20944     -1.88496    4.19994e-09
0.418879     -1.88496    3.15968e-09
0.628319     -1.88496    9.51545e-10
0.837758     -1.88496    5.97557e-10
1.0472     -1.88496    1.59561e-10
1.25664     -1.88496    3.12649e-10
1.46608     -1.88496    8.0745e-10
1.67552     -1.88496    7.76079e-11
1.88496     -1.88496    6.64398e-10
2.0944     -1.88496    1.17594e-09
2.30383     -1.88496    5.84062e-10
2.51327     -1.88496    4.24891e-10
2.72271     -1.88496    6.21774e-10
2.93215     -1.88496    1.99268e-10
3.14159     -1.88496    3.2164e-10

-3.14159     -1.67552    1.45557e-10
-2.93215     -1.67552    8.97137e-10
-2.72271     -1.67552    2.83601e-10
-2.51327     -1.67552    2.36053e-10
-2.30383     -1.67552    7.48986e-10
-2.0944     -1.67552    5.05863e-10
-1.88496     -1.67552    5.42045e-10
-1.67552     -1.67552    1.47106e-10
-1.46608     -1.67552    3.00434e-10
-1.25664     -1.67552    5.00367e-10
-1.0472     -1.67552    8.03738e-10
-0.837758     -1.67552    6.49111e-10
-0.628319     -1.67552    6.16693e-10
-0.418879     -1.67552    1.1641e-09
-0.20944     -1.67552    5.13189e-09
0     -1.67552    9.15221e-09
0.20944     -1.67552    7.95452e-09
0.418879     -1.67552    6.02922e-10
0.628319     -1.67552    1.51613e-09
0.837758     -1.67552    1.2554e-09
1.0472     -1.67552    1.03336e-09
1.25664     -1.67552    6.45201e-10
1.46608     -1.67552    9.13686e-10
1.67552     -1.67552    4.07287e-10
1.88496     -1.67552    8.80674e-10
2.0944     -1.67552    2.7402e-10
2.30383     -1.67552    9.64966e-10
2.51327     -1.67552    4.08643e-11
2.72271     -1.67552    3.14359e-10
2.93215     -1.67552    8.66113e-10
3.14159     -1.67552    4.55287e-10

-3.14159     -1.46608    1.32079e-09
-2.93215     -1.46608    9.20132e-10
-2.72271     -1.46608    9.81728e-10
-2.51327     -1.46608    2.40969e-09
-2.30383     -1.46608    9.2797e-10
-2.0944     -1.46608    7.5704e-11
-1.88496     -1.46608    9.95601e-10
-1.67552     -1.46608    1.28236e-09
-1.46608     -1.46608    7.57596e-11
-1.25664     -1.46608    6.35582e-10
-1.0472     -1.46608    2.26175e-10
-0.837758     -1.46608    1.18127e-09
-0.628319     -1.46608    1.11369e-09
-0.418879     -1.46608    7.81256e-10
-0.20944     -1.46608    6.88909e-09
0     -1.46608    8.56023e-09
0.20944     -1.46608    1.02643e-08
0.418879     -1.46608    3.45305e-10
0.628319     -1.46608    8.19325e-10
0.837758     -1.46608    2.40305e-10
1.0472     -1.46608    9.07501e-10
1.25664     -1.46608    9.60691e-10
1.46608     -1.46608    6.47263e-10
1.67552     -1.46608    5.31978e-10
1.88496     -1.46608    5.26933e-10
2.0944     -1.46608    4.86097e-10
2.30383     -1.46608    1.81115e-09
2.51327     -1.46608    1.54428e-09
2.72271     -1.46608    9.19474e-10
2.93215     -1.46608    5.5805e-10
3.14159     -1.46608    4.25182e-10

-3.14159     -1.25664    1.31403e-09
-2.93215     -1.25664    8.17796e-10
-2.72271     -1.25664    2.14082e-09
-2.51327     -1.25664    5.13368e-10
-2.30383     -1.25664    1.0481e-09
-2.0944     -1.25664    7.73772e-11
-1.88496     -1.25664    4.36744e-10
-1.67552     -1.25664    1.90629e-09
-1.46608     -1.25664    1.5203e-09
-1.25664     -1.25664    2.92975e-10
-1.0472     -1.25664    5.39521e-10
-0.837758     -1.25664    1.00938e-09
-0.628319     -1.25664    1.95186e-09
-0.418879     -1.25664    5.45185e-09
-0.20944     -1.25664    4.42057e-09
0     -1.25664    2.86982e-08
0.20944     -1.25664    6.14455e-09
0.418879     -1.25664    2.13621e-09
0.628319     -1.25664    2.22017e-09
0.837758     -1.25664    1.90763e-09
1.0472     -1.25664    1.07405e-09
1.25664     -1.25664    1.61841e-09
1.46608     -1.25664    1.58127e-09
1.67552     -1.25664    1.80917e-09
1.88496     -1.25664    8.56685e-10
2.0944     -1.25664    8.47136e-10
2.30383     -1.25664    7.199e-10
2.51327     -1.25664    1.40873e-09
2.72271     -1.25664    8.98082e-10
2.93215     -1.25664    6.80092e-10
3.14159     -1.25664    5.96603e-10

-3.14159     -1.0472    5.37938e-10
-2.93215     -1.0472    7.40001e-10
-2.72271     -1.0472    9.18963e-10
-2.51327     -1.0472    1.13493e-09
-2.30383     -1.0472    1.51642e-09
-2.0944     -1.0472    7.10797e-10
-1.88496     -1.0472    6.15112e-10
-1.67552     -1.0472    1.23044e-09
-1.46608     -1.0472    1.12611e-09
-1.25664     -1.0472    1.11987e-09
-1.0472     -1.0472    1.09337e-09
-0.837758     -1.0472    8.00787e-10
-0.628319     -1.0472    9.9032e-10
-0.418879     -1.0472    6.24285e-09
-0.20944     -1.0472    4.24365e-09
0     -1.0472    4.89779e-08
0.20944     -1.0472    2.61502e-09
0.418879     -1.0472    6.75671e-09
0.628319     -1.0472    8.59054e-12
0.837758     -1.0472    1.31237e-09
1.0472     -1.0472    7.06007e-10
1.25664     -1.0472    1.81517e-09
1.46608     -1.0472    8.1383e-10
1.67552     -1.0472    5.56075e-10
1.88496     -1.0472    9.89649e-10
2.0944     -1.0472    1.57643e-09
2.30383     -1.0472    1.15434e-09
2.51327     -1.0472    1.0175e-09
2.72271     -1.0472    4.16327e-10
2.93215     -1.0472    3.51023e-10
3.14159     -1.0472    1.84409e-10

-3.14159     -0.837758    4.69657e-10
-2.93215     -0.837758    1.97014e-10
-2.72271     -0.837758    5.16326e-10
-2.51327     -0.837758    9.50414e-10
-2.30383     -0.837758    1.15039e-10
-2.0944     -0.837758    2.37019e-10
-1.88496     -0.837758    7.68301e-10
-1.67552     -0.837758    4.08106e-10
-1.46608     -0.837758    4.55827e-10
-1.25664     -0.837758    1.47613e-09
-1.0472     -0.837758    8.35751e-10
-0.837758     -0.837758    1.41535e-09
-0.628319     -0.837758    2.31552e-09
-0.418879     -0.837758    9.69355e-09
-0.20944     -0.837758    2.46861e-09
0     -0.837758    7.20788e-08
0.20944     -0.837758    8.69704e-10
0.418879     -0.837758    7.80454e-09
0.628319     -0.837758    4.08227e-09
0.837758     -0.837758    2.00103e-09
1.0472     -0.837758    3.55296e-09
1.25664     -0.837758    2.07609e-09
1.46608     -0.837758    8.84707e-10
1.67552     -0.837758    9.37048e-10
1.88496     -0.837758    4.584e-10
2.0944     -0.837758    9.15736e-10
2.30383     -0.837758    1.07107e-09
2.51327     -0.837758    7.20255e-10
2.72271     -0.837758    6.58138e-11
2.93215     -0.837758    7.1402e-10
3.14159     -0.837758    2.81512e-10

-3.14159     -0.628319    4.39969e-10
-2.93215     -0.628319    4.18136e-10
-2.72271     -0.628319    6.17072e-10
-2.51327     -0.628319    4.54992e-10
-2.30383     -0.628319    5.06342e-10
-2.0944     -0.628319    1.71679e-09
-1.88496     -0.628319    5.85468e-10
-1.67552     -0.628319    6.48337e-10
-1.46608     -0.628319    2.56697e-09
-1.25664     -0.628319    1.62184e-09
-1.0472     -0.628319    3.35902e-09
-0.837758     -0.628319    1.54156e-09
-0.628319     -0.628319    3.10585e-09
-0.418879     -0.628319    9.49573e-09
-0.20944     -0.628319    2.73576e-08
0     -0.628319    9.33063e-08
0.20944     -0.628319    1.89557e-08
0.418879     -0.628319    1.31163e-08
0.628319     -0.628319    2.11894e-09
0.837758     -0.628319    1.74778e-09
1.0472     -0.628319    3.0922e-09
1.25664     -0.628319    1.31902e-09
1.46608     -0.628319    1.32267e-09
1.67552     -0.628319    8.68308e-10
1.88496     -0.628319    1.09382e-09
2.0944     -0.628319    7.38586e-10
2.30383     -0.628319    4.24117e-10
2.51327     -0.628319    4.88642e-10
2.72271     -0.628319    3.26848e-10
2.93215     -0.628319    1.14549e-10
3.14159     -0.628319    4.16387e-10

-3.14159     -0.418879    3.21713e-10
-2.93215     -0.418879    4.87048e-10
-2.72271     -0.418879    4.12286e-10
-2.51327     -0.418879    8.5744e-10
-2.30383     -0.418879    6.22198e-10
-2.0944     -0.418879    5.14156e-10
-1.88496     -0.418879    4.80002e-10
-1.67552     -0.418879    1.29826e-09
-1.46608     -0.418879    9.11505e-10
-1.25664     -0.418879    2.5218e-09
-1.0472     -0.418879    2.15304e-09
-0.837758     -0.418879    3.44128e-09
-0.628319     -0.418879    3.92871e-09
-0.418879     -0.418879    2.16049e-08
-0.20944     -0.418879    2.93711e-08
0     -0.418879    1.30574e-07
0.20944     -0.418879    2.37811e-08
0.418879     -0.418879    3.52923e-08
0.628319     -0.418879    1.62857e-08
0.837758     -0.418879    1.00468e-09
1.0472     -0.418879    9.41702e-10
1.25664     -0.418879    1.43183e-10
1.46608     -0.418879    5.98219e-10
1.67552     -0.418879    6.71434e-10
1.88496     -0.418879    1.33051e-10
2.0944     -0.418879    8.13354e-10
2.30383     -0.418879    1.98238e-10
2.51327     -0.418879    9.57218e-10
2.72271     -0.418879    2.72249e-10
2.93215     -0.418879    4.38934e-10
3.14159     -0.418879    2.76255e-10

-3.14159     -0.20944    4.09017e-10
-2.93215     -0.20944    1.89684e-10
-2.72271     -0.20944    3.58285e-10
-2.51327     -0.20944    3.51081e-10
-2.30383     -0.20944    5.19122e-10
-2.0944     -0.20944    4.54721e-10
-1.88496     -0.20944    4.23463e-10
-1.67552     -0.20944    1.00449e-09
-1.46608     -0.20944    5.64295e-10
-1.25664     -0.20944    1.53416e-09
-1.0472     -0.20944    1.65212e-09
-0.837758     -0.20944    7.68387e-10
-0.628319     -0.20944    1.25707e-08
-0.418879     -0.20944    6.00633e-08
-0.20944     -0.20944    1.31715e-07
0     -0.20944    3.14948e-07
0.20944     -0.20944    2.1296e-07
0.418879     -0.20944    2.52462e-08
0.628319     -0.20944    2.87445e-08
0.837758     -0.20944    1.30991e-09
1.0472     -0.20944    2.64531e-09
1.25664     -0.20944    1.9579e-09
1.46608     -0.20944    2.84045e-10
1.67552     -0.20944    5.4259e-10
1.88496     -0.20944    6.4617e-10
2.0944     -0.20944    3.38142e-10
2.30383     -0.20944    1.25262e-10
2.51327     -0.20944    6.4271e-10
2.72271     -0.20944    5.54635e-10
2.93215     -0.20944    5.47697e-11
3.14159     -0.20944    2.27667e-10

-3.14159     0    2.92181e-10
-2.93215     0    8.66353e-10
-2.72271     0    6.24323e-10
-2.51327     0    5.38391e-10
-2.30383     0    5.94147e-10
-2.0944     0    5.03322e-10
-1.88496     0    1.24672e-09
-1.67552     0    3.52847e-10
-1.46608     0    1.39159e-09
-1.25664     0    1.58643e-09
-1.0472     0    8.14732e-10
-0.837758     0    3.41692e-09
-0.628319     0    2.80905e-08
-0.418879     0    8.71213e-08
-0.20944     0    2.13011e-07
0     0    4.07575e-16
0.20944     0    2.13011e-07
0.418879     0    8.71213e-08
0.628319     0    2.80905e-08
0.837758     0    3.41692e-09
1.0472     0    8.14732e-10
1.25664     0    1.58643e-09
1.46608     0    1.39159e-09
1.67552     0    3.52847e-10
1.88496     0    1.24672e-09
2.0944     0    5.03322e-10
2.30383     0    5.94147e-10
2.51327     0    5.38391e-10
2.72271     0    6.24323e-10
2.93215     0    8.66353e-10
3.14159     0    2.92181e-10

-3.14159     0.20944    2.27667e-10
-2.93215     0.20944    5.47697e-11
-2.72271     0.20944    5.54635e-10
-2.51327     0.20944    6.4271e-10
-2.30383     0.20944    1.25262e-10
-2.0944     0.20944    3.38142e-10
-1.88496     0.20944    6.4617e-10
-1.67552     0.20944    5.4259e-10
-1.46608     0.20944    2.84045e-10
-1.25664     0.20944    1.9579e-09
-1.0472     0.20944    2.64531e-09
-0.837758     0.20944    1.30991e-09
-0.628319     0.20944    2.87445e-08
-0.418879     0.20944    2.52462e-08
-0.20944     0.20944    2.1296e-07
0     0.20944    3.14948e-07
0.20944     0.20944    1.31715e-07
0.418879     0.20944    6.00633e-08
0.628319     0.20944    1.25707e-08
0.837758     0.20944    7.68387e-10
1.0472     0.20944    1.65212e-09
1.25664     0.20944    1.53416e-09
1.46608     0.20944    5.64295e-10
1.67552     0.20944    1.00449e-09
1.88496     0.20944    4.23463e-10
2.0944     0.20944    4.54721e-10
2.30383     0.20944    5.19122e-10
2.51327     0.20944    3.51081e-10
2.72271     0.20944    3.58285e-10
2.93215     0.20944    1.89684e-10
3.14159     0.20944    4.09017e-10

-3.14159     0.418879    2.76255e-10
-2.93215     0.418879    4.38934e-10
-2.72271     0.418879    2.72249e-10
-2.51327     0.418879    9.57218e-10
-2.30383     0.418879    1.98238e-10
-2.0944     0.418879    8.13354e-10
-1.88496     0.418879    1.33051e-10
-1.67552     0.418879    6.71434e-10
-1.46608     0.418879    5.98219e-10
-1.25664     0.418879    1.43183e-10
-1.0472     0.418879    9.41702e-10
-0.837758     0.418879    1.00468e-09
-0.628319     0.418879    1.62857e-08
-0.418879     0.418879    3.52923e-08
-0.20944     0.418879    2.37811e-08
0     0.418879    1.30574e-07
0.20944     0.418879    2.93711e-08
0.418879     0.418879    2.16049e-08
0.628319     0.418879    3.92871e-09
0.837758     0.418879    3.44128e-09
1.0472     0.418879    2.15304e-09
1.25664     0.418879    2.5218e-09
1.46608     0.418879    9.11505e-10
1.67552     0.418879    1.29826e-09
1.88496     0.418879    4.80002e-10
2.0944     0.418879    5.14156e-10
2.30383     0.418879    6.22198e-10
2.51327     0.418879    8.5744e-10
2.72271     0.418879    4.12286e-10
2.93215     0.418879    4.87048e-10
3.14159     0.418879    3.21713e-10

-3.14159     0.628319    4.16387e-10
-2.93215     0.628319    1.14549e-10
-2.72271     0.628319    3.26848e-10
-2.51327     0.628319    4.88642e-10
-2.30383     0.628319    4.24117e-10
-2.0944     0.628319    7.38586e-10
-1.88496     0.628319    1.09382e-09
-1.67552     0.628319    8.68308e-10
-1.46608     0.628319    1.32267e-09
-1.25664     0.628319    1.31902e-09
-1.0472     0.628319    3.0922e-09
-0.837758     0.628319    1.74778e-09
-0.628319     0.628319    2.11894e-09
-0.418879     0.628319    1.31163e-08
-0.20944     0.628319    1.89557e-08
0     0.628319    9.33063e-08
0.20944     0.628319    2.73576e-08
0.418879     0.628319    9.49573e-09
0.628319     0.628319    3.10585e-09
0.837758     0.628319    1.54156e-09
1.0472     0.628319    3.35902e-09
1.25664     0.628319    1.62184e-09
1.46608     0.628319    2.56697e-09
1.67552     0.628319    6.48337e-10
1.88496     0.628319    5.85468e-10
2.0944     0.628319    1.71679e-09
2.30383     0.628319    5.06342e-10
2.51327     0.628319    4.54992e-10
2.72271     0.628319    6.17072e-10
2.93215     0.628319    4.18136e-10
3.14159     0.628319    4.39969e-10

-3.14159     0.837758    2.81512e-10
-2.93215     0.837758    7.1402e-10
-2.72271     0.837758    6.58138e-11
-2.51327     0.837758    7.20255e-10
-2.30383     0.837758    1.07107e-09
-2.0944     0.837758    9.15736e-10
-1.88496     0.837758    4.584e-10
-1.67552     0.837758    9.37048e-10
-1.46608     0.837758    8.84707e-10
-1.25664     0.837758    2.07609e-09
-1.0472     0.837758    3.55296e-09
-0.837758     0.837758    2.00103e-09
-0.628319     0.837758    4.08227e-09
-0.418879     0.837758    7.80454e-09
-0.20944     0.837758    8.69704e-10
0     0.837758    7.20788e-08
0.20944     0.837758    2.46861e-09
0.418879     0.837758    9.69355e-09
0.628319     0.837758    2.31552e-09
0.837758     0.837758    1.41535e-09
1.0472     0.837758    8.35751e-10
1.25664     0.837758    1.47613e-09
1.46608     0.837758    4.55827e-10
1.67552     0.837758    4.08106e-10
1.88496     0.837758    7.68301e-10
2.0944     0.837758    2.37019e-10
2.30383     0.837758    1.15039e-10
2.51327     0.837758    9.50414e-10
2.72271     0.837758    5.16326e-10
2.93215     0.837758    1.97014e-10
3.14159     0.837758    4.69657e-10

-3.14159     1.0472    1.84409e-10
-2.93215     1.0472    3.51023e-10
-2.72271     1.0472    4.16327e-10
-2.51327     1.0472    1.0175e-09
-2.30383     1.0472    1.15434e-09
-2.0944     1.0472    1.57643e-09
-1.88496     1.0472    9.89649e-10
-1.67552     1.0472    5.56075e-10
-1.46608     1.0472    8.1383e-10
-1.25664     1.0472    1.81517e-09
-1.0472     1.0472    7.06007e-10
-0.837758     1.0472    1.31237e-09
-0.628319     1.0472    8.59054e-12
-0.418879     1.0472    6.75671e-09
-0.20944     1.0472    2.61502e-09
0     1.0472    4.89779e-08
0.20944     1.0472    4.24365e-09
0.418879     1.0472    6.24285e-09
0.628319     1.0472    9.9032e-10
0.837758     1.0472    8.00787e-10
1.0472     1.0472    1.09337e-09
1.25664     1.0472    1.11987e-09
1.46608     1.0472    1.12611e-09
1.67552     1.0472    1.23044e-09
1.88496     1.0472    6.15112e-10
2.0944     1.0472    7.10797e-10
2.30383     1.0472    1.51642e-09
2.51327     1.0472    1.13493e-09
2.72271     1.0472    9.18963e-10
2.93215     1.0472    7.40001e-10
3.14159     1.0472    5.37938e-10

-3.14159     1.25664    5.96603e-10
-2.93215     1.25664    6.80092e-10
-2.72271     1.25664    8.98082e-10
-2.51327     1.25664    1.40873e-09
-2.30383     1.25664    7.199e-10
-2.0944     1.25664    8.47136e-10
-1.88496     1.25664    8.56685e-10
-1.67552     1.25664    1.80917e-09
-1.46608     1.25664    1.58127e-09
-1.25664     1.25664    1.61841e-09
-1.0472     1.25664    1.07405e-09
-0.837758     1.25664    1.90763e-09
-0.628319     1.25664    2.22017e-09
-0.418879     1.25664    2.13621e-09
-0.20944     1.25664    6.14455e-09
0     1.25664    2.86982e-08
0.20944     1.25664    4.42057e-09
0.418879     1.25664    5.45185e-09
0.628319     1.25664    1.95186e-09
0.837758     1.25664    1.00938e-09
1.0472     1.25664    5.39521e-10
1.25664     1.25664    2.92975e-10
1.46608     1.25664    1.5203e-09
1.67552     1.25664    1.90629e-09
1.88496     1.25664    4.36744e-10
2.0944     1.25664    7.73772e-11
2.30383     1.25664    1.0481e-09
2.51327     1.25664    5.13368e-10
2.72271     1.25664    2.14082e-09
2.93215     1.25664    8.17796e-10
3.14159     1.25664    1.31403e-09

-3.14159     1.46608    4.25182e-10
-2.93215     1.46608    5.5805e-10
-2.72271     1.46608    9.19474e-10
-2.51327     1.46608    1.54428e-09
-2.30383     1.46608    1.81115e-09
-2.0944     1.46608    4.86097e-10
-1.88496     1.46608    5.26933e-10
-1.67552     1.46608    5.31978e-10
-1.46608     1.46608    6.47263e-10
-1.25664     1.46608    9.60691e-10
-1.0472     1.46608    9.07501e-10
-0.837758     1.46608    2.40305e-10
-0.628319     1.46608    8.19325e-10
-0.418879     1.46608    3.45305e-10
-0.20944     1.46608    1.02643e-08
0     1.46608    8.56023e-09
0.20944     1.46608    6.88909e-09
0.418879     1.46608    7.81256e-10
0.628319     1.46608    1.11369e-09
0.837758     1.46608    1.18127e-09
1.0472     1.46608    2.26175e-10
1.25664     1.46608    6.35582e-10
1.46608     1.46608    7.57596e-11
1.67552     1.46608    1.28236e-09
1.88496     1.46608    9.95601e-10
2.0944     1.46608    7.5704e-11
2.30383     1.46608    9.2797e-10
2.51327     1.46608    2.40969e-09
2.72271     1.46608    9.81728e-10
2.93215     1.46608    9.20132e-10
3.14159     1.46608    1.32079e-09

-3.14159     1.67552    4.55287e-10
-2.93215     1.67552    8.66113e-10
-2.72271     1.67552    3.14359e-10
-2.51327     1.67552    4.08643e-11
-2.30383     1.67552    9.64966e-10
-2.0944     1.67552    2.7402e-10
-1.88496     1.67552    8.80674e-10
-1.67552     1.67552    4.07287e-10
-1.46608     1.67552    9.13686e-10
-1.25664     1.67552    6.45201e-10
-1.0472     1.67552    1.03336e-09
-0.837758     1.67552    1.2554e-09
-0.628319     1.67552    1.51613e-09
-0.418879     1.67552    6.02922e-10
-0.20944     1.67552    7.95452e-09
0     1.67552    9.15221e-09
0.20944     1.67552    5.13189e-09
0.418879     1.67552    1.1641e-09
0.628319     1.67552    6.16693e-10
0.837758     1.67552    6.49111e-10
1.0472     1.67552    8.03738e-10
1.25664     1.67552    5.00367e-10
1.46608     1.67552    3.00434e-10
1.67552     1.67552    1.47106e-10
1.88496     1.67552    5.42045e-10
2.0944     1.67552    5.05863e-10
2.30383     1.67552    7.48986e-10
2.51327     1.67552    2.36053e-10
2.72271     1.67552    2.83601e-10
2.93215     1.67552    8.97137e-10
3.14159     1.67552    1.45557e-10

-3.14159     1.88496    3.2164e-10
-2.93215     1.88496    1.99268e-10
-2.72271     1.88496    6.21774e-10
-2.51327     1.88496    4.24891e-10
-2.30383     1.88496    5.84062e-10
-2.0944     1.88496    1.17594e-09
-1.88496     1.88496    6.64398e-10
-1.67552     1.88496    7.76079e-11
-1.46608     1.88496    8.0745e-10
-1.25664     1.88496    3.12649e-10
-1.0472     1.88496    1.59561e-10
-0.837758     1.88496    5.97557e-10
-0.628319     1.88496    9.51545e-10
-0.418879     1.88496    3.15968e-09
-0.20944     1.88496    4.19994e-09
0     1.88496    1.90714e-08
0.20944     1.88496    3.3869e-09
0.418879     1.88496    2.25131e-09
0.628319     1.88496    7.4256e-10
0.837758     1.88496    3.15603e-10
1.0472     1.88496    5.81591e-10
1.25664     1.88496    1.49934e-10
1.46608     1.88496    5.46136e-11
1.67552     1.88496    3.62785e-10
1.88496     1.88496    6.36271e-10
2.0944     1.88496    8.43308e-10
2.30383     1.88496    2.84301e-10
2.51327     1.88496    7.15337e-10
2.72271     1.88496    6.41785e-10
2.93215     1.88496    6.61676e-10
3.14159     1.88496    2.02448e-10

-3.14159     2.0944    3.67278e-10
-2.93215     2.0944    5.82836e-10
-2.72271     2.0944    4.58513e-10
-2.51327     2.0944    5.97297e-10
-2.30383     2.0944    1.94384e-10
-2.0944     2.0944    5.15253e-10
-1.88496     2.0944    9.56648e-11
-1.67552     2.0944    2.10938e-10
-1.46608     2.0944    1.39353e-10
-1.25664     2.0944    1.56249e-10
-1.0472     2.0944    2.03805e-10
-0.837758     2.0944    2.90892e-10
-0.628319     2.0944    5.60911e-10
-0.418879     2.0944    2.57113e-09
-0.20944     2.0944    2.04782e-09
0     2.0944    2.60118e-08
0.20944     2.0944    2.60812e-09
0.418879     2.0944    4.16712e-09
0.628319     2.0944    1.03929e-09
0.837758     2.0944    9.74021e-10
1.0472     2.0944    2.06792e-10
1.25664     2.0944    5.95104e-10
1.46608     2.0944    8.23809e-10
1.67552     2.0944    3.85084e-10
1.88496     2.0944    4.13956e-10
2.0944     2.0944    9.13567e-10
2.30383     2.0944    8.68796e-10
2.51327     2.0944    2.37714e-10
2.72271     2.0944    5.98358e-10
2.93215     2.0944    1.18305e-10
3.14159     2.0944    7.81816e-10

-3.14159     2.30383    6.51586e-10
-2.93215     2.30383    3.13885e-10
-2.72271     2.30383    4.34064e-10
-2.51327     2.30383    5.46034e-10
-2.30383     2.30383    7.39708e-10
-2.0944     2.30383    1.27369e-09
-1.88496     2.30383    3.13646e-10
-1.67552     2.30383    6.89223e-10
-1.46608     2.30383    6.79229e-10
-1.25664     2.30383    2.137e-10
-1.0472     2.30383    9.36529e-10
-0.837758     2.30383    2.02995e-10
-0.628319     2.30383    5.01151e-10
-0.418879     2.30383    4.10739e-09
-0.20944     2.30383    4.83131e-10
0     2.30383    2.72721e-08
0.20944     2.30383    1.30677e-09
0.418879     2.30383    3.83287e-09
0.628319     2.30383    1.33662e-09
0.837758     2.30383    6.98644e-10
1.0472     2.30383    1.16249e-10
1.25664     2.30383    2.54968e-10
1.46608     2.30383    2.71907e-10
1.67552     2.30383    1.16071e-09
1.88496     2.30383    2.16168e-10
2.0944     2.30383    4.41746e-10
2.30383     2.30383    5.22236e-10
2.51327     2.30383    7.90392e-10
2.72271     2.30383    2.93453e-10
2.93215     2.30383    1.11392e-09
3.14159     2.30383    1.63926e-09

-3.14159     2.51327    2.77855e-10
-2.93215     2.51327    3.17269e-10
-2.72271     2.51327    1.03606e-09
-2.51327     2.51327    2.42539e-10
-2.30383     2.51327    2.34821e-10
-2.0944     2.51327    2.73677e-10
-1.88496     2.51327    9.23945e-10
-1.67552     2.51327    6.1492e-10
-1.46608     2.51327    6.01963e-10
-1.25664     2.51327    5.71775e-10
-1.0472     2.51327    4.6152e-10
-0.837758     2.51327    2.50252e-10
-0.628319     2.51327    3.53211e-10
-0.418879     2.51327    3.46625e-09
-0.20944     2.51327    1.8929e-09
0     2.51327    2.40276e-08
0.20944     2.51327    6.99067e-10
0.418879     2.51327    4.03153e-09
0.628319     2.51327    6.44e-10
0.837758     2.51327    6.03898e-10
1.0472     2.51327    3.40086e-10
1.25664     2.51327    2.24313e-10
1.46608     2.51327    7.82206e-11
1.67552     2.51327    1.2322e-10
1.88496     2.51327    1.01502e-09
2.0944     2.51327    1.81533e-09
2.30383     2.51327    8.28427e-10
2.51327     2.51327    7.29963e-10
2.72271     2.51327    4.73203e-10
2.93215     2.51327    3.72238e-10
3.14159     2.51327    5.32777e-10

-3.14159     2.72271    2.36574e-10
-2.93215     2.72271    5.77066e-10
-2.72271     2.72271    4.75237e-10
-2.51327     2.72271    1.45443e-09
-2.30383     2.72271    1.30031e-09
-2.0944     2.72271    1.36637e-09
-1.88496     2.72271    7.45102e-10
-1.67552     2.72271    2.11415e-10
-1.46608     2.72271    6.60636e-10
-1.25664     2.72271    3.67663e-10
-1.0472     2.72271    4.55562e-10
-0.837758     2.72271    3.00403e-10
-0.628319     2.72271    2.28664e-10
-0.418879     2.72271    2.39087e-09
-0.20944     2.72271    2.50061e-09
0     2.72271    1.81899e-08
0.20944     2.72271    3.34786e-09
0.418879     2.72271    1.91152e-09
0.628319     2.72271    3.24903e-10
0.837758     2.72271    3.98606e-10
1.0472     2.72271    5.88081e-10
1.25664     2.72271    3.98726e-10
1.46608     2.72271    9.35244e-10
1.67552     2.72271    3.84107e-10
1.88496     2.72271    1.35884e-09
2.0944     2.72271    8.58493e-10
2.30383     2.72271    4.34439e-10
2.51327     2.72271    8.23025e-10
2.72271     2.72271    7.18337e-10
2.93215     2.72271    3.48496e-10
3.14159     2.72271    5.68617e-10

-3.14159     2.93215    3.77219e-10
-2.93215     2.93215    5.1678e-10
-2.72271     2.93215    7.49166e-10
-2.51327     2.93215    1.92992e-09
-2.30383     2.93215    1.19124e-09
-2.0944     2.93215    1.90018e-09
-1.88496     2.93215    2.45906e-09
-1.67552     2.93215    1.07087e-09
-1.46608     2.93215    6.70317e-10
-1.25664     2.93215    4.30975e-10
-1.0472     2.93215    3.8255e-10
-0.837758     2.93215    2.86396e-10
-0.628319     2.93215    7.03195e-10
-0.418879     2.93215    1.85043e-09
-0.20944     2.93215    4.163e-09
0     2.93215    8.93554e-09
0.20944     2.93215    3.4371e-09
0.418879     2.93215    1.89644e-09
0.628319     2.93215    6.0381e-10
0.837758     2.93215    3.1389e-10
1.0472     2.93215    7.57819e-10
1.25664     2.93215    5.85684e-10
1.46608     2.93215    8.75518e-10
1.67552     2.93215    5.70709e-10
1.88496     2.93215    6.40147e-10
2.0944     2.93215    5.8951e-10
2.30383     2.93215    2.11582e-09
2.51327     2.93215    2.18955e-10
2.72271     2.93215    6.84988e-10
2.93215     2.93215    3.39039e-10
3.14159     2.93215    3.02208e-10

-3.14159     3.14159    3.83334e-10
-2.93215     3.14159    4.38832e-10
-2.72271     3.14159    1.78355e-09
-2.51327     3.14159    6.62873e-10
-2.30383     3.14159    1.16076e-09
-2.0944     3.14159    1.56742e-09
-1.88496     3.14159    2.28446e-09
-1.67552     3.14159    1.02206e-09
-1.46608     3.14159    1.32762e-09
-1.25664     3.14159    8.70203e-10
-1.0472     3.14159    5.20409e-10
-0.837758     3.14159    2.73228e-10
-0.628319     3.14159    8.69829e-10
-0.418879     3.14159    2.40738e-10
-0.20944     3.14159    4.99594e-09
0     3.14159    1.4295e-09
0.20944     3.14159    4.93349e-09
0.418879     3.14159    9.35962e-11
0.628319     3.14159    7.66445e-10
0.837758     3.14159    3.25667e-10
1.0472     3.14159    5.8891e-10
1.25664     3.14159    7.67814e-10
1.46608     3.14159    3.39531e-10
1.67552     3.14159    1.10017e-09
1.88496     3.14159    1.61471e-09
2.0944     3.14159    1.22989e-09
2.30383     3.14159    4.17414e-09
2.51327     3.14159    2.10263e-09
2.72271     3.14159    4.09821e-10
2.93215     3.14159    6.76355e-10
3.14159     3.14159    4.70893e-10

