-3.14159     -3.14159    3.13746e-06
-2.93215     -3.14159    9.11163e-06
-2.72271     -3.14159    1.46573e-05
-2.51327     -3.14159    1.83366e-05
-2.30383     -3.14159    1.9867e-05
-2.0944     -3.14159    2.01115e-05
-1.88496     -3.14159    1.96254e-05
-1.67552     -3.14159    1.83543e-05
-1.46608     -3.14159    1.51003e-05
-1.25664     -3.14159    9.11471e-06
-1.0472     -3.14159    2.11212e-06
-0.837758     -3.14159    3.78538e-06
-0.628319     -3.14159    7.88632e-06
-0.418879     -3.14159    1.03608e-05
-0.20944     -3.14159    1.15556e-05
0     -3.14159    1.19721e-05
0.20944     -3.14159    1.15396e-05
0.418879     -3.14159    1.03641e-05
0.628319     -3.14159    7.88952e-06
0.837758     -3.14159    3.77949e-06
1.0472     -3.14159    2.11095e-06
1.25664     -3.14159    9.11974e-06
1.46608     -3.14159    1.51031e-05
1.67552     -3.14159    1.83604e-05
1.88496     -3.14159    1.96174e-05
2.0944     -3.14159    2.01057e-05
2.30383     -3.14159    1.98888e-05
2.51327     -3.14159    1.83457e-05
2.72271     -3.14159    1.46789e-05
2.93215     -3.14159    9.10858e-06
3.14159     -3.14159    3.13025e-06

-3.14159     -2.93215    1.41701e-06
-2.93215     -2.93215    4.70668e-06
-2.72271     -2.93215    1.04981e-05
-2.51327     -2.93215    1.44702e-05
-2.30383     -2.93215    1.65296e-05
-2.0944     -2.93215    1.72489e-05
-1.88496     -2.93215    1.69017e-05
-1.67552     -2.93215    1.55073e-05
-1.46608     -2.93215    1.22706e-05
-1.25664     -2.93215    6.41272e-06
-1.0472     -2.93215    6.38238e-07
-0.837758     -2.93215    6.37456e-06
-0.628319     -2.93215    9.95382e-06
-0.418879     -2.93215    1.18272e-05
-0.20944     -2.93215    1.26648e-05
0     -2.93215    1.28725e-05
0.20944     -2.93215    1.26982e-05
0.418879     -2.93215    1.18501e-05
0.628319     -2.93215    9.95797e-06
0.837758     -2.93215    6.37632e-06
1.0472     -2.93215    6.4258e-07
1.25664     -2.93215    6.41244e-06
1.46608     -2.93215    1.22807e-05
1.67552     -2.93215    1.55177e-05
1.88496     -2.93215    1.69154e-05
2.0944     -2.93215    1.72371e-05
2.30383     -2.93215    1.65233e-05
2.51327     -2.93215    1.44618e-05
2.72271     -2.93215    1.05107e-05
2.93215     -2.93215    4.71789e-06
3.14159     -2.93215    1.42529e-06

-3.14159     -2.72271    4.41274e-06
-2.93215     -2.72271    1.29863e-06
-2.72271     -2.72271    6.22063e-06
-2.51327     -2.72271    9.12688e-06
-2.30383     -2.72271    1.04912e-05
-2.0944     -2.72271    1.1336e-05
-1.88496     -2.72271    1.19039e-05
-1.67552     -2.72271    1.16146e-05
-1.46608     -2.72271    9.46514e-06
-1.25664     -2.72271    4.5122e-06
-1.0472     -2.72271    2.07298e-06
-0.837758     -2.72271    7.4679e-06
-0.628319     -2.72271    1.05199e-05
-0.418879     -2.72271    1.18026e-05
-0.20944     -2.72271    1.22138e-05
0     -2.72271    1.22735e-05
0.20944     -2.72271    1.21814e-05
0.418879     -2.72271    1.17754e-05
0.628319     -2.72271    1.05233e-05
0.837758     -2.72271    7.45695e-06
1.0472     -2.72271    2.07537e-06
1.25664     -2.72271    4.51951e-06
1.46608     -2.72271    9.45553e-06
1.67552     -2.72271    1.16142e-05
1.88496     -2.72271    1.18963e-05
2.0944     -2.72271    1.13503e-05
2.30383     -2.72271    1.05075e-05
2.51327     -2.72271    9.12723e-06
2.72271     -2.72271    6.22799e-06
2.93215     -2.72271    1.3036e-06
3.14159     -2.72271    4.41846e-06

-3.14159     -2.51327    6.00659e-06
-2.93215     -2.51327    1.15107e-06
-2.72271     -2.51327    2.12833e-06
-2.51327     -2.51327    3.20655e-06
-2.30383     -2.51327    3.23959e-06
-2.0944     -2.51327    3.75951e-06
-1.88496     -2.51327    5.22001e-06
-1.67552     -2.51327    6.64322e-06
-1.46608     -2.51327    6.34002e-06
-1.25664     -2.51327    3.00332e-06
-1.0472     -2.51327    2.65543e-06
-0.837758     -2.51327    7.62743e-06
-0.628319     -2.51327    1.03225e-05
-0.418879     -2.51327    1.12812e-05
-0.20944     -2.51327    1.14479e-05
0     -2.51327    1.14836e-05
0.20944     -2.51327    1.14529e-05
0.418879     -2.51327    1.13155e-05
0.628319     -2.51327    1.0324e-05
0.837758     -2.51327    7.64003e-06
1.0472     -2.51327    2.65404e-06
1.25664     -2.51327    3.00554e-06
1.46608     -2.51327    6.33437e-06
1.67552     -2.51327    6.65197e-06
1.88496     -2.51327    5.22077e-06
2.0944     -2.51327    3.76721e-06
2.30383     -2.51327    3.23726e-06
2.51327     -2.51327    3.20184e-06
2.72271     -2.51327    2.1283e-06
2.93215     -2.51327    1.15689e-06
3.14159     -2.51327    6.01933e-06

-3.14159     -2.30383    6.5299e-06
-2.93215     -2.30383    3.0945e-06
-2.72271     -2.30383    1.94537e-06
-2.51327     -2.30383    2.68401e-06
-2.30383     -2.30383    3.56305e-06
-2.0944     -2.30383    3.27871e-06
-1.88496     -2.30383    1.60193e-06
-1.67552     -2.30383    8.33652e-07
-1.46608     -2.30383    2.36568e-06
-1.25664     -2.30383    1.09989e-06
-1.0472     -2.30383    3.02641e-06
-0.837758     -2.30383    7.42081e-06
-0.628319     -2.30383    9.91073e-06
-0.418879     -2.30383    1.06803e-05
-0.20944     -2.30383    1.07265e-05
0     -2.30383    1.05903e-05
0.20944     -2.30383    1.07411e-05
0.418879     -2.30383    1.06286e-05
0.628319     -2.30383    9.91967e-06
0.837758     -2.30383    7.42343e-06
1.0472     -2.30383    3.0226e-06
1.25664     -2.30383    1.10449e-06
1.46608     -2.30383    2.36265e-06
1.67552     -2.30383    8.21013e-07
1.88496     -2.30383    1.6058e-06
2.0944     -2.30383    3.27386e-06
2.30383     -2.30383    3.56783e-06
2.51327     -2.30383    2.69474e-06
2.72271     -2.30383    1.9388e-06
2.93215     -2.30383    3.08928e-06
3.14159     -2.30383    6.53609e-06

-3.14159     -2.0944    6.41582e-06
-2.93215     -2.0944    4.92982e-06
-2.72271     -2.0944    5.85666e-06
-2.51327     -2.0944    7.65585e-06
-2.30383     -2.0944    8.59989e-06
-2.0944     -2.0944    8.28448e-06
-1.88496     -2.0944    6.85754e-06
-1.67552     -2.0944    4.57301e-06
-1.46608     -2.0944    2.21343e-06
-1.25664     -2.0944    1.5823e-06
-1.0472     -2.0944    3.75599e-06
-0.837758     -2.0944    7.20921e-06
-0.628319     -2.0944    9.54614e-06
-0.418879     -2.0944    1.03668e-05
-0.20944     -2.0944    1.03305e-05
0     -2.0944    1.03537e-05
0.20944     -2.0944    1.03085e-05
0.418879     -2.0944    1.03869e-05
0.628319     -2.0944    9.54815e-06
0.837758     -2.0944    7.22327e-06
1.0472     -2.0944    3.75445e-06
1.25664     -2.0944    1.57495e-06
1.46608     -2.0944    2.21596e-06
1.67552     -2.0944    4.56789e-06
1.88496     -2.0944    6.86144e-06
2.0944     -2.0944    8.27917e-06
2.30383     -2.0944    8.60352e-06
2.51327     -2.0944    7.6607e-06
2.72271     -2.0944    5.86173e-06
2.93215     -2.0944    4.92648e-06
3.14159     -2.0944    6.41109e-06

-3.14159     -1.88496    6.20502e-06
-2.93215     -1.88496    6.81533e-06
-2.72271     -1.88496    9.13705e-06
-2.51327     -1.88496    1.09508e-05
-2.30383     -1.88496    1.14009e-05
-2.0944     -1.88496    1.08926e-05
-1.88496     -1.88496    9.83066e-06
-1.67552     -1.88496    8.25441e-06
-1.46608     -1.88496    6.23668e-06
-1.25664     -1.88496    4.69798e-06
-1.0472     -1.88496    5.10128e-06
-0.837758     -1.88496    7.25873e-06
-0.628319     -1.88496    9.26619e-06
-0.418879     -1.88496    1.00757e-05
-0.20944     -1.88496    1.02208e-05
0     -1.88496    1.00595e-05
0.20944     -1.88496    1.02715e-05
0.418879     -1.88496    1.00384e-05
0.628319     -1.88496    9.25049e-06
0.837758     -1.88496    7.24542e-06
1.0472     -1.88496    5.10517e-06
1.25664     -1.88496    4.7017e-06
1.46608     -1.88496    6.24427e-06
1.67552     -1.88496    8.25286e-06
1.88496     -1.88496    9.82598e-06
2.0944     -1.88496    1.08854e-05
2.30383     -1.88496    1.14014e-05
2.51327     -1.88496    1.09473e-05
2.72271     -1.88496    9.14507e-06
2.93215     -1.88496    6.8263e-06
3.14159     -1.88496    6.20311e-06

-3.14159     -1.67552    6.25441e-06
-2.93215     -1.67552    8.64378e-06
-2.72271     -1.67552    1.13268e-05
-2.51327     -1.67552    1.24947e-05
-2.30383     -1.67552    1.23696e-05
-2.0944     -1.67552    1.16933e-05
-1.88496     -1.67552    1.09096e-05
-1.67552     -1.67552    9.99602e-06
-1.46608     -1.67552    8.78151e-06
-1.25664     -1.67552    7.40426e-06
-1.0472     -1.67552    6.82667e-06
-0.837758     -1.67552    7.69711e-06
-0.628319     -1.67552    9.11796e-06
-0.418879     -1.67552    9.981e-06
-0.20944     -1.67552    1.01483e-05
0     -1.67552    1.0203e-05
0.20944     -1.67552    1.00463e-05
0.418879     -1.67552    9.99129e-06
0.628319     -1.67552    9.12618e-06
0.837758     -1.67552    7.68727e-06
1.0472     -1.67552    6.81891e-06
1.25664     -1.67552    7.39357e-06
1.46608     -1.67552    8.77529e-06
1.67552     -1.67552    9.99653e-06
1.88496     -1.67552    1.09149e-05
2.0944     -1.67552    1.16927e-05
2.30383     -1.67552    1.23605e-05
2.51327     -1.67552    1.24947e-05
2.72271     -1.67552    1.13172e-05
2.93215     -1.67552    8.65614e-06
3.14159     -1.67552    6.25106e-06

-3.14159     -1.46608    6.48785e-06
-2.93215     -1.46608    9.96145e-06
-2.72271     -1.46608    1.23166e-05
-2.51327     -1.46608    1.28239e-05
-2.30383     -1.46608    1.23256e-05
-2.0944     -1.46608    1.15616e-05
-1.88496     -1.46608    1.09256e-05
-1.67552     -1.46608    1.04571e-05
-1.46608     -1.46608    9.90492e-06
-1.25664     -1.46608    9.12007e-06
-1.0472     -1.46608    8.38392e-06
-0.837758     -1.46608    8.37801e-06
-0.628319     -1.46608    9.13574e-06
-0.418879     -1.46608    9.81005e-06
-0.20944     -1.46608    1.00412e-05
0     -1.46608    1.01546e-05
0.20944     -1.46608    1.02357e-05
0.418879     -1.46608    9.82808e-06
0.628319     -1.46608    9.10433e-06
0.837758     -1.46608    8.38774e-06
1.0472     -1.46608    8.38787e-06
1.25664     -1.46608    9.10213e-06
1.46608     -1.46608    9.91924e-06
1.67552     -1.46608    1.04312e-05
1.88496     -1.46608    1.09121e-05
2.0944     -1.46608    1.15556e-05
2.30383     -1.46608    1.23186e-05
2.51327     -1.46608    1.28267e-05
2.72271     -1.46608    1.23078e-05
2.93215     -1.46608    9.96945e-06
3.14159     -1.46608    6.48505e-06

-3.14159     -1.25664    6.45703e-06
-2.93215     -1.25664    1.03654e-05
-2.72271     -1.25664    1.23564e-05
-2.51327     -1.25664    1.25364e-05
-2.30383     -1.25664    1.18847e-05
-2.0944     -1.25664    1.11366e-05
-1.88496     -1.25664    1.05896e-05
-1.67552     -1.25664    1.03587e-05
-1.46608     -1.25664    1.01683e-05
-1.25664     -1.25664    9.89643e-06
-1.0472     -1.25664    9.38723e-06
-0.837758     -1.25664    9.06374e-06
-0.628319     -1.25664    9.17449e-06
-0.418879     -1.25664    9.4216e-06
-0.20944     -1.25664    9.70173e-06
0     -1.25664    9.56429e-06
0.20944     -1.25664    9.57445e-06
0.418879     -1.25664    9.43329e-06
0.628319     -1.25664    9.1743e-06
0.837758     -1.25664    9.03838e-06
1.0472     -1.25664    9.38528e-06
1.25664     -1.25664    9.90254e-06
1.46608     -1.25664    1.02019e-05
1.67552     -1.25664    1.03708e-05
1.88496     -1.25664    1.0588e-05
2.0944     -1.25664    1.11327e-05
2.30383     -1.25664    1.18946e-05
2.51327     -1.25664    1.25393e-05
2.72271     -1.25664    1.23596e-05
2.93215     -1.25664    1.03708e-05
3.14159     -1.25664    6.46739e-06

-3.14159     -1.0472    5.62686e-06
-2.93215     -1.0472    9.79197e-06
-2.72271     -1.0472    1.17112e-05
-2.51327     -1.0472    1.19525e-05
-2.30383     -1.0472    1.14378e-05
-2.0944     -1.0472    1.08064e-05
-1.88496     -1.0472    1.03612e-05
-1.67552     -1.0472    1.01717e-05
-1.46608     -1.0472    1.01749e-05
-1.25664     -1.0472    1.01364e-05
-1.0472     -1.0472    9.83867e-06
-0.837758     -1.0472    9.39981e-06
-0.628319     -1.0472    9.05662e-06
-0.418879     -1.0472    9.06099e-06
-0.20944     -1.0472    8.8496e-06
0     -1.0472    9.14577e-06
0.20944     -1.0472    8.93543e-06
0.418879     -1.0472    9.08811e-06
0.628319     -1.0472    9.01962e-06
0.837758     -1.0472    9.42493e-06
1.0472     -1.0472    9.84362e-06
1.25664     -1.0472    1.01331e-05
1.46608     -1.0472    1.0152e-05
1.67552     -1.0472    1.01778e-05
1.88496     -1.0472    1.03646e-05
2.0944     -1.0472    1.08062e-05
2.30383     -1.0472    1.14523e-05
2.51327     -1.0472    1.19595e-05
2.72271     -1.0472    1.17194e-05
2.93215     -1.0472    9.80027e-06
3.14159     -1.0472    5.63759e-06

-3.14159     -0.837758    3.62444e-06
-2.93215     -0.837758    8.08095e-06
-2.72271     -0.837758    1.03996e-05
-2.51327     -0.837758    1.10873e-05
-2.30383     -0.837758    1.09672e-05
-2.0944     -0.837758    1.0609e-05
-1.88496     -0.837758    1.03035e-05
-1.67552     -0.837758    1.01547e-05
-1.46608     -0.837758    1.0145e-05
-1.25664     -0.837758    1.01452e-05
-1.0472     -0.837758    9.8474e-06
-0.837758     -0.837758    9.30873e-06
-0.628319     -0.837758    8.61538e-06
-0.418879     -0.837758    7.82705e-06
-0.20944     -0.837758    7.60935e-06
0     -0.837758    7.24053e-06
0.20944     -0.837758    7.59768e-06
0.418879     -0.837758    7.6936e-06
0.628319     -0.837758    8.60479e-06
0.837758     -0.837758    9.3183e-06
1.0472     -0.837758    9.88308e-06
1.25664     -0.837758    1.01494e-05
1.46608     -0.837758    1.01492e-05
1.67552     -0.837758    1.01564e-05
1.88496     -0.837758    1.0302e-05
2.0944     -0.837758    1.05928e-05
2.30383     -0.837758    1.0967e-05
2.51327     -0.837758    1.10901e-05
2.72271     -0.837758    1.03947e-05
2.93215     -0.837758    8.08593e-06
3.14159     -0.837758    3.62973e-06

-3.14159     -0.628319    1.06315e-07
-2.93215     -0.628319    4.95009e-06
-2.72271     -0.628319    7.96382e-06
-2.51327     -0.628319    9.48812e-06
-2.30383     -0.628319    1.00629e-05
-2.0944     -0.628319    1.01994e-05
-1.88496     -0.628319    1.01941e-05
-1.67552     -0.628319    1.01654e-05
-1.46608     -0.628319    1.0111e-05
-1.25664     -0.628319    1.00428e-05
-1.0472     -0.628319    9.63033e-06
-0.837758     -0.628319    8.8762e-06
-0.628319     -0.628319    7.87321e-06
-0.418879     -0.628319    6.96987e-06
-0.20944     -0.628319    6.09909e-06
0     -0.628319    6.25858e-06
0.20944     -0.628319    5.8564e-06
0.418879     -0.628319    7.04151e-06
0.628319     -0.628319    7.9284e-06
0.837758     -0.628319    8.84319e-06
1.0472     -0.628319    9.60022e-06
1.25664     -0.628319    1.00308e-05
1.46608     -0.628319    1.01469e-05
1.67552     -0.628319    1.01803e-05
1.88496     -0.628319    1.02009e-05
2.0944     -0.628319    1.01934e-05
2.30383     -0.628319    1.00736e-05
2.51327     -0.628319    9.48943e-06
2.72271     -0.628319    7.95855e-06
2.93215     -0.628319    4.95279e-06
3.14159     -0.628319    1.1572e-07

-3.14159     -0.418879    4.76629e-06
-2.93215     -0.418879    1.81238e-07
-2.72271     -0.418879    3.90528e-06
-2.51327     -0.418879    6.45138e-06
-2.30383     -0.418879    8.06291e-06
-2.0944     -0.418879    8.98796e-06
-1.88496     -0.418879    9.52385e-06
-1.67552     -0.418879    9.82791e-06
-1.46608     -0.418879    9.92643e-06
-1.25664     -0.418879    9.77756e-06
-1.0472     -0.418879    9.22249e-06
-0.837758     -0.418879    8.19296e-06
-0.628319     -0.418879    6.92604e-06
-0.418879     -0.418879    5.18144e-06
-0.20944     -0.418879    4.73676e-06
0     -0.418879    2.82665e-06
0.20944     -0.418879    3.98747e-06
0.418879     -0.418879    4.91108e-06
0.628319     -0.418879    6.86678e-06
0.837758     -0.418879    8.17491e-06
1.0472     -0.418879    9.24076e-06
1.25664     -0.418879    9.75753e-06
1.46608     -0.418879    9.9175e-06
1.67552     -0.418879    9.81302e-06
1.88496     -0.418879    9.51963e-06
2.0944     -0.418879    8.98596e-06
2.30383     -0.418879    8.05866e-06
2.51327     -0.418879    6.44798e-06
2.72271     -0.418879    3.90598e-06
2.93215     -0.418879    1.86376e-07
3.14159     -0.418879    4.76189e-06

-3.14159     -0.20944    9.13369e-06
-2.93215     -0.20944    4.69698e-06
-2.72271     -0.20944    7.91311e-07
-2.51327     -0.20944    2.46023e-06
-2.30383     -0.20944    5.01519e-06
-2.0944     -0.20944    6.87552e-06
-1.88496     -0.20944    8.1567e-06
-1.67552     -0.20944    8.97718e-06
-1.46608     -0.20944    9.38383e-06
-1.25664     -0.20944    9.30624e-06
-1.0472     -0.20944    8.6842e-06
-0.837758     -0.20944    7.64321e-06
-0.628319     -0.20944    6.10323e-06
-0.418879     -0.20944    4.42533e-06
-0.20944     -0.20944    4.82974e-06
0     -0.20944    1.16491e-06
0.20944     -0.20944    1.02298e-06
0.418879     -0.20944    3.71327e-06
0.628319     -0.20944    6.17341e-06
0.837758     -0.20944    7.59796e-06
1.0472     -0.20944    8.83599e-06
1.25664     -0.20944    9.37086e-06
1.46608     -0.20944    9.37969e-06
1.67552     -0.20944    8.97343e-06
1.88496     -0.20944    8.15394e-06
2.0944     -0.20944    6.87611e-06
2.30383     -0.20944    5.01302e-06
2.51327     -0.20944    2.45755e-06
2.72271     -0.20944    7.90663e-07
2.93215     -0.20944    4.69905e-06
3.14159     -0.20944    9.1354e-06

-3.14159     0    1.08265e-05
-2.93215     0    6.77262e-06
-2.72271     0    3.02057e-06
-2.51327     0    4.35262e-07
-2.30383     0    3.36911e-06
-2.0944     0    5.66457e-06
-1.88496     0    7.36091e-06
-1.67552     0    8.43592e-06
-1.46608     0    9.03311e-06
-1.25664     0    9.09078e-06
-1.0472     0    8.51566e-06
-0.837758     0    7.4335e-06
-0.628319     0    5.92862e-06
-0.418879     0    5.18976e-06
-0.20944     0    3.07095e-06
0     0    3.12895e-16
0.20944     0    3.07095e-06
0.418879     0    5.18976e-06
0.628319     0    5.92862e-06
0.837758     0    7.4335e-06
1.0472     0    8.51566e-06
1.25664     0    9.09078e-06
1.46608     0    9.03311e-06
1.67552     0    8.43592e-06
1.88496     0    7.36091e-06
2.0944     0    5.66457e-06
2.30383     0    3.36911e-06
2.51327     0    4.35262e-07
2.72271     0    3.02057e-06
2.93215     0    6.77262e-06
3.14159     0    1.08265e-05

-3.14159     0.20944    9.1354e-06
-2.93215     0.20944    4.69905e-06
-2.72271     0.20944    7.90663e-07
-2.51327     0.20944    2.45755e-06
-2.30383     0.20944    5.01302e-06
-2.0944     0.20944    6.87611e-06
-1.88496     0.20944    8.15394e-06
-1.67552     0.20944    8.97343e-06
-1.46608     0.20944    9.37969e-06
-1.25664     0.20944    9.37086e-06
-1.0472     0.20944    8.83599e-06
-0.837758     0.20944    7.59796e-06
-0.628319     0.20944    6.17341e-06
-0.418879     0.20944    3.71327e-06
-0.20944     0.20944    1.02298e-06
0     0.20944    1.16491e-06
0.20944     0.20944    4.82974e-06
0.418879     0.20944    4.42533e-06
0.628319     0.20944    6.10323e-06
0.837758     0.20944    7.64321e-06
1.0472     0.20944    8.6842e-06
1.25664     0.20944    9.30624e-06
1.46608     0.20944    9.38383e-06
1.67552     0.20944    8.97718e-06
1.88496     0.20944    8.1567e-06
2.0944     0.20944    6.87552e-06
2.30383     0.20944    5.01519e-06
2.51327     0.20944    2.46023e-06
2.72271     0.20944    7.91311e-07
2.93215     0.20944    4.69698e-06
3.14159     0.20944    9.13369e-06

-3.14159     0.418879    4.76189e-06
-2.93215     0.418879    1.86376e-07
-2.72271     0.418879    3.90598e-06
-2.51327     0.418879    6.44798e-06
-2.30383     0.418879    8.05866e-06
-2.0944     0.418879    8.98596e-06
-1.88496     0.418879    9.51963e-06
-1.67552     0.418879    9.81302e-06
-1.46608     0.418879    9.9175e-06
-1.25664     0.418879    9.75753e-06
-1.0472     0.418879    9.24076e-06
-0.837758     0.418879    8.17491e-06
-0.628319     0.418879    6.86678e-06
-0.418879     0.418879    4.91108e-06
-0.20944     0.418879    3.98747e-06
0     0.418879    2.82665e-06
0.20944     0.418879    4.73676e-06
0.418879     0.418879    5.18144e-06
0.628319     0.418879    6.92604e-06
0.837758     0.418879    8.19296e-06
1.0472     0.418879    9.22249e-06
1.25664     0.418879    9.77756e-06
1.46608     0.418879    9.92643e-06
1.67552     0.418879    9.82791e-06
1.88496     0.418879    9.52385e-06
2.0944     0.418879    8.98796e-06
2.30383     0.418879    8.06291e-06
2.51327     0.418879    6.45138e-06
2.72271     0.418879    3.90528e-06
2.93215     0.418879    1.81238e-07
3.14159     0.418879    4.76629e-06

-3.14159     0.628319    1.1572e-07
-2.93215     0.628319    4.95279e-06
-2.72271     0.628319    7.95855e-06
-2.51327     0.628319    9.48943e-06
-2.30383     0.628319    1.00736e-05
-2.0944     0.628319    1.01934e-05
-1.88496     0.628319    1.02009e-05
-1.67552     0.628319    1.01803e-05
-1.46608     0.628319    1.01469e-05
-1.25664     0.628319    1.00308e-05
-1.0472     0.628319    9.60022e-06
-0.837758     0.628319    8.84319e-06
-0.628319     0.628319    7.9284e-06
-0.418879     0.628319    7.04151e-06
-0.20944     0.628319    5.8564e-06
0     0.628319    6.25858e-06
0.20944     0.628319    6.09909e-06
0.418879     0.628319    6.96987e-06
0.628319     0.628319    7.87321e-06
0.837758     0.628319    8.8762e-06
1.0472     0.628319    9.63033e-06
1.25664     0.628319    1.00428e-05
1.46608     0.628319    1.0111e-05
1.67552     0.628319    1.01654e-05
1.88496     0.628319    1.01941e-05
2.0944     0.628319    1.01994e-05
2.30383     0.628319    1.00629e-05
2.51327     0.628319    9.48812e-06
2.72271     0.628319    7.96382e-06
2.93215     0.628319    4.95009e-06
3.14159     0.628319    1.06315e-07

-3.14159     0.837758    3.62973e-06
-2.93215     0.837758    8.08593e-06
-2.72271     0.837758    1.03947e-05
-2.51327     0.837758    1.10901e-05
-2.30383     0.837758    1.0967e-05
-2.0944     0.837758    1.05928e-05
-1.88496     0.837758    1.0302e-05
-1.67552     0.837758    1.01564e-05
-1.46608     0.837758    1.01492e-05
-1.25664     0.837758    1.01494e-05
-1.0472     0.837758    9.88308e-06
-0.837758     0.837758    9.3183e-06
-0.628319     0.837758    8.60479e-06
-0.418879     0.837758    7.6936e-06
-0.20944     0.837758    7.59768e-06
0     0.837758    7.24053e-06
0.20944     0.837758    7.60935e-06
0.418879     0.837758    7.82705e-06
0.628319     0.837758    8.61538e-06
0.837758     0.837758    9.30873e-06
1.0472     0.837758    9.8474e-06
1.25664     0.837758    1.01452e-05
1.46608     0.837758    1.0145e-05
1.67552     0.837758    1.01547e-05
1.88496     0.837758    1.03035e-05
2.0944     0.837758    1.0609e-05
2.30383     0.837758    1.09672e-05
2.51327     0.837758    1.10873e-05
2.72271     0.837758    1.03996e-05
2.93215     0.837758    8.08095e-06
3.14159     0.837758    3.62444e-06

-3.14159     1.0472    5.63759e-06
-2.93215     1.0472    9.80027e-06
-2.72271     1.0472    1.17194e-05
-2.51327     1.0472    1.19595e-05
-2.30383     1.0472    1.14523e-05
-2.0944     1.0472    1.08062e-05
-1.88496     1.0472    1.03646e-05
-1.67552     1.0472    1.01778e-05
-1.46608     1.0472    1.0152e-05
-1.25664     1.0472    1.01331e-05
-1.0472     1.0472    9.84362e-06
-0.837758     1.0472    9.42493e-06
-0.628319     1.0472    9.01962e-06
-0.418879     1.0472    9.08811e-06
-0.20944     1.0472    8.93543e-06
0     1.0472    9.14577e-06
0.20944     1.0472    8.8496e-06
0.418879     1.0472    9.06099e-06
0.628319     1.0472    9.05662e-06
0.837758     1.0472    9.39981e-06
1.0472     1.0472    9.83867e-06
1.25664     1.0472    1.01364e-05
1.46608     1.0472    1.01749e-05
1.67552     1.0472    1.01717e-05
1.88496     1.0472    1.03612e-05
2.0944     1.0472    1.08064e-05
2.30383     1.0472    1.14378e-05
2.51327     1.0472    1.19525e-05
2.72271     1.0472    1.17112e-05
2.93215     1.0472    9.79197e-06
3.14159     1.0472    5.62686e-06

-3.14159     1.25664    6.46739e-06
-2.93215     1.25664    1.03708e-05
-2.72271     1.25664    1.23596e-05
-2.51327     1.25664    1.25393e-05
-2.30383     1.25664    1.18946e-05
-2.0944     1.25664    1.11327e-05
-1.88496     1.25664    1.0588e-05
-1.67552     1.25664    1.03708e-05
-1.46608     1.25664    1.02019e-05
-1.25664     1.25664    9.90254e-06
-1.0472     1.25664    9.38528e-06
-0.837758     1.25664    9.03838e-06
-0.628319     1.25664    9.1743e-06
-0.418879     1.25664    9.43329e-06
-0.20944     1.25664    9.57445e-06
0     1.25664    9.56429e-06
0.20944     1.25664    9.70173e-06
0.418879     1.25664    9.4216e-06
0.628319     1.25664    9.17449e-06
0.837758     1.25664    9.06374e-06
1.0472     1.25664    9.38723e-06
1.25664     1.25664    9.89643e-06
1.46608     1.25664    1.01683e-05
1.67552     1.25664    1.03587e-05
1.88496     1.25664    1.05896e-05
2.0944     1.25664    1.11366e-05
2.30383     1.25664    1.18847e-05
2.51327     1.25664    1.25364e-05
2.72271     1.25664    1.23564e-05
2.93215     1.25664    1.03654e-05
3.14159     1.25664    6.45703e-06

-3.14159     1.46608    6.48505e-06
-2.93215     1.46608    9.96945e-06
-2.72271     1.46608    1.23078e-05
-2.51327     1.46608    1.28267e-05
-2.30383     1.46608    1.23186e-05
-2.0944     1.46608    1.15556e-05
-1.88496     1.46608    1.09121e-05
-1.67552     1.46608    1.04312e-05
-1.46608     1.46608    9.91924e-06
-1.25664     1.46608    9.10213e-06
-1.0472     1.46608    8.38787e-06
-0.837758     1.46608    8.38774e-06
-0.628319     1.46608    9.10433e-06
-0.418879     1.46608    9.82808e-06
-0.20944     1.46608    1.02357e-05
0     1.46608    1.01546e-05
0.20944     1.46608    1.00412e-05
0.418879     1.46608    9.81005e-06
0.628319     1.46608    9.13574e-06
0.837758     1.46608    8.37801e-06
1.0472     1.46608    8.38392e-06
1.25664     1.46608    9.12007e-06
1.46608     1.46608    9.90492e-06
1.67552     1.46608    1.04571e-05
1.88496     1.46608    1.09256e-05
2.0944     1.46608    1.15616e-05
2.30383     1.46608    1.23256e-05
2.51327     1.46608    1.28239e-05
2.72271     1.46608    1.23166e-05
2.93215     1.46608    9.96145e-06
3.14159     1.46608    6.48785e-06

-3.14159     1.67552    6.25106e-06
-2.93215     1.67552    8.65614e-06
-2.72271     1.67552    1.13172e-05
-2.51327     1.67552    1.24947e-05
-2.30383     1.67552    1.23605e-05
-2.0944     1.67552    1.16927e-05
-1.88496     1.67552    1.09149e-05
-1.67552     1.67552    9.99653e-06
-1.46608     1.67552    8.77529e-06
-1.25664     1.67552    7.39357e-06
-1.0472     1.67552    6.81891e-06
-0.837758     1.67552    7.68727e-06
-0.628319     1.67552    9.12618e-06
-0.418879     1.67552    9.99129e-06
-0.20944     1.67552    1.00463e-05
0     1.67552    1.0203e-05
0.20944     1.67552    1.01483e-05
0.418879     1.67552    9.981e-06
0.628319     1.67552    9.11796e-06
0.837758     1.67552    7.69711e-06
1.0472     1.67552    6.82667e-06
1.25664     1.67552    7.40426e-06
1.46608     1.67552    8.78151e-06
1.67552     1.67552    9.99602e-06
1.88496     1.67552    1.09096e-05
2.0944     1.67552    1.16933e-05
2.30383     1.67552    1.23696e-05
2.51327     1.67552    1.24947e-05
2.72271     1.67552    1.13268e-05
2.93215     1.67552    8.64378e-06
3.14159     1.67552    6.25441e-06

-3.14159     1.88496    6.20311e-06
-2.93215     1.88496    6.8263e-06
-2.72271     1.88496    9.14507e-06
-2.51327     1.88496    1.09473e-05
-2.30383     1.88496    1.14014e-05
-2.0944     1.88496    1.08854e-05
-1.88496     1.88496    9.82598e-06
-1.67552     1.88496    8.25286e-06
-1.46608     1.88496    6.24427e-06
-1.25664     1.88496    4.7017e-06
-1.0472     1.88496    5.10517e-06
-0.837758     1.88496    7.24542e-06
-0.628319     1.88496    9.25049e-06
-0.418879     1.88496    1.00384e-05
-0.20944     1.88496    1.02715e-05
0     1.88496    1.00595e-05
0.20944     1.88496    1.02208e-05
0.418879     1.88496    1.00757e-05
0.628319     1.88496    9.26619e-06
0.837758     1.88496    7.25873e-06
1.0472     1.88496    5.10128e-06
1.25664     1.88496    4.69798e-06
1.46608     1.88496    6.23668e-06
1.67552     1.88496    8.25441e-06
1.88496     1.88496    9.83066e-06
2.0944     1.88496    1.08926e-05
2.30383     1.88496    1.14009e-05
2.51327     1.88496    1.09508e-05
2.72271     1.88496    9.13705e-06
2.93215     1.88496    6.81533e-06
3.14159     1.88496    6.20502e-06

-3.14159     2.0944    6.41109e-06
-2.93215     2.0944    4.92648e-06
-2.72271     2.0944    5.86173e-06
-2.51327     2.0944    7.6607e-06
-2.30383     2.0944    8.60352e-06
-2.0944     2.0944    8.27917e-06
-1.88496     2.0944    6.86144e-06
-1.67552     2.0944    4.56789e-06
-1.46608     2.0944    2.21596e-06
-1.25664     2.0944    1.57495e-06
-1.0472     2.0944    3.75445e-06
-0.837758     2.0944    7.22327e-06
-0.628319     2.0944    9.54815e-06
-0.418879     2.0944    1.03869e-05
-0.20944     2.0944    1.03085e-05
0     2.0944    1.03537e-05
0.20944     2.0944    1.03305e-05
0.418879     2.0944    1.03668e-05
0.628319     2.0944    9.54614e-06
0.837758     2.0944    7.20921e-06
1.0472     2.0944    3.75599e-06
1.25664     2.0944    1.5823e-06
1.46608     2.0944    2.21343e-06
1.67552     2.0944    4.57301e-06
1.88496     2.0944    6.85754e-06
2.0944     2.0944    8.28448e-06
2.30383     2.0944    8.59989e-06
2.51327     2.0944    7.65585e-06
2.72271     2.0944    5.85666e-06
2.93215     2.0944    4.92982e-06
3.14159     2.0944    6.41582e-06

-3.14159     2.30383    6.53609e-06
-2.93215     2.30383    3.08928e-06
-2.72271     2.30383    1.9388e-06
-2.51327     2.30383    2.69474e-06
-2.30383     2.30383    3.56783e-06
-2.0944     2.30383    3.27386e-06
-1.88496     2.30383    1.6058e-06
-1.67552     2.30383    8.21013e-07
-1.46608     2.30383    2.36265e-06
-1.25664     2.30383    1.10449e-06
-1.0472     2.30383    3.0226e-06
-0.837758     2.30383    7.42343e-06
-0.628319     2.30383    9.91967e-06
-0.418879     2.30383    1.06286e-05
-0.20944     2.30383    1.07411e-05
0     2.30383    1.05903e-05
0.20944     2.30383    1.07265e-05
0.418879     2.30383    1.06803e-05
0.628319     2.30383    9.91073e-06
0.837758     2.30383    7.42081e-06
1.0472     2.30383    3.02641e-06
1.25664     2.30383    1.09989e-06
1.46608     2.30383    2.36568e-06
1.67552     2.30383    8.33652e-07
1.88496     2.30383    1.60193e-06
2.0944     2.30383    3.27871e-06
2.30383     2.30383    3.56305e-06
2.51327     2.30383    2.68401e-06
2.72271     2.30383    1.94537e-06
2.93215     2.30383    3.0945e-06
3.14159     2.30383    6.5299e-06

-3.14159     2.51327    6.01933e-06
-2.93215     2.51327    1.15689e-06
-2.72271     2.51327    2.1283e-06
-2.51327     2.51327    3.20184e-06
-2.30383     2.51327    3.23726e-06
-2.0944     2.51327    3.76721e-06
-1.88496     2.51327    5.22077e-06
-1.67552     2.51327    6.65197e-06
-1.46608     2.51327    6.33437e-06
-1.25664     2.51327    3.00554e-06
-1.0472     2.51327    2.65404e-06
-0.837758     2.51327    7.64003e-06
-0.628319     2.51327    1.0324e-05
-0.418879     2.51327    1.13155e-05
-0.20944     2.51327    1.14529e-05
0     2.51327    1.14836e-05
0.20944     2.51327    1.14479e-05
0.418879     2.51327    1.12812e-05
0.628319     2.51327    1.03225e-05
0.837758     2.51327    7.62743e-06
1.0472     2.51327    2.65543e-06
1.25664     2.51327    3.00332e-06
1.46608     2.51327    6.34002e-06
1.67552     2.51327    6.64322e-06
1.88496     2.51327    5.22001e-06
2.0944     2.51327    3.75951e-06
2.30383     2.51327    3.23959e-06
2.51327     2.51327    3.20655e-06
2.72271     2.51327    2.12833e-06
2.93215     2.51327    1.15107e-06
3.14159     2.51327    6.00659e-06

-3.14159     2.72271    4.41846e-06
-2.93215     2.72271    1.3036e-06
-2.72271     2.72271    6.22799e-06
-2.51327     2.72271    9.12723e-06
-2.30383     2.72271    1.05075e-05
-2.0944     2.72271    1.13503e-05
-1.88496     2.72271    1.18963e-05
-1.67552     2.72271    1.16142e-05
-1.46608     2.72271    9.45553e-06
-1.25664     2.72271    4.51951e-06
-1.0472     2.72271    2.07537e-06
-0.837758     2.72271    7.45695e-06
-0.628319     2.72271    1.05233e-05
-0.418879     2.72271    1.17754e-05
-0.20944     2.72271    1.21814e-05
0     2.72271    1.22735e-05
0.20944     2.72271    1.22138e-05
0.418879     2.72271    1.18026e-05
0.628319     2.72271    1.05199e-05
0.837758     2.72271    7.4679e-06
1.0472     2.72271    2.07298e-06
1.25664     2.72271    4.5122e-06
1.46608     2.72271    9.46514e-06
1.67552     2.72271    1.16146e-05
1.88496     2.72271    1.19039e-05
2.0944     2.72271    1.1336e-05
2.30383     2.72271    1.04912e-05
2.51327     2.72271    9.12688e-06
2.72271     2.72271    6.22063e-06
2.93215     2.72271    1.29863e-06
3.14159     2.72271    4.41274e-06

-3.14159     2.93215    1.42529e-06
-2.93215     2.93215    4.71789e-06
-2.72271     2.93215    1.05107e-05
-2.51327     2.93215    1.44618e-05
-2.30383     2.93215    1.65233e-05
-2.0944     2.93215    1.72371e-05
-1.88496     2.93215    1.69154e-05
-1.67552     2.93215    1.55177e-05
-1.46608     2.93215    1.22807e-05
-1.25664     2.93215    6.41244e-06
-1.0472     2.93215    6.4258e-07
-0.837758     2.93215    6.37632e-06
-0.628319     2.93215    9.95797e-06
-0.418879     2.93215    1.18501e-05
-0.20944     2.93215    1.26982e-05
0     2.93215    1.28725e-05
0.20944     2.93215    1.26648e-05
0.418879     2.93215    1.18272e-05
0.628319     2.93215    9.95382e-06
0.837758     2.93215    6.37456e-06
1.0472     2.93215    6.38238e-07
1.25664     2.93215    6.41272e-06
1.46608     2.93215    1.22706e-05
1.67552     2.93215    1.55073e-05
1.88496     2.93215    1.69017e-05
2.0944     2.93215    1.72489e-05
2.30383     2.93215    1.65296e-05
2.51327     2.93215    1.44702e-05
2.72271     2.93215    1.04981e-05
2.93215     2.93215    4.70668e-06
3.14159     2.93215    1.41701e-06

-3.14159     3.14159    3.13025e-06
-2.93215     3.14159    9.10858e-06
-2.72271     3.14159    1.46789e-05
-2.51327     3.14159    1.83457e-05
-2.30383     3.14159    1.98888e-05
-2.0944     3.14159    2.01057e-05
-1.88496     3.14159    1.96174e-05
-1.67552     3.14159    1.83604e-05
-1.46608     3.14159    1.51031e-05
-1.25664     3.14159    9.11974e-06
-1.0472     3.14159    2.11095e-06
-0.837758     3.14159    3.77949e-06
-0.628319     3.14159    7.88952e-06
-0.418879     3.14159    1.03641e-05
-0.20944     3.14159    1.15396e-05
0     3.14159    1.19721e-05
0.20944     3.14159    1.15556e-05
0.418879     3.14159    1.03608e-05
0.628319     3.14159    7.88632e-06
0.837758     3.14159    3.78538e-06
1.0472     3.14159    2.11212e-06
1.25664     3.14159    9.11471e-06
1.46608     3.14159    1.51003e-05
1.67552     3.14159    1.83543e-05
1.88496     3.14159    1.96254e-05
2.0944     3.14159    2.01115e-05
2.30383     3.14159    1.9867e-05
2.51327     3.14159    1.83366e-05
2.72271     3.14159    1.46573e-05
2.93215     3.14159    9.11163e-06
3.14159     3.14159    3.13746e-06

