-3.14159     -3.14159    0.000490377
-2.93215     -3.14159    0.000675198
-2.72271     -3.14159    0.00198104
-2.51327     -3.14159    0.00194646
-2.30383     -3.14159    0.000665343
-2.0944     -3.14159    0.000919529
-1.88496     -3.14159    0.00159317
-1.67552     -3.14159    0.000669983
-1.46608     -3.14159    0.0003012
-1.25664     -3.14159    0.000664024
-1.0472     -3.14159    0.000259722
-0.837758     -3.14159    0.000117873
-0.628319     -3.14159    0.00133737
-0.418879     -3.14159    0.00191154
-0.20944     -3.14159    0.00374227
0     -3.14159    0.00758951
0.20944     -3.14159    0.00356306
0.418879     -3.14159    0.00189999
0.628319     -3.14159    0.00145807
0.837758     -3.14159    0.000115884
1.0472     -3.14159    0.00026587
1.25664     -3.14159    0.000631095
1.46608     -3.14159    0.000300372
1.67552     -3.14159    0.000646642
1.88496     -3.14159    0.0015649
2.0944     -3.14159    0.000915051
2.30383     -3.14159    0.00064678
2.51327     -3.14159    0.00197814
2.72271     -3.14159    0.00194079
2.93215     -3.14159    0.000659231
3.14159     -3.14159    0.000479662

-3.14159     -2.93215    0.000226223
-2.93215     -2.93215    0.000948824
-2.72271     -2.93215    0.00113389
-2.51327     -2.93215    0.00321414
-2.30383     -2.93215    0.0023544
-2.0944     -2.93215    4.00562e-05
-1.88496     -2.93215    8.24409e-05
-1.67552     -2.93215    0.000465246
-1.46608     -2.93215    0.000444078
-1.25664     -2.93215    0.000420848
-1.0472     -2.93215    0.000774517
-0.837758     -2.93215    0.00143817
-0.628319     -2.93215    0.00163278
-0.418879     -2.93215    0.00106292
-0.20944     -2.93215    0.000318977
0     -2.93215    0.00444294
0.20944     -2.93215    0.000422128
0.418879     -2.93215    0.00104371
0.628319     -2.93215    0.00157358
0.837758     -2.93215    0.001463
1.0472     -2.93215    0.000772867
1.25664     -2.93215    0.000446476
1.46608     -2.93215    0.000439193
1.67552     -2.93215    0.000506764
1.88496     -2.93215    8.64533e-05
2.0944     -2.93215    5.45579e-05
2.30383     -2.93215    0.00237972
2.51327     -2.93215    0.00334009
2.72271     -2.93215    0.00116501
2.93215     -2.93215    0.000924956
3.14159     -2.93215    0.000208416

-3.14159     -2.72271    8.63223e-05
-2.93215     -2.72271    0.00011247
-2.72271     -2.72271    0.000681507
-2.51327     -2.72271    0.00380488
-2.30383     -2.72271    0.000159113
-2.0944     -2.72271    0.000516234
-1.88496     -2.72271    0.000367007
-1.67552     -2.72271    0.000882676
-1.46608     -2.72271    0.000630128
-1.25664     -2.72271    0.000503801
-1.0472     -2.72271    0.000510305
-0.837758     -2.72271    0.00054884
-0.628319     -2.72271    0.0020694
-0.418879     -2.72271    0.00084294
-0.20944     -2.72271    0.000616075
0     -2.72271    0.00442024
0.20944     -2.72271    0.000576279
0.418879     -2.72271    0.000878879
0.628319     -2.72271    0.00203999
0.837758     -2.72271    0.000485887
1.0472     -2.72271    0.000512873
1.25664     -2.72271    0.000516318
1.46608     -2.72271    0.00062944
1.67552     -2.72271    0.000925957
1.88496     -2.72271    0.000329713
2.0944     -2.72271    0.000483239
2.30383     -2.72271    0.000156786
2.51327     -2.72271    0.00370602
2.72271     -2.72271    0.000637241
2.93215     -2.72271    0.00013894
3.14159     -2.72271    4.63914e-05

-3.14159     -2.51327    0.00285234
-2.93215     -2.51327    0.00162368
-2.72271     -2.51327    0.00351212
-2.51327     -2.51327    0.000706055
-2.30383     -2.51327    0.000988417
-2.0944     -2.51327    0.000528462
-1.88496     -2.51327    0.000317443
-1.67552     -2.51327    0.000717988
-1.46608     -2.51327    0.00031859
-1.25664     -2.51327    0.00171599
-1.0472     -2.51327    0.000843294
-0.837758     -2.51327    0.000680042
-0.628319     -2.51327    0.000615843
-0.418879     -2.51327    0.000159609
-0.20944     -2.51327    0.000936084
0     -2.51327    0.00305259
0.20944     -2.51327    0.000966552
0.418879     -2.51327    0.000143301
0.628319     -2.51327    0.000627941
0.837758     -2.51327    0.000553614
1.0472     -2.51327    0.000836419
1.25664     -2.51327    0.00171841
1.46608     -2.51327    0.000310616
1.67552     -2.51327    0.000732739
1.88496     -2.51327    0.00032304
2.0944     -2.51327    0.000493366
2.30383     -2.51327    0.000981758
2.51327     -2.51327    0.000744056
2.72271     -2.51327    0.0035301
2.93215     -2.51327    0.00185709
3.14159     -2.51327    0.00294351

-3.14159     -2.30383    0.00627203
-2.93215     -2.30383    0.00564772
-2.72271     -2.30383    0.00275294
-2.51327     -2.30383    0.000681737
-2.30383     -2.30383    0.000117072
-2.0944     -2.30383    0.00161198
-1.88496     -2.30383    0.000742903
-1.67552     -2.30383    0.00117946
-1.46608     -2.30383    0.00113289
-1.25664     -2.30383    0.000696254
-1.0472     -2.30383    0.00130555
-0.837758     -2.30383    0.00134094
-0.628319     -2.30383    0.00051684
-0.418879     -2.30383    0.000326251
-0.20944     -2.30383    0.000902086
0     -2.30383    0.00101797
0.20944     -2.30383    0.000921212
0.418879     -2.30383    0.000281806
0.628319     -2.30383    0.000522124
0.837758     -2.30383    0.00128783
1.0472     -2.30383    0.00130829
1.25664     -2.30383    0.000706739
1.46608     -2.30383    0.00110782
1.67552     -2.30383    0.00121762
1.88496     -2.30383    0.000726518
2.0944     -2.30383    0.00163039
2.30383     -2.30383    0.000139765
2.51327     -2.30383    0.000594436
2.72271     -2.30383    0.00274409
2.93215     -2.30383    0.00574218
3.14159     -2.30383    0.00628137

-3.14159     -2.0944    0.00760863
-2.93215     -2.0944    0.0104431
-2.72271     -2.0944    0.00599209
-2.51327     -2.0944    0.00330886
-2.30383     -2.0944    0.000842322
-2.0944     -2.0944    0.000291647
-1.88496     -2.0944    0.00019668
-1.67552     -2.0944    0.000274053
-1.46608     -2.0944    0.00177786
-1.25664     -2.0944    0.00148942
-1.0472     -2.0944    9.09313e-05
-0.837758     -2.0944    0.00252604
-0.628319     -2.0944    0.00047828
-0.418879     -2.0944    0.000165304
-0.20944     -2.0944    0.00203769
0     -2.0944    0.00125301
0.20944     -2.0944    0.00201309
0.418879     -2.0944    0.000130991
0.628319     -2.0944    0.00048356
0.837758     -2.0944    0.00253159
1.0472     -2.0944    7.72629e-05
1.25664     -2.0944    0.00149004
1.46608     -2.0944    0.00181326
1.67552     -2.0944    0.000255159
1.88496     -2.0944    0.000182062
2.0944     -2.0944    0.000281304
2.30383     -2.0944    0.000861728
2.51327     -2.0944    0.00330699
2.72271     -2.0944    0.00595119
2.93215     -2.0944    0.0102857
3.14159     -2.0944    0.00725278

-3.14159     -1.88496    0.00977804
-2.93215     -1.88496    0.00667212
-2.72271     -1.88496    0.005778
-2.51327     -1.88496    0.001099
-2.30383     -1.88496    0.00168543
-2.0944     -1.88496    0.00230388
-1.88496     -1.88496    0.000914088
-1.67552     -1.88496    0.000717578
-1.46608     -1.88496    0.00174102
-1.25664     -1.88496    0.00107339
-1.0472     -1.88496    0.000121445
-0.837758     -1.88496    0.00214448
-0.628319     -1.88496    0.00040105
-0.418879     -1.88496    0.0015577
-0.20944     -1.88496    0.00124025
0     -1.88496    0.000773817
0.20944     -1.88496    0.00126298
0.418879     -1.88496    0.00156637
0.628319     -1.88496    0.000393798
0.837758     -1.88496    0.00211528
1.0472     -1.88496    9.81315e-05
1.25664     -1.88496    0.00109633
1.46608     -1.88496    0.0017708
1.67552     -1.88496    0.000776324
1.88496     -1.88496    0.000901821
2.0944     -1.88496    0.00233083
2.30383     -1.88496    0.00171401
2.51327     -1.88496    0.00108734
2.72271     -1.88496    0.00572244
2.93215     -1.88496    0.00684396
3.14159     -1.88496    0.00974459

-3.14159     -1.67552    0.00913663
-2.93215     -1.67552    0.00555668
-2.72271     -1.67552    0.00691563
-2.51327     -1.67552    0.00184132
-2.30383     -1.67552    0.000296532
-2.0944     -1.67552    0.000415645
-1.88496     -1.67552    0.000185312
-1.67552     -1.67552    0.000490199
-1.46608     -1.67552    0.00141722
-1.25664     -1.67552    0.00198888
-1.0472     -1.67552    0.00150045
-0.837758     -1.67552    0.00120237
-0.628319     -1.67552    0.000301684
-0.418879     -1.67552    0.0028515
-0.20944     -1.67552    0.00137869
0     -1.67552    0.00143576
0.20944     -1.67552    0.00133802
0.418879     -1.67552    0.00286415
0.628319     -1.67552    0.000287835
0.837758     -1.67552    0.00123597
1.0472     -1.67552    0.00152718
1.25664     -1.67552    0.00198043
1.46608     -1.67552    0.00146316
1.67552     -1.67552    0.000458192
1.88496     -1.67552    0.000187282
2.0944     -1.67552    0.000386448
2.30383     -1.67552    0.000316499
2.51327     -1.67552    0.00187375
2.72271     -1.67552    0.00683695
2.93215     -1.67552    0.0056189
3.14159     -1.67552    0.00897466

-3.14159     -1.46608    0.00715226
-2.93215     -1.46608    0.00579263
-2.72271     -1.46608    0.00604382
-2.51327     -1.46608    0.00408567
-2.30383     -1.46608    0.002484
-2.0944     -1.46608    0.000902633
-1.88496     -1.46608    0.000454742
-1.67552     -1.46608    2.63683e-05
-1.46608     -1.46608    0.000229967
-1.25664     -1.46608    0.000404736
-1.0472     -1.46608    0.000516895
-0.837758     -1.46608    0.00264652
-0.628319     -1.46608    0.000116449
-0.418879     -1.46608    0.00225562
-0.20944     -1.46608    0.000293589
0     -1.46608    0.000375065
0.20944     -1.46608    0.000322458
0.418879     -1.46608    0.00226508
0.628319     -1.46608    9.52775e-05
0.837758     -1.46608    0.00267353
1.0472     -1.46608    0.000557776
1.25664     -1.46608    0.000400819
1.46608     -1.46608    0.000183865
1.67552     -1.46608    3.85532e-05
1.88496     -1.46608    0.000447646
2.0944     -1.46608    0.000904099
2.30383     -1.46608    0.00246728
2.51327     -1.46608    0.00416359
2.72271     -1.46608    0.00600692
2.93215     -1.46608    0.0057237
3.14159     -1.46608    0.00685031

-3.14159     -1.25664    0.00547722
-2.93215     -1.25664    0.00226359
-2.72271     -1.25664    6.22746e-05
-2.51327     -1.25664    0.000738701
-2.30383     -1.25664    0.00443991
-2.0944     -1.25664    0.0011792
-1.88496     -1.25664    0.000982825
-1.67552     -1.25664    0.00171596
-1.46608     -1.25664    0.0012491
-1.25664     -1.25664    0.0026831
-1.0472     -1.25664    0.000494691
-0.837758     -1.25664    0.000311628
-0.628319     -1.25664    0.00171076
-0.418879     -1.25664    0.00234839
-0.20944     -1.25664    0.000789593
0     -1.25664    0.000626794
0.20944     -1.25664    0.000820855
0.418879     -1.25664    0.00233325
0.628319     -1.25664    0.00162481
0.837758     -1.25664    0.000303507
1.0472     -1.25664    0.000465368
1.25664     -1.25664    0.00269644
1.46608     -1.25664    0.00121718
1.67552     -1.25664    0.00174354
1.88496     -1.25664    0.000956446
2.0944     -1.25664    0.0011936
2.30383     -1.25664    0.00438618
2.51327     -1.25664    0.000739415
2.72271     -1.25664    3.68811e-05
2.93215     -1.25664    0.0022671
3.14159     -1.25664    0.00559252

-3.14159     -1.0472    0.00160574
-2.93215     -1.0472    0.00172281
-2.72271     -1.0472    0.00179274
-2.51327     -1.0472    0.000291952
-2.30383     -1.0472    0.00031434
-2.0944     -1.0472    0.000714331
-1.88496     -1.0472    0.000874949
-1.67552     -1.0472    0.00120345
-1.46608     -1.0472    0.00108287
-1.25664     -1.0472    0.00181214
-1.0472     -1.0472    0.00222162
-0.837758     -1.0472    0.00275333
-0.628319     -1.0472    0.00120071
-0.418879     -1.0472    0.000179477
-0.20944     -1.0472    0.000469568
0     -1.0472    0.00100341
0.20944     -1.0472    0.000461176
0.418879     -1.0472    0.000197513
0.628319     -1.0472    0.00113489
0.837758     -1.0472    0.00279393
1.0472     -1.0472    0.0022254
1.25664     -1.0472    0.00182349
1.46608     -1.0472    0.00109354
1.67552     -1.0472    0.00121288
1.88496     -1.0472    0.000864322
2.0944     -1.0472    0.000682197
2.30383     -1.0472    0.000323506
2.51327     -1.0472    0.000300059
2.72271     -1.0472    0.00178107
2.93215     -1.0472    0.00169476
3.14159     -1.0472    0.00162651

-3.14159     -0.837758    0.000104919
-2.93215     -0.837758    0.000572263
-2.72271     -0.837758    0.00201561
-2.51327     -0.837758    0.000673155
-2.30383     -0.837758    0.000111074
-2.0944     -0.837758    0.000882084
-1.88496     -0.837758    0.00203592
-1.67552     -0.837758    0.000210686
-1.46608     -0.837758    0.00144296
-1.25664     -0.837758    0.000810637
-1.0472     -0.837758    0.000889172
-0.837758     -0.837758    0.000397867
-0.628319     -0.837758    0.000310592
-0.418879     -0.837758    0.00158931
-0.20944     -0.837758    0.00227015
0     -0.837758    0.00313234
0.20944     -0.837758    0.00226021
0.418879     -0.837758    0.00170967
0.628319     -0.837758    0.000352477
0.837758     -0.837758    0.000372536
1.0472     -0.837758    0.000861684
1.25664     -0.837758    0.000835854
1.46608     -0.837758    0.0014531
1.67552     -0.837758    0.000230746
1.88496     -0.837758    0.00204564
2.0944     -0.837758    0.000874609
2.30383     -0.837758    0.000131201
2.51327     -0.837758    0.000701001
2.72271     -0.837758    0.00199232
2.93215     -0.837758    0.000567974
3.14159     -0.837758    0.000135666

-3.14159     -0.628319    0.00034319
-2.93215     -0.628319    0.00133954
-2.72271     -0.628319    0.000190952
-2.51327     -0.628319    0.000969256
-2.30383     -0.628319    0.000529626
-2.0944     -0.628319    0.000471064
-1.88496     -0.628319    0.00112501
-1.67552     -0.628319    0.00227096
-1.46608     -0.628319    0.00121596
-1.25664     -0.628319    0.000546178
-1.0472     -0.628319    7.22759e-05
-0.837758     -0.628319    0.000963342
-0.628319     -0.628319    0.0019151
-0.418879     -0.628319    0.00599402
-0.20944     -0.628319    0.00603948
0     -0.628319    0.00256044
0.20944     -0.628319    0.00601913
0.418879     -0.628319    0.00613525
0.628319     -0.628319    0.00187825
0.837758     -0.628319    0.000956919
1.0472     -0.628319    7.27175e-05
1.25664     -0.628319    0.000559805
1.46608     -0.628319    0.00121267
1.67552     -0.628319    0.00226241
1.88496     -0.628319    0.00113732
2.0944     -0.628319    0.000475886
2.30383     -0.628319    0.000509814
2.51327     -0.628319    0.000994163
2.72271     -0.628319    0.000172796
2.93215     -0.628319    0.00135237
3.14159     -0.628319    0.000321988

-3.14159     -0.418879    0.000409325
-2.93215     -0.418879    0.000822139
-2.72271     -0.418879    0.000288884
-2.51327     -0.418879    0.000167101
-2.30383     -0.418879    0.00185302
-2.0944     -0.418879    0.00123009
-1.88496     -0.418879    0.000274691
-1.67552     -0.418879    0.00252225
-1.46608     -0.418879    0.00199243
-1.25664     -0.418879    0.000185024
-1.0472     -0.418879    0.00073102
-0.837758     -0.418879    0.00146035
-0.628319     -0.418879    0.00257023
-0.418879     -0.418879    0.00624696
-0.20944     -0.418879    0.00660777
0     -0.418879    0.00951511
0.20944     -0.418879    0.00661652
0.418879     -0.418879    0.00630481
0.628319     -0.418879    0.00258835
0.837758     -0.418879    0.00144446
1.0472     -0.418879    0.000725752
1.25664     -0.418879    0.000174164
1.46608     -0.418879    0.00201595
1.67552     -0.418879    0.00249763
1.88496     -0.418879    0.000269918
2.0944     -0.418879    0.00123528
2.30383     -0.418879    0.00188828
2.51327     -0.418879    0.000231661
2.72271     -0.418879    0.000275816
2.93215     -0.418879    0.000817103
3.14159     -0.418879    0.000403498

-3.14159     -0.20944    0.000365068
-2.93215     -0.20944    0.000902218
-2.72271     -0.20944    0.00139674
-2.51327     -0.20944    0.0013768
-2.30383     -0.20944    0.00165157
-2.0944     -0.20944    0.00193873
-1.88496     -0.20944    0.00128956
-1.67552     -0.20944    0.000721071
-1.46608     -0.20944    0.0018894
-1.25664     -0.20944    0.00200725
-1.0472     -0.20944    0.000718368
-0.837758     -0.20944    0.0024615
-0.628319     -0.20944    0.00476096
-0.418879     -0.20944    0.00623606
-0.20944     -0.20944    0.0091337
0     -0.20944    0.00997944
0.20944     -0.20944    0.0089803
0.418879     -0.20944    0.00640492
0.628319     -0.20944    0.00444133
0.837758     -0.20944    0.00248629
1.0472     -0.20944    0.000750162
1.25664     -0.20944    0.00204631
1.46608     -0.20944    0.00184459
1.67552     -0.20944    0.000686837
1.88496     -0.20944    0.00125326
2.0944     -0.20944    0.00194317
2.30383     -0.20944    0.00164784
2.51327     -0.20944    0.00138823
2.72271     -0.20944    0.00137592
2.93215     -0.20944    0.000924476
3.14159     -0.20944    0.00038725

-3.14159     0    0.000979576
-2.93215     0    0.000253363
-2.72271     0    0.00092818
-2.51327     0    0.00120041
-2.30383     0    0.00101868
-2.0944     0    0.000449002
-1.88496     0    0.00153764
-1.67552     0    0.00292778
-1.46608     0    0.00022538
-1.25664     0    0.00150273
-1.0472     0    0.000131368
-0.837758     0    0.00436612
-0.628319     0    0.0076058
-0.418879     0    0.00667658
-0.20944     0    0.013281
0     0    1.32298e-14
0.20944     0    0.013281
0.418879     0    0.00667658
0.628319     0    0.0076058
0.837758     0    0.00436612
1.0472     0    0.000131368
1.25664     0    0.00150273
1.46608     0    0.00022538
1.67552     0    0.00292778
1.88496     0    0.00153764
2.0944     0    0.000449002
2.30383     0    0.00101868
2.51327     0    0.00120041
2.72271     0    0.00092818
2.93215     0    0.000253363
3.14159     0    0.000979576

-3.14159     0.20944    0.00038725
-2.93215     0.20944    0.000924476
-2.72271     0.20944    0.00137592
-2.51327     0.20944    0.00138823
-2.30383     0.20944    0.00164784
-2.0944     0.20944    0.00194317
-1.88496     0.20944    0.00125326
-1.67552     0.20944    0.000686837
-1.46608     0.20944    0.00184459
-1.25664     0.20944    0.00204631
-1.0472     0.20944    0.000750162
-0.837758     0.20944    0.00248629
-0.628319     0.20944    0.00444133
-0.418879     0.20944    0.00640492
-0.20944     0.20944    0.0089803
0     0.20944    0.00997944
0.20944     0.20944    0.0091337
0.418879     0.20944    0.00623606
0.628319     0.20944    0.00476096
0.837758     0.20944    0.0024615
1.0472     0.20944    0.000718368
1.25664     0.20944    0.00200725
1.46608     0.20944    0.0018894
1.67552     0.20944    0.000721071
1.88496     0.20944    0.00128956
2.0944     0.20944    0.00193873
2.30383     0.20944    0.00165157
2.51327     0.20944    0.0013768
2.72271     0.20944    0.00139674
2.93215     0.20944    0.000902218
3.14159     0.20944    0.000365068

-3.14159     0.418879    0.000403498
-2.93215     0.418879    0.000817103
-2.72271     0.418879    0.000275816
-2.51327     0.418879    0.000231661
-2.30383     0.418879    0.00188828
-2.0944     0.418879    0.00123528
-1.88496     0.418879    0.000269918
-1.67552     0.418879    0.00249763
-1.46608     0.418879    0.00201595
-1.25664     0.418879    0.000174164
-1.0472     0.418879    0.000725752
-0.837758     0.418879    0.00144446
-0.628319     0.418879    0.00258835
-0.418879     0.418879    0.00630481
-0.20944     0.418879    0.00661652
0     0.418879    0.00951511
0.20944     0.418879    0.00660777
0.418879     0.418879    0.00624696
0.628319     0.418879    0.00257023
0.837758     0.418879    0.00146035
1.0472     0.418879    0.00073102
1.25664     0.418879    0.000185024
1.46608     0.418879    0.00199243
1.67552     0.418879    0.00252225
1.88496     0.418879    0.000274691
2.0944     0.418879    0.00123009
2.30383     0.418879    0.00185302
2.51327     0.418879    0.000167101
2.72271     0.418879    0.000288884
2.93215     0.418879    0.000822139
3.14159     0.418879    0.000409325

-3.14159     0.628319    0.000321988
-2.93215     0.628319    0.00135237
-2.72271     0.628319    0.000172796
-2.51327     0.628319    0.000994163
-2.30383     0.628319    0.000509814
-2.0944     0.628319    0.000475886
-1.88496     0.628319    0.00113732
-1.67552     0.628319    0.00226241
-1.46608     0.628319    0.00121267
-1.25664     0.628319    0.000559805
-1.0472     0.628319    7.27175e-05
-0.837758     0.628319    0.000956919
-0.628319     0.628319    0.00187825
-0.418879     0.628319    0.00613525
-0.20944     0.628319    0.00601913
0     0.628319    0.00256044
0.20944     0.628319    0.00603948
0.418879     0.628319    0.00599402
0.628319     0.628319    0.0019151
0.837758     0.628319    0.000963342
1.0472     0.628319    7.22759e-05
1.25664     0.628319    0.000546178
1.46608     0.628319    0.00121596
1.67552     0.628319    0.00227096
1.88496     0.628319    0.00112501
2.0944     0.628319    0.000471064
2.30383     0.628319    0.000529626
2.51327     0.628319    0.000969256
2.72271     0.628319    0.000190952
2.93215     0.628319    0.00133954
3.14159     0.628319    0.00034319

-3.14159     0.837758    0.000135666
-2.93215     0.837758    0.000567974
-2.72271     0.837758    0.00199232
-2.51327     0.837758    0.000701001
-2.30383     0.837758    0.000131201
-2.0944     0.837758    0.000874609
-1.88496     0.837758    0.00204564
-1.67552     0.837758    0.000230746
-1.46608     0.837758    0.0014531
-1.25664     0.837758    0.000835854
-1.0472     0.837758    0.000861684
-0.837758     0.837758    0.000372536
-0.628319     0.837758    0.000352477
-0.418879     0.837758    0.00170967
-0.20944     0.837758    0.00226021
0     0.837758    0.00313234
0.20944     0.837758    0.00227015
0.418879     0.837758    0.00158931
0.628319     0.837758    0.000310592
0.837758     0.837758    0.000397867
1.0472     0.837758    0.000889172
1.25664     0.837758    0.000810637
1.46608     0.837758    0.00144296
1.67552     0.837758    0.000210686
1.88496     0.837758    0.00203592
2.0944     0.837758    0.000882084
2.30383     0.837758    0.000111074
2.51327     0.837758    0.000673155
2.72271     0.837758    0.00201561
2.93215     0.837758    0.000572263
3.14159     0.837758    0.000104919

-3.14159     1.0472    0.00162651
-2.93215     1.0472    0.00169476
-2.72271     1.0472    0.00178107
-2.51327     1.0472    0.000300059
-2.30383     1.0472    0.000323506
-2.0944     1.0472    0.000682197
-1.88496     1.0472    0.000864322
-1.67552     1.0472    0.00121288
-1.46608     1.0472    0.00109354
-1.25664     1.0472    0.00182349
-1.0472     1.0472    0.0022254
-0.837758     1.0472    0.00279393
-0.628319     1.0472    0.00113489
-0.418879     1.0472    0.000197513
-0.20944     1.0472    0.000461176
0     1.0472    0.00100341
0.20944     1.0472    0.000469568
0.418879     1.0472    0.000179477
0.628319     1.0472    0.00120071
0.837758     1.0472    0.00275333
1.0472     1.0472    0.00222162
1.25664     1.0472    0.00181214
1.46608     1.0472    0.00108287
1.67552     1.0472    0.00120345
1.88496     1.0472    0.000874949
2.0944     1.0472    0.000714331
2.30383     1.0472    0.00031434
2.51327     1.0472    0.000291952
2.72271     1.0472    0.00179274
2.93215     1.0472    0.00172281
3.14159     1.0472    0.00160574

-3.14159     1.25664    0.00559252
-2.93215     1.25664    0.0022671
-2.72271     1.25664    3.68811e-05
-2.51327     1.25664    0.000739415
-2.30383     1.25664    0.00438618
-2.0944     1.25664    0.0011936
-1.88496     1.25664    0.000956446
-1.67552     1.25664    0.00174354
-1.46608     1.25664    0.00121718
-1.25664     1.25664    0.00269644
-1.0472     1.25664    0.000465368
-0.837758     1.25664    0.000303507
-0.628319     1.25664    0.00162481
-0.418879     1.25664    0.00233325
-0.20944     1.25664    0.000820855
0     1.25664    0.000626794
0.20944     1.25664    0.000789593
0.418879     1.25664    0.00234839
0.628319     1.25664    0.00171076
0.837758     1.25664    0.000311628
1.0472     1.25664    0.000494691
1.25664     1.25664    0.0026831
1.46608     1.25664    0.0012491
1.67552     1.25664    0.00171596
1.88496     1.25664    0.000982825
2.0944     1.25664    0.0011792
2.30383     1.25664    0.00443991
2.51327     1.25664    0.000738701
2.72271     1.25664    6.22746e-05
2.93215     1.25664    0.00226359
3.14159     1.25664    0.00547722

-3.14159     1.46608    0.00685031
-2.93215     1.46608    0.0057237
-2.72271     1.46608    0.00600692
-2.51327     1.46608    0.00416359
-2.30383     1.46608    0.00246728
-2.0944     1.46608    0.000904099
-1.88496     1.46608    0.000447646
-1.67552     1.46608    3.85532e-05
-1.46608     1.46608    0.000183865
-1.25664     1.46608    0.000400819
-1.0472     1.46608    0.000557776
-0.837758     1.46608    0.00267353
-0.628319     1.46608    9.52775e-05
-0.418879     1.46608    0.00226508
-0.20944     1.46608    0.000322458
0     1.46608    0.000375065
0.20944     1.46608    0.000293589
0.418879     1.46608    0.00225562
0.628319     1.46608    0.000116449
0.837758     1.46608    0.00264652
1.0472     1.46608    0.000516895
1.25664     1.46608    0.000404736
1.46608     1.46608    0.000229967
1.67552     1.46608    2.63683e-05
1.88496     1.46608    0.000454742
2.0944     1.46608    0.000902633
2.30383     1.46608    0.002484
2.51327     1.46608    0.00408567
2.72271     1.46608    0.00604382
2.93215     1.46608    0.00579263
3.14159     1.46608    0.00715226

-3.14159     1.67552    0.00897466
-2.93215     1.67552    0.0056189
-2.72271     1.67552    0.00683695
-2.51327     1.67552    0.00187375
-2.30383     1.67552    0.000316499
-2.0944     1.67552    0.000386448
-1.88496     1.67552    0.000187282
-1.67552     1.67552    0.000458192
-1.46608     1.67552    0.00146316
-1.25664     1.67552    0.00198043
-1.0472     1.67552    0.00152718
-0.837758     1.67552    0.00123597
-0.628319     1.67552    0.000287835
-0.418879     1.67552    0.00286415
-0.20944     1.67552    0.00133802
0     1.67552    0.00143576
0.20944     1.67552    0.00137869
0.418879     1.67552    0.0028515
0.628319     1.67552    0.000301684
0.837758     1.67552    0.00120237
1.0472     1.67552    0.00150045
1.25664     1.67552    0.00198888
1.46608     1.67552    0.00141722
1.67552     1.67552    0.000490199
1.88496     1.67552    0.000185312
2.0944     1.67552    0.000415645
2.30383     1.67552    0.000296532
2.51327     1.67552    0.00184132
2.72271     1.67552    0.00691563
2.93215     1.67552    0.00555668
3.14159     1.67552    0.00913663

-3.14159     1.88496    0.00974459
-2.93215     1.88496    0.00684396
-2.72271     1.88496    0.00572244
-2.51327     1.88496    0.00108734
-2.30383     1.88496    0.00171401
-2.0944     1.88496    0.00233083
-1.88496     1.88496    0.000901821
-1.67552     1.88496    0.000776324
-1.46608     1.88496    0.0017708
-1.25664     1.88496    0.00109633
-1.0472     1.88496    9.81315e-05
-0.837758     1.88496    0.00211528
-0.628319     1.88496    0.000393798
-0.418879     1.88496    0.00156637
-0.20944     1.88496    0.00126298
0     1.88496    0.000773817
0.20944     1.88496    0.00124025
0.418879     1.88496    0.0015577
0.628319     1.88496    0.00040105
0.837758     1.88496    0.00214448
1.0472     1.88496    0.000121445
1.25664     1.88496    0.00107339
1.46608     1.88496    0.00174102
1.67552     1.88496    0.000717578
1.88496     1.88496    0.000914088
2.0944     1.88496    0.00230388
2.30383     1.88496    0.00168543
2.51327     1.88496    0.001099
2.72271     1.88496    0.005778
2.93215     1.88496    0.00667212
3.14159     1.88496    0.00977804

-3.14159     2.0944    0.00725278
-2.93215     2.0944    0.0102857
-2.72271     2.0944    0.00595119
-2.51327     2.0944    0.00330699
-2.30383     2.0944    0.000861728
-2.0944     2.0944    0.000281304
-1.88496     2.0944    0.000182062
-1.67552     2.0944    0.000255159
-1.46608     2.0944    0.00181326
-1.25664     2.0944    0.00149004
-1.0472     2.0944    7.72629e-05
-0.837758     2.0944    0.00253159
-0.628319     2.0944    0.00048356
-0.418879     2.0944    0.000130991
-0.20944     2.0944    0.00201309
0     2.0944    0.00125301
0.20944     2.0944    0.00203769
0.418879     2.0944    0.000165304
0.628319     2.0944    0.00047828
0.837758     2.0944    0.00252604
1.0472     2.0944    9.09313e-05
1.25664     2.0944    0.00148942
1.46608     2.0944    0.00177786
1.67552     2.0944    0.000274053
1.88496     2.0944    0.00019668
2.0944     2.0944    0.000291647
2.30383     2.0944    0.000842322
2.51327     2.0944    0.00330886
2.72271     2.0944    0.00599209
2.93215     2.0944    0.0104431
3.14159     2.0944    0.00760863

-3.14159     2.30383    0.00628137
-2.93215     2.30383    0.00574218
-2.72271     2.30383    0.00274409
-2.51327     2.30383    0.000594436
-2.30383     2.30383    0.000139765
-2.0944     2.30383    0.00163039
-1.88496     2.30383    0.000726518
-1.67552     2.30383    0.00121762
-1.46608     2.30383    0.00110782
-1.25664     2.30383    0.000706739
-1.0472     2.30383    0.00130829
-0.837758     2.30383    0.00128783
-0.628319     2.30383    0.000522124
-0.418879     2.30383    0.000281806
-0.20944     2.30383    0.000921212
0     2.30383    0.00101797
0.20944     2.30383    0.000902086
0.418879     2.30383    0.000326251
0.628319     2.30383    0.00051684
0.837758     2.30383    0.00134094
1.0472     2.30383    0.00130555
1.25664     2.30383    0.000696254
1.46608     2.30383    0.00113289
1.67552     2.30383    0.00117946
1.88496     2.30383    0.000742903
2.0944     2.30383    0.00161198
2.30383     2.30383    0.000117072
2.51327     2.30383    0.000681737
2.72271     2.30383    0.00275294
2.93215     2.30383    0.00564772
3.14159     2.30383    0.00627203

-3.14159     2.51327    0.00294351
-2.93215     2.51327    0.00185709
-2.72271     2.51327    0.0035301
-2.51327     2.51327    0.000744056
-2.30383     2.51327    0.000981758
-2.0944     2.51327    0.000493366
-1.88496     2.51327    0.00032304
-1.67552     2.51327    0.000732739
-1.46608     2.51327    0.000310616
-1.25664     2.51327    0.00171841
-1.0472     2.51327    0.000836419
-0.837758     2.51327    0.000553614
-0.628319     2.51327    0.000627941
-0.418879     2.51327    0.000143301
-0.20944     2.51327    0.000966552
0     2.51327    0.00305259
0.20944     2.51327    0.000936084
0.418879     2.51327    0.000159609
0.628319     2.51327    0.000615843
0.837758     2.51327    0.000680042
1.0472     2.51327    0.000843294
1.25664     2.51327    0.00171599
1.46608     2.51327    0.00031859
1.67552     2.51327    0.000717988
1.88496     2.51327    0.000317443
2.0944     2.51327    0.000528462
2.30383     2.51327    0.000988417
2.51327     2.51327    0.000706055
2.72271     2.51327    0.00351212
2.93215     2.51327    0.00162368
3.14159     2.51327    0.00285234

-3.14159     2.72271    4.63914e-05
-2.93215     2.72271    0.00013894
-2.72271     2.72271    0.000637241
-2.51327     2.72271    0.00370602
-2.30383     2.72271    0.000156786
-2.0944     2.72271    0.000483239
-1.88496     2.72271    0.000329713
-1.67552     2.72271    0.000925957
-1.46608     2.72271    0.00062944
-1.25664     2.72271    0.000516318
-1.0472     2.72271    0.000512873
-0.837758     2.72271    0.000485887
-0.628319     2.72271    0.00203999
-0.418879     2.72271    0.000878879
-0.20944     2.72271    0.000576279
0     2.72271    0.00442024
0.20944     2.72271    0.000616075
0.418879     2.72271    0.00084294
0.628319     2.72271    0.0020694
0.837758     2.72271    0.00054884
1.0472     2.72271    0.000510305
1.25664     2.72271    0.000503801
1.46608     2.72271    0.000630128
1.67552     2.72271    0.000882676
1.88496     2.72271    0.000367007
2.0944     2.72271    0.000516234
2.30383     2.72271    0.000159113
2.51327     2.72271    0.00380488
2.72271     2.72271    0.000681507
2.93215     2.72271    0.00011247
3.14159     2.72271    8.63223e-05

-3.14159     2.93215    0.000208416
-2.93215     2.93215    0.000924956
-2.72271     2.93215    0.00116501
-2.51327     2.93215    0.00334009
-2.30383     2.93215    0.00237972
-2.0944     2.93215    5.45579e-05
-1.88496     2.93215    8.64533e-05
-1.67552     2.93215    0.000506764
-1.46608     2.93215    0.000439193
-1.25664     2.93215    0.000446476
-1.0472     2.93215    0.000772867
-0.837758     2.93215    0.001463
-0.628319     2.93215    0.00157358
-0.418879     2.93215    0.00104371
-0.20944     2.93215    0.000422128
0     2.93215    0.00444294
0.20944     2.93215    0.000318977
0.418879     2.93215    0.00106292
0.628319     2.93215    0.00163278
0.837758     2.93215    0.00143817
1.0472     2.93215    0.000774517
1.25664     2.93215    0.000420848
1.46608     2.93215    0.000444078
1.67552     2.93215    0.000465246
1.88496     2.93215    8.24409e-05
2.0944     2.93215    4.00562e-05
2.30383     2.93215    0.0023544
2.51327     2.93215    0.00321414
2.72271     2.93215    0.00113389
2.93215     2.93215    0.000948824
3.14159     2.93215    0.000226223

-3.14159     3.14159    0.000479662
-2.93215     3.14159    0.000659231
-2.72271     3.14159    0.00194079
-2.51327     3.14159    0.00197814
-2.30383     3.14159    0.00064678
-2.0944     3.14159    0.000915051
-1.88496     3.14159    0.0015649
-1.67552     3.14159    0.000646642
-1.46608     3.14159    0.000300372
-1.25664     3.14159    0.000631095
-1.0472     3.14159    0.00026587
-0.837758     3.14159    0.000115884
-0.628319     3.14159    0.00145807
-0.418879     3.14159    0.00189999
-0.20944     3.14159    0.00356306
0     3.14159    0.00758951
0.20944     3.14159    0.00374227
0.418879     3.14159    0.00191154
0.628319     3.14159    0.00133737
0.837758     3.14159    0.000117873
1.0472     3.14159    0.000259722
1.25664     3.14159    0.000664024
1.46608     3.14159    0.0003012
1.67552     3.14159    0.000669983
1.88496     3.14159    0.00159317
2.0944     3.14159    0.000919529
2.30383     3.14159    0.000665343
2.51327     3.14159    0.00194646
2.72271     3.14159    0.00198104
2.93215     3.14159    0.000675198
3.14159     3.14159    0.000490377

