-3.14159     -3.14159    1.05997e-05
-2.93215     -3.14159    2.82308e-05
-2.72271     -3.14159    5.03745e-05
-2.51327     -3.14159    6.76957e-05
-2.30383     -3.14159    6.86867e-05
-2.0944     -3.14159    5.85001e-05
-1.88496     -3.14159    5.09238e-05
-1.67552     -3.14159    4.86844e-05
-1.46608     -3.14159    4.75297e-05
-1.25664     -3.14159    2.82525e-05
-1.0472     -3.14159    9.77711e-06
-0.837758     -3.14159    2.65959e-06
-0.628319     -3.14159    1.04047e-05
-0.418879     -3.14159    1.55609e-05
-0.20944     -3.14159    1.87136e-05
0     -3.14159    1.98034e-05
0.20944     -3.14159    1.87835e-05
0.418879     -3.14159    1.55563e-05
0.628319     -3.14159    1.04015e-05
0.837758     -3.14159    2.65992e-06
1.0472     -3.14159    9.77143e-06
1.25664     -3.14159    2.82501e-05
1.46608     -3.14159    4.75267e-05
1.67552     -3.14159    4.86854e-05
1.88496     -3.14159    5.09295e-05
2.0944     -3.14159    5.85094e-05
2.30383     -3.14159    6.86942e-05
2.51327     -3.14159    6.76913e-05
2.72271     -3.14159    5.0372e-05
2.93215     -3.14159    2.82272e-05
3.14159     -3.14159    1.05953e-05

-3.14159     -2.93215    2.91772e-07
-2.93215     -2.93215    1.96364e-05
-2.72271     -2.93215    3.94544e-05
-2.51327     -2.93215    5.19665e-05
-2.30383     -2.93215    6.04228e-05
-2.0944     -2.93215    5.80886e-05
-1.88496     -2.93215    4.66826e-05
-1.67552     -2.93215    4.02057e-05
-1.46608     -2.93215    3.73283e-05
-1.25664     -2.93215    2.04674e-05
-1.0472     -2.93215    2.24026e-07
-0.837758     -2.93215    1.17801e-05
-0.628319     -2.93215    1.97213e-05
-0.418879     -2.93215    2.37016e-05
-0.20944     -2.93215    2.41256e-05
0     -2.93215    2.39019e-05
0.20944     -2.93215    2.40204e-05
0.418879     -2.93215    2.3612e-05
0.628319     -2.93215    1.97392e-05
0.837758     -2.93215    1.17796e-05
1.0472     -2.93215    2.22488e-07
1.25664     -2.93215    2.04643e-05
1.46608     -2.93215    3.73274e-05
1.67552     -2.93215    4.0208e-05
1.88496     -2.93215    4.66901e-05
2.0944     -2.93215    5.81027e-05
2.30383     -2.93215    6.04288e-05
2.51327     -2.93215    5.19679e-05
2.72271     -2.93215    3.94574e-05
2.93215     -2.93215    1.96274e-05
3.14159     -2.93215    2.91679e-07

-3.14159     -2.72271    2.53762e-06
-2.93215     -2.72271    2.07057e-05
-2.72271     -2.72271    3.83387e-05
-2.51327     -2.72271    3.99191e-05
-2.30383     -2.72271    3.6471e-05
-2.0944     -2.72271    3.70848e-05
-1.88496     -2.72271    3.69232e-05
-1.67552     -2.72271    3.48962e-05
-1.46608     -2.72271    3.23334e-05
-1.25664     -2.72271    2.13434e-05
-1.0472     -2.72271    2.15103e-06
-0.837758     -2.72271    1.50725e-05
-0.628319     -2.72271    2.34146e-05
-0.418879     -2.72271    2.39147e-05
-0.20944     -2.72271    2.42029e-05
0     -2.72271    2.39787e-05
0.20944     -2.72271    2.43012e-05
0.418879     -2.72271    2.40913e-05
0.628319     -2.72271    2.34082e-05
0.837758     -2.72271    1.50687e-05
1.0472     -2.72271    2.15203e-06
1.25664     -2.72271    2.13466e-05
1.46608     -2.72271    3.23347e-05
1.67552     -2.72271    3.49036e-05
1.88496     -2.72271    3.69302e-05
2.0944     -2.72271    3.70917e-05
2.30383     -2.72271    3.64804e-05
2.51327     -2.72271    3.99257e-05
2.72271     -2.72271    3.8332e-05
2.93215     -2.72271    2.07087e-05
3.14159     -2.72271    2.53494e-06

-3.14159     -2.51327    1.91513e-07
-2.93215     -2.51327    2.29783e-05
-2.72271     -2.51327    3.40653e-05
-2.51327     -2.51327    3.05983e-05
-2.30383     -2.51327    1.70983e-05
-2.0944     -2.51327    1.09745e-05
-1.88496     -2.51327    1.74782e-05
-1.67552     -2.51327    2.8632e-05
-1.46608     -2.51327    2.89704e-05
-1.25664     -2.51327    2.3266e-05
-1.0472     -2.51327    2.36342e-06
-0.837758     -2.51327    1.59684e-05
-0.628319     -2.51327    2.29402e-05
-0.418879     -2.51327    2.14334e-05
-0.20944     -2.51327    2.0003e-05
0     -2.51327    1.98199e-05
0.20944     -2.51327    1.99478e-05
0.418879     -2.51327    2.12156e-05
0.628319     -2.51327    2.29502e-05
0.837758     -2.51327    1.5971e-05
1.0472     -2.51327    2.36267e-06
1.25664     -2.51327    2.32674e-05
1.46608     -2.51327    2.89746e-05
1.67552     -2.51327    2.86383e-05
1.88496     -2.51327    1.7486e-05
2.0944     -2.51327    1.09817e-05
2.30383     -2.51327    1.71114e-05
2.51327     -2.51327    3.06077e-05
2.72271     -2.51327    3.40668e-05
2.93215     -2.51327    2.29861e-05
3.14159     -2.51327    1.97034e-07

-3.14159     -2.30383    7.9921e-06
-2.93215     -2.30383    2.52608e-05
-2.72271     -2.30383    2.47269e-05
-2.51327     -2.30383    9.42974e-06
-2.30383     -2.30383    1.97794e-06
-2.0944     -2.30383    4.39398e-06
-1.88496     -2.30383    1.392e-06
-1.67552     -2.30383    1.09231e-05
-1.46608     -2.30383    2.32585e-05
-1.25664     -2.30383    2.12761e-05
-1.0472     -2.30383    3.15915e-07
-0.837758     -2.30383    1.54509e-05
-0.628319     -2.30383    2.05416e-05
-0.418879     -2.30383    2.08102e-05
-0.20944     -2.30383    1.70683e-05
0     -2.30383    1.58283e-05
0.20944     -2.30383    1.70501e-05
0.418879     -2.30383    2.10472e-05
0.628319     -2.30383    2.05463e-05
0.837758     -2.30383    1.54474e-05
1.0472     -2.30383    3.14511e-07
1.25664     -2.30383    2.12824e-05
1.46608     -2.30383    2.32605e-05
1.67552     -2.30383    1.09267e-05
1.88496     -2.30383    1.38227e-06
2.0944     -2.30383    4.38894e-06
2.30383     -2.30383    1.97021e-06
2.51327     -2.30383    9.43868e-06
2.72271     -2.30383    2.47336e-05
2.93215     -2.30383    2.52626e-05
3.14159     -2.30383    8.00007e-06

-3.14159     -2.0944    1.67977e-05
-2.93215     -2.0944    2.21999e-05
-2.72271     -2.0944    1.11162e-05
-2.51327     -2.0944    5.48283e-06
-2.30383     -2.0944    1.49056e-05
-2.0944     -2.0944    1.71281e-05
-1.88496     -2.0944    1.37031e-05
-1.67552     -2.0944    9.12458e-06
-1.46608     -2.0944    4.3911e-06
-1.25664     -2.0944    1.32818e-05
-1.0472     -2.0944    2.61671e-06
-0.837758     -2.0944    1.17304e-05
-0.628319     -2.0944    1.65227e-05
-0.418879     -2.0944    1.82295e-05
-0.20944     -2.0944    1.4114e-05
0     -2.0944    1.34943e-05
0.20944     -2.0944    1.42428e-05
0.418879     -2.0944    1.80395e-05
0.628319     -2.0944    1.65103e-05
0.837758     -2.0944    1.17351e-05
1.0472     -2.0944    2.61675e-06
1.25664     -2.0944    1.32809e-05
1.46608     -2.0944    4.39313e-06
1.67552     -2.0944    9.12179e-06
1.88496     -2.0944    1.36935e-05
2.0944     -2.0944    1.71232e-05
2.30383     -2.0944    1.4897e-05
2.51327     -2.0944    5.4755e-06
2.72271     -2.0944    1.112e-05
2.93215     -2.0944    2.22053e-05
3.14159     -2.0944    1.67998e-05

-3.14159     -1.88496    2.142e-05
-2.93215     -1.88496    1.63852e-05
-2.72271     -1.88496    3.62059e-06
-2.51327     -1.88496    1.82001e-05
-2.30383     -1.88496    2.24871e-05
-2.0944     -1.88496    2.36259e-05
-1.88496     -1.88496    2.18803e-05
-1.67552     -1.88496    1.70584e-05
-1.46608     -1.88496    1.15929e-05
-1.25664     -1.88496    8.12958e-07
-1.0472     -1.88496    7.287e-07
-0.837758     -1.88496    8.15194e-06
-0.628319     -1.88496    1.36818e-05
-0.418879     -1.88496    1.36958e-05
-0.20944     -1.88496    8.95807e-06
0     -1.88496    7.32308e-06
0.20944     -1.88496    8.67373e-06
0.418879     -1.88496    1.38273e-05
0.628319     -1.88496    1.37132e-05
0.837758     -1.88496    8.16242e-06
1.0472     -1.88496    7.23947e-07
1.25664     -1.88496    8.2178e-07
1.46608     -1.88496    1.15856e-05
1.67552     -1.88496    1.70535e-05
1.88496     -1.88496    2.18742e-05
2.0944     -1.88496    2.36172e-05
2.30383     -1.88496    2.24783e-05
2.51327     -1.88496    1.81945e-05
2.72271     -1.88496    3.61314e-06
2.93215     -1.88496    1.63914e-05
3.14159     -1.88496    2.14269e-05

-3.14159     -1.67552    2.05285e-05
-2.93215     -1.67552    4.89754e-06
-2.72271     -1.67552    1.54135e-05
-2.51327     -1.67552    2.31748e-05
-2.30383     -1.67552    2.49794e-05
-2.0944     -1.67552    2.30501e-05
-1.88496     -1.67552    2.27897e-05
-1.67552     -1.67552    2.06816e-05
-1.46608     -1.67552    1.4809e-05
-1.25664     -1.67552    9.29973e-06
-1.0472     -1.67552    1.44748e-06
-0.837758     -1.67552    2.30119e-06
-0.628319     -1.67552    9.74537e-06
-0.418879     -1.67552    1.02863e-05
-0.20944     -1.67552    3.5496e-06
0     -1.67552    3.66555e-06
0.20944     -1.67552    3.80199e-06
0.418879     -1.67552    1.02287e-05
0.628319     -1.67552    9.71462e-06
0.837758     -1.67552    2.30877e-06
1.0472     -1.67552    1.4495e-06
1.25664     -1.67552    9.28701e-06
1.46608     -1.67552    1.47937e-05
1.67552     -1.67552    2.06768e-05
1.88496     -1.67552    2.27826e-05
2.0944     -1.67552    2.30476e-05
2.30383     -1.67552    2.49682e-05
2.51327     -1.67552    2.31689e-05
2.72271     -1.67552    1.54051e-05
2.93215     -1.67552    4.90103e-06
3.14159     -1.67552    2.05332e-05

-3.14159     -1.46608    1.42658e-05
-2.93215     -1.46608    7.37814e-06
-2.72271     -1.46608    2.22567e-05
-2.51327     -1.46608    2.36788e-05
-2.30383     -1.46608    2.40091e-05
-2.0944     -1.46608    2.08207e-05
-1.88496     -1.46608    1.88268e-05
-1.67552     -1.46608    2.01498e-05
-1.46608     -1.46608    1.65187e-05
-1.25664     -1.46608    1.26062e-05
-1.0472     -1.46608    4.78185e-06
-0.837758     -1.46608    1.05853e-06
-0.628319     -1.46608    3.33022e-06
-0.418879     -1.46608    4.37772e-06
-0.20944     -1.46608    4.81809e-06
0     -1.46608    5.77978e-06
0.20944     -1.46608    5.08372e-06
0.418879     -1.46608    4.33582e-06
0.628319     -1.46608    3.38977e-06
0.837758     -1.46608    1.07505e-06
1.0472     -1.46608    4.76989e-06
1.25664     -1.46608    1.25903e-05
1.46608     -1.46608    1.65071e-05
1.67552     -1.46608    2.01421e-05
1.88496     -1.46608    1.8818e-05
2.0944     -1.46608    2.08106e-05
2.30383     -1.46608    2.39984e-05
2.51327     -1.46608    2.36717e-05
2.72271     -1.46608    2.22474e-05
2.93215     -1.46608    7.37016e-06
3.14159     -1.46608    1.42692e-05

-3.14159     -1.25664    5.06421e-06
-2.93215     -1.25664    1.41645e-05
-2.72271     -1.25664    2.31974e-05
-2.51327     -1.25664    2.49005e-05
-2.30383     -1.25664    2.28254e-05
-2.0944     -1.25664    1.79692e-05
-1.88496     -1.25664    1.64301e-05
-1.67552     -1.25664    1.43844e-05
-1.46608     -1.25664    1.2225e-05
-1.25664     -1.25664    1.22333e-05
-1.0472     -1.25664    6.4539e-06
-0.837758     -1.25664    1.81699e-06
-0.628319     -1.25664    1.55016e-06
-0.418879     -1.25664    5.57914e-07
-0.20944     -1.25664    6.62781e-06
0     -1.25664    1.51777e-05
0.20944     -1.25664    6.1105e-06
0.418879     -1.25664    4.6741e-07
0.628319     -1.25664    1.44405e-06
0.837758     -1.25664    1.79107e-06
1.0472     -1.25664    6.43979e-06
1.25664     -1.25664    1.2227e-05
1.46608     -1.25664    1.2225e-05
1.67552     -1.25664    1.43742e-05
1.88496     -1.25664    1.64277e-05
2.0944     -1.25664    1.79625e-05
2.30383     -1.25664    2.28312e-05
2.51327     -1.25664    2.4899e-05
2.72271     -1.25664    2.31912e-05
2.93215     -1.25664    1.4157e-05
3.14159     -1.25664    5.07272e-06

-3.14159     -1.0472    1.23272e-06
-2.93215     -1.0472    1.74178e-05
-2.72271     -1.0472    2.4329e-05
-2.51327     -1.0472    2.29768e-05
-2.30383     -1.0472    2.0319e-05
-2.0944     -1.0472    1.60869e-05
-1.88496     -1.0472    1.46592e-05
-1.67552     -1.0472    9.75398e-06
-1.46608     -1.0472    6.81422e-06
-1.25664     -1.0472    2.74565e-06
-1.0472     -1.0472    2.8095e-06
-0.837758     -1.0472    6.11677e-07
-0.628319     -1.0472    1.27334e-08
-0.418879     -1.0472    2.84359e-06
-0.20944     -1.0472    8.08281e-06
0     -1.0472    2.00312e-05
0.20944     -1.0472    8.62136e-06
0.418879     -1.0472    2.89129e-06
0.628319     -1.0472    3.58638e-08
0.837758     -1.0472    5.87015e-07
1.0472     -1.0472    2.84534e-06
1.25664     -1.0472    2.75255e-06
1.46608     -1.0472    6.81368e-06
1.67552     -1.0472    9.75113e-06
1.88496     -1.0472    1.46616e-05
2.0944     -1.0472    1.60971e-05
2.30383     -1.0472    2.03292e-05
2.51327     -1.0472    2.2984e-05
2.72271     -1.0472    2.43308e-05
2.93215     -1.0472    1.74145e-05
3.14159     -1.0472    1.22892e-06

-3.14159     -0.837758    2.45147e-06
-2.93215     -0.837758    1.40142e-05
-2.72271     -0.837758    2.26838e-05
-2.51327     -0.837758    2.40708e-05
-2.30383     -0.837758    2.09602e-05
-2.0944     -0.837758    1.93559e-05
-1.88496     -0.837758    1.30893e-05
-1.67552     -0.837758    7.31739e-06
-1.46608     -0.837758    3.8662e-06
-1.25664     -0.837758    4.66477e-06
-1.0472     -0.837758    6.96668e-06
-0.837758     -0.837758    1.97952e-06
-0.628319     -0.837758    4.02068e-06
-0.418879     -0.837758    6.48796e-06
-0.20944     -0.837758    1.18252e-05
0     -0.837758    2.1424e-05
0.20944     -0.837758    1.17275e-05
0.418879     -0.837758    6.08038e-06
0.628319     -0.837758    4.0499e-06
0.837758     -0.837758    1.98818e-06
1.0472     -0.837758    6.99677e-06
1.25664     -0.837758    4.67076e-06
1.46608     -0.837758    3.87375e-06
1.67552     -0.837758    7.31957e-06
1.88496     -0.837758    1.30977e-05
2.0944     -0.837758    1.93633e-05
2.30383     -0.837758    2.0962e-05
2.51327     -0.837758    2.40783e-05
2.72271     -0.837758    2.2689e-05
2.93215     -0.837758    1.40153e-05
3.14159     -0.837758    2.44898e-06

-3.14159     -0.628319    2.09892e-06
-2.93215     -0.628319    1.05166e-05
-2.72271     -0.628319    1.63312e-05
-2.51327     -0.628319    2.07447e-05
-2.30383     -0.628319    2.07149e-05
-2.0944     -0.628319    1.85462e-05
-1.88496     -0.628319    1.4333e-05
-1.67552     -0.628319    8.61193e-06
-1.46608     -0.628319    7.62912e-07
-1.25664     -0.628319    7.56536e-06
-1.0472     -0.628319    1.63038e-05
-0.837758     -0.628319    1.49998e-05
-0.628319     -0.628319    1.04409e-05
-0.418879     -0.628319    1.38857e-05
-0.20944     -0.628319    1.84432e-05
0     -0.628319    2.45012e-05
0.20944     -0.628319    1.85517e-05
0.418879     -0.628319    1.42865e-05
0.628319     -0.628319    1.04516e-05
0.837758     -0.628319    1.50245e-05
1.0472     -0.628319    1.6331e-05
1.25664     -0.628319    7.57291e-06
1.46608     -0.628319    7.58741e-07
1.67552     -0.628319    8.61417e-06
1.88496     -0.628319    1.43423e-05
2.0944     -0.628319    1.85528e-05
2.30383     -0.628319    2.0717e-05
2.51327     -0.628319    2.0744e-05
2.72271     -0.628319    1.63323e-05
2.93215     -0.628319    1.05206e-05
3.14159     -0.628319    2.09722e-06

-3.14159     -0.418879    1.57555e-05
-2.93215     -0.418879    4.64415e-06
-2.72271     -0.418879    6.8808e-06
-2.51327     -0.418879    1.31121e-05
-2.30383     -0.418879    1.59963e-05
-2.0944     -0.418879    1.46461e-05
-1.88496     -0.418879    1.41605e-05
-1.67552     -0.418879    1.08032e-05
-1.46608     -0.418879    2.65294e-06
-1.25664     -0.418879    4.92398e-06
-1.0472     -0.418879    1.04487e-05
-0.837758     -0.418879    1.97636e-05
-0.628319     -0.418879    2.10419e-05
-0.418879     -0.418879    2.22986e-05
-0.20944     -0.418879    3.2139e-05
0     -0.418879    2.5536e-05
0.20944     -0.418879    3.13141e-05
0.418879     -0.418879    2.20885e-05
0.628319     -0.418879    2.07017e-05
0.837758     -0.418879    1.97187e-05
1.0472     -0.418879    1.03811e-05
1.25664     -0.418879    4.91017e-06
1.46608     -0.418879    2.6524e-06
1.67552     -0.418879    1.08045e-05
1.88496     -0.418879    1.41635e-05
2.0944     -0.418879    1.46495e-05
2.30383     -0.418879    1.59963e-05
2.51327     -0.418879    1.31142e-05
2.72271     -0.418879    6.88025e-06
2.93215     -0.418879    4.64478e-06
3.14159     -0.418879    1.57507e-05

-3.14159     -0.20944    3.02081e-05
-2.93215     -0.20944    2.43475e-05
-2.72271     -0.20944    1.38942e-05
-2.51327     -0.20944    3.69985e-06
-2.30383     -0.20944    3.43606e-06
-2.0944     -0.20944    7.33913e-06
-1.88496     -0.20944    6.5617e-06
-1.67552     -0.20944    5.02853e-06
-1.46608     -0.20944    3.80557e-06
-1.25664     -0.20944    1.38051e-07
-1.0472     -0.20944    3.50225e-06
-0.837758     -0.20944    1.05815e-05
-0.628319     -0.20944    2.2004e-05
-0.418879     -0.20944    2.9035e-05
-0.20944     -0.20944    4.53165e-05
0     -0.20944    1.61162e-05
0.20944     -0.20944    3.24472e-05
0.418879     -0.20944    2.85779e-05
0.628319     -0.20944    2.25632e-05
0.837758     -0.20944    1.06859e-05
1.0472     -0.20944    3.57411e-06
1.25664     -0.20944    1.40384e-07
1.46608     -0.20944    3.82741e-06
1.67552     -0.20944    5.03118e-06
1.88496     -0.20944    6.5696e-06
2.0944     -0.20944    7.33997e-06
2.30383     -0.20944    3.43018e-06
2.51327     -0.20944    3.68917e-06
2.72271     -0.20944    1.38921e-05
2.93215     -0.20944    2.43477e-05
3.14159     -0.20944    3.02029e-05

-3.14159     0    3.52713e-05
-2.93215     0    2.92729e-05
-2.72271     0    2.83316e-05
-2.51327     0    1.74239e-05
-2.30383     0    6.20943e-06
-2.0944     0    5.27669e-08
-1.88496     0    6.87143e-07
-1.67552     0    9.15929e-07
-1.46608     0    2.10117e-07
-1.25664     0    5.97391e-07
-1.0472     0    4.7502e-06
-0.837758     0    1.00778e-05
-0.628319     0    1.80252e-05
-0.418879     0    3.38004e-05
-0.20944     0    3.76843e-05
0     0    1.31832e-15
0.20944     0    3.76843e-05
0.418879     0    3.38004e-05
0.628319     0    1.80252e-05
0.837758     0    1.00778e-05
1.0472     0    4.7502e-06
1.25664     0    5.97391e-07
1.46608     0    2.10117e-07
1.67552     0    9.15929e-07
1.88496     0    6.87143e-07
2.0944     0    5.27669e-08
2.30383     0    6.20943e-06
2.51327     0    1.74239e-05
2.72271     0    2.83316e-05
2.93215     0    2.92729e-05
3.14159     0    3.52713e-05

-3.14159     0.20944    3.02029e-05
-2.93215     0.20944    2.43477e-05
-2.72271     0.20944    1.38921e-05
-2.51327     0.20944    3.68917e-06
-2.30383     0.20944    3.43018e-06
-2.0944     0.20944    7.33997e-06
-1.88496     0.20944    6.5696e-06
-1.67552     0.20944    5.03118e-06
-1.46608     0.20944    3.82741e-06
-1.25664     0.20944    1.40384e-07
-1.0472     0.20944    3.57411e-06
-0.837758     0.20944    1.06859e-05
-0.628319     0.20944    2.25632e-05
-0.418879     0.20944    2.85779e-05
-0.20944     0.20944    3.24472e-05
0     0.20944    1.61162e-05
0.20944     0.20944    4.53165e-05
0.418879     0.20944    2.9035e-05
0.628319     0.20944    2.2004e-05
0.837758     0.20944    1.05815e-05
1.0472     0.20944    3.50225e-06
1.25664     0.20944    1.38051e-07
1.46608     0.20944    3.80557e-06
1.67552     0.20944    5.02853e-06
1.88496     0.20944    6.5617e-06
2.0944     0.20944    7.33913e-06
2.30383     0.20944    3.43606e-06
2.51327     0.20944    3.69985e-06
2.72271     0.20944    1.38942e-05
2.93215     0.20944    2.43475e-05
3.14159     0.20944    3.02081e-05

-3.14159     0.418879    1.57507e-05
-2.93215     0.418879    4.64478e-06
-2.72271     0.418879    6.88025e-06
-2.51327     0.418879    1.31142e-05
-2.30383     0.418879    1.59963e-05
-2.0944     0.418879    1.46495e-05
-1.88496     0.418879    1.41635e-05
-1.67552     0.418879    1.08045e-05
-1.46608     0.418879    2.6524e-06
-1.25664     0.418879    4.91017e-06
-1.0472     0.418879    1.03811e-05
-0.837758     0.418879    1.97187e-05
-0.628319     0.418879    2.07017e-05
-0.418879     0.418879    2.20885e-05
-0.20944     0.418879    3.13141e-05
0     0.418879    2.5536e-05
0.20944     0.418879    3.2139e-05
0.418879     0.418879    2.22986e-05
0.628319     0.418879    2.10419e-05
0.837758     0.418879    1.97636e-05
1.0472     0.418879    1.04487e-05
1.25664     0.418879    4.92398e-06
1.46608     0.418879    2.65294e-06
1.67552     0.418879    1.08032e-05
1.88496     0.418879    1.41605e-05
2.0944     0.418879    1.46461e-05
2.30383     0.418879    1.59963e-05
2.51327     0.418879    1.31121e-05
2.72271     0.418879    6.8808e-06
2.93215     0.418879    4.64415e-06
3.14159     0.418879    1.57555e-05

-3.14159     0.628319    2.09722e-06
-2.93215     0.628319    1.05206e-05
-2.72271     0.628319    1.63323e-05
-2.51327     0.628319    2.0744e-05
-2.30383     0.628319    2.0717e-05
-2.0944     0.628319    1.85528e-05
-1.88496     0.628319    1.43423e-05
-1.67552     0.628319    8.61417e-06
-1.46608     0.628319    7.58741e-07
-1.25664     0.628319    7.57291e-06
-1.0472     0.628319    1.6331e-05
-0.837758     0.628319    1.50245e-05
-0.628319     0.628319    1.04516e-05
-0.418879     0.628319    1.42865e-05
-0.20944     0.628319    1.85517e-05
0     0.628319    2.45012e-05
0.20944     0.628319    1.84432e-05
0.418879     0.628319    1.38857e-05
0.628319     0.628319    1.04409e-05
0.837758     0.628319    1.49998e-05
1.0472     0.628319    1.63038e-05
1.25664     0.628319    7.56536e-06
1.46608     0.628319    7.62912e-07
1.67552     0.628319    8.61193e-06
1.88496     0.628319    1.4333e-05
2.0944     0.628319    1.85462e-05
2.30383     0.628319    2.07149e-05
2.51327     0.628319    2.07447e-05
2.72271     0.628319    1.63312e-05
2.93215     0.628319    1.05166e-05
3.14159     0.628319    2.09892e-06

-3.14159     0.837758    2.44898e-06
-2.93215     0.837758    1.40153e-05
-2.72271     0.837758    2.2689e-05
-2.51327     0.837758    2.40783e-05
-2.30383     0.837758    2.0962e-05
-2.0944     0.837758    1.93633e-05
-1.88496     0.837758    1.30977e-05
-1.67552     0.837758    7.31957e-06
-1.46608     0.837758    3.87375e-06
-1.25664     0.837758    4.67076e-06
-1.0472     0.837758    6.99677e-06
-0.837758     0.837758    1.98818e-06
-0.628319     0.837758    4.0499e-06
-0.418879     0.837758    6.08038e-06
-0.20944     0.837758    1.17275e-05
0     0.837758    2.1424e-05
0.20944     0.837758    1.18252e-05
0.418879     0.837758    6.48796e-06
0.628319     0.837758    4.02068e-06
0.837758     0.837758    1.97952e-06
1.0472     0.837758    6.96668e-06
1.25664     0.837758    4.66477e-06
1.46608     0.837758    3.8662e-06
1.67552     0.837758    7.31739e-06
1.88496     0.837758    1.30893e-05
2.0944     0.837758    1.93559e-05
2.30383     0.837758    2.09602e-05
2.51327     0.837758    2.40708e-05
2.72271     0.837758    2.26838e-05
2.93215     0.837758    1.40142e-05
3.14159     0.837758    2.45147e-06

-3.14159     1.0472    1.22892e-06
-2.93215     1.0472    1.74145e-05
-2.72271     1.0472    2.43308e-05
-2.51327     1.0472    2.2984e-05
-2.30383     1.0472    2.03292e-05
-2.0944     1.0472    1.60971e-05
-1.88496     1.0472    1.46616e-05
-1.67552     1.0472    9.75113e-06
-1.46608     1.0472    6.81368e-06
-1.25664     1.0472    2.75255e-06
-1.0472     1.0472    2.84534e-06
-0.837758     1.0472    5.87015e-07
-0.628319     1.0472    3.58638e-08
-0.418879     1.0472    2.89129e-06
-0.20944     1.0472    8.62136e-06
0     1.0472    2.00312e-05
0.20944     1.0472    8.08281e-06
0.418879     1.0472    2.84359e-06
0.628319     1.0472    1.27334e-08
0.837758     1.0472    6.11677e-07
1.0472     1.0472    2.8095e-06
1.25664     1.0472    2.74565e-06
1.46608     1.0472    6.81422e-06
1.67552     1.0472    9.75398e-06
1.88496     1.0472    1.46592e-05
2.0944     1.0472    1.60869e-05
2.30383     1.0472    2.0319e-05
2.51327     1.0472    2.29768e-05
2.72271     1.0472    2.4329e-05
2.93215     1.0472    1.74178e-05
3.14159     1.0472    1.23272e-06

-3.14159     1.25664    5.07272e-06
-2.93215     1.25664    1.4157e-05
-2.72271     1.25664    2.31912e-05
-2.51327     1.25664    2.4899e-05
-2.30383     1.25664    2.28312e-05
-2.0944     1.25664    1.79625e-05
-1.88496     1.25664    1.64277e-05
-1.67552     1.25664    1.43742e-05
-1.46608     1.25664    1.2225e-05
-1.25664     1.25664    1.2227e-05
-1.0472     1.25664    6.43979e-06
-0.837758     1.25664    1.79107e-06
-0.628319     1.25664    1.44405e-06
-0.418879     1.25664    4.6741e-07
-0.20944     1.25664    6.1105e-06
0     1.25664    1.51777e-05
0.20944     1.25664    6.62781e-06
0.418879     1.25664    5.57914e-07
0.628319     1.25664    1.55016e-06
0.837758     1.25664    1.81699e-06
1.0472     1.25664    6.4539e-06
1.25664     1.25664    1.22333e-05
1.46608     1.25664    1.2225e-05
1.67552     1.25664    1.43844e-05
1.88496     1.25664    1.64301e-05
2.0944     1.25664    1.79692e-05
2.30383     1.25664    2.28254e-05
2.51327     1.25664    2.49005e-05
2.72271     1.25664    2.31974e-05
2.93215     1.25664    1.41645e-05
3.14159     1.25664    5.06421e-06

-3.14159     1.46608    1.42692e-05
-2.93215     1.46608    7.37016e-06
-2.72271     1.46608    2.22474e-05
-2.51327     1.46608    2.36717e-05
-2.30383     1.46608    2.39984e-05
-2.0944     1.46608    2.08106e-05
-1.88496     1.46608    1.8818e-05
-1.67552     1.46608    2.01421e-05
-1.46608     1.46608    1.65071e-05
-1.25664     1.46608    1.25903e-05
-1.0472     1.46608    4.76989e-06
-0.837758     1.46608    1.07505e-06
-0.628319     1.46608    3.38977e-06
-0.418879     1.46608    4.33582e-06
-0.20944     1.46608    5.08372e-06
0     1.46608    5.77978e-06
0.20944     1.46608    4.81809e-06
0.418879     1.46608    4.37772e-06
0.628319     1.46608    3.33022e-06
0.837758     1.46608    1.05853e-06
1.0472     1.46608    4.78185e-06
1.25664     1.46608    1.26062e-05
1.46608     1.46608    1.65187e-05
1.67552     1.46608    2.01498e-05
1.88496     1.46608    1.88268e-05
2.0944     1.46608    2.08207e-05
2.30383     1.46608    2.40091e-05
2.51327     1.46608    2.36788e-05
2.72271     1.46608    2.22567e-05
2.93215     1.46608    7.37814e-06
3.14159     1.46608    1.42658e-05

-3.14159     1.67552    2.05332e-05
-2.93215     1.67552    4.90103e-06
-2.72271     1.67552    1.54051e-05
-2.51327     1.67552    2.31689e-05
-2.30383     1.67552    2.49682e-05
-2.0944     1.67552    2.30476e-05
-1.88496     1.67552    2.27826e-05
-1.67552     1.67552    2.06768e-05
-1.46608     1.67552    1.47937e-05
-1.25664     1.67552    9.28701e-06
-1.0472     1.67552    1.4495e-06
-0.837758     1.67552    2.30877e-06
-0.628319     1.67552    9.71462e-06
-0.418879     1.67552    1.02287e-05
-0.20944     1.67552    3.80199e-06
0     1.67552    3.66555e-06
0.20944     1.67552    3.5496e-06
0.418879     1.67552    1.02863e-05
0.628319     1.67552    9.74537e-06
0.837758     1.67552    2.30119e-06
1.0472     1.67552    1.44748e-06
1.25664     1.67552    9.29973e-06
1.46608     1.67552    1.4809e-05
1.67552     1.67552    2.06816e-05
1.88496     1.67552    2.27897e-05
2.0944     1.67552    2.30501e-05
2.30383     1.67552    2.49794e-05
2.51327     1.67552    2.31748e-05
2.72271     1.67552    1.54135e-05
2.93215     1.67552    4.89754e-06
3.14159     1.67552    2.05285e-05

-3.14159     1.88496    2.14269e-05
-2.93215     1.88496    1.63914e-05
-2.72271     1.88496    3.61314e-06
-2.51327     1.88496    1.81945e-05
-2.30383     1.88496    2.24783e-05
-2.0944     1.88496    2.36172e-05
-1.88496     1.88496    2.18742e-05
-1.67552     1.88496    1.70535e-05
-1.46608     1.88496    1.15856e-05
-1.25664     1.88496    8.2178e-07
-1.0472     1.88496    7.23947e-07
-0.837758     1.88496    8.16242e-06
-0.628319     1.88496    1.37132e-05
-0.418879     1.88496    1.38273e-05
-0.20944     1.88496    8.67373e-06
0     1.88496    7.32308e-06
0.20944     1.88496    8.95807e-06
0.418879     1.88496    1.36958e-05
0.628319     1.88496    1.36818e-05
0.837758     1.88496    8.15194e-06
1.0472     1.88496    7.287e-07
1.25664     1.88496    8.12958e-07
1.46608     1.88496    1.15929e-05
1.67552     1.88496    1.70584e-05
1.88496     1.88496    2.18803e-05
2.0944     1.88496    2.36259e-05
2.30383     1.88496    2.24871e-05
2.51327     1.88496    1.82001e-05
2.72271     1.88496    3.62059e-06
2.93215     1.88496    1.63852e-05
3.14159     1.88496    2.142e-05

-3.14159     2.0944    1.67998e-05
-2.93215     2.0944    2.22053e-05
-2.72271     2.0944    1.112e-05
-2.51327     2.0944    5.4755e-06
-2.30383     2.0944    1.4897e-05
-2.0944     2.0944    1.71232e-05
-1.88496     2.0944    1.36935e-05
-1.67552     2.0944    9.12179e-06
-1.46608     2.0944    4.39313e-06
-1.25664     2.0944    1.32809e-05
-1.0472     2.0944    2.61675e-06
-0.837758     2.0944    1.17351e-05
-0.628319     2.0944    1.65103e-05
-0.418879     2.0944    1.80395e-05
-0.20944     2.0944    1.42428e-05
0     2.0944    1.34943e-05
0.20944     2.0944    1.4114e-05
0.418879     2.0944    1.82295e-05
0.628319     2.0944    1.65227e-05
0.837758     2.0944    1.17304e-05
1.0472     2.0944    2.61671e-06
1.25664     2.0944    1.32818e-05
1.46608     2.0944    4.3911e-06
1.67552     2.0944    9.12458e-06
1.88496     2.0944    1.37031e-05
2.0944     2.0944    1.71281e-05
2.30383     2.0944    1.49056e-05
2.51327     2.0944    5.48283e-06
2.72271     2.0944    1.11162e-05
2.93215     2.0944    2.21999e-05
3.14159     2.0944    1.67977e-05

-3.14159     2.30383    8.00007e-06
-2.93215     2.30383    2.52626e-05
-2.72271     2.30383    2.47336e-05
-2.51327     2.30383    9.43868e-06
-2.30383     2.30383    1.97021e-06
-2.0944     2.30383    4.38894e-06
-1.88496     2.30383    1.38227e-06
-1.67552     2.30383    1.09267e-05
-1.46608     2.30383    2.32605e-05
-1.25664     2.30383    2.12824e-05
-1.0472     2.30383    3.14511e-07
-0.837758     2.30383    1.54474e-05
-0.628319     2.30383    2.05463e-05
-0.418879     2.30383    2.10472e-05
-0.20944     2.30383    1.70501e-05
0     2.30383    1.58283e-05
0.20944     2.30383    1.70683e-05
0.418879     2.30383    2.08102e-05
0.628319     2.30383    2.05416e-05
0.837758     2.30383    1.54509e-05
1.0472     2.30383    3.15915e-07
1.25664     2.30383    2.12761e-05
1.46608     2.30383    2.32585e-05
1.67552     2.30383    1.09231e-05
1.88496     2.30383    1.392e-06
2.0944     2.30383    4.39398e-06
2.30383     2.30383    1.97794e-06
2.51327     2.30383    9.42974e-06
2.72271     2.30383    2.47269e-05
2.93215     2.30383    2.52608e-05
3.14159     2.30383    7.9921e-06

-3.14159     2.51327    1.97034e-07
-2.93215     2.51327    2.29861e-05
-2.72271     2.51327    3.40668e-05
-2.51327     2.51327    3.06077e-05
-2.30383     2.51327    1.71114e-05
-2.0944     2.51327    1.09817e-05
-1.88496     2.51327    1.7486e-05
-1.67552     2.51327    2.86383e-05
-1.46608     2.51327    2.89746e-05
-1.25664     2.51327    2.32674e-05
-1.0472     2.51327    2.36267e-06
-0.837758     2.51327    1.5971e-05
-0.628319     2.51327    2.29502e-05
-0.418879     2.51327    2.12156e-05
-0.20944     2.51327    1.99478e-05
0     2.51327    1.98199e-05
0.20944     2.51327    2.0003e-05
0.418879     2.51327    2.14334e-05
0.628319     2.51327    2.29402e-05
0.837758     2.51327    1.59684e-05
1.0472     2.51327    2.36342e-06
1.25664     2.51327    2.3266e-05
1.46608     2.51327    2.89704e-05
1.67552     2.51327    2.8632e-05
1.88496     2.51327    1.74782e-05
2.0944     2.51327    1.09745e-05
2.30383     2.51327    1.70983e-05
2.51327     2.51327    3.05983e-05
2.72271     2.51327    3.40653e-05
2.93215     2.51327    2.29783e-05
3.14159     2.51327    1.91513e-07

-3.14159     2.72271    2.53494e-06
-2.93215     2.72271    2.07087e-05
-2.72271     2.72271    3.8332e-05
-2.51327     2.72271    3.99257e-05
-2.30383     2.72271    3.64804e-05
-2.0944     2.72271    3.70917e-05
-1.88496     2.72271    3.69302e-05
-1.67552     2.72271    3.49036e-05
-1.46608     2.72271    3.23347e-05
-1.25664     2.72271    2.13466e-05
-1.0472     2.72271    2.15203e-06
-0.837758     2.72271    1.50687e-05
-0.628319     2.72271    2.34082e-05
-0.418879     2.72271    2.40913e-05
-0.20944     2.72271    2.43012e-05
0     2.72271    2.39787e-05
0.20944     2.72271    2.42029e-05
0.418879     2.72271    2.39147e-05
0.628319     2.72271    2.34146e-05
0.837758     2.72271    1.50725e-05
1.0472     2.72271    2.15103e-06
1.25664     2.72271    2.13434e-05
1.46608     2.72271    3.23334e-05
1.67552     2.72271    3.48962e-05
1.88496     2.72271    3.69232e-05
2.0944     2.72271    3.70848e-05
2.30383     2.72271    3.6471e-05
2.51327     2.72271    3.99191e-05
2.72271     2.72271    3.83387e-05
2.93215     2.72271    2.07057e-05
3.14159     2.72271    2.53762e-06

-3.14159     2.93215    2.91679e-07
-2.93215     2.93215    1.96274e-05
-2.72271     2.93215    3.94574e-05
-2.51327     2.93215    5.19679e-05
-2.30383     2.93215    6.04288e-05
-2.0944     2.93215    5.81027e-05
-1.88496     2.93215    4.66901e-05
-1.67552     2.93215    4.0208e-05
-1.46608     2.93215    3.73274e-05
-1.25664     2.93215    2.04643e-05
-1.0472     2.93215    2.22488e-07
-0.837758     2.93215    1.17796e-05
-0.628319     2.93215    1.97392e-05
-0.418879     2.93215    2.3612e-05
-0.20944     2.93215    2.40204e-05
0     2.93215    2.39019e-05
0.20944     2.93215    2.41256e-05
0.418879     2.93215    2.37016e-05
0.628319     2.93215    1.97213e-05
0.837758     2.93215    1.17801e-05
1.0472     2.93215    2.24026e-07
1.25664     2.93215    2.04674e-05
1.46608     2.93215    3.73283e-05
1.67552     2.93215    4.02057e-05
1.88496     2.93215    4.66826e-05
2.0944     2.93215    5.80886e-05
2.30383     2.93215    6.04228e-05
2.51327     2.93215    5.19665e-05
2.72271     2.93215    3.94544e-05
2.93215     2.93215    1.96364e-05
3.14159     2.93215    2.91772e-07

-3.14159     3.14159    1.05953e-05
-2.93215     3.14159    2.82272e-05
-2.72271     3.14159    5.0372e-05
-2.51327     3.14159    6.76913e-05
-2.30383     3.14159    6.86942e-05
-2.0944     3.14159    5.85094e-05
-1.88496     3.14159    5.09295e-05
-1.67552     3.14159    4.86854e-05
-1.46608     3.14159    4.75267e-05
-1.25664     3.14159    2.82501e-05
-1.0472     3.14159    9.77143e-06
-0.837758     3.14159    2.65992e-06
-0.628319     3.14159    1.04015e-05
-0.418879     3.14159    1.55563e-05
-0.20944     3.14159    1.87835e-05
0     3.14159    1.98034e-05
0.20944     3.14159    1.87136e-05
0.418879     3.14159    1.55609e-05
0.628319     3.14159    1.04047e-05
0.837758     3.14159    2.65959e-06
1.0472     3.14159    9.77711e-06
1.25664     3.14159    2.82525e-05
1.46608     3.14159    4.75297e-05
1.67552     3.14159    4.86844e-05
1.88496     3.14159    5.09238e-05
2.0944     3.14159    5.85001e-05
2.30383     3.14159    6.86867e-05
2.51327     3.14159    6.76957e-05
2.72271     3.14159    5.03745e-05
2.93215     3.14159    2.82308e-05
3.14159     3.14159    1.05997e-05

