-3.14159     -3.14159    4.69054e-10
-2.93215     -3.14159    6.71183e-10
-2.72271     -3.14159    4.03956e-10
-2.51327     -3.14159    2.07724e-09
-2.30383     -3.14159    4.1242e-09
-2.0944     -3.14159    1.21457e-09
-1.88496     -3.14159    1.59584e-09
-1.67552     -3.14159    1.08734e-09
-1.46608     -3.14159    3.36046e-10
-1.25664     -3.14159    7.61963e-10
-1.0472     -3.14159    5.8839e-10
-0.837758     -3.14159    3.25404e-10
-0.628319     -3.14159    7.69106e-10
-0.418879     -3.14159    9.38565e-11
-0.20944     -3.14159    4.94658e-09
0     -3.14159    1.4365e-09
0.20944     -3.14159    5.00927e-09
0.418879     -3.14159    2.41497e-10
0.628319     -3.14159    8.71954e-10
0.837758     -3.14159    2.72988e-10
1.0472     -3.14159    5.20497e-10
1.25664     -3.14159    8.63539e-10
1.46608     -3.14159    1.31359e-09
1.67552     -3.14159    1.01027e-09
1.88496     -3.14159    2.25564e-09
2.0944     -3.14159    1.5479e-09
2.30383     -3.14159    1.14718e-09
2.51327     -3.14159    6.54735e-10
2.72271     -3.14159    1.76611e-09
2.93215     -3.14159    4.35508e-10
3.14159     -3.14159    3.81663e-10

-3.14159     -2.93215    3.01517e-10
-2.93215     -2.93215    3.3753e-10
-2.72271     -2.93215    6.75598e-10
-2.51327     -2.93215    2.18476e-10
-2.30383     -2.93215    2.08981e-09
-2.0944     -2.93215    5.83857e-10
-1.88496     -2.93215    6.32544e-10
-1.67552     -2.93215    5.64665e-10
-1.46608     -2.93215    8.67746e-10
-1.25664     -2.93215    5.81752e-10
-1.0472     -2.93215    7.55623e-10
-0.837758     -2.93215    3.13837e-10
-0.628319     -2.93215    6.05272e-10
-0.418879     -2.93215    1.90258e-09
-0.20944     -2.93215    3.44365e-09
0     -2.93215    8.95819e-09
0.20944     -2.93215    4.17272e-09
0.418879     -2.93215    1.8564e-09
0.628319     -2.93215    7.05047e-10
0.837758     -2.93215    2.86337e-10
1.0472     -2.93215    3.80129e-10
1.25664     -2.93215    4.28137e-10
1.46608     -2.93215    6.64071e-10
1.67552     -2.93215    1.06069e-09
1.88496     -2.93215    2.43234e-09
2.0944     -2.93215    1.87824e-09
2.30383     -2.93215    1.17631e-09
2.51327     -2.93215    1.90899e-09
2.72271     -2.93215    7.41678e-10
2.93215     -2.93215    5.14155e-10
3.14159     -2.93215    3.7635e-10

-3.14159     -2.72271    5.68266e-10
-2.93215     -2.72271    3.46912e-10
-2.72271     -2.72271    7.10943e-10
-2.51327     -2.72271    8.19456e-10
-2.30383     -2.72271    4.3002e-10
-2.0944     -2.72271    8.48059e-10
-1.88496     -2.72271    1.34633e-09
-1.67552     -2.72271    3.82227e-10
-1.46608     -2.72271    9.27498e-10
-1.25664     -2.72271    3.95871e-10
-1.0472     -2.72271    5.86868e-10
-0.837758     -2.72271    3.99963e-10
-0.628319     -2.72271    3.25869e-10
-0.418879     -2.72271    1.91553e-09
-0.20944     -2.72271    3.35636e-09
0     -2.72271    1.82371e-08
0.20944     -2.72271    2.50472e-09
0.418879     -2.72271    2.39708e-09
0.628319     -2.72271    2.29523e-10
0.837758     -2.72271    3.00628e-10
1.0472     -2.72271    4.5504e-10
1.25664     -2.72271    3.65211e-10
1.46608     -2.72271    6.53402e-10
1.67552     -2.72271    2.1054e-10
1.88496     -2.72271    7.36751e-10
2.0944     -2.72271    1.35209e-09
2.30383     -2.72271    1.28632e-09
2.51327     -2.72271    1.44534e-09
2.72271     -2.72271    4.70953e-10
2.93215     -2.72271    5.75313e-10
3.14159     -2.72271    2.36615e-10

-3.14159     -2.51327    5.33015e-10
-2.93215     -2.51327    3.7133e-10
-2.72271     -2.51327    4.70786e-10
-2.51327     -2.51327    7.25859e-10
-2.30383     -2.51327    8.24069e-10
-2.0944     -2.51327    1.79561e-09
-1.88496     -2.51327    1.00986e-09
-1.67552     -2.51327    1.20313e-10
-1.46608     -2.51327    7.7689e-11
-1.25664     -2.51327    2.22484e-10
-1.0472     -2.51327    3.39136e-10
-0.837758     -2.51327    6.05356e-10
-0.628319     -2.51327    6.46162e-10
-0.418879     -2.51327    4.04321e-09
-0.20944     -2.51327    6.98906e-10
0     -2.51327    2.40884e-08
0.20944     -2.51327    1.89785e-09
0.418879     -2.51327    3.47552e-09
0.628319     -2.51327    3.5448e-10
0.837758     -2.51327    2.50459e-10
1.0472     -2.51327    4.6028e-10
1.25664     -2.51327    5.67511e-10
1.46608     -2.51327    5.96822e-10
1.67552     -2.51327    6.12645e-10
1.88496     -2.51327    9.17066e-10
2.0944     -2.51327    2.77695e-10
2.30383     -2.51327    2.33046e-10
2.51327     -2.51327    2.39848e-10
2.72271     -2.51327    1.0305e-09
2.93215     -2.51327    3.14855e-10
3.14159     -2.51327    2.77993e-10

-3.14159     -2.30383    1.64013e-09
-2.93215     -2.30383    1.11092e-09
-2.72271     -2.30383    2.93164e-10
-2.51327     -2.30383    7.83429e-10
-2.30383     -2.30383    5.21657e-10
-2.0944     -2.30383    4.2867e-10
-1.88496     -2.30383    2.15924e-10
-1.67552     -2.30383    1.15407e-09
-1.46608     -2.30383    2.70416e-10
-1.25664     -2.30383    2.53314e-10
-1.0472     -2.30383    1.15893e-10
-0.837758     -2.30383    6.98694e-10
-0.628319     -2.30383    1.34089e-09
-0.418879     -2.30383    3.84311e-09
-0.20944     -2.30383    1.31165e-09
0     -2.30383    2.73421e-08
0.20944     -2.30383    4.84477e-10
0.418879     -2.30383    4.1187e-09
0.628319     -2.30383    5.0276e-10
0.837758     -2.30383    2.03841e-10
1.0472     -2.30383    9.34524e-10
1.25664     -2.30383    2.13307e-10
1.46608     -2.30383    6.75809e-10
1.67552     -2.30383    6.88169e-10
1.88496     -2.30383    3.12675e-10
2.0944     -2.30383    1.26287e-09
2.30383     -2.30383    7.38795e-10
2.51327     -2.30383    5.47756e-10
2.72271     -2.30383    4.33196e-10
2.93215     -2.30383    3.13509e-10
3.14159     -2.30383    6.51953e-10

-3.14159     -2.0944    7.82168e-10
-2.93215     -2.0944    1.18889e-10
-2.72271     -2.0944    6.00834e-10
-2.51327     -2.0944    2.43534e-10
-2.30383     -2.0944    8.68486e-10
-2.0944     -2.0944    9.03652e-10
-1.88496     -2.0944    4.13773e-10
-1.67552     -2.0944    3.86621e-10
-1.46608     -2.0944    8.21143e-10
-1.25664     -2.0944    5.92604e-10
-1.0472     -2.0944    2.06695e-10
-0.837758     -2.0944    9.75265e-10
-0.628319     -2.0944    1.04245e-09
-0.418879     -2.0944    4.17883e-09
-0.20944     -2.0944    2.61487e-09
0     -2.0944    2.6079e-08
0.20944     -2.0944    2.05172e-09
0.418879     -2.0944    2.57692e-09
0.628319     -2.0944    5.62501e-10
0.837758     -2.0944    2.91124e-10
1.0472     -2.0944    2.03978e-10
1.25664     -2.0944    1.55529e-10
1.46608     -2.0944    1.38024e-10
1.67552     -2.0944    2.1057e-10
1.88496     -2.0944    9.65415e-11
2.0944     -2.0944    5.09223e-10
2.30383     -2.0944    1.95528e-10
2.51327     -2.0944    5.98559e-10
2.72271     -2.0944    4.57188e-10
2.93215     -2.0944    5.81019e-10
3.14159     -2.0944    3.67401e-10

-3.14159     -1.88496    2.02669e-10
-2.93215     -1.88496    6.61844e-10
-2.72271     -1.88496    6.39274e-10
-2.51327     -1.88496    7.15696e-10
-2.30383     -1.88496    2.81655e-10
-2.0944     -1.88496    8.38405e-10
-1.88496     -1.88496    6.37583e-10
-1.67552     -1.88496    3.64487e-10
-1.46608     -1.88496    5.44111e-11
-1.25664     -1.88496    1.49912e-10
-1.0472     -1.88496    5.81297e-10
-0.837758     -1.88496    3.16164e-10
-0.628319     -1.88496    7.44947e-10
-0.418879     -1.88496    2.25697e-09
-0.20944     -1.88496    3.39351e-09
0     -1.88496    1.91202e-08
0.20944     -1.88496    4.20877e-09
0.418879     -1.88496    3.1685e-09
0.628319     -1.88496    9.54527e-10
0.837758     -1.88496    5.9802e-10
1.0472     -1.88496    1.60144e-10
1.25664     -1.88496    3.11314e-10
1.46608     -1.88496    8.06307e-10
1.67552     -1.88496    7.75018e-11
1.88496     -1.88496    6.61443e-10
2.0944     -1.88496    1.17399e-09
2.30383     -1.88496    5.84426e-10
2.51327     -1.88496    4.26194e-10
2.72271     -1.88496    6.20566e-10
2.93215     -1.88496    2.00258e-10
3.14159     -1.88496    3.21621e-10

-3.14159     -1.67552    1.45846e-10
-2.93215     -1.67552    8.99075e-10
-2.72271     -1.67552    2.87052e-10
-2.51327     -1.67552    2.38272e-10
-2.30383     -1.67552    7.5098e-10
-2.0944     -1.67552    5.05387e-10
-1.88496     -1.67552    5.47218e-10
-1.67552     -1.67552    1.47898e-10
-1.46608     -1.67552    2.99973e-10
-1.25664     -1.67552    5.00897e-10
-1.0472     -1.67552    8.05045e-10
-0.837758     -1.67552    6.49805e-10
-0.628319     -1.67552    6.1778e-10
-0.418879     -1.67552    1.16751e-09
-0.20944     -1.67552    5.14352e-09
0     -1.67552    9.17735e-09
0.20944     -1.67552    7.97486e-09
0.418879     -1.67552    6.04386e-10
0.628319     -1.67552    1.52036e-09
0.837758     -1.67552    1.25675e-09
1.0472     -1.67552    1.03328e-09
1.25664     -1.67552    6.4538e-10
1.46608     -1.67552    9.12442e-10
1.67552     -1.67552    4.08545e-10
1.88496     -1.67552    8.79972e-10
2.0944     -1.67552    2.74447e-10
2.30383     -1.67552    9.71723e-10
2.51327     -1.67552    4.04175e-11
2.72271     -1.67552    3.13278e-10
2.93215     -1.67552    8.67546e-10
3.14159     -1.67552    4.55286e-10

-3.14159     -1.46608    1.32152e-09
-2.93215     -1.46608    9.22842e-10
-2.72271     -1.46608    9.90442e-10
-2.51327     -1.46608    2.4229e-09
-2.30383     -1.46608    9.35799e-10
-2.0944     -1.46608    7.77172e-11
-1.88496     -1.46608    9.96024e-10
-1.67552     -1.46608    1.28722e-09
-1.46608     -1.46608    7.82243e-11
-1.25664     -1.46608    6.37142e-10
-1.0472     -1.46608    2.25579e-10
-0.837758     -1.46608    1.18343e-09
-0.628319     -1.46608    1.11719e-09
-0.418879     -1.46608    7.84127e-10
-0.20944     -1.46608    6.9062e-09
0     -1.46608    8.5833e-09
0.20944     -1.46608    1.02921e-08
0.418879     -1.46608    3.45836e-10
0.628319     -1.46608    8.22019e-10
0.837758     -1.46608    2.40771e-10
1.0472     -1.46608    9.08937e-10
1.25664     -1.46608    9.6272e-10
1.46608     -1.46608    6.48043e-10
1.67552     -1.46608    5.33757e-10
1.88496     -1.46608    5.25323e-10
2.0944     -1.46608    4.86434e-10
2.30383     -1.46608    1.82041e-09
2.51327     -1.46608    1.55258e-09
2.72271     -1.46608    9.23273e-10
2.93215     -1.46608    5.59936e-10
3.14159     -1.46608    4.25306e-10

-3.14159     -1.25664    1.31468e-09
-2.93215     -1.25664    8.20485e-10
-2.72271     -1.25664    2.14786e-09
-2.51327     -1.25664    5.14691e-10
-2.30383     -1.25664    1.05246e-09
-2.0944     -1.25664    7.40466e-11
-1.88496     -1.25664    4.35669e-10
-1.67552     -1.25664    1.9133e-09
-1.46608     -1.25664    1.52361e-09
-1.25664     -1.25664    2.93189e-10
-1.0472     -1.25664    5.40833e-10
-0.837758     -1.25664    1.01251e-09
-0.628319     -1.25664    1.95777e-09
-0.418879     -1.25664    5.46785e-09
-0.20944     -1.25664    4.42988e-09
0     -1.25664    2.87744e-08
0.20944     -1.25664    6.15716e-09
0.418879     -1.25664    2.14076e-09
0.628319     -1.25664    2.22695e-09
0.837758     -1.25664    1.91261e-09
1.0472     -1.25664    1.07773e-09
1.25664     -1.25664    1.62416e-09
1.46608     -1.25664    1.58889e-09
1.67552     -1.25664    1.81537e-09
1.88496     -1.25664    8.56633e-10
2.0944     -1.25664    8.53668e-10
2.30383     -1.25664    7.20582e-10
2.51327     -1.25664    1.41505e-09
2.72271     -1.25664    9.01562e-10
2.93215     -1.25664    6.81534e-10
3.14159     -1.25664    5.97039e-10

-3.14159     -1.0472    5.37985e-10
-2.93215     -1.0472    7.42109e-10
-2.72271     -1.0472    9.22251e-10
-2.51327     -1.0472    1.13686e-09
-2.30383     -1.0472    1.52155e-09
-2.0944     -1.0472    7.05711e-10
-1.88496     -1.0472    6.18663e-10
-1.67552     -1.0472    1.23636e-09
-1.46608     -1.0472    1.12951e-09
-1.25664     -1.0472    1.12276e-09
-1.0472     -1.0472    1.09747e-09
-0.837758     -1.0472    8.02676e-10
-0.628319     -1.0472    9.93508e-10
-0.418879     -1.0472    6.25958e-09
-0.20944     -1.0472    4.25432e-09
0     -1.0472    4.91044e-08
0.20944     -1.0472    2.61753e-09
0.418879     -1.0472    6.77494e-09
0.628319     -1.0472    8.50092e-12
0.837758     -1.0472    1.31674e-09
1.0472     -1.0472    7.08184e-10
1.25664     -1.0472    1.82218e-09
1.46608     -1.0472    8.16415e-10
1.67552     -1.0472    5.58665e-10
1.88496     -1.0472    9.9595e-10
2.0944     -1.0472    1.57906e-09
2.30383     -1.0472    1.15794e-09
2.51327     -1.0472    1.02263e-09
2.72271     -1.0472    4.17647e-10
2.93215     -1.0472    3.50907e-10
3.14159     -1.0472    1.84469e-10

-3.14159     -0.837758    4.6929e-10
-2.93215     -0.837758    1.97912e-10
-2.72271     -0.837758    5.17778e-10
-2.51327     -0.837758    9.51852e-10
-2.30383     -0.837758    1.15117e-10
-2.0944     -0.837758    2.32185e-10
-1.88496     -0.837758    7.70894e-10
-1.67552     -0.837758    4.09033e-10
-1.46608     -0.837758    4.57867e-10
-1.25664     -0.837758    1.48306e-09
-1.0472     -0.837758    8.38947e-10
-0.837758     -0.837758    1.42089e-09
-0.628319     -0.837758    2.32344e-09
-0.418879     -0.837758    9.72071e-09
-0.20944     -0.837758    2.47643e-09
0     -0.837758    7.22635e-08
0.20944     -0.837758    8.72011e-10
0.418879     -0.837758    7.82441e-09
0.628319     -0.837758    4.09624e-09
0.837758     -0.837758    2.008e-09
1.0472     -0.837758    3.56648e-09
1.25664     -0.837758    2.08254e-09
1.46608     -0.837758    8.88369e-10
1.67552     -0.837758    9.40673e-10
1.88496     -0.837758    4.59744e-10
2.0944     -0.837758    9.11316e-10
2.30383     -0.837758    1.0756e-09
2.51327     -0.837758    7.23302e-10
2.72271     -0.837758    6.62727e-11
2.93215     -0.837758    7.14556e-10
3.14159     -0.837758    2.81256e-10

-3.14159     -0.628319    4.38678e-10
-2.93215     -0.628319    4.17547e-10
-2.72271     -0.628319    6.17735e-10
-2.51327     -0.628319    4.54353e-10
-2.30383     -0.628319    5.07108e-10
-2.0944     -0.628319    1.71544e-09
-1.88496     -0.628319    5.87937e-10
-1.67552     -0.628319    6.50206e-10
-1.46608     -0.628319    2.5758e-09
-1.25664     -0.628319    1.62724e-09
-1.0472     -0.628319    3.37208e-09
-0.837758     -0.628319    1.5469e-09
-0.628319     -0.628319    3.1166e-09
-0.418879     -0.628319    9.52041e-09
-0.20944     -0.628319    2.74428e-08
0     -0.628319    9.35411e-08
0.20944     -0.628319    1.9018e-08
0.418879     -0.628319    1.31528e-08
0.628319     -0.628319    2.12639e-09
0.837758     -0.628319    1.75395e-09
1.0472     -0.628319    3.10429e-09
1.25664     -0.628319    1.32397e-09
1.46608     -0.628319    1.32844e-09
1.67552     -0.628319    8.72887e-10
1.88496     -0.628319    1.09785e-09
2.0944     -0.628319    7.37176e-10
2.30383     -0.628319    4.26374e-10
2.51327     -0.628319    4.89052e-10
2.72271     -0.628319    3.27795e-10
2.93215     -0.628319    1.13196e-10
3.14159     -0.628319    4.15211e-10

-3.14159     -0.418879    3.20068e-10
-2.93215     -0.418879    4.85148e-10
-2.72271     -0.418879    4.11314e-10
-2.51327     -0.418879    8.56685e-10
-2.30383     -0.418879    6.21993e-10
-2.0944     -0.418879    5.10058e-10
-1.88496     -0.418879    4.79159e-10
-1.67552     -0.418879    1.30332e-09
-1.46608     -0.418879    9.12655e-10
-1.25664     -0.418879    2.53135e-09
-1.0472     -0.418879    2.16061e-09
-0.837758     -0.418879    3.45352e-09
-0.628319     -0.418879    3.94206e-09
-0.418879     -0.418879    2.16644e-08
-0.20944     -0.418879    2.94501e-08
0     -0.418879    1.30909e-07
0.20944     -0.418879    2.38411e-08
0.418879     -0.418879    3.53912e-08
0.628319     -0.418879    1.63393e-08
0.837758     -0.418879    1.00849e-09
1.0472     -0.418879    9.45173e-10
1.25664     -0.418879    1.44358e-10
1.46608     -0.418879    5.99033e-10
1.67552     -0.418879    6.7338e-10
1.88496     -0.418879    1.35386e-10
2.0944     -0.418879    8.10607e-10
2.30383     -0.418879    1.97305e-10
2.51327     -0.418879    9.57776e-10
2.72271     -0.418879    2.71721e-10
2.93215     -0.418879    4.37843e-10
3.14159     -0.418879    2.74823e-10

-3.14159     -0.20944    4.06297e-10
-2.93215     -0.20944    1.88757e-10
-2.72271     -0.20944    3.57181e-10
-2.51327     -0.20944    3.50432e-10
-2.30383     -0.20944    5.17743e-10
-2.0944     -0.20944    4.53298e-10
-1.88496     -0.20944    4.25741e-10
-1.67552     -0.20944    1.00657e-09
-1.46608     -0.20944    5.68067e-10
-1.25664     -0.20944    1.54e-09
-1.0472     -0.20944    1.65821e-09
-0.837758     -0.20944    7.70988e-10
-0.628319     -0.20944    1.26084e-08
-0.418879     -0.20944    6.02305e-08
-0.20944     -0.20944    1.32057e-07
0     -0.20944    3.15745e-07
0.20944     -0.20944    2.13506e-07
0.418879     -0.20944    2.53192e-08
0.628319     -0.20944    2.88331e-08
0.837758     -0.20944    1.31483e-09
1.0472     -0.20944    2.65449e-09
1.25664     -0.20944    1.96519e-09
1.46608     -0.20944    2.8604e-10
1.67552     -0.20944    5.44326e-10
1.88496     -0.20944    6.47252e-10
2.0944     -0.20944    3.37849e-10
2.30383     -0.20944    1.24612e-10
2.51327     -0.20944    6.41058e-10
2.72271     -0.20944    5.53403e-10
2.93215     -0.20944    5.43872e-11
3.14159     -0.20944    2.25925e-10

-3.14159     0    2.89287e-10
-2.93215     0    8.60009e-10
-2.72271     0    6.22318e-10
-2.51327     0    5.36144e-10
-2.30383     0    5.91654e-10
-2.0944     0    5.0295e-10
-1.88496     0    1.24564e-09
-1.67552     0    3.5346e-10
-1.46608     0    1.39812e-09
-1.25664     0    1.59138e-09
-1.0472     0    8.1679e-10
-0.837758     0    3.42838e-09
-0.628319     0    2.81758e-08
-0.418879     0    8.73541e-08
-0.20944     0    2.13547e-07
0     0    9.81314e-17
0.20944     0    2.13547e-07
0.418879     0    8.73541e-08
0.628319     0    2.81758e-08
0.837758     0    3.42838e-09
1.0472     0    8.1679e-10
1.25664     0    1.59138e-09
1.46608     0    1.39812e-09
1.67552     0    3.5346e-10
1.88496     0    1.24564e-09
2.0944     0    5.0295e-10
2.30383     0    5.91654e-10
2.51327     0    5.36144e-10
2.72271     0    6.22318e-10
2.93215     0    8.60009e-10
3.14159     0    2.89287e-10

-3.14159     0.20944    2.25925e-10
-2.93215     0.20944    5.43872e-11
-2.72271     0.20944    5.53403e-10
-2.51327     0.20944    6.41058e-10
-2.30383     0.20944    1.24612e-10
-2.0944     0.20944    3.37849e-10
-1.88496     0.20944    6.47252e-10
-1.67552     0.20944    5.44326e-10
-1.46608     0.20944    2.8604e-10
-1.25664     0.20944    1.96519e-09
-1.0472     0.20944    2.65449e-09
-0.837758     0.20944    1.31483e-09
-0.628319     0.20944    2.88331e-08
-0.418879     0.20944    2.53192e-08
-0.20944     0.20944    2.13506e-07
0     0.20944    3.15745e-07
0.20944     0.20944    1.32057e-07
0.418879     0.20944    6.02305e-08
0.628319     0.20944    1.26084e-08
0.837758     0.20944    7.70988e-10
1.0472     0.20944    1.65821e-09
1.25664     0.20944    1.54e-09
1.46608     0.20944    5.68067e-10
1.67552     0.20944    1.00657e-09
1.88496     0.20944    4.25741e-10
2.0944     0.20944    4.53298e-10
2.30383     0.20944    5.17743e-10
2.51327     0.20944    3.50432e-10
2.72271     0.20944    3.57181e-10
2.93215     0.20944    1.88757e-10
3.14159     0.20944    4.06297e-10

-3.14159     0.418879    2.74823e-10
-2.93215     0.418879    4.37843e-10
-2.72271     0.418879    2.71721e-10
-2.51327     0.418879    9.57776e-10
-2.30383     0.418879    1.97305e-10
-2.0944     0.418879    8.10607e-10
-1.88496     0.418879    1.35386e-10
-1.67552     0.418879    6.7338e-10
-1.46608     0.418879    5.99033e-10
-1.25664     0.418879    1.44358e-10
-1.0472     0.418879    9.45173e-10
-0.837758     0.418879    1.00849e-09
-0.628319     0.418879    1.63393e-08
-0.418879     0.418879    3.53912e-08
-0.20944     0.418879    2.38411e-08
0     0.418879    1.30909e-07
0.20944     0.418879    2.94501e-08
0.418879     0.418879    2.16644e-08
0.628319     0.418879    3.94206e-09
0.837758     0.418879    3.45352e-09
1.0472     0.418879    2.16061e-09
1.25664     0.418879    2.53135e-09
1.46608     0.418879    9.12655e-10
1.67552     0.418879    1.30332e-09
1.88496     0.418879    4.79159e-10
2.0944     0.418879    5.10058e-10
2.30383     0.418879    6.21993e-10
2.51327     0.418879    8.56685e-10
2.72271     0.418879    4.11314e-10
2.93215     0.418879    4.85148e-10
3.14159     0.418879    3.20068e-10

-3.14159     0.628319    4.15211e-10
-2.93215     0.628319    1.13196e-10
-2.72271     0.628319    3.27795e-10
-2.51327     0.628319    4.89052e-10
-2.30383     0.628319    4.26374e-10
-2.0944     0.628319    7.37176e-10
-1.88496     0.628319    1.09785e-09
-1.67552     0.628319    8.72887e-10
-1.46608     0.628319    1.32844e-09
-1.25664     0.628319    1.32397e-09
-1.0472     0.628319    3.10429e-09
-0.837758     0.628319    1.75395e-09
-0.628319     0.628319    2.12639e-09
-0.418879     0.628319    1.31528e-08
-0.20944     0.628319    1.9018e-08
0     0.628319    9.35411e-08
0.20944     0.628319    2.74428e-08
0.418879     0.628319    9.52041e-09
0.628319     0.628319    3.1166e-09
0.837758     0.628319    1.5469e-09
1.0472     0.628319    3.37208e-09
1.25664     0.628319    1.62724e-09
1.46608     0.628319    2.5758e-09
1.67552     0.628319    6.50206e-10
1.88496     0.628319    5.87937e-10
2.0944     0.628319    1.71544e-09
2.30383     0.628319    5.07108e-10
2.51327     0.628319    4.54353e-10
2.72271     0.628319    6.17735e-10
2.93215     0.628319    4.17547e-10
3.14159     0.628319    4.38678e-10

-3.14159     0.837758    2.81256e-10
-2.93215     0.837758    7.14556e-10
-2.72271     0.837758    6.62727e-11
-2.51327     0.837758    7.23302e-10
-2.30383     0.837758    1.0756e-09
-2.0944     0.837758    9.11316e-10
-1.88496     0.837758    4.59744e-10
-1.67552     0.837758    9.40673e-10
-1.46608     0.837758    8.88369e-10
-1.25664     0.837758    2.08254e-09
-1.0472     0.837758    3.56648e-09
-0.837758     0.837758    2.008e-09
-0.628319     0.837758    4.09624e-09
-0.418879     0.837758    7.82441e-09
-0.20944     0.837758    8.72011e-10
0     0.837758    7.22635e-08
0.20944     0.837758    2.47643e-09
0.418879     0.837758    9.72071e-09
0.628319     0.837758    2.32344e-09
0.837758     0.837758    1.42089e-09
1.0472     0.837758    8.38947e-10
1.25664     0.837758    1.48306e-09
1.46608     0.837758    4.57867e-10
1.67552     0.837758    4.09033e-10
1.88496     0.837758    7.70894e-10
2.0944     0.837758    2.32185e-10
2.30383     0.837758    1.15117e-10
2.51327     0.837758    9.51852e-10
2.72271     0.837758    5.17778e-10
2.93215     0.837758    1.97912e-10
3.14159     0.837758    4.6929e-10

-3.14159     1.0472    1.84469e-10
-2.93215     1.0472    3.50907e-10
-2.72271     1.0472    4.17647e-10
-2.51327     1.0472    1.02263e-09
-2.30383     1.0472    1.15794e-09
-2.0944     1.0472    1.57906e-09
-1.88496     1.0472    9.9595e-10
-1.67552     1.0472    5.58665e-10
-1.46608     1.0472    8.16415e-10
-1.25664     1.0472    1.82218e-09
-1.0472     1.0472    7.08184e-10
-0.837758     1.0472    1.31674e-09
-0.628319     1.0472    8.50092e-12
-0.418879     1.0472    6.77494e-09
-0.20944     1.0472    2.61753e-09
0     1.0472    4.91044e-08
0.20944     1.0472    4.25432e-09
0.418879     1.0472    6.25958e-09
0.628319     1.0472    9.93508e-10
0.837758     1.0472    8.02676e-10
1.0472     1.0472    1.09747e-09
1.25664     1.0472    1.12276e-09
1.46608     1.0472    1.12951e-09
1.67552     1.0472    1.23636e-09
1.88496     1.0472    6.18663e-10
2.0944     1.0472    7.05711e-10
2.30383     1.0472    1.52155e-09
2.51327     1.0472    1.13686e-09
2.72271     1.0472    9.22251e-10
2.93215     1.0472    7.42109e-10
3.14159     1.0472    5.37985e-10

-3.14159     1.25664    5.97039e-10
-2.93215     1.25664    6.81534e-10
-2.72271     1.25664    9.01562e-10
-2.51327     1.25664    1.41505e-09
-2.30383     1.25664    7.20582e-10
-2.0944     1.25664    8.53668e-10
-1.88496     1.25664    8.56633e-10
-1.67552     1.25664    1.81537e-09
-1.46608     1.25664    1.58889e-09
-1.25664     1.25664    1.62416e-09
-1.0472     1.25664    1.07773e-09
-0.837758     1.25664    1.91261e-09
-0.628319     1.25664    2.22695e-09
-0.418879     1.25664    2.14076e-09
-0.20944     1.25664    6.15716e-09
0     1.25664    2.87744e-08
0.20944     1.25664    4.42988e-09
0.418879     1.25664    5.46785e-09
0.628319     1.25664    1.95777e-09
0.837758     1.25664    1.01251e-09
1.0472     1.25664    5.40833e-10
1.25664     1.25664    2.93189e-10
1.46608     1.25664    1.52361e-09
1.67552     1.25664    1.9133e-09
1.88496     1.25664    4.35669e-10
2.0944     1.25664    7.40466e-11
2.30383     1.25664    1.05246e-09
2.51327     1.25664    5.14691e-10
2.72271     1.25664    2.14786e-09
2.93215     1.25664    8.20485e-10
3.14159     1.25664    1.31468e-09

-3.14159     1.46608    4.25306e-10
-2.93215     1.46608    5.59936e-10
-2.72271     1.46608    9.23273e-10
-2.51327     1.46608    1.55258e-09
-2.30383     1.46608    1.82041e-09
-2.0944     1.46608    4.86434e-10
-1.88496     1.46608    5.25323e-10
-1.67552     1.46608    5.33757e-10
-1.46608     1.46608    6.48043e-10
-1.25664     1.46608    9.6272e-10
-1.0472     1.46608    9.08937e-10
-0.837758     1.46608    2.40771e-10
-0.628319     1.46608    8.22019e-10
-0.418879     1.46608    3.45836e-10
-0.20944     1.46608    1.02921e-08
0     1.46608    8.5833e-09
0.20944     1.46608    6.9062e-09
0.418879     1.46608    7.84127e-10
0.628319     1.46608    1.11719e-09
0.837758     1.46608    1.18343e-09
1.0472     1.46608    2.25579e-10
1.25664     1.46608    6.37142e-10
1.46608     1.46608    7.82243e-11
1.67552     1.46608    1.28722e-09
1.88496     1.46608    9.96024e-10
2.0944     1.46608    7.77172e-11
2.30383     1.46608    9.35799e-10
2.51327     1.46608    2.4229e-09
2.72271     1.46608    9.90442e-10
2.93215     1.46608    9.22842e-10
3.14159     1.46608    1.32152e-09

-3.14159     1.67552    4.55286e-10
-2.93215     1.67552    8.67546e-10
-2.72271     1.67552    3.13278e-10
-2.51327     1.67552    4.04175e-11
-2.30383     1.67552    9.71723e-10
-2.0944     1.67552    2.74447e-10
-1.88496     1.67552    8.79972e-10
-1.67552     1.67552    4.08545e-10
-1.46608     1.67552    9.12442e-10
-1.25664     1.67552    6.4538e-10
-1.0472     1.67552    1.03328e-09
-0.837758     1.67552    1.25675e-09
-0.628319     1.67552    1.52036e-09
-0.418879     1.67552    6.04386e-10
-0.20944     1.67552    7.97486e-09
0     1.67552    9.17735e-09
0.20944     1.67552    5.14352e-09
0.418879     1.67552    1.16751e-09
0.628319     1.67552    6.1778e-10
0.837758     1.67552    6.49805e-10
1.0472     1.67552    8.05045e-10
1.25664     1.67552    5.00897e-10
1.46608     1.67552    2.99973e-10
1.67552     1.67552    1.47898e-10
1.88496     1.67552    5.47218e-10
2.0944     1.67552    5.05387e-10
2.30383     1.67552    7.5098e-10
2.51327     1.67552    2.38272e-10
2.72271     1.67552    2.87052e-10
2.93215     1.67552    8.99075e-10
3.14159     1.67552    1.45846e-10

-3.14159     1.88496    3.21621e-10
-2.93215     1.88496    2.00258e-10
-2.72271     1.88496    6.20566e-10
-2.51327     1.88496    4.26194e-10
-2.30383     1.88496    5.84426e-10
-2.0944     1.88496    1.17399e-09
-1.88496     1.88496    6.61443e-10
-1.67552     1.88496    7.75018e-11
-1.46608     1.88496    8.06307e-10
-1.25664     1.88496    3.11314e-10
-1.0472     1.88496    1.60144e-10
-0.837758     1.88496    5.9802e-10
-0.628319     1.88496    9.54527e-10
-0.418879     1.88496    3.1685e-09
-0.20944     1.88496    4.20877e-09
0     1.88496    1.91202e-08
0.20944     1.88496    3.39351e-09
0.418879     1.88496    2.25697e-09
0.628319     1.88496    7.44947e-10
0.837758     1.88496    3.16164e-10
1.0472     1.88496    5.81297e-10
1.25664     1.88496    1.49912e-10
1.46608     1.88496    5.44111e-11
1.67552     1.88496    3.64487e-10
1.88496     1.88496    6.37583e-10
2.0944     1.88496    8.38405e-10
2.30383     1.88496    2.81655e-10
2.51327     1.88496    7.15696e-10
2.72271     1.88496    6.39274e-10
2.93215     1.88496    6.61844e-10
3.14159     1.88496    2.02669e-10

-3.14159     2.0944    3.67401e-10
-2.93215     2.0944    5.81019e-10
-2.72271     2.0944    4.57188e-10
-2.51327     2.0944    5.98559e-10
-2.30383     2.0944    1.95528e-10
-2.0944     2.0944    5.09223e-10
-1.88496     2.0944    9.65415e-11
-1.67552     2.0944    2.1057e-10
-1.46608     2.0944    1.38024e-10
-1.25664     2.0944    1.55529e-10
-1.0472     2.0944    2.03978e-10
-0.837758     2.0944    2.91124e-10
-0.628319     2.0944    5.62501e-10
-0.418879     2.0944    2.57692e-09
-0.20944     2.0944    2.05172e-09
0     2.0944    2.6079e-08
0.20944     2.0944    2.61487e-09
0.418879     2.0944    4.17883e-09
0.628319     2.0944    1.04245e-09
0.837758     2.0944    9.75265e-10
1.0472     2.0944    2.06695e-10
1.25664     2.0944    5.92604e-10
1.46608     2.0944    8.21143e-10
1.67552     2.0944    3.86621e-10
1.88496     2.0944    4.13773e-10
2.0944     2.0944    9.03652e-10
2.30383     2.0944    8.68486e-10
2.51327     2.0944    2.43534e-10
2.72271     2.0944    6.00834e-10
2.93215     2.0944    1.18889e-10
3.14159     2.0944    7.82168e-10

-3.14159     2.30383    6.51953e-10
-2.93215     2.30383    3.13509e-10
-2.72271     2.30383    4.33196e-10
-2.51327     2.30383    5.47756e-10
-2.30383     2.30383    7.38795e-10
-2.0944     2.30383    1.26287e-09
-1.88496     2.30383    3.12675e-10
-1.67552     2.30383    6.88169e-10
-1.46608     2.30383    6.75809e-10
-1.25664     2.30383    2.13307e-10
-1.0472     2.30383    9.34524e-10
-0.837758     2.30383    2.03841e-10
-0.628319     2.30383    5.0276e-10
-0.418879     2.30383    4.1187e-09
-0.20944     2.30383    4.84477e-10
0     2.30383    2.73421e-08
0.20944     2.30383    1.31165e-09
0.418879     2.30383    3.84311e-09
0.628319     2.30383    1.34089e-09
0.837758     2.30383    6.98694e-10
1.0472     2.30383    1.15893e-10
1.25664     2.30383    2.53314e-10
1.46608     2.30383    2.70416e-10
1.67552     2.30383    1.15407e-09
1.88496     2.30383    2.15924e-10
2.0944     2.30383    4.2867e-10
2.30383     2.30383    5.21657e-10
2.51327     2.30383    7.83429e-10
2.72271     2.30383    2.93164e-10
2.93215     2.30383    1.11092e-09
3.14159     2.30383    1.64013e-09

-3.14159     2.51327    2.77993e-10
-2.93215     2.51327    3.14855e-10
-2.72271     2.51327    1.0305e-09
-2.51327     2.51327    2.39848e-10
-2.30383     2.51327    2.33046e-10
-2.0944     2.51327    2.77695e-10
-1.88496     2.51327    9.17066e-10
-1.67552     2.51327    6.12645e-10
-1.46608     2.51327    5.96822e-10
-1.25664     2.51327    5.67511e-10
-1.0472     2.51327    4.6028e-10
-0.837758     2.51327    2.50459e-10
-0.628319     2.51327    3.5448e-10
-0.418879     2.51327    3.47552e-09
-0.20944     2.51327    1.89785e-09
0     2.51327    2.40884e-08
0.20944     2.51327    6.98906e-10
0.418879     2.51327    4.04321e-09
0.628319     2.51327    6.46162e-10
0.837758     2.51327    6.05356e-10
1.0472     2.51327    3.39136e-10
1.25664     2.51327    2.22484e-10
1.46608     2.51327    7.7689e-11
1.67552     2.51327    1.20313e-10
1.88496     2.51327    1.00986e-09
2.0944     2.51327    1.79561e-09
2.30383     2.51327    8.24069e-10
2.51327     2.51327    7.25859e-10
2.72271     2.51327    4.70786e-10
2.93215     2.51327    3.7133e-10
3.14159     2.51327    5.33015e-10

-3.14159     2.72271    2.36615e-10
-2.93215     2.72271    5.75313e-10
-2.72271     2.72271    4.70953e-10
-2.51327     2.72271    1.44534e-09
-2.30383     2.72271    1.28632e-09
-2.0944     2.72271    1.35209e-09
-1.88496     2.72271    7.36751e-10
-1.67552     2.72271    2.1054e-10
-1.46608     2.72271    6.53402e-10
-1.25664     2.72271    3.65211e-10
-1.0472     2.72271    4.5504e-10
-0.837758     2.72271    3.00628e-10
-0.628319     2.72271    2.29523e-10
-0.418879     2.72271    2.39708e-09
-0.20944     2.72271    2.50472e-09
0     2.72271    1.82371e-08
0.20944     2.72271    3.35636e-09
0.418879     2.72271    1.91553e-09
0.628319     2.72271    3.25869e-10
0.837758     2.72271    3.99963e-10
1.0472     2.72271    5.86868e-10
1.25664     2.72271    3.95871e-10
1.46608     2.72271    9.27498e-10
1.67552     2.72271    3.82227e-10
1.88496     2.72271    1.34633e-09
2.0944     2.72271    8.48059e-10
2.30383     2.72271    4.3002e-10
2.51327     2.72271    8.19456e-10
2.72271     2.72271    7.10943e-10
2.93215     2.72271    3.46912e-10
3.14159     2.72271    5.68266e-10

-3.14159     2.93215    3.7635e-10
-2.93215     2.93215    5.14155e-10
-2.72271     2.93215    7.41678e-10
-2.51327     2.93215    1.90899e-09
-2.30383     2.93215    1.17631e-09
-2.0944     2.93215    1.87824e-09
-1.88496     2.93215    2.43234e-09
-1.67552     2.93215    1.06069e-09
-1.46608     2.93215    6.64071e-10
-1.25664     2.93215    4.28137e-10
-1.0472     2.93215    3.80129e-10
-0.837758     2.93215    2.86337e-10
-0.628319     2.93215    7.05047e-10
-0.418879     2.93215    1.8564e-09
-0.20944     2.93215    4.17272e-09
0     2.93215    8.95819e-09
0.20944     2.93215    3.44365e-09
0.418879     2.93215    1.90258e-09
0.628319     2.93215    6.05272e-10
0.837758     2.93215    3.13837e-10
1.0472     2.93215    7.55623e-10
1.25664     2.93215    5.81752e-10
1.46608     2.93215    8.67746e-10
1.67552     2.93215    5.64665e-10
1.88496     2.93215    6.32544e-10
2.0944     2.93215    5.83857e-10
2.30383     2.93215    2.08981e-09
2.51327     2.93215    2.18476e-10
2.72271     2.93215    6.75598e-10
2.93215     2.93215    3.3753e-10
3.14159     2.93215    3.01517e-10

-3.14159     3.14159    3.81663e-10
-2.93215     3.14159    4.35508e-10
-2.72271     3.14159    1.76611e-09
-2.51327     3.14159    6.54735e-10
-2.30383     3.14159    1.14718e-09
-2.0944     3.14159    1.5479e-09
-1.88496     3.14159    2.25564e-09
-1.67552     3.14159    1.01027e-09
-1.46608     3.14159    1.31359e-09
-1.25664     3.14159    8.63539e-10
-1.0472     3.14159    5.20497e-10
-0.837758     3.14159    2.72988e-10
-0.628319     3.14159    8.71954e-10
-0.418879     3.14159    2.41497e-10
-0.20944     3.14159    5.00927e-09
0     3.14159    1.4365e-09
0.20944     3.14159    4.94658e-09
0.418879     3.14159    9.38565e-11
0.628319     3.14159    7.69106e-10
0.837758     3.14159    3.25404e-10
1.0472     3.14159    5.8839e-10
1.25664     3.14159    7.61963e-10
1.46608     3.14159    3.36046e-10
1.67552     3.14159    1.08734e-09
1.88496     3.14159    1.59584e-09
2.0944     3.14159    1.21457e-09
2.30383     3.14159    4.1242e-09
2.51327     3.14159    2.07724e-09
2.72271     3.14159    4.03956e-10
2.93215     3.14159    6.71183e-10
3.14159     3.14159    4.69054e-10

