-3.14159     -3.14159    0.0026192
-2.93215     -3.14159    0.000328321
-2.72271     -3.14159    0.00282174
-2.51327     -3.14159    0.00260414
-2.30383     -3.14159    0.000146016
-2.0944     -3.14159    0.00287713
-1.88496     -3.14159    0.00254828
-1.67552     -3.14159    0.000792221
-1.46608     -3.14159    0.00151484
-1.25664     -3.14159    0.000237972
-1.0472     -3.14159    0.00212178
-0.837758     -3.14159    0.00108893
-0.628319     -3.14159    0.00184345
-0.418879     -3.14159    0.00380763
-0.20944     -3.14159    0.00752623
0     -3.14159    0.0149381
0.20944     -3.14159    0.00747367
0.418879     -3.14159    0.00383732
0.628319     -3.14159    0.00194222
0.837758     -3.14159    0.0010896
1.0472     -3.14159    0.00209327
1.25664     -3.14159    0.000149843
1.46608     -3.14159    0.0015238
1.67552     -3.14159    0.000803706
1.88496     -3.14159    0.00247436
2.0944     -3.14159    0.00282993
2.30383     -3.14159    0.000124884
2.51327     -3.14159    0.00254763
2.72271     -3.14159    0.00277378
2.93215     -3.14159    0.000295679
3.14159     -3.14159    0.00254225

-3.14159     -2.93215    0.00175751
-2.93215     -2.93215    0.00320513
-2.72271     -2.93215    0.00397316
-2.51327     -2.93215    0.00961478
-2.30383     -2.93215    0.00334908
-2.0944     -2.93215    0.000907324
-1.88496     -2.93215    0.000626927
-1.67552     -2.93215    0.00257846
-1.46608     -2.93215    0.00216429
-1.25664     -2.93215    0.00188234
-1.0472     -2.93215    0.00321501
-0.837758     -2.93215    0.00504516
-0.628319     -2.93215    0.00290427
-0.418879     -2.93215    0.00211361
-0.20944     -2.93215    0.00125268
0     -2.93215    0.00880623
0.20944     -2.93215    0.00124624
0.418879     -2.93215    0.00208536
0.628319     -2.93215    0.00286636
0.837758     -2.93215    0.00508185
1.0472     -2.93215    0.0032076
1.25664     -2.93215    0.00194099
1.46608     -2.93215    0.00218686
1.67552     -2.93215    0.00261874
1.88496     -2.93215    0.000574084
2.0944     -2.93215    0.000892648
2.30383     -2.93215    0.00338561
2.51327     -2.93215    0.00959897
2.72271     -2.93215    0.0039104
2.93215     -2.93215    0.00311744
3.14159     -2.93215    0.00174218

-3.14159     -2.72271    0.00075963
-2.93215     -2.72271    0.00148649
-2.72271     -2.72271    0.00337299
-2.51327     -2.72271    0.00988988
-2.30383     -2.72271    0.00112082
-2.0944     -2.72271    0.000218282
-1.88496     -2.72271    0.00186753
-1.67552     -2.72271    0.00296725
-1.46608     -2.72271    0.00191183
-1.25664     -2.72271    0.0023355
-1.0472     -2.72271    0.00221896
-0.837758     -2.72271    0.00198846
-0.628319     -2.72271    0.00430051
-0.418879     -2.72271    0.00193036
-0.20944     -2.72271    0.00149469
0     -2.72271    0.00988088
0.20944     -2.72271    0.00151989
0.418879     -2.72271    0.00188328
0.628319     -2.72271    0.00427359
0.837758     -2.72271    0.00194105
1.0472     -2.72271    0.00222764
1.25664     -2.72271    0.0023582
1.46608     -2.72271    0.00197751
1.67552     -2.72271    0.00304465
1.88496     -2.72271    0.00180378
2.0944     -2.72271    0.000279586
2.30383     -2.72271    0.00109929
2.51327     -2.72271    0.00985537
2.72271     -2.72271    0.00334029
2.93215     -2.72271    0.00158029
3.14159     -2.72271    0.000858213

-3.14159     -2.51327    0.00440752
-2.93215     -2.51327    0.000972459
-2.72271     -2.51327    0.00428448
-2.51327     -2.51327    0.00051769
-2.30383     -2.51327    0.00322735
-2.0944     -2.51327    0.000217998
-1.88496     -2.51327    0.00157883
-1.67552     -2.51327    0.00278163
-1.46608     -2.51327    0.000472436
-1.25664     -2.51327    0.00559336
-1.0472     -2.51327    0.00295202
-0.837758     -2.51327    0.000874394
-0.628319     -2.51327    0.00144089
-0.418879     -2.51327    0.000494567
-0.20944     -2.51327    0.00181153
0     -2.51327    0.00619633
0.20944     -2.51327    0.00183431
0.418879     -2.51327    0.000517795
0.628319     -2.51327    0.00146265
0.837758     -2.51327    0.000812169
1.0472     -2.51327    0.00294848
1.25664     -2.51327    0.00559267
1.46608     -2.51327    0.000405412
1.67552     -2.51327    0.00285482
1.88496     -2.51327    0.00166576
2.0944     -2.51327    0.000285715
2.30383     -2.51327    0.00323843
2.51327     -2.51327    0.000425112
2.72271     -2.51327    0.00433202
2.93215     -2.51327    0.00113672
3.14159     -2.51327    0.00437406

-3.14159     -2.30383    0.0119965
-2.93215     -2.30383    0.00827639
-2.72271     -2.30383    0.00233249
-2.51327     -2.30383    0.000685347
-2.30383     -2.30383    0.00108243
-2.0944     -2.30383    0.00559682
-1.88496     -2.30383    0.00274996
-1.67552     -2.30383    0.00410526
-1.46608     -2.30383    0.00396071
-1.25664     -2.30383    0.00255476
-1.0472     -2.30383    0.00412356
-0.837758     -2.30383    0.0018871
-0.628319     -2.30383    0.00127823
-0.418879     -2.30383    0.00112346
-0.20944     -2.30383    0.00149764
0     -2.30383    0.002298
0.20944     -2.30383    0.00153176
0.418879     -2.30383    0.00110903
0.628319     -2.30383    0.00129854
0.837758     -2.30383    0.0018167
1.0472     -2.30383    0.00413594
1.25664     -2.30383    0.00259826
1.46608     -2.30383    0.00388719
1.67552     -2.30383    0.0041002
1.88496     -2.30383    0.00271532
2.0944     -2.30383    0.00559129
2.30383     -2.30383    0.00113242
2.51327     -2.30383    0.000731207
2.72271     -2.30383    0.00261909
2.93215     -2.30383    0.0082894
3.14159     -2.30383    0.0120529

-3.14159     -2.0944    0.0144434
-2.93215     -2.0944    0.0194883
-2.72271     -2.0944    0.0109364
-2.51327     -2.0944    0.00563069
-2.30383     -2.0944    0.00101867
-2.0944     -2.0944    0.00189471
-1.88496     -2.0944    0.00119773
-1.67552     -2.0944    0.00167294
-1.46608     -2.0944    0.00531898
-1.25664     -2.0944    0.00472197
-1.0472     -2.0944    0.001496
-0.837758     -2.0944    0.00505176
-0.628319     -2.0944    0.00102521
-0.418879     -2.0944    0.000401912
-0.20944     -2.0944    0.0040593
0     -2.0944    0.00274147
0.20944     -2.0944    0.00406443
0.418879     -2.0944    0.000390088
0.628319     -2.0944    0.00101581
0.837758     -2.0944    0.00508431
1.0472     -2.0944    0.00151856
1.25664     -2.0944    0.00476751
1.46608     -2.0944    0.0053737
1.67552     -2.0944    0.00161761
1.88496     -2.0944    0.0011462
2.0944     -2.0944    0.00187485
2.30383     -2.0944    0.00102546
2.51327     -2.0944    0.00561915
2.72271     -2.0944    0.0110306
2.93215     -2.0944    0.0193369
3.14159     -2.0944    0.0143593

-3.14159     -1.88496    0.0182675
-2.93215     -1.88496    0.0123567
-2.72271     -1.88496    0.0117069
-2.51327     -1.88496    0.00248409
-2.30383     -1.88496    0.00332526
-2.0944     -1.88496    0.00496978
-1.88496     -1.88496    0.00188691
-1.67552     -1.88496    0.000528018
-1.46608     -1.88496    0.00313272
-1.25664     -1.88496    0.00087653
-1.0472     -1.88496    0.00101373
-0.837758     -1.88496    0.00396746
-0.628319     -1.88496    0.000952175
-0.418879     -1.88496    0.00292872
-0.20944     -1.88496    0.00272108
0     -1.88496    0.00155926
0.20944     -1.88496    0.00271492
0.418879     -1.88496    0.00288859
0.628319     -1.88496    0.000951695
0.837758     -1.88496    0.00393418
1.0472     -1.88496    0.00105405
1.25664     -1.88496    0.000962019
1.46608     -1.88496    0.00309839
1.67552     -1.88496    0.000558751
1.88496     -1.88496    0.00185655
2.0944     -1.88496    0.00493448
2.30383     -1.88496    0.00334448
2.51327     -1.88496    0.00248523
2.72271     -1.88496    0.011648
2.93215     -1.88496    0.0124613
3.14159     -1.88496    0.0181998

-3.14159     -1.67552    0.0170794
-2.93215     -1.67552    0.0101308
-2.72271     -1.67552    0.0131756
-2.51327     -1.67552    0.00410311
-2.30383     -1.67552    0.000441176
-2.0944     -1.67552    0.000812305
-1.88496     -1.67552    0.000513386
-1.67552     -1.67552    0.00130691
-1.46608     -1.67552    0.00286477
-1.25664     -1.67552    0.00377463
-1.0472     -1.67552    0.00184986
-0.837758     -1.67552    0.00112045
-0.628319     -1.67552    0.00077656
-0.418879     -1.67552    0.00643268
-0.20944     -1.67552    0.00223299
0     -1.67552    0.00359651
0.20944     -1.67552    0.00218945
0.418879     -1.67552    0.00640593
0.628319     -1.67552    0.00077267
0.837758     -1.67552    0.0011415
1.0472     -1.67552    0.00182569
1.25664     -1.67552    0.00375194
1.46608     -1.67552    0.00290919
1.67552     -1.67552    0.00124944
1.88496     -1.67552    0.000486662
2.0944     -1.67552    0.000768799
2.30383     -1.67552    0.000472702
2.51327     -1.67552    0.00412747
2.72271     -1.67552    0.0132539
2.93215     -1.67552    0.0101114
3.14159     -1.67552    0.0169906

-3.14159     -1.46608    0.0137392
-2.93215     -1.46608    0.0113643
-2.72271     -1.46608    0.0120935
-2.51327     -1.46608    0.00820682
-2.30383     -1.46608    0.00578542
-2.0944     -1.46608    0.00175404
-1.88496     -1.46608    0.000755469
-1.67552     -1.46608    0.00051918
-1.46608     -1.46608    0.000383191
-1.25664     -1.46608    0.000985383
-1.0472     -1.46608    9.00511e-05
-0.837758     -1.46608    0.00820094
-0.628319     -1.46608    0.000704148
-0.418879     -1.46608    0.00467905
-0.20944     -1.46608    0.000661561
0     -1.46608    0.000564403
0.20944     -1.46608    0.000691053
0.418879     -1.46608    0.00469635
0.628319     -1.46608    0.000666322
0.837758     -1.46608    0.00816441
1.0472     -1.46608    0.000111524
1.25664     -1.46608    0.000959063
1.46608     -1.46608    0.000338302
1.67552     -1.46608    0.000581785
1.88496     -1.46608    0.000745749
2.0944     -1.46608    0.00179358
2.30383     -1.46608    0.00578205
2.51327     -1.46608    0.00828316
2.72271     -1.46608    0.0121152
2.93215     -1.46608    0.0113906
3.14159     -1.46608    0.0136988

-3.14159     -1.25664    0.0101697
-2.93215     -1.25664    0.00444948
-2.72271     -1.25664    0.000239256
-2.51327     -1.25664    0.00189167
-2.30383     -1.25664    0.00976683
-2.0944     -1.25664    0.00187786
-1.88496     -1.25664    0.00153725
-1.67552     -1.25664    0.00366202
-1.46608     -1.25664    0.00199075
-1.25664     -1.25664    0.00627663
-1.0472     -1.25664    0.00125725
-0.837758     -1.25664    0.00174661
-0.628319     -1.25664    0.00266583
-0.418879     -1.25664    0.00464042
-0.20944     -1.25664    0.00267558
0     -1.25664    0.00128403
0.20944     -1.25664    0.00263345
0.418879     -1.25664    0.00465122
0.628319     -1.25664    0.00268172
0.837758     -1.25664    0.00175681
1.0472     -1.25664    0.00118546
1.25664     -1.25664    0.00631393
1.46608     -1.25664    0.0019757
1.67552     -1.25664    0.00369249
1.88496     -1.25664    0.00156443
2.0944     -1.25664    0.00184936
2.30383     -1.25664    0.00972992
2.51327     -1.25664    0.00190166
2.72271     -1.25664    0.000261015
2.93215     -1.25664    0.00447103
3.14159     -1.25664    0.0102283

-3.14159     -1.0472    0.00190356
-2.93215     -1.0472    0.00345357
-2.72271     -1.0472    0.00365169
-2.51327     -1.0472    0.000710575
-2.30383     -1.0472    0.000451697
-2.0944     -1.0472    0.000742799
-1.88496     -1.0472    0.00180918
-1.67552     -1.0472    0.00230109
-1.46608     -1.0472    0.00251327
-1.25664     -1.0472    0.00288534
-1.0472     -1.0472    0.0043166
-0.837758     -1.0472    0.00552994
-0.628319     -1.0472    0.00159184
-0.418879     -1.0472    0.000764439
-0.20944     -1.0472    0.000589009
0     -1.0472    0.00183085
0.20944     -1.0472    0.000618452
0.418879     -1.0472    0.000807193
0.628319     -1.0472    0.00156336
0.837758     -1.0472    0.00555771
1.0472     -1.0472    0.00434855
1.25664     -1.0472    0.00286581
1.46608     -1.0472    0.0025187
1.67552     -1.0472    0.00233115
1.88496     -1.0472    0.0018066
2.0944     -1.0472    0.000686845
2.30383     -1.0472    0.000468915
2.51327     -1.0472    0.000742882
2.72271     -1.0472    0.00361787
2.93215     -1.0472    0.00337931
3.14159     -1.0472    0.00182242

-3.14159     -0.837758    0.00106083
-2.93215     -0.837758    0.00297071
-2.72271     -0.837758    0.00425585
-2.51327     -0.837758    0.00161628
-2.30383     -0.837758    0.000257634
-2.0944     -0.837758    0.00215888
-1.88496     -0.837758    0.00414936
-1.67552     -0.837758    0.00058136
-1.46608     -0.837758    0.00353542
-1.25664     -0.837758    0.00105155
-1.0472     -0.837758    0.00308568
-0.837758     -0.837758    0.000920911
-0.628319     -0.837758    0.00116443
-0.418879     -0.837758    0.0026804
-0.20944     -0.837758    0.00412652
0     -0.837758    0.00455844
0.20944     -0.837758    0.0041766
0.418879     -0.837758    0.00269894
0.628319     -0.837758    0.00120776
0.837758     -0.837758    0.000970174
1.0472     -0.837758    0.00297096
1.25664     -0.837758    0.00112397
1.46608     -0.837758    0.00351679
1.67552     -0.837758    0.000556556
1.88496     -0.837758    0.00413291
2.0944     -0.837758    0.00214928
2.30383     -0.837758    0.000278554
2.51327     -0.837758    0.00166859
2.72271     -0.837758    0.00418055
2.93215     -0.837758    0.00293358
3.14159     -0.837758    0.00112971

-3.14159     -0.628319    0.00230341
-2.93215     -0.628319    0.00436813
-2.72271     -0.628319    0.00023559
-2.51327     -0.628319    0.00167246
-2.30383     -0.628319    0.00129772
-2.0944     -0.628319    0.000682564
-1.88496     -0.628319    0.00190666
-1.67552     -0.628319    0.00482233
-1.46608     -0.628319    0.0014403
-1.25664     -0.628319    0.00200219
-1.0472     -0.628319    0.000953593
-0.837758     -0.628319    0.00116136
-0.628319     -0.628319    0.00355977
-0.418879     -0.628319    0.0112079
-0.20944     -0.628319    0.0114744
0     -0.628319    0.00456057
0.20944     -0.628319    0.011511
0.418879     -0.628319    0.0113232
0.628319     -0.628319    0.00349223
0.837758     -0.628319    0.00110967
1.0472     -0.628319    0.00095423
1.25664     -0.628319    0.00194899
1.46608     -0.628319    0.00145652
1.67552     -0.628319    0.00478144
1.88496     -0.628319    0.00190667
2.0944     -0.628319    0.000713952
2.30383     -0.628319    0.0012442
2.51327     -0.628319    0.00172958
2.72271     -0.628319    0.000288229
2.93215     -0.628319    0.00435536
3.14159     -0.628319    0.00225579

-3.14159     -0.418879    0.00212513
-2.93215     -0.418879    0.00313531
-2.72271     -0.418879    0.00177658
-2.51327     -0.418879    0.00141584
-2.30383     -0.418879    0.00365075
-2.0944     -0.418879    0.00249405
-1.88496     -0.418879    0.000754412
-1.67552     -0.418879    0.00584842
-1.46608     -0.418879    0.0037129
-1.25664     -0.418879    0.00137943
-1.0472     -0.418879    0.00105523
-0.837758     -0.418879    0.00162299
-0.628319     -0.418879    0.00390435
-0.418879     -0.418879    0.0120433
-0.20944     -0.418879    0.0130597
0     -0.418879    0.019346
0.20944     -0.418879    0.0130218
0.418879     -0.418879    0.012103
0.628319     -0.418879    0.00388792
0.837758     -0.418879    0.00160922
1.0472     -0.418879    0.00110648
1.25664     -0.418879    0.00131777
1.46608     -0.418879    0.00377938
1.67552     -0.418879    0.00584092
1.88496     -0.418879    0.000752041
2.0944     -0.418879    0.00252346
2.30383     -0.418879    0.00366432
2.51327     -0.418879    0.00137224
2.72271     -0.418879    0.00181712
2.93215     -0.418879    0.00311549
3.14159     -0.418879    0.0020589

-3.14159     -0.20944    0.00142926
-2.93215     -0.20944    0.00337875
-2.72271     -0.20944    0.00430968
-2.51327     -0.20944    0.00420923
-2.30383     -0.20944    0.00229354
-2.0944     -0.20944    0.0035516
-1.88496     -0.20944    0.00204897
-1.67552     -0.20944    0.00198435
-1.46608     -0.20944    0.00376541
-1.25664     -0.20944    0.00401801
-1.0472     -0.20944    0.00200751
-0.837758     -0.20944    0.00465927
-0.628319     -0.20944    0.00811424
-0.418879     -0.20944    0.012875
-0.20944     -0.20944    0.0181262
0     -0.20944    0.0201333
0.20944     -0.20944    0.018105
0.418879     -0.20944    0.0128896
0.628319     -0.20944    0.0079978
0.837758     -0.20944    0.00466394
1.0472     -0.20944    0.00199517
1.25664     -0.20944    0.00408042
1.46608     -0.20944    0.00371034
1.67552     -0.20944    0.00194298
1.88496     -0.20944    0.00203448
2.0944     -0.20944    0.00353194
2.30383     -0.20944    0.0022609
2.51327     -0.20944    0.00420291
2.72271     -0.20944    0.00421296
2.93215     -0.20944    0.00337231
3.14159     -0.20944    0.00145856

-3.14159     0    0.0032269
-2.93215     0    0.000397519
-2.72271     0    0.00375435
-2.51327     0    0.00367871
-2.30383     0    0.00403749
-2.0944     0    0.000252704
-1.88496     0    0.00137888
-1.67552     0    0.00851926
-1.46608     0    0.000748687
-1.25664     0    0.00244312
-1.0472     0    0.000271993
-0.837758     0    0.00807661
-0.628319     0    0.014939
-0.418879     0    0.0132356
-0.20944     0    0.026498
0     0    2.5594e-15
0.20944     0    0.026498
0.418879     0    0.0132356
0.628319     0    0.014939
0.837758     0    0.00807661
1.0472     0    0.000271993
1.25664     0    0.00244312
1.46608     0    0.000748687
1.67552     0    0.00851926
1.88496     0    0.00137888
2.0944     0    0.000252704
2.30383     0    0.00403749
2.51327     0    0.00367871
2.72271     0    0.00375435
2.93215     0    0.000397519
3.14159     0    0.0032269

-3.14159     0.20944    0.00145856
-2.93215     0.20944    0.00337231
-2.72271     0.20944    0.00421296
-2.51327     0.20944    0.00420291
-2.30383     0.20944    0.0022609
-2.0944     0.20944    0.00353194
-1.88496     0.20944    0.00203448
-1.67552     0.20944    0.00194298
-1.46608     0.20944    0.00371034
-1.25664     0.20944    0.00408042
-1.0472     0.20944    0.00199517
-0.837758     0.20944    0.00466394
-0.628319     0.20944    0.0079978
-0.418879     0.20944    0.0128896
-0.20944     0.20944    0.018105
0     0.20944    0.0201333
0.20944     0.20944    0.0181262
0.418879     0.20944    0.012875
0.628319     0.20944    0.00811424
0.837758     0.20944    0.00465927
1.0472     0.20944    0.00200751
1.25664     0.20944    0.00401801
1.46608     0.20944    0.00376541
1.67552     0.20944    0.00198435
1.88496     0.20944    0.00204897
2.0944     0.20944    0.0035516
2.30383     0.20944    0.00229354
2.51327     0.20944    0.00420923
2.72271     0.20944    0.00430968
2.93215     0.20944    0.00337875
3.14159     0.20944    0.00142926

-3.14159     0.418879    0.0020589
-2.93215     0.418879    0.00311549
-2.72271     0.418879    0.00181712
-2.51327     0.418879    0.00137224
-2.30383     0.418879    0.00366432
-2.0944     0.418879    0.00252346
-1.88496     0.418879    0.000752041
-1.67552     0.418879    0.00584092
-1.46608     0.418879    0.00377938
-1.25664     0.418879    0.00131777
-1.0472     0.418879    0.00110648
-0.837758     0.418879    0.00160922
-0.628319     0.418879    0.00388792
-0.418879     0.418879    0.012103
-0.20944     0.418879    0.0130218
0     0.418879    0.019346
0.20944     0.418879    0.0130597
0.418879     0.418879    0.0120433
0.628319     0.418879    0.00390435
0.837758     0.418879    0.00162299
1.0472     0.418879    0.00105523
1.25664     0.418879    0.00137943
1.46608     0.418879    0.0037129
1.67552     0.418879    0.00584842
1.88496     0.418879    0.000754412
2.0944     0.418879    0.00249405
2.30383     0.418879    0.00365075
2.51327     0.418879    0.00141584
2.72271     0.418879    0.00177658
2.93215     0.418879    0.00313531
3.14159     0.418879    0.00212513

-3.14159     0.628319    0.00225579
-2.93215     0.628319    0.00435536
-2.72271     0.628319    0.000288229
-2.51327     0.628319    0.00172958
-2.30383     0.628319    0.0012442
-2.0944     0.628319    0.000713952
-1.88496     0.628319    0.00190667
-1.67552     0.628319    0.00478144
-1.46608     0.628319    0.00145652
-1.25664     0.628319    0.00194899
-1.0472     0.628319    0.00095423
-0.837758     0.628319    0.00110967
-0.628319     0.628319    0.00349223
-0.418879     0.628319    0.0113232
-0.20944     0.628319    0.011511
0     0.628319    0.00456057
0.20944     0.628319    0.0114744
0.418879     0.628319    0.0112079
0.628319     0.628319    0.00355977
0.837758     0.628319    0.00116136
1.0472     0.628319    0.000953593
1.25664     0.628319    0.00200219
1.46608     0.628319    0.0014403
1.67552     0.628319    0.00482233
1.88496     0.628319    0.00190666
2.0944     0.628319    0.000682564
2.30383     0.628319    0.00129772
2.51327     0.628319    0.00167246
2.72271     0.628319    0.00023559
2.93215     0.628319    0.00436813
3.14159     0.628319    0.00230341

-3.14159     0.837758    0.00112971
-2.93215     0.837758    0.00293358
-2.72271     0.837758    0.00418055
-2.51327     0.837758    0.00166859
-2.30383     0.837758    0.000278554
-2.0944     0.837758    0.00214928
-1.88496     0.837758    0.00413291
-1.67552     0.837758    0.000556556
-1.46608     0.837758    0.00351679
-1.25664     0.837758    0.00112397
-1.0472     0.837758    0.00297096
-0.837758     0.837758    0.000970174
-0.628319     0.837758    0.00120776
-0.418879     0.837758    0.00269894
-0.20944     0.837758    0.0041766
0     0.837758    0.00455844
0.20944     0.837758    0.00412652
0.418879     0.837758    0.0026804
0.628319     0.837758    0.00116443
0.837758     0.837758    0.000920911
1.0472     0.837758    0.00308568
1.25664     0.837758    0.00105155
1.46608     0.837758    0.00353542
1.67552     0.837758    0.00058136
1.88496     0.837758    0.00414936
2.0944     0.837758    0.00215888
2.30383     0.837758    0.000257634
2.51327     0.837758    0.00161628
2.72271     0.837758    0.00425585
2.93215     0.837758    0.00297071
3.14159     0.837758    0.00106083

-3.14159     1.0472    0.00182242
-2.93215     1.0472    0.00337931
-2.72271     1.0472    0.00361787
-2.51327     1.0472    0.000742882
-2.30383     1.0472    0.000468915
-2.0944     1.0472    0.000686845
-1.88496     1.0472    0.0018066
-1.67552     1.0472    0.00233115
-1.46608     1.0472    0.0025187
-1.25664     1.0472    0.00286581
-1.0472     1.0472    0.00434855
-0.837758     1.0472    0.00555771
-0.628319     1.0472    0.00156336
-0.418879     1.0472    0.000807193
-0.20944     1.0472    0.000618452
0     1.0472    0.00183085
0.20944     1.0472    0.000589009
0.418879     1.0472    0.000764439
0.628319     1.0472    0.00159184
0.837758     1.0472    0.00552994
1.0472     1.0472    0.0043166
1.25664     1.0472    0.00288534
1.46608     1.0472    0.00251327
1.67552     1.0472    0.00230109
1.88496     1.0472    0.00180918
2.0944     1.0472    0.000742799
2.30383     1.0472    0.000451697
2.51327     1.0472    0.000710575
2.72271     1.0472    0.00365169
2.93215     1.0472    0.00345357
3.14159     1.0472    0.00190356

-3.14159     1.25664    0.0102283
-2.93215     1.25664    0.00447103
-2.72271     1.25664    0.000261015
-2.51327     1.25664    0.00190166
-2.30383     1.25664    0.00972992
-2.0944     1.25664    0.00184936
-1.88496     1.25664    0.00156443
-1.67552     1.25664    0.00369249
-1.46608     1.25664    0.0019757
-1.25664     1.25664    0.00631393
-1.0472     1.25664    0.00118546
-0.837758     1.25664    0.00175681
-0.628319     1.25664    0.00268172
-0.418879     1.25664    0.00465122
-0.20944     1.25664    0.00263345
0     1.25664    0.00128403
0.20944     1.25664    0.00267558
0.418879     1.25664    0.00464042
0.628319     1.25664    0.00266583
0.837758     1.25664    0.00174661
1.0472     1.25664    0.00125725
1.25664     1.25664    0.00627663
1.46608     1.25664    0.00199075
1.67552     1.25664    0.00366202
1.88496     1.25664    0.00153725
2.0944     1.25664    0.00187786
2.30383     1.25664    0.00976683
2.51327     1.25664    0.00189167
2.72271     1.25664    0.000239256
2.93215     1.25664    0.00444948
3.14159     1.25664    0.0101697

-3.14159     1.46608    0.0136988
-2.93215     1.46608    0.0113906
-2.72271     1.46608    0.0121152
-2.51327     1.46608    0.00828316
-2.30383     1.46608    0.00578205
-2.0944     1.46608    0.00179358
-1.88496     1.46608    0.000745749
-1.67552     1.46608    0.000581785
-1.46608     1.46608    0.000338302
-1.25664     1.46608    0.000959063
-1.0472     1.46608    0.000111524
-0.837758     1.46608    0.00816441
-0.628319     1.46608    0.000666322
-0.418879     1.46608    0.00469635
-0.20944     1.46608    0.000691053
0     1.46608    0.000564403
0.20944     1.46608    0.000661561
0.418879     1.46608    0.00467905
0.628319     1.46608    0.000704148
0.837758     1.46608    0.00820094
1.0472     1.46608    9.00511e-05
1.25664     1.46608    0.000985383
1.46608     1.46608    0.000383191
1.67552     1.46608    0.00051918
1.88496     1.46608    0.000755469
2.0944     1.46608    0.00175404
2.30383     1.46608    0.00578542
2.51327     1.46608    0.00820682
2.72271     1.46608    0.0120935
2.93215     1.46608    0.0113643
3.14159     1.46608    0.0137392

-3.14159     1.67552    0.0169906
-2.93215     1.67552    0.0101114
-2.72271     1.67552    0.0132539
-2.51327     1.67552    0.00412747
-2.30383     1.67552    0.000472702
-2.0944     1.67552    0.000768799
-1.88496     1.67552    0.000486662
-1.67552     1.67552    0.00124944
-1.46608     1.67552    0.00290919
-1.25664     1.67552    0.00375194
-1.0472     1.67552    0.00182569
-0.837758     1.67552    0.0011415
-0.628319     1.67552    0.00077267
-0.418879     1.67552    0.00640593
-0.20944     1.67552    0.00218945
0     1.67552    0.00359651
0.20944     1.67552    0.00223299
0.418879     1.67552    0.00643268
0.628319     1.67552    0.00077656
0.837758     1.67552    0.00112045
1.0472     1.67552    0.00184986
1.25664     1.67552    0.00377463
1.46608     1.67552    0.00286477
1.67552     1.67552    0.00130691
1.88496     1.67552    0.000513386
2.0944     1.67552    0.000812305
2.30383     1.67552    0.000441176
2.51327     1.67552    0.00410311
2.72271     1.67552    0.0131756
2.93215     1.67552    0.0101308
3.14159     1.67552    0.0170794

-3.14159     1.88496    0.0181998
-2.93215     1.88496    0.0124613
-2.72271     1.88496    0.011648
-2.51327     1.88496    0.00248523
-2.30383     1.88496    0.00334448
-2.0944     1.88496    0.00493448
-1.88496     1.88496    0.00185655
-1.67552     1.88496    0.000558751
-1.46608     1.88496    0.00309839
-1.25664     1.88496    0.000962019
-1.0472     1.88496    0.00105405
-0.837758     1.88496    0.00393418
-0.628319     1.88496    0.000951695
-0.418879     1.88496    0.00288859
-0.20944     1.88496    0.00271492
0     1.88496    0.00155926
0.20944     1.88496    0.00272108
0.418879     1.88496    0.00292872
0.628319     1.88496    0.000952175
0.837758     1.88496    0.00396746
1.0472     1.88496    0.00101373
1.25664     1.88496    0.00087653
1.46608     1.88496    0.00313272
1.67552     1.88496    0.000528018
1.88496     1.88496    0.00188691
2.0944     1.88496    0.00496978
2.30383     1.88496    0.00332526
2.51327     1.88496    0.00248409
2.72271     1.88496    0.0117069
2.93215     1.88496    0.0123567
3.14159     1.88496    0.0182675

-3.14159     2.0944    0.0143593
-2.93215     2.0944    0.0193369
-2.72271     2.0944    0.0110306
-2.51327     2.0944    0.00561915
-2.30383     2.0944    0.00102546
-2.0944     2.0944    0.00187485
-1.88496     2.0944    0.0011462
-1.67552     2.0944    0.00161761
-1.46608     2.0944    0.0053737
-1.25664     2.0944    0.00476751
-1.0472     2.0944    0.00151856
-0.837758     2.0944    0.00508431
-0.628319     2.0944    0.00101581
-0.418879     2.0944    0.000390088
-0.20944     2.0944    0.00406443
0     2.0944    0.00274147
0.20944     2.0944    0.0040593
0.418879     2.0944    0.000401912
0.628319     2.0944    0.00102521
0.837758     2.0944    0.00505176
1.0472     2.0944    0.001496
1.25664     2.0944    0.00472197
1.46608     2.0944    0.00531898
1.67552     2.0944    0.00167294
1.88496     2.0944    0.00119773
2.0944     2.0944    0.00189471
2.30383     2.0944    0.00101867
2.51327     2.0944    0.00563069
2.72271     2.0944    0.0109364
2.93215     2.0944    0.0194883
3.14159     2.0944    0.0144434

-3.14159     2.30383    0.0120529
-2.93215     2.30383    0.0082894
-2.72271     2.30383    0.00261909
-2.51327     2.30383    0.000731207
-2.30383     2.30383    0.00113242
-2.0944     2.30383    0.00559129
-1.88496     2.30383    0.00271532
-1.67552     2.30383    0.0041002
-1.46608     2.30383    0.00388719
-1.25664     2.30383    0.00259826
-1.0472     2.30383    0.00413594
-0.837758     2.30383    0.0018167
-0.628319     2.30383    0.00129854
-0.418879     2.30383    0.00110903
-0.20944     2.30383    0.00153176
0     2.30383    0.002298
0.20944     2.30383    0.00149764
0.418879     2.30383    0.00112346
0.628319     2.30383    0.00127823
0.837758     2.30383    0.0018871
1.0472     2.30383    0.00412356
1.25664     2.30383    0.00255476
1.46608     2.30383    0.00396071
1.67552     2.30383    0.00410526
1.88496     2.30383    0.00274996
2.0944     2.30383    0.00559682
2.30383     2.30383    0.00108243
2.51327     2.30383    0.000685347
2.72271     2.30383    0.00233249
2.93215     2.30383    0.00827639
3.14159     2.30383    0.0119965

-3.14159     2.51327    0.00437406
-2.93215     2.51327    0.00113672
-2.72271     2.51327    0.00433202
-2.51327     2.51327    0.000425112
-2.30383     2.51327    0.00323843
-2.0944     2.51327    0.000285715
-1.88496     2.51327    0.00166576
-1.67552     2.51327    0.00285482
-1.46608     2.51327    0.000405412
-1.25664     2.51327    0.00559267
-1.0472     2.51327    0.00294848
-0.837758     2.51327    0.000812169
-0.628319     2.51327    0.00146265
-0.418879     2.51327    0.000517795
-0.20944     2.51327    0.00183431
0     2.51327    0.00619633
0.20944     2.51327    0.00181153
0.418879     2.51327    0.000494567
0.628319     2.51327    0.00144089
0.837758     2.51327    0.000874394
1.0472     2.51327    0.00295202
1.25664     2.51327    0.00559336
1.46608     2.51327    0.000472436
1.67552     2.51327    0.00278163
1.88496     2.51327    0.00157883
2.0944     2.51327    0.000217998
2.30383     2.51327    0.00322735
2.51327     2.51327    0.00051769
2.72271     2.51327    0.00428448
2.93215     2.51327    0.000972459
3.14159     2.51327    0.00440752

-3.14159     2.72271    0.000858213
-2.93215     2.72271    0.00158029
-2.72271     2.72271    0.00334029
-2.51327     2.72271    0.00985537
-2.30383     2.72271    0.00109929
-2.0944     2.72271    0.000279586
-1.88496     2.72271    0.00180378
-1.67552     2.72271    0.00304465
-1.46608     2.72271    0.00197751
-1.25664     2.72271    0.0023582
-1.0472     2.72271    0.00222764
-0.837758     2.72271    0.00194105
-0.628319     2.72271    0.00427359
-0.418879     2.72271    0.00188328
-0.20944     2.72271    0.00151989
0     2.72271    0.00988088
0.20944     2.72271    0.00149469
0.418879     2.72271    0.00193036
0.628319     2.72271    0.00430051
0.837758     2.72271    0.00198846
1.0472     2.72271    0.00221896
1.25664     2.72271    0.0023355
1.46608     2.72271    0.00191183
1.67552     2.72271    0.00296725
1.88496     2.72271    0.00186753
2.0944     2.72271    0.000218282
2.30383     2.72271    0.00112082
2.51327     2.72271    0.00988988
2.72271     2.72271    0.00337299
2.93215     2.72271    0.00148649
3.14159     2.72271    0.00075963

-3.14159     2.93215    0.00174218
-2.93215     2.93215    0.00311744
-2.72271     2.93215    0.0039104
-2.51327     2.93215    0.00959897
-2.30383     2.93215    0.00338561
-2.0944     2.93215    0.000892648
-1.88496     2.93215    0.000574084
-1.67552     2.93215    0.00261874
-1.46608     2.93215    0.00218686
-1.25664     2.93215    0.00194099
-1.0472     2.93215    0.0032076
-0.837758     2.93215    0.00508185
-0.628319     2.93215    0.00286636
-0.418879     2.93215    0.00208536
-0.20944     2.93215    0.00124624
0     2.93215    0.00880623
0.20944     2.93215    0.00125268
0.418879     2.93215    0.00211361
0.628319     2.93215    0.00290427
0.837758     2.93215    0.00504516
1.0472     2.93215    0.00321501
1.25664     2.93215    0.00188234
1.46608     2.93215    0.00216429
1.67552     2.93215    0.00257846
1.88496     2.93215    0.000626927
2.0944     2.93215    0.000907324
2.30383     2.93215    0.00334908
2.51327     2.93215    0.00961478
2.72271     2.93215    0.00397316
2.93215     2.93215    0.00320513
3.14159     2.93215    0.00175751

-3.14159     3.14159    0.00254225
-2.93215     3.14159    0.000295679
-2.72271     3.14159    0.00277378
-2.51327     3.14159    0.00254763
-2.30383     3.14159    0.000124884
-2.0944     3.14159    0.00282993
-1.88496     3.14159    0.00247436
-1.67552     3.14159    0.000803706
-1.46608     3.14159    0.0015238
-1.25664     3.14159    0.000149843
-1.0472     3.14159    0.00209327
-0.837758     3.14159    0.0010896
-0.628319     3.14159    0.00194222
-0.418879     3.14159    0.00383732
-0.20944     3.14159    0.00747367
0     3.14159    0.0149381
0.20944     3.14159    0.00752623
0.418879     3.14159    0.00380763
0.628319     3.14159    0.00184345
0.837758     3.14159    0.00108893
1.0472     3.14159    0.00212178
1.25664     3.14159    0.000237972
1.46608     3.14159    0.00151484
1.67552     3.14159    0.000792221
1.88496     3.14159    0.00254828
2.0944     3.14159    0.00287713
2.30383     3.14159    0.000146016
2.51327     3.14159    0.00260414
2.72271     3.14159    0.00282174
2.93215     3.14159    0.000328321
3.14159     3.14159    0.0026192

