-3.14159     -3.14159    0.00185174
-2.93215     -3.14159    0.00421811
-2.72271     -3.14159    0.00748306
-2.51327     -3.14159    0.00772491
-2.30383     -3.14159    0.00335767
-2.0944     -3.14159    2.05344e-05
-1.88496     -3.14159    0.00458429
-1.67552     -3.14159    0.00152811
-1.46608     -3.14159    0.00126786
-1.25664     -3.14159    0.00412197
-1.0472     -3.14159    0.00177608
-0.837758     -3.14159    0.00115215
-0.628319     -3.14159    0.00834617
-0.418879     -3.14159    0.00596505
-0.20944     -3.14159    0.0109518
0     -3.14159    0.0228334
0.20944     -3.14159    0.0111911
0.418879     -3.14159    0.00597185
0.628319     -3.14159    0.00814931
0.837758     -3.14159    0.00115812
1.0472     -3.14159    0.00175998
1.25664     -3.14159    0.00418093
1.46608     -3.14159    0.00126248
1.67552     -3.14159    0.00157006
1.88496     -3.14159    0.00463984
2.0944     -3.14159    6.78713e-05
2.30383     -3.14159    0.00339672
2.51327     -3.14159    0.00773995
2.72271     -3.14159    0.00752888
2.93215     -3.14159    0.00428739
3.14159     -3.14159    0.00187673

-3.14159     -2.93215    0.00240242
-2.93215     -2.93215    0.000421654
-2.72271     -2.93215    0.0012706
-2.51327     -2.93215    0.00443143
-2.30383     -2.93215    0.00888522
-2.0944     -2.93215    0.00150719
-1.88496     -2.93215    0.000836774
-1.67552     -2.93215    0.00261685
-1.46608     -2.93215    0.0011993
-1.25664     -2.93215    0.000533195
-1.0472     -2.93215    0.00263398
-0.837758     -2.93215    0.0028923
-0.628319     -2.93215    0.00653261
-0.418879     -2.93215    0.00193424
-0.20944     -2.93215    0.000268722
0     -2.93215    0.0136004
0.20944     -2.93215    0.000374794
0.418879     -2.93215    0.00195992
0.628319     -2.93215    0.00657824
0.837758     -2.93215    0.00282622
1.0472     -2.93215    0.00265042
1.25664     -2.93215    0.000554234
1.46608     -2.93215    0.00119932
1.67552     -2.93215    0.00254618
1.88496     -2.93215    0.00085177
2.0944     -2.93215    0.00149609
2.30383     -2.93215    0.00886183
2.51327     -2.93215    0.00432074
2.72271     -2.93215    0.00123829
2.93215     -2.93215    0.00039566
3.14159     -2.93215    0.00240639

-3.14159     -2.72271    0.00307575
-2.93215     -2.72271    0.00298941
-2.72271     -2.72271    0.00122653
-2.51327     -2.72271    0.00533758
-2.30383     -2.72271    0.00422492
-2.0944     -2.72271    0.00400854
-1.88496     -2.72271    0.00137848
-1.67552     -2.72271    0.000678954
-1.46608     -2.72271    0.000424063
-1.25664     -2.72271    0.000789158
-1.0472     -2.72271    0.00217839
-0.837758     -2.72271    0.0023921
-0.628319     -2.72271    0.00688243
-0.418879     -2.72271    0.00279627
-0.20944     -2.72271    0.00118288
0     -2.72271    0.00833584
0.20944     -2.72271    0.00124302
0.418879     -2.72271    0.00280961
0.628319     -2.72271    0.00691351
0.837758     -2.72271    0.0023317
1.0472     -2.72271    0.00217433
1.25664     -2.72271    0.000826519
1.46608     -2.72271    0.000434372
1.67552     -2.72271    0.000634036
1.88496     -2.72271    0.00143292
2.0944     -2.72271    0.00407444
2.30383     -2.72271    0.00420718
2.51327     -2.72271    0.00544669
2.72271     -2.72271    0.00121171
2.93215     -2.72271    0.00310629
3.14159     -2.72271    0.00314571

-3.14159     -2.51327    0.0123903
-2.93215     -2.51327    0.00961279
-2.72271     -2.51327    0.0119577
-2.51327     -2.51327    0.00499455
-2.30383     -2.51327    0.000285286
-2.0944     -2.51327    0.000882749
-1.88496     -2.51327    0.00103309
-1.67552     -2.51327    0.000631529
-1.46608     -2.51327    0.00171542
-1.25664     -2.51327    0.00518201
-1.0472     -2.51327    0.00176432
-0.837758     -2.51327    0.00247603
-0.628319     -2.51327    0.00234469
-0.418879     -2.51327    0.00233425
-0.20944     -2.51327    0.00369066
0     -2.51327    0.00487894
0.20944     -2.51327    0.00363473
0.418879     -2.51327    0.00235569
0.628319     -2.51327    0.00231741
0.837758     -2.51327    0.00259738
1.0472     -2.51327    0.00174534
1.25664     -2.51327    0.00518588
1.46608     -2.51327    0.00169179
1.67552     -2.51327    0.000604092
1.88496     -2.51327    0.00104805
2.0944     -2.51327    0.000950469
2.30383     -2.51327    0.000284031
2.51327     -2.51327    0.0049455
2.72271     -2.51327    0.0118938
2.93215     -2.51327    0.00919377
3.14159     -2.51327    0.0123711

-3.14159     -2.30383    0.019914
-2.93215     -2.30383    0.0210592
-2.72271     -2.30383    0.013077
-2.51327     -2.30383    0.00650449
-2.30383     -2.30383    0.00108588
-2.0944     -2.30383    0.00602886
-1.88496     -2.30383    0.000985102
-1.67552     -2.30383    0.000664721
-1.46608     -2.30383    0.00436686
-1.25664     -2.30383    0.00154739
-1.0472     -2.30383    0.00249054
-0.837758     -2.30383    0.00477971
-0.628319     -2.30383    0.00103469
-0.418879     -2.30383    0.000926139
-0.20944     -2.30383    0.00142341
0     -2.30383    0.0036739
0.20944     -2.30383    0.00142266
0.418879     -2.30383    0.000973086
0.628319     -2.30383    0.00101857
0.837758     -2.30383    0.00481011
1.0472     -2.30383    0.00249855
1.25664     -2.30383    0.00150717
1.46608     -2.30383    0.00438697
1.67552     -2.30383    0.000662523
1.88496     -2.30383    0.000963833
2.0944     -2.30383    0.00600034
2.30383     -2.30383    0.00111062
2.51327     -2.30383    0.0066122
2.72271     -2.30383    0.0128264
2.93215     -2.30383    0.0209281
3.14159     -2.30383    0.0199052

-3.14159     -2.0944    0.0219938
-2.93215     -2.0944    0.0326367
-2.72271     -2.0944    0.0194544
-2.51327     -2.0944    0.0124264
-2.30383     -2.0944    0.00593169
-2.0944     -2.0944    0.00181156
-1.88496     -2.0944    0.00293716
-1.67552     -2.0944    0.00292408
-1.46608     -2.0944    0.000695528
-1.25664     -2.0944    0.00104624
-1.0472     -2.0944    0.00265007
-0.837758     -2.0944    0.00927662
-0.628319     -2.0944    0.00186576
-0.418879     -2.0944    0.000597978
-0.20944     -2.0944    0.00429899
0     -2.0944    0.00248673
0.20944     -2.0944    0.00434987
0.418879     -2.0944    0.000621337
0.628319     -2.0944    0.00185488
0.837758     -2.0944    0.00924622
1.0472     -2.0944    0.00268978
1.25664     -2.0944    0.00101728
1.46608     -2.0944    0.000765896
1.67552     -2.0944    0.00286529
1.88496     -2.0944    0.00291524
2.0944     -2.0944    0.00180074
2.30383     -2.0944    0.00591511
2.51327     -2.0944    0.0124671
2.72271     -2.0944    0.0195557
2.93215     -2.0944    0.0329308
3.14159     -2.0944    0.0222918

-3.14159     -1.88496    0.0264042
-2.93215     -1.88496    0.0185097
-2.72271     -1.88496    0.0172318
-2.51327     -1.88496    0.00330746
-2.30383     -1.88496    0.00456806
-2.0944     -1.88496    0.00702502
-1.88496     -1.88496    0.00368532
-1.67552     -1.88496    0.00165303
-1.46608     -1.88496    0.00871143
-1.25664     -1.88496    0.00402733
-1.0472     -1.88496    0.000178979
-0.837758     -1.88496    0.00789306
-0.628319     -1.88496    0.00040321
-0.418879     -1.88496    0.0034904
-0.20944     -1.88496    0.00245707
0     -1.88496    0.00279148
0.20944     -1.88496    0.00243802
0.418879     -1.88496    0.0035078
0.628319     -1.88496    0.000413917
0.837758     -1.88496    0.00790884
1.0472     -1.88496    0.000214936
1.25664     -1.88496    0.00399056
1.46608     -1.88496    0.00872011
1.67552     -1.88496    0.0015889
1.88496     -1.88496    0.00369989
2.0944     -1.88496    0.00704134
2.30383     -1.88496    0.00454709
2.51327     -1.88496    0.00328518
2.72271     -1.88496    0.0174764
2.93215     -1.88496    0.0183474
3.14159     -1.88496    0.0266591

-3.14159     -1.67552    0.025041
-2.93215     -1.67552    0.0159528
-2.72271     -1.67552    0.0210503
-2.51327     -1.67552    0.00478919
-2.30383     -1.67552    0.00186214
-2.0944     -1.67552    0.00270623
-1.88496     -1.67552    0.00154177
-1.67552     -1.67552    0.000952492
-1.46608     -1.67552    0.0047176
-1.25664     -1.67552    0.00735913
-1.0472     -1.67552    0.00711855
-0.837758     -1.67552    0.00748644
-0.628319     -1.67552    0.00141059
-0.418879     -1.67552    0.0078795
-0.20944     -1.67552    0.00314744
0     -1.67552    0.0020655
0.20944     -1.67552    0.00317223
0.418879     -1.67552    0.00785259
0.628319     -1.67552    0.00144234
0.837758     -1.67552    0.0074682
1.0472     -1.67552    0.00707363
1.25664     -1.67552    0.00738062
1.46608     -1.67552    0.00468405
1.67552     -1.67552    0.000996932
1.88496     -1.67552    0.00154191
2.0944     -1.67552    0.00273972
2.30383     -1.67552    0.00182805
2.51327     -1.67552    0.00476122
2.72271     -1.67552    0.0211749
2.93215     -1.67552    0.015907
3.14159     -1.67552    0.0253372

-3.14159     -1.46608    0.0212469
-2.93215     -1.46608    0.0178088
-2.72271     -1.46608    0.0172315
-2.51327     -1.46608    0.0120025
-2.30383     -1.46608    0.00399148
-2.0944     -1.46608    0.00388585
-1.88496     -1.46608    0.00213079
-1.67552     -1.46608    0.000253415
-1.46608     -1.46608    0.000744407
-1.25664     -1.46608    0.000518939
-1.0472     -1.46608    0.00508216
-0.837758     -1.46608    0.00379503
-0.628319     -1.46608    0.0026106
-0.418879     -1.46608    0.0076729
-0.20944     -1.46608    0.00320646
0     -1.46608    0.000823346
0.20944     -1.46608    0.00315394
0.418879     -1.46608    0.00766715
0.628319     -1.46608    0.00259224
0.837758     -1.46608    0.0036843
1.0472     -1.46608    0.00501293
1.25664     -1.46608    0.000531347
1.46608     -1.46608    0.000788082
1.67552     -1.46608    0.000269665
1.88496     -1.46608    0.00216763
2.0944     -1.46608    0.00388697
2.30383     -1.46608    0.00402696
2.51327     -1.46608    0.0118991
2.72271     -1.46608    0.0173136
2.93215     -1.46608    0.0177672
3.14159     -1.46608    0.0214646

-3.14159     -1.25664    0.018362
-2.93215     -1.25664    0.0067705
-2.72271     -1.25664    0.00103901
-2.51327     -1.25664    0.00137701
-2.30383     -1.25664    0.00791373
-2.0944     -1.25664    0.000787786
-1.88496     -1.25664    0.000297088
-1.67552     -1.25664    0.00357213
-1.46608     -1.25664    0.00254923
-1.25664     -1.25664    0.00643202
-1.0472     -1.25664    0.00304174
-0.837758     -1.25664    0.00155965
-0.628319     -1.25664    0.00627493
-0.418879     -1.25664    0.00684341
-0.20944     -1.25664    0.000771236
0     -1.25664    0.00180825
0.20944     -1.25664    0.000726335
0.418879     -1.25664    0.00690952
0.628319     -1.25664    0.00634735
0.837758     -1.25664    0.00156204
1.0472     -1.25664    0.00308611
1.25664     -1.25664    0.00639941
1.46608     -1.25664    0.00257443
1.67552     -1.25664    0.00354286
1.88496     -1.25664    0.000339525
2.0944     -1.25664    0.000783842
2.30383     -1.25664    0.00797642
2.51327     -1.25664    0.00136609
2.72271     -1.25664    0.00108398
2.93215     -1.25664    0.00676922
3.14159     -1.25664    0.0182972

-3.14159     -1.0472    0.00906097
-2.93215     -1.0472    0.00747237
-2.72271     -1.0472    0.00411319
-2.51327     -1.0472    0.000757293
-2.30383     -1.0472    0.00315299
-2.0944     -1.0472    5.64405e-05
-1.88496     -1.0472    0.000304052
-1.67552     -1.0472    0.00375408
-1.46608     -1.0472    0.00170598
-1.25664     -1.0472    0.00666199
-1.0472     -1.0472    0.00769129
-0.837758     -1.0472    0.00871195
-0.628319     -1.0472    0.00771554
-0.418879     -1.0472    0.00240919
-0.20944     -1.0472    0.00140578
0     -1.0472    0.00285884
0.20944     -1.0472    0.00140928
0.418879     -1.0472    0.00246958
0.628319     -1.0472    0.00775838
0.837758     -1.0472    0.00864056
1.0472     -1.0472    0.00767471
1.25664     -1.0472    0.00665758
1.46608     -1.0472    0.00168629
1.67552     -1.0472    0.00373748
1.88496     -1.0472    0.000292472
2.0944     -1.0472    3.82419e-05
2.30383     -1.0472    0.00314068
2.51327     -1.0472    0.00074394
2.72271     -1.0472    0.00413571
2.93215     -1.0472    0.00757225
3.14159     -1.0472    0.00909311

-3.14159     -0.837758    0.000928857
-2.93215     -0.837758    0.000965809
-2.72271     -0.837758    0.0071313
-2.51327     -0.837758    0.0044202
-2.30383     -0.837758    0.00157721
-2.0944     -0.837758    0.002064
-1.88496     -0.837758    0.00456647
-1.67552     -0.837758    0.000512769
-1.46608     -0.837758    0.00226314
-1.25664     -0.837758    0.00162945
-1.0472     -0.837758    0.00014907
-0.837758     -0.837758    0.0013658
-0.628319     -0.837758    0.00286349
-0.418879     -0.837758    0.00863837
-0.20944     -0.837758    0.00695871
0     -0.837758    0.0132478
0.20944     -0.837758    0.00693953
0.418879     -0.837758    0.00853113
0.628319     -0.837758    0.00290586
0.837758     -0.837758    0.00139365
1.0472     -0.837758    0.000195081
1.25664     -0.837758    0.00158723
1.46608     -0.837758    0.0022498
1.67552     -0.837758    0.000515537
1.88496     -0.837758    0.00455454
2.0944     -0.837758    0.00209263
2.30383     -0.837758    0.00154118
2.51327     -0.837758    0.00436101
2.72271     -0.837758    0.00717201
2.93215     -0.837758    0.000904449
3.14159     -0.837758    0.000979294

-3.14159     -0.628319    0.00311859
-2.93215     -0.628319    0.00211685
-2.72271     -0.628319    0.00330743
-2.51327     -0.628319    0.00166191
-2.30383     -0.628319    0.000737968
-2.0944     -0.628319    0.00159721
-1.88496     -0.628319    0.00269239
-1.67552     -0.628319    0.00502584
-1.46608     -0.628319    0.0038863
-1.25664     -0.628319    0.000561647
-1.0472     -0.628319    0.00103227
-0.837758     -0.628319    0.00244654
-0.628319     -0.628319    0.00574864
-0.418879     -0.628319    0.0169167
-0.20944     -0.628319    0.0158619
0     -0.628319    0.0106066
0.20944     -0.628319    0.0157791
0.418879     -0.628319    0.0167069
0.628319     -0.628319    0.00581871
0.837758     -0.628319    0.00245091
1.0472     -0.628319    0.00102569
1.25664     -0.628319    0.000563414
1.46608     -0.628319    0.00388718
1.67552     -0.628319    0.00505156
1.88496     -0.628319    0.00266875
2.0944     -0.628319    0.00159801
2.30383     -0.628319    0.000772149
2.51327     -0.628319    0.00167413
2.72271     -0.628319    0.00332172
2.93215     -0.628319    0.00207743
3.14159     -0.628319    0.0031366

-3.14159     -0.418879    0.000309872
-2.93215     -0.418879    0.00121873
-2.72271     -0.418879    0.00318474
-2.51327     -0.418879    0.00265473
-2.30383     -0.418879    0.0071611
-2.0944     -0.418879    0.0045192
-1.88496     -0.418879    0.000345798
-1.67552     -0.418879    0.00736653
-1.46608     -0.418879    0.00707765
-1.25664     -0.418879    0.00128415
-1.0472     -0.418879    0.00116885
-0.837758     -0.418879    0.00339205
-0.628319     -0.418879    0.0125823
-0.418879     -0.418879    0.016134
-0.20944     -0.418879    0.0187004
0     -0.418879    0.0256966
0.20944     -0.418879    0.0185942
0.418879     -0.418879    0.0159689
0.628319     -0.418879    0.0126252
0.837758     -0.418879    0.00340481
1.0472     -0.418879    0.00115699
1.25664     -0.418879    0.0012784
1.46608     -0.418879    0.00704243
1.67552     -0.418879    0.0074093
1.88496     -0.418879    0.00033733
2.0944     -0.418879    0.00451245
2.30383     -0.418879    0.00715958
2.51327     -0.418879    0.00258687
2.72271     -0.418879    0.0031803
2.93215     -0.418879    0.00119645
3.14159     -0.418879    0.00032844

-3.14159     -0.20944    0.00160082
-2.93215     -0.20944    0.00154719
-2.72271     -0.20944    0.00246734
-2.51327     -0.20944    0.00216174
-2.30383     -0.20944    0.00623833
-2.0944     -0.20944    0.00715568
-1.88496     -0.20944    0.00521844
-1.67552     -0.20944    0.000856699
-1.46608     -0.20944    0.00653376
-1.25664     -0.20944    0.00665685
-1.0472     -0.20944    0.00105633
-0.837758     -0.20944    0.00796873
-0.628319     -0.20944    0.0153631
-0.418879     -0.20944    0.0179566
-0.20944     -0.20944    0.026132
0     -0.20944    0.0284566
0.20944     -0.20944    0.0262638
0.418879     -0.20944    0.017666
0.628319     -0.20944    0.0157869
0.837758     -0.20944    0.00799173
1.0472     -0.20944    0.00111379
1.25664     -0.20944    0.00659357
1.46608     -0.20944    0.00660325
1.67552     -0.20944    0.000786974
1.88496     -0.20944    0.00523893
2.0944     -0.20944    0.00717842
2.30383     -0.20944    0.00626994
2.51327     -0.20944    0.00218863
2.72271     -0.20944    0.00250707
2.93215     -0.20944    0.00153268
3.14159     -0.20944    0.00163053

-3.14159     0    0.000878236
-2.93215     0    0.00128731
-2.72271     0    0.00521638
-2.51327     0    0.000396961
-2.30383     0    0.00146951
-2.0944     0    0.00198061
-1.88496     0    0.00951554
-1.67552     0    0.0040601
-1.46608     0    0.00321661
-1.25664     0    0.00827956
-1.0472     0    0.0046663
-0.837758     0    0.0142721
-0.628319     0    0.0170492
-0.418879     0    0.0193286
-0.20944     0    0.036347
0     0    3.54097e-15
0.20944     0    0.036347
0.418879     0    0.0193286
0.628319     0    0.0170492
0.837758     0    0.0142721
1.0472     0    0.0046663
1.25664     0    0.00827956
1.46608     0    0.00321661
1.67552     0    0.0040601
1.88496     0    0.00951554
2.0944     0    0.00198061
2.30383     0    0.00146951
2.51327     0    0.000396961
2.72271     0    0.00521638
2.93215     0    0.00128731
3.14159     0    0.000878236

-3.14159     0.20944    0.00163053
-2.93215     0.20944    0.00153268
-2.72271     0.20944    0.00250707
-2.51327     0.20944    0.00218863
-2.30383     0.20944    0.00626994
-2.0944     0.20944    0.00717842
-1.88496     0.20944    0.00523893
-1.67552     0.20944    0.000786974
-1.46608     0.20944    0.00660325
-1.25664     0.20944    0.00659357
-1.0472     0.20944    0.00111379
-0.837758     0.20944    0.00799173
-0.628319     0.20944    0.0157869
-0.418879     0.20944    0.017666
-0.20944     0.20944    0.0262638
0     0.20944    0.0284566
0.20944     0.20944    0.026132
0.418879     0.20944    0.0179566
0.628319     0.20944    0.0153631
0.837758     0.20944    0.00796873
1.0472     0.20944    0.00105633
1.25664     0.20944    0.00665685
1.46608     0.20944    0.00653376
1.67552     0.20944    0.000856699
1.88496     0.20944    0.00521844
2.0944     0.20944    0.00715568
2.30383     0.20944    0.00623833
2.51327     0.20944    0.00216174
2.72271     0.20944    0.00246734
2.93215     0.20944    0.00154719
3.14159     0.20944    0.00160082

-3.14159     0.418879    0.00032844
-2.93215     0.418879    0.00119645
-2.72271     0.418879    0.0031803
-2.51327     0.418879    0.00258687
-2.30383     0.418879    0.00715958
-2.0944     0.418879    0.00451245
-1.88496     0.418879    0.00033733
-1.67552     0.418879    0.0074093
-1.46608     0.418879    0.00704243
-1.25664     0.418879    0.0012784
-1.0472     0.418879    0.00115699
-0.837758     0.418879    0.00340481
-0.628319     0.418879    0.0126252
-0.418879     0.418879    0.0159689
-0.20944     0.418879    0.0185942
0     0.418879    0.0256966
0.20944     0.418879    0.0187004
0.418879     0.418879    0.016134
0.628319     0.418879    0.0125823
0.837758     0.418879    0.00339205
1.0472     0.418879    0.00116885
1.25664     0.418879    0.00128415
1.46608     0.418879    0.00707765
1.67552     0.418879    0.00736653
1.88496     0.418879    0.000345798
2.0944     0.418879    0.0045192
2.30383     0.418879    0.0071611
2.51327     0.418879    0.00265473
2.72271     0.418879    0.00318474
2.93215     0.418879    0.00121873
3.14159     0.418879    0.000309872

-3.14159     0.628319    0.0031366
-2.93215     0.628319    0.00207743
-2.72271     0.628319    0.00332172
-2.51327     0.628319    0.00167413
-2.30383     0.628319    0.000772149
-2.0944     0.628319    0.00159801
-1.88496     0.628319    0.00266875
-1.67552     0.628319    0.00505156
-1.46608     0.628319    0.00388718
-1.25664     0.628319    0.000563414
-1.0472     0.628319    0.00102569
-0.837758     0.628319    0.00245091
-0.628319     0.628319    0.00581871
-0.418879     0.628319    0.0167069
-0.20944     0.628319    0.0157791
0     0.628319    0.0106066
0.20944     0.628319    0.0158619
0.418879     0.628319    0.0169167
0.628319     0.628319    0.00574864
0.837758     0.628319    0.00244654
1.0472     0.628319    0.00103227
1.25664     0.628319    0.000561647
1.46608     0.628319    0.0038863
1.67552     0.628319    0.00502584
1.88496     0.628319    0.00269239
2.0944     0.628319    0.00159721
2.30383     0.628319    0.000737968
2.51327     0.628319    0.00166191
2.72271     0.628319    0.00330743
2.93215     0.628319    0.00211685
3.14159     0.628319    0.00311859

-3.14159     0.837758    0.000979294
-2.93215     0.837758    0.000904449
-2.72271     0.837758    0.00717201
-2.51327     0.837758    0.00436101
-2.30383     0.837758    0.00154118
-2.0944     0.837758    0.00209263
-1.88496     0.837758    0.00455454
-1.67552     0.837758    0.000515537
-1.46608     0.837758    0.0022498
-1.25664     0.837758    0.00158723
-1.0472     0.837758    0.000195081
-0.837758     0.837758    0.00139365
-0.628319     0.837758    0.00290586
-0.418879     0.837758    0.00853113
-0.20944     0.837758    0.00693953
0     0.837758    0.0132478
0.20944     0.837758    0.00695871
0.418879     0.837758    0.00863837
0.628319     0.837758    0.00286349
0.837758     0.837758    0.0013658
1.0472     0.837758    0.00014907
1.25664     0.837758    0.00162945
1.46608     0.837758    0.00226314
1.67552     0.837758    0.000512769
1.88496     0.837758    0.00456647
2.0944     0.837758    0.002064
2.30383     0.837758    0.00157721
2.51327     0.837758    0.0044202
2.72271     0.837758    0.0071313
2.93215     0.837758    0.000965809
3.14159     0.837758    0.000928857

-3.14159     1.0472    0.00909311
-2.93215     1.0472    0.00757225
-2.72271     1.0472    0.00413571
-2.51327     1.0472    0.00074394
-2.30383     1.0472    0.00314068
-2.0944     1.0472    3.82419e-05
-1.88496     1.0472    0.000292472
-1.67552     1.0472    0.00373748
-1.46608     1.0472    0.00168629
-1.25664     1.0472    0.00665758
-1.0472     1.0472    0.00767471
-0.837758     1.0472    0.00864056
-0.628319     1.0472    0.00775838
-0.418879     1.0472    0.00246958
-0.20944     1.0472    0.00140928
0     1.0472    0.00285884
0.20944     1.0472    0.00140578
0.418879     1.0472    0.00240919
0.628319     1.0472    0.00771554
0.837758     1.0472    0.00871195
1.0472     1.0472    0.00769129
1.25664     1.0472    0.00666199
1.46608     1.0472    0.00170598
1.67552     1.0472    0.00375408
1.88496     1.0472    0.000304052
2.0944     1.0472    5.64405e-05
2.30383     1.0472    0.00315299
2.51327     1.0472    0.000757293
2.72271     1.0472    0.00411319
2.93215     1.0472    0.00747237
3.14159     1.0472    0.00906097

-3.14159     1.25664    0.0182972
-2.93215     1.25664    0.00676922
-2.72271     1.25664    0.00108398
-2.51327     1.25664    0.00136609
-2.30383     1.25664    0.00797642
-2.0944     1.25664    0.000783842
-1.88496     1.25664    0.000339525
-1.67552     1.25664    0.00354286
-1.46608     1.25664    0.00257443
-1.25664     1.25664    0.00639941
-1.0472     1.25664    0.00308611
-0.837758     1.25664    0.00156204
-0.628319     1.25664    0.00634735
-0.418879     1.25664    0.00690952
-0.20944     1.25664    0.000726335
0     1.25664    0.00180825
0.20944     1.25664    0.000771236
0.418879     1.25664    0.00684341
0.628319     1.25664    0.00627493
0.837758     1.25664    0.00155965
1.0472     1.25664    0.00304174
1.25664     1.25664    0.00643202
1.46608     1.25664    0.00254923
1.67552     1.25664    0.00357213
1.88496     1.25664    0.000297088
2.0944     1.25664    0.000787786
2.30383     1.25664    0.00791373
2.51327     1.25664    0.00137701
2.72271     1.25664    0.00103901
2.93215     1.25664    0.0067705
3.14159     1.25664    0.018362

-3.14159     1.46608    0.0214646
-2.93215     1.46608    0.0177672
-2.72271     1.46608    0.0173136
-2.51327     1.46608    0.0118991
-2.30383     1.46608    0.00402696
-2.0944     1.46608    0.00388697
-1.88496     1.46608    0.00216763
-1.67552     1.46608    0.000269665
-1.46608     1.46608    0.000788082
-1.25664     1.46608    0.000531347
-1.0472     1.46608    0.00501293
-0.837758     1.46608    0.0036843
-0.628319     1.46608    0.00259224
-0.418879     1.46608    0.00766715
-0.20944     1.46608    0.00315394
0     1.46608    0.000823346
0.20944     1.46608    0.00320646
0.418879     1.46608    0.0076729
0.628319     1.46608    0.0026106
0.837758     1.46608    0.00379503
1.0472     1.46608    0.00508216
1.25664     1.46608    0.000518939
1.46608     1.46608    0.000744407
1.67552     1.46608    0.000253415
1.88496     1.46608    0.00213079
2.0944     1.46608    0.00388585
2.30383     1.46608    0.00399148
2.51327     1.46608    0.0120025
2.72271     1.46608    0.0172315
2.93215     1.46608    0.0178088
3.14159     1.46608    0.0212469

-3.14159     1.67552    0.0253372
-2.93215     1.67552    0.015907
-2.72271     1.67552    0.0211749
-2.51327     1.67552    0.00476122
-2.30383     1.67552    0.00182805
-2.0944     1.67552    0.00273972
-1.88496     1.67552    0.00154191
-1.67552     1.67552    0.000996932
-1.46608     1.67552    0.00468405
-1.25664     1.67552    0.00738062
-1.0472     1.67552    0.00707363
-0.837758     1.67552    0.0074682
-0.628319     1.67552    0.00144234
-0.418879     1.67552    0.00785259
-0.20944     1.67552    0.00317223
0     1.67552    0.0020655
0.20944     1.67552    0.00314744
0.418879     1.67552    0.0078795
0.628319     1.67552    0.00141059
0.837758     1.67552    0.00748644
1.0472     1.67552    0.00711855
1.25664     1.67552    0.00735913
1.46608     1.67552    0.0047176
1.67552     1.67552    0.000952492
1.88496     1.67552    0.00154177
2.0944     1.67552    0.00270623
2.30383     1.67552    0.00186214
2.51327     1.67552    0.00478919
2.72271     1.67552    0.0210503
2.93215     1.67552    0.0159528
3.14159     1.67552    0.025041

-3.14159     1.88496    0.0266591
-2.93215     1.88496    0.0183474
-2.72271     1.88496    0.0174764
-2.51327     1.88496    0.00328518
-2.30383     1.88496    0.00454709
-2.0944     1.88496    0.00704134
-1.88496     1.88496    0.00369989
-1.67552     1.88496    0.0015889
-1.46608     1.88496    0.00872011
-1.25664     1.88496    0.00399056
-1.0472     1.88496    0.000214936
-0.837758     1.88496    0.00790884
-0.628319     1.88496    0.000413917
-0.418879     1.88496    0.0035078
-0.20944     1.88496    0.00243802
0     1.88496    0.00279148
0.20944     1.88496    0.00245707
0.418879     1.88496    0.0034904
0.628319     1.88496    0.00040321
0.837758     1.88496    0.00789306
1.0472     1.88496    0.000178979
1.25664     1.88496    0.00402733
1.46608     1.88496    0.00871143
1.67552     1.88496    0.00165303
1.88496     1.88496    0.00368532
2.0944     1.88496    0.00702502
2.30383     1.88496    0.00456806
2.51327     1.88496    0.00330746
2.72271     1.88496    0.0172318
2.93215     1.88496    0.0185097
3.14159     1.88496    0.0264042

-3.14159     2.0944    0.0222918
-2.93215     2.0944    0.0329308
-2.72271     2.0944    0.0195557
-2.51327     2.0944    0.0124671
-2.30383     2.0944    0.00591511
-2.0944     2.0944    0.00180074
-1.88496     2.0944    0.00291524
-1.67552     2.0944    0.00286529
-1.46608     2.0944    0.000765896
-1.25664     2.0944    0.00101728
-1.0472     2.0944    0.00268978
-0.837758     2.0944    0.00924622
-0.628319     2.0944    0.00185488
-0.418879     2.0944    0.000621337
-0.20944     2.0944    0.00434987
0     2.0944    0.00248673
0.20944     2.0944    0.00429899
0.418879     2.0944    0.000597978
0.628319     2.0944    0.00186576
0.837758     2.0944    0.00927662
1.0472     2.0944    0.00265007
1.25664     2.0944    0.00104624
1.46608     2.0944    0.000695528
1.67552     2.0944    0.00292408
1.88496     2.0944    0.00293716
2.0944     2.0944    0.00181156
2.30383     2.0944    0.00593169
2.51327     2.0944    0.0124264
2.72271     2.0944    0.0194544
2.93215     2.0944    0.0326367
3.14159     2.0944    0.0219938

-3.14159     2.30383    0.0199052
-2.93215     2.30383    0.0209281
-2.72271     2.30383    0.0128264
-2.51327     2.30383    0.0066122
-2.30383     2.30383    0.00111062
-2.0944     2.30383    0.00600034
-1.88496     2.30383    0.000963833
-1.67552     2.30383    0.000662523
-1.46608     2.30383    0.00438697
-1.25664     2.30383    0.00150717
-1.0472     2.30383    0.00249855
-0.837758     2.30383    0.00481011
-0.628319     2.30383    0.00101857
-0.418879     2.30383    0.000973086
-0.20944     2.30383    0.00142266
0     2.30383    0.0036739
0.20944     2.30383    0.00142341
0.418879     2.30383    0.000926139
0.628319     2.30383    0.00103469
0.837758     2.30383    0.00477971
1.0472     2.30383    0.00249054
1.25664     2.30383    0.00154739
1.46608     2.30383    0.00436686
1.67552     2.30383    0.000664721
1.88496     2.30383    0.000985102
2.0944     2.30383    0.00602886
2.30383     2.30383    0.00108588
2.51327     2.30383    0.00650449
2.72271     2.30383    0.013077
2.93215     2.30383    0.0210592
3.14159     2.30383    0.019914

-3.14159     2.51327    0.0123711
-2.93215     2.51327    0.00919377
-2.72271     2.51327    0.0118938
-2.51327     2.51327    0.0049455
-2.30383     2.51327    0.000284031
-2.0944     2.51327    0.000950469
-1.88496     2.51327    0.00104805
-1.67552     2.51327    0.000604092
-1.46608     2.51327    0.00169179
-1.25664     2.51327    0.00518588
-1.0472     2.51327    0.00174534
-0.837758     2.51327    0.00259738
-0.628319     2.51327    0.00231741
-0.418879     2.51327    0.00235569
-0.20944     2.51327    0.00363473
0     2.51327    0.00487894
0.20944     2.51327    0.00369066
0.418879     2.51327    0.00233425
0.628319     2.51327    0.00234469
0.837758     2.51327    0.00247603
1.0472     2.51327    0.00176432
1.25664     2.51327    0.00518201
1.46608     2.51327    0.00171542
1.67552     2.51327    0.000631529
1.88496     2.51327    0.00103309
2.0944     2.51327    0.000882749
2.30383     2.51327    0.000285286
2.51327     2.51327    0.00499455
2.72271     2.51327    0.0119577
2.93215     2.51327    0.00961279
3.14159     2.51327    0.0123903

-3.14159     2.72271    0.00314571
-2.93215     2.72271    0.00310629
-2.72271     2.72271    0.00121171
-2.51327     2.72271    0.00544669
-2.30383     2.72271    0.00420718
-2.0944     2.72271    0.00407444
-1.88496     2.72271    0.00143292
-1.67552     2.72271    0.000634036
-1.46608     2.72271    0.000434372
-1.25664     2.72271    0.000826519
-1.0472     2.72271    0.00217433
-0.837758     2.72271    0.0023317
-0.628319     2.72271    0.00691351
-0.418879     2.72271    0.00280961
-0.20944     2.72271    0.00124302
0     2.72271    0.00833584
0.20944     2.72271    0.00118288
0.418879     2.72271    0.00279627
0.628319     2.72271    0.00688243
0.837758     2.72271    0.0023921
1.0472     2.72271    0.00217839
1.25664     2.72271    0.000789158
1.46608     2.72271    0.000424063
1.67552     2.72271    0.000678954
1.88496     2.72271    0.00137848
2.0944     2.72271    0.00400854
2.30383     2.72271    0.00422492
2.51327     2.72271    0.00533758
2.72271     2.72271    0.00122653
2.93215     2.72271    0.00298941
3.14159     2.72271    0.00307575

-3.14159     2.93215    0.00240639
-2.93215     2.93215    0.00039566
-2.72271     2.93215    0.00123829
-2.51327     2.93215    0.00432074
-2.30383     2.93215    0.00886183
-2.0944     2.93215    0.00149609
-1.88496     2.93215    0.00085177
-1.67552     2.93215    0.00254618
-1.46608     2.93215    0.00119932
-1.25664     2.93215    0.000554234
-1.0472     2.93215    0.00265042
-0.837758     2.93215    0.00282622
-0.628319     2.93215    0.00657824
-0.418879     2.93215    0.00195992
-0.20944     2.93215    0.000374794
0     2.93215    0.0136004
0.20944     2.93215    0.000268722
0.418879     2.93215    0.00193424
0.628319     2.93215    0.00653261
0.837758     2.93215    0.0028923
1.0472     2.93215    0.00263398
1.25664     2.93215    0.000533195
1.46608     2.93215    0.0011993
1.67552     2.93215    0.00261685
1.88496     2.93215    0.000836774
2.0944     2.93215    0.00150719
2.30383     2.93215    0.00888522
2.51327     2.93215    0.00443143
2.72271     2.93215    0.0012706
2.93215     2.93215    0.000421654
3.14159     2.93215    0.00240242

-3.14159     3.14159    0.00187673
-2.93215     3.14159    0.00428739
-2.72271     3.14159    0.00752888
-2.51327     3.14159    0.00773995
-2.30383     3.14159    0.00339672
-2.0944     3.14159    6.78713e-05
-1.88496     3.14159    0.00463984
-1.67552     3.14159    0.00157006
-1.46608     3.14159    0.00126248
-1.25664     3.14159    0.00418093
-1.0472     3.14159    0.00175998
-0.837758     3.14159    0.00115812
-0.628319     3.14159    0.00814931
-0.418879     3.14159    0.00597185
-0.20944     3.14159    0.0111911
0     3.14159    0.0228334
0.20944     3.14159    0.0109518
0.418879     3.14159    0.00596505
0.628319     3.14159    0.00834617
0.837758     3.14159    0.00115215
1.0472     3.14159    0.00177608
1.25664     3.14159    0.00412197
1.46608     3.14159    0.00126786
1.67552     3.14159    0.00152811
1.88496     3.14159    0.00458429
2.0944     3.14159    2.05344e-05
2.30383     3.14159    0.00335767
2.51327     3.14159    0.00772491
2.72271     3.14159    0.00748306
2.93215     3.14159    0.00421811
3.14159     3.14159    0.00185174

