-3.14159     -3.14159    3.62529e-05
-2.93215     -3.14159    4.38036e-05
-2.72271     -3.14159    4.92725e-05
-2.51327     -3.14159    5.14286e-05
-2.30383     -3.14159    5.10919e-05
-2.0944     -3.14159    5.01205e-05
-1.88496     -3.14159    4.98311e-05
-1.67552     -3.14159    5.00089e-05
-1.46608     -3.14159    4.87575e-05
-1.25664     -3.14159    4.38039e-05
-1.0472     -3.14159    3.59323e-05
-0.837758     -3.14159    2.80429e-05
-0.628319     -3.14159    2.16983e-05
-0.418879     -3.14159    1.73022e-05
-0.20944     -3.14159    1.483e-05
0     -3.14159    1.40403e-05
0.20944     -3.14159    1.48197e-05
0.418879     -3.14159    1.73027e-05
0.628319     -3.14159    2.16983e-05
0.837758     -3.14159    2.80425e-05
1.0472     -3.14159    3.59329e-05
1.25664     -3.14159    4.38034e-05
1.46608     -3.14159    4.87575e-05
1.67552     -3.14159    5.00084e-05
1.88496     -3.14159    4.98312e-05
2.0944     -3.14159    5.01207e-05
2.30383     -3.14159    5.10903e-05
2.51327     -3.14159    5.14276e-05
2.72271     -3.14159    4.92713e-05
2.93215     -3.14159    4.38036e-05
3.14159     -3.14159    3.62532e-05

-3.14159     -2.93215    3.08864e-05
-2.93215     -2.93215    3.96147e-05
-2.72271     -2.93215    4.6292e-05
-2.51327     -2.93215    4.9737e-05
-2.30383     -2.93215    5.07611e-05
-2.0944     -2.93215    5.04408e-05
-1.88496     -2.93215    4.94863e-05
-1.67552     -2.93215    4.82406e-05
-1.46608     -2.93215    4.57304e-05
-1.25664     -2.93215    3.99522e-05
-1.0472     -2.93215    3.11764e-05
-0.837758     -2.93215    2.25326e-05
-0.628319     -2.93215    1.60054e-05
-0.418879     -2.93215    1.18216e-05
-0.20944     -2.93215    9.58898e-06
0     -2.93215    8.94952e-06
0.20944     -2.93215    9.60332e-06
0.418879     -2.93215    1.18264e-05
0.628319     -2.93215    1.60052e-05
0.837758     -2.93215    2.25327e-05
1.0472     -2.93215    3.11761e-05
1.25664     -2.93215    3.99523e-05
1.46608     -2.93215    4.57301e-05
1.67552     -2.93215    4.82399e-05
1.88496     -2.93215    4.94858e-05
2.0944     -2.93215    5.0441e-05
2.30383     -2.93215    5.07607e-05
2.51327     -2.93215    4.97368e-05
2.72271     -2.93215    4.62911e-05
2.93215     -2.93215    3.96142e-05
3.14159     -2.93215    3.08869e-05

-3.14159     -2.72271    2.73395e-05
-2.93215     -2.72271    3.61409e-05
-2.72271     -2.72271    4.23877e-05
-2.51327     -2.72271    4.52673e-05
-2.30383     -2.72271    4.60358e-05
-2.0944     -2.72271    4.60479e-05
-1.88496     -2.72271    4.56758e-05
-1.67552     -2.72271    4.47406e-05
-1.46608     -2.72271    4.23857e-05
-1.25664     -2.72271    3.68886e-05
-1.0472     -2.72271    2.81084e-05
-0.837758     -2.72271    1.92317e-05
-0.628319     -2.72271    1.27875e-05
-0.418879     -2.72271    8.93624e-06
-0.20944     -2.72271    6.97715e-06
0     -2.72271    6.26897e-06
0.20944     -2.72271    6.96305e-06
0.418879     -2.72271    8.92843e-06
0.628319     -2.72271    1.27878e-05
0.837758     -2.72271    1.92314e-05
1.0472     -2.72271    2.81083e-05
1.25664     -2.72271    3.68891e-05
1.46608     -2.72271    4.23861e-05
1.67552     -2.72271    4.4741e-05
1.88496     -2.72271    4.56767e-05
2.0944     -2.72271    4.60478e-05
2.30383     -2.72271    4.60347e-05
2.51327     -2.72271    4.52676e-05
2.72271     -2.72271    4.23866e-05
2.93215     -2.72271    3.61404e-05
3.14159     -2.72271    2.73392e-05

-3.14159     -2.51327    2.57812e-05
-2.93215     -2.51327    3.36302e-05
-2.72271     -2.51327    3.79992e-05
-2.51327     -2.51327    3.87782e-05
-2.30383     -2.51327    3.79147e-05
-2.0944     -2.51327    3.75684e-05
-1.88496     -2.51327    3.83948e-05
-1.67552     -2.51327    3.93063e-05
-1.46608     -2.51327    3.85493e-05
-1.25664     -2.51327    3.44022e-05
-1.0472     -2.51327    2.64446e-05
-0.837758     -2.51327    1.77372e-05
-0.628319     -2.51327    1.13611e-05
-0.418879     -2.51327    7.70808e-06
-0.20944     -2.51327    5.92625e-06
0     -2.51327    5.63352e-06
0.20944     -2.51327    5.934e-06
0.418879     -2.51327    7.71846e-06
0.628319     -2.51327    1.13612e-05
0.837758     -2.51327    1.7738e-05
1.0472     -2.51327    2.6445e-05
1.25664     -2.51327    3.44024e-05
1.46608     -2.51327    3.85501e-05
1.67552     -2.51327    3.93061e-05
1.88496     -2.51327    3.83943e-05
2.0944     -2.51327    3.75684e-05
2.30383     -2.51327    3.79148e-05
2.51327     -2.51327    3.87775e-05
2.72271     -2.51327    3.79986e-05
2.93215     -2.51327    3.36302e-05
3.14159     -2.51327    2.5781e-05

-3.14159     -2.30383    2.5737e-05
-2.93215     -2.30383    3.14288e-05
-2.72271     -2.30383    3.28068e-05
-2.51327     -2.30383    3.08789e-05
-2.30383     -2.30383    2.84014e-05
-2.0944     -2.30383    2.7597e-05
-1.88496     -2.30383    2.90816e-05
-1.67552     -2.30383    3.17771e-05
-1.46608     -2.30383    3.33862e-05
-1.25664     -2.30383    3.15069e-05
-1.0472     -2.30383    2.53227e-05
-0.837758     -2.30383    1.73048e-05
-0.628319     -2.30383    1.10038e-05
-0.418879     -2.30383    7.34743e-06
-0.20944     -2.30383    5.6083e-06
0     -2.30383    4.83937e-06
0.20944     -2.30383    5.61153e-06
0.418879     -2.30383    7.33565e-06
0.628319     -2.30383    1.10045e-05
0.837758     -2.30383    1.73051e-05
1.0472     -2.30383    2.53231e-05
1.25664     -2.30383    3.15076e-05
1.46608     -2.30383    3.33866e-05
1.67552     -2.30383    3.17776e-05
1.88496     -2.30383    2.90815e-05
2.0944     -2.30383    2.75969e-05
2.30383     -2.30383    2.84012e-05
2.51327     -2.30383    3.08786e-05
2.72271     -2.30383    3.28063e-05
2.93215     -2.30383    3.14282e-05
3.14159     -2.30383    2.57366e-05

-3.14159     -2.0944    2.64278e-05
-2.93215     -2.0944    2.89062e-05
-2.72271     -2.0944    2.68789e-05
-2.51327     -2.0944    2.27749e-05
-2.30383     -2.0944    1.95876e-05
-2.0944     -2.0944    1.86602e-05
-1.88496     -2.0944    2.00937e-05
-1.67552     -2.0944    2.32928e-05
-1.46608     -2.0944    2.66348e-05
-1.25664     -2.0944    2.73892e-05
-1.0472     -2.0944    2.37822e-05
-0.837758     -2.0944    1.72155e-05
-0.628319     -2.0944    1.11881e-05
-0.418879     -2.0944    7.434e-06
-0.20944     -2.0944    5.61258e-06
0     -2.0944    5.39043e-06
0.20944     -2.0944    5.59555e-06
0.418879     -2.0944    7.44325e-06
0.628319     -2.0944    1.11881e-05
0.837758     -2.0944    1.72167e-05
1.0472     -2.0944    2.37828e-05
1.25664     -2.0944    2.73898e-05
1.46608     -2.0944    2.66348e-05
1.67552     -2.0944    2.32922e-05
1.88496     -2.0944    2.00939e-05
2.0944     -2.0944    1.86602e-05
2.30383     -2.0944    1.95876e-05
2.51327     -2.0944    2.2775e-05
2.72271     -2.0944    2.68781e-05
2.93215     -2.0944    2.89053e-05
3.14159     -2.0944    2.64267e-05

-3.14159     -1.88496    2.69851e-05
-2.93215     -1.88496    2.57675e-05
-2.72271     -1.88496    2.09414e-05
-2.51327     -1.88496    1.59271e-05
-2.30383     -1.88496    1.2944e-05
-2.0944     -1.88496    1.21682e-05
-1.88496     -1.88496    1.3215e-05
-1.67552     -1.88496    1.58736e-05
-1.46608     -1.88496    1.94727e-05
-1.25664     -1.88496    2.20548e-05
-1.0472     -1.88496    2.11918e-05
-0.837758     -1.88496    1.67753e-05
-0.628319     -1.88496    1.14914e-05
-0.418879     -1.88496    7.69816e-06
-0.20944     -1.88496    5.73292e-06
0     -1.88496    4.91719e-06
0.20944     -1.88496    5.7673e-06
0.418879     -1.88496    7.6903e-06
0.628319     -1.88496    1.14908e-05
0.837758     -1.88496    1.67747e-05
1.0472     -1.88496    2.11928e-05
1.25664     -1.88496    2.20551e-05
1.46608     -1.88496    1.94732e-05
1.67552     -1.88496    1.58738e-05
1.88496     -1.88496    1.32146e-05
2.0944     -1.88496    1.2168e-05
2.30383     -1.88496    1.29439e-05
2.51327     -1.88496    1.59268e-05
2.72271     -1.88496    2.09411e-05
2.93215     -1.88496    2.57675e-05
3.14159     -1.88496    2.69842e-05

-3.14159     -1.67552    2.68648e-05
-2.93215     -1.67552    2.22923e-05
-2.72271     -1.67552    1.59744e-05
-2.51327     -1.67552    1.1187e-05
-2.30383     -1.67552    8.78304e-06
-2.0944     -1.67552    8.18982e-06
-1.88496     -1.67552    8.85687e-06
-1.67552     -1.67552    1.06588e-05
-1.46608     -1.67552    1.35115e-05
-1.25664     -1.67552    1.65064e-05
-1.0472     -1.67552    1.76053e-05
-0.837758     -1.67552    1.55065e-05
-0.628319     -1.67552    1.15126e-05
-0.418879     -1.67552    7.97583e-06
-0.20944     -1.67552    5.93452e-06
0     -1.67552    5.37584e-06
0.20944     -1.67552    5.88213e-06
0.418879     -1.67552    7.97891e-06
0.628319     -1.67552    1.15129e-05
0.837758     -1.67552    1.55066e-05
1.0472     -1.67552    1.76052e-05
1.25664     -1.67552    1.65063e-05
1.46608     -1.67552    1.3511e-05
1.67552     -1.67552    1.06587e-05
1.88496     -1.67552    8.85727e-06
2.0944     -1.67552    8.18969e-06
2.30383     -1.67552    8.78236e-06
2.51327     -1.67552    1.11868e-05
2.72271     -1.67552    1.59733e-05
2.93215     -1.67552    2.22926e-05
3.14159     -1.67552    2.68638e-05

-3.14159     -1.46608    2.61826e-05
-2.93215     -1.46608    1.92738e-05
-2.72271     -1.46608    1.26689e-05
-2.51327     -1.46608    8.52211e-06
-2.30383     -1.46608    6.61356e-06
-2.0944     -1.46608    6.10071e-06
-1.88496     -1.46608    6.45362e-06
-1.67552     -1.46608    7.52446e-06
-1.46608     -1.46608    9.39591e-06
-1.25664     -1.46608    1.18374e-05
-1.0472     -1.46608    1.36645e-05
-0.837758     -1.46608    1.33478e-05
-0.628319     -1.46608    1.09027e-05
-0.418879     -1.46608    7.99494e-06
-0.20944     -1.46608    6.0229e-06
0     -1.46608    5.46581e-06
0.20944     -1.46608    6.09164e-06
0.418879     -1.46608    7.99851e-06
0.628319     -1.46608    1.09011e-05
0.837758     -1.46608    1.33489e-05
1.0472     -1.46608    1.36654e-05
1.25664     -1.46608    1.18364e-05
1.46608     -1.46608    9.39701e-06
1.67552     -1.46608    7.52285e-06
1.88496     -1.46608    6.45296e-06
2.0944     -1.46608    6.10005e-06
2.30383     -1.46608    6.61326e-06
2.51327     -1.46608    8.52211e-06
2.72271     -1.46608    1.2668e-05
2.93215     -1.46608    1.9274e-05
3.14159     -1.46608    2.61816e-05

-3.14159     -1.25664    2.56273e-05
-2.93215     -1.25664    1.75379e-05
-2.72271     -1.25664    1.11763e-05
-2.51327     -1.25664    7.53035e-06
-2.30383     -1.25664    5.84362e-06
-2.0944     -1.25664    5.27144e-06
-1.88496     -1.25664    5.32242e-06
-1.67552     -1.25664    5.85717e-06
-1.46608     -1.25664    6.91872e-06
-1.25664     -1.25664    8.51718e-06
-1.0472     -1.25664    1.01604e-05
-0.837758     -1.25664    1.07096e-05
-0.628319     -1.25664    9.57444e-06
-0.418879     -1.25664    7.51381e-06
-0.20944     -1.25664    5.89246e-06
0     -1.25664    4.86021e-06
0.20944     -1.25664    5.82852e-06
0.418879     -1.25664    7.50848e-06
0.628319     -1.25664    9.5742e-06
0.837758     -1.25664    1.0708e-05
1.0472     -1.25664    1.01606e-05
1.25664     -1.25664    8.51768e-06
1.46608     -1.25664    6.92097e-06
1.67552     -1.25664    5.85824e-06
1.88496     -1.25664    5.32221e-06
2.0944     -1.25664    5.27088e-06
2.30383     -1.25664    5.84381e-06
2.51327     -1.25664    7.53042e-06
2.72271     -1.25664    1.11766e-05
2.93215     -1.25664    1.7538e-05
3.14159     -1.25664    2.56272e-05

-3.14159     -1.0472    2.60886e-05
-2.93215     -1.0472    1.75963e-05
-2.72271     -1.0472    1.14641e-05
-2.51327     -1.0472    7.92349e-06
-2.30383     -1.0472    6.14439e-06
-2.0944     -1.0472    5.34891e-06
-1.88496     -1.0472    5.07868e-06
-1.67552     -1.0472    5.17909e-06
-1.46608     -1.0472    5.61907e-06
-1.25664     -1.0472    6.49971e-06
-1.0472     -1.0472    7.54252e-06
-0.837758     -1.0472    8.19635e-06
-0.628319     -1.0472    7.77198e-06
-0.418879     -1.0472    6.50765e-06
-0.20944     -1.0472    5.18552e-06
0     -1.0472    5.57423e-06
0.20944     -1.0472    5.23324e-06
0.418879     -1.0472    6.52071e-06
0.628319     -1.0472    7.77087e-06
0.837758     -1.0472    8.19811e-06
1.0472     -1.0472    7.54259e-06
1.25664     -1.0472    6.49956e-06
1.46608     -1.0472    5.61711e-06
1.67552     -1.0472    5.17915e-06
1.88496     -1.0472    5.07888e-06
2.0944     -1.0472    5.34857e-06
2.30383     -1.0472    6.14471e-06
2.51327     -1.0472    7.9235e-06
2.72271     -1.0472    1.14642e-05
2.93215     -1.0472    1.7596e-05
3.14159     -1.0472    2.60883e-05

-3.14159     -0.837758    2.82428e-05
-2.93215     -0.837758    1.9789e-05
-2.72271     -0.837758    1.35959e-05
-2.51327     -0.837758    9.75579e-06
-2.30383     -0.837758    7.55678e-06
-2.0944     -0.837758    6.339e-06
-1.88496     -0.837758    5.67129e-06
-1.67552     -0.837758    5.3296e-06
-1.46608     -0.837758    5.25713e-06
-1.25664     -0.837758    5.48974e-06
-1.0472     -0.837758    5.93098e-06
-0.837758     -0.837758    6.1624e-06
-0.628319     -0.837758    5.83996e-06
-0.418879     -0.837758    4.79198e-06
-0.20944     -0.837758    3.73948e-06
0     -0.837758    2.22526e-06
0.20944     -0.837758    3.72771e-06
0.418879     -0.837758    4.76796e-06
0.628319     -0.837758    5.84085e-06
0.837758     -0.837758    6.163e-06
1.0472     -0.837758    5.93332e-06
1.25664     -0.837758    5.49004e-06
1.46608     -0.837758    5.25728e-06
1.67552     -0.837758    5.32977e-06
1.88496     -0.837758    5.67098e-06
2.0944     -0.837758    6.33786e-06
2.30383     -0.837758    7.55656e-06
2.51327     -0.837758    9.75557e-06
2.72271     -0.837758    1.35955e-05
2.93215     -0.837758    1.97887e-05
3.14159     -0.837758    2.82428e-05

-3.14159     -0.628319    3.24653e-05
-2.93215     -0.628319    2.43468e-05
-2.72271     -0.628319    1.79732e-05
-2.51327     -0.628319    1.34784e-05
-2.30383     -0.628319    1.05366e-05
-2.0944     -0.628319    8.62151e-06
-1.88496     -0.628319    7.35348e-06
-1.67552     -0.628319    6.46752e-06
-1.46608     -0.628319    5.86798e-06
-1.25664     -0.628319    5.46362e-06
-1.0472     -0.628319    5.24717e-06
-0.837758     -0.628319    4.89294e-06
-0.628319     -0.628319    4.01219e-06
-0.418879     -0.628319    2.69365e-06
-0.20944     -0.628319    1.19903e-06
0     -0.628319    2.24209e-06
0.20944     -0.628319    1.14816e-06
0.418879     -0.628319    2.72036e-06
0.628319     -0.628319    4.01274e-06
0.837758     -0.628319    4.89274e-06
1.0472     -0.628319    5.24529e-06
1.25664     -0.628319    5.46347e-06
1.46608     -0.628319    5.87081e-06
1.67552     -0.628319    6.46874e-06
1.88496     -0.628319    7.35371e-06
2.0944     -0.628319    8.6209e-06
2.30383     -0.628319    1.05369e-05
2.51327     -0.628319    1.34782e-05
2.72271     -0.628319    1.7973e-05
2.93215     -0.628319    2.43464e-05
3.14159     -0.628319    3.24659e-05

-3.14159     -0.418879    3.80527e-05
-2.93215     -0.418879    3.09334e-05
-2.72271     -0.418879    2.46523e-05
-2.51327     -0.418879    1.95457e-05
-2.30383     -0.418879    1.5618e-05
-2.0944     -0.418879    1.26961e-05
-1.88496     -0.418879    1.04958e-05
-1.67552     -0.418879    8.80031e-06
-1.46608     -0.418879    7.43605e-06
-1.25664     -0.418879    6.31281e-06
-1.0472     -0.418879    5.28577e-06
-0.837758     -0.418879    4.16552e-06
-0.628319     -0.418879    2.44255e-06
-0.418879     -0.418879    1.10269e-07
-0.20944     -0.418879    2.40078e-06
0     -0.418879    5.64861e-06
0.20944     -0.418879    2.54811e-06
0.418879     -0.418879    1.77364e-07
0.628319     -0.418879    2.43853e-06
0.837758     -0.418879    4.16779e-06
1.0472     -0.418879    5.28614e-06
1.25664     -0.418879    6.31117e-06
1.46608     -0.418879    7.43545e-06
1.67552     -0.418879    8.79888e-06
1.88496     -0.418879    1.04955e-05
2.0944     -0.418879    1.2696e-05
2.30383     -0.418879    1.56176e-05
2.51327     -0.418879    1.95456e-05
2.72271     -0.418879    2.46524e-05
2.93215     -0.418879    3.09334e-05
3.14159     -0.418879    3.80528e-05

-3.14159     -0.20944    4.23847e-05
-2.93215     -0.20944    3.68492e-05
-2.72271     -0.20944    3.13417e-05
-2.51327     -0.20944    2.6186e-05
-2.30383     -0.20944    2.1563e-05
-2.0944     -0.20944    1.76469e-05
-1.88496     -0.20944    1.44067e-05
-1.67552     -0.20944    1.17222e-05
-1.46608     -0.20944    9.46151e-06
-1.25664     -0.20944    7.52025e-06
-1.0472     -0.20944    5.73782e-06
-0.837758     -0.20944    3.78557e-06
-0.628319     -0.20944    1.18336e-06
-0.418879     -0.20944    2.48133e-06
-0.20944     -0.20944    6.01279e-06
0     -0.20944    8.02979e-06
0.20944     -0.20944    7.35796e-06
0.418879     -0.20944    2.7023e-06
0.628319     -0.20944    1.18923e-06
0.837758     -0.20944    3.78356e-06
1.0472     -0.20944    5.74525e-06
1.25664     -0.20944    7.52448e-06
1.46608     -0.20944    9.46075e-06
1.67552     -0.20944    1.17218e-05
1.88496     -0.20944    1.44061e-05
2.0944     -0.20944    1.7647e-05
2.30383     -0.20944    2.15627e-05
2.51327     -0.20944    2.6186e-05
2.72271     -0.20944    3.13416e-05
2.93215     -0.20944    3.68493e-05
3.14159     -0.20944    4.23848e-05

-3.14159     0    4.38025e-05
-2.93215     0    3.90808e-05
-2.72271     0    3.41904e-05
-2.51327     0    2.91747e-05
-2.30383     0    2.43936e-05
-2.0944     0    2.00628e-05
-1.88496     0    1.63361e-05
-1.67552     0    1.31669e-05
-1.46608     0    1.04753e-05
-1.25664     0    8.1446e-06
-1.0472     0    6.0212e-06
-0.837758     0    3.72663e-06
-0.628319     0    6.37477e-07
-0.418879     0    3.22528e-06
-0.20944     0    8.75999e-06
0     0    8.65934e-17
0.20944     0    8.75999e-06
0.418879     0    3.22528e-06
0.628319     0    6.37477e-07
0.837758     0    3.72663e-06
1.0472     0    6.0212e-06
1.25664     0    8.1446e-06
1.46608     0    1.04753e-05
1.67552     0    1.31669e-05
1.88496     0    1.63361e-05
2.0944     0    2.00628e-05
2.30383     0    2.43936e-05
2.51327     0    2.91747e-05
2.72271     0    3.41904e-05
2.93215     0    3.90808e-05
3.14159     0    4.38025e-05

-3.14159     0.20944    4.23848e-05
-2.93215     0.20944    3.68493e-05
-2.72271     0.20944    3.13416e-05
-2.51327     0.20944    2.6186e-05
-2.30383     0.20944    2.15627e-05
-2.0944     0.20944    1.7647e-05
-1.88496     0.20944    1.44061e-05
-1.67552     0.20944    1.17218e-05
-1.46608     0.20944    9.46075e-06
-1.25664     0.20944    7.52448e-06
-1.0472     0.20944    5.74525e-06
-0.837758     0.20944    3.78356e-06
-0.628319     0.20944    1.18923e-06
-0.418879     0.20944    2.7023e-06
-0.20944     0.20944    7.35796e-06
0     0.20944    8.02979e-06
0.20944     0.20944    6.01279e-06
0.418879     0.20944    2.48133e-06
0.628319     0.20944    1.18336e-06
0.837758     0.20944    3.78557e-06
1.0472     0.20944    5.73782e-06
1.25664     0.20944    7.52025e-06
1.46608     0.20944    9.46151e-06
1.67552     0.20944    1.17222e-05
1.88496     0.20944    1.44067e-05
2.0944     0.20944    1.76469e-05
2.30383     0.20944    2.1563e-05
2.51327     0.20944    2.6186e-05
2.72271     0.20944    3.13417e-05
2.93215     0.20944    3.68492e-05
3.14159     0.20944    4.23847e-05

-3.14159     0.418879    3.80528e-05
-2.93215     0.418879    3.09334e-05
-2.72271     0.418879    2.46524e-05
-2.51327     0.418879    1.95456e-05
-2.30383     0.418879    1.56176e-05
-2.0944     0.418879    1.2696e-05
-1.88496     0.418879    1.04955e-05
-1.67552     0.418879    8.79888e-06
-1.46608     0.418879    7.43545e-06
-1.25664     0.418879    6.31117e-06
-1.0472     0.418879    5.28614e-06
-0.837758     0.418879    4.16779e-06
-0.628319     0.418879    2.43853e-06
-0.418879     0.418879    1.77364e-07
-0.20944     0.418879    2.54811e-06
0     0.418879    5.64861e-06
0.20944     0.418879    2.40078e-06
0.418879     0.418879    1.10269e-07
0.628319     0.418879    2.44255e-06
0.837758     0.418879    4.16552e-06
1.0472     0.418879    5.28577e-06
1.25664     0.418879    6.31281e-06
1.46608     0.418879    7.43605e-06
1.67552     0.418879    8.80031e-06
1.88496     0.418879    1.04958e-05
2.0944     0.418879    1.26961e-05
2.30383     0.418879    1.5618e-05
2.51327     0.418879    1.95457e-05
2.72271     0.418879    2.46523e-05
2.93215     0.418879    3.09334e-05
3.14159     0.418879    3.80527e-05

-3.14159     0.628319    3.24659e-05
-2.93215     0.628319    2.43464e-05
-2.72271     0.628319    1.7973e-05
-2.51327     0.628319    1.34782e-05
-2.30383     0.628319    1.05369e-05
-2.0944     0.628319    8.6209e-06
-1.88496     0.628319    7.35371e-06
-1.67552     0.628319    6.46874e-06
-1.46608     0.628319    5.87081e-06
-1.25664     0.628319    5.46347e-06
-1.0472     0.628319    5.24529e-06
-0.837758     0.628319    4.89274e-06
-0.628319     0.628319    4.01274e-06
-0.418879     0.628319    2.72036e-06
-0.20944     0.628319    1.14816e-06
0     0.628319    2.24209e-06
0.20944     0.628319    1.19903e-06
0.418879     0.628319    2.69365e-06
0.628319     0.628319    4.01219e-06
0.837758     0.628319    4.89294e-06
1.0472     0.628319    5.24717e-06
1.25664     0.628319    5.46362e-06
1.46608     0.628319    5.86798e-06
1.67552     0.628319    6.46752e-06
1.88496     0.628319    7.35348e-06
2.0944     0.628319    8.62151e-06
2.30383     0.628319    1.05366e-05
2.51327     0.628319    1.34784e-05
2.72271     0.628319    1.79732e-05
2.93215     0.628319    2.43468e-05
3.14159     0.628319    3.24653e-05

-3.14159     0.837758    2.82428e-05
-2.93215     0.837758    1.97887e-05
-2.72271     0.837758    1.35955e-05
-2.51327     0.837758    9.75557e-06
-2.30383     0.837758    7.55656e-06
-2.0944     0.837758    6.33786e-06
-1.88496     0.837758    5.67098e-06
-1.67552     0.837758    5.32977e-06
-1.46608     0.837758    5.25728e-06
-1.25664     0.837758    5.49004e-06
-1.0472     0.837758    5.93332e-06
-0.837758     0.837758    6.163e-06
-0.628319     0.837758    5.84085e-06
-0.418879     0.837758    4.76796e-06
-0.20944     0.837758    3.72771e-06
0     0.837758    2.22526e-06
0.20944     0.837758    3.73948e-06
0.418879     0.837758    4.79198e-06
0.628319     0.837758    5.83996e-06
0.837758     0.837758    6.1624e-06
1.0472     0.837758    5.93098e-06
1.25664     0.837758    5.48974e-06
1.46608     0.837758    5.25713e-06
1.67552     0.837758    5.3296e-06
1.88496     0.837758    5.67129e-06
2.0944     0.837758    6.339e-06
2.30383     0.837758    7.55678e-06
2.51327     0.837758    9.75579e-06
2.72271     0.837758    1.35959e-05
2.93215     0.837758    1.9789e-05
3.14159     0.837758    2.82428e-05

-3.14159     1.0472    2.60883e-05
-2.93215     1.0472    1.7596e-05
-2.72271     1.0472    1.14642e-05
-2.51327     1.0472    7.9235e-06
-2.30383     1.0472    6.14471e-06
-2.0944     1.0472    5.34857e-06
-1.88496     1.0472    5.07888e-06
-1.67552     1.0472    5.17915e-06
-1.46608     1.0472    5.61711e-06
-1.25664     1.0472    6.49956e-06
-1.0472     1.0472    7.54259e-06
-0.837758     1.0472    8.19811e-06
-0.628319     1.0472    7.77087e-06
-0.418879     1.0472    6.52071e-06
-0.20944     1.0472    5.23324e-06
0     1.0472    5.57423e-06
0.20944     1.0472    5.18552e-06
0.418879     1.0472    6.50765e-06
0.628319     1.0472    7.77198e-06
0.837758     1.0472    8.19635e-06
1.0472     1.0472    7.54252e-06
1.25664     1.0472    6.49971e-06
1.46608     1.0472    5.61907e-06
1.67552     1.0472    5.17909e-06
1.88496     1.0472    5.07868e-06
2.0944     1.0472    5.34891e-06
2.30383     1.0472    6.14439e-06
2.51327     1.0472    7.92349e-06
2.72271     1.0472    1.14641e-05
2.93215     1.0472    1.75963e-05
3.14159     1.0472    2.60886e-05

-3.14159     1.25664    2.56272e-05
-2.93215     1.25664    1.7538e-05
-2.72271     1.25664    1.11766e-05
-2.51327     1.25664    7.53042e-06
-2.30383     1.25664    5.84381e-06
-2.0944     1.25664    5.27088e-06
-1.88496     1.25664    5.32221e-06
-1.67552     1.25664    5.85824e-06
-1.46608     1.25664    6.92097e-06
-1.25664     1.25664    8.51768e-06
-1.0472     1.25664    1.01606e-05
-0.837758     1.25664    1.0708e-05
-0.628319     1.25664    9.5742e-06
-0.418879     1.25664    7.50848e-06
-0.20944     1.25664    5.82852e-06
0     1.25664    4.86021e-06
0.20944     1.25664    5.89246e-06
0.418879     1.25664    7.51381e-06
0.628319     1.25664    9.57444e-06
0.837758     1.25664    1.07096e-05
1.0472     1.25664    1.01604e-05
1.25664     1.25664    8.51718e-06
1.46608     1.25664    6.91872e-06
1.67552     1.25664    5.85717e-06
1.88496     1.25664    5.32242e-06
2.0944     1.25664    5.27144e-06
2.30383     1.25664    5.84362e-06
2.51327     1.25664    7.53035e-06
2.72271     1.25664    1.11763e-05
2.93215     1.25664    1.75379e-05
3.14159     1.25664    2.56273e-05

-3.14159     1.46608    2.61816e-05
-2.93215     1.46608    1.9274e-05
-2.72271     1.46608    1.2668e-05
-2.51327     1.46608    8.52211e-06
-2.30383     1.46608    6.61326e-06
-2.0944     1.46608    6.10005e-06
-1.88496     1.46608    6.45296e-06
-1.67552     1.46608    7.52285e-06
-1.46608     1.46608    9.39701e-06
-1.25664     1.46608    1.18364e-05
-1.0472     1.46608    1.36654e-05
-0.837758     1.46608    1.33489e-05
-0.628319     1.46608    1.09011e-05
-0.418879     1.46608    7.99851e-06
-0.20944     1.46608    6.09164e-06
0     1.46608    5.46581e-06
0.20944     1.46608    6.0229e-06
0.418879     1.46608    7.99494e-06
0.628319     1.46608    1.09027e-05
0.837758     1.46608    1.33478e-05
1.0472     1.46608    1.36645e-05
1.25664     1.46608    1.18374e-05
1.46608     1.46608    9.39591e-06
1.67552     1.46608    7.52446e-06
1.88496     1.46608    6.45362e-06
2.0944     1.46608    6.10071e-06
2.30383     1.46608    6.61356e-06
2.51327     1.46608    8.52211e-06
2.72271     1.46608    1.26689e-05
2.93215     1.46608    1.92738e-05
3.14159     1.46608    2.61826e-05

-3.14159     1.67552    2.68638e-05
-2.93215     1.67552    2.22926e-05
-2.72271     1.67552    1.59733e-05
-2.51327     1.67552    1.11868e-05
-2.30383     1.67552    8.78236e-06
-2.0944     1.67552    8.18969e-06
-1.88496     1.67552    8.85727e-06
-1.67552     1.67552    1.06587e-05
-1.46608     1.67552    1.3511e-05
-1.25664     1.67552    1.65063e-05
-1.0472     1.67552    1.76052e-05
-0.837758     1.67552    1.55066e-05
-0.628319     1.67552    1.15129e-05
-0.418879     1.67552    7.97891e-06
-0.20944     1.67552    5.88213e-06
0     1.67552    5.37584e-06
0.20944     1.67552    5.93452e-06
0.418879     1.67552    7.97583e-06
0.628319     1.67552    1.15126e-05
0.837758     1.67552    1.55065e-05
1.0472     1.67552    1.76053e-05
1.25664     1.67552    1.65064e-05
1.46608     1.67552    1.35115e-05
1.67552     1.67552    1.06588e-05
1.88496     1.67552    8.85687e-06
2.0944     1.67552    8.18982e-06
2.30383     1.67552    8.78304e-06
2.51327     1.67552    1.1187e-05
2.72271     1.67552    1.59744e-05
2.93215     1.67552    2.22923e-05
3.14159     1.67552    2.68648e-05

-3.14159     1.88496    2.69842e-05
-2.93215     1.88496    2.57675e-05
-2.72271     1.88496    2.09411e-05
-2.51327     1.88496    1.59268e-05
-2.30383     1.88496    1.29439e-05
-2.0944     1.88496    1.2168e-05
-1.88496     1.88496    1.32146e-05
-1.67552     1.88496    1.58738e-05
-1.46608     1.88496    1.94732e-05
-1.25664     1.88496    2.20551e-05
-1.0472     1.88496    2.11928e-05
-0.837758     1.88496    1.67747e-05
-0.628319     1.88496    1.14908e-05
-0.418879     1.88496    7.6903e-06
-0.20944     1.88496    5.7673e-06
0     1.88496    4.91719e-06
0.20944     1.88496    5.73292e-06
0.418879     1.88496    7.69816e-06
0.628319     1.88496    1.14914e-05
0.837758     1.88496    1.67753e-05
1.0472     1.88496    2.11918e-05
1.25664     1.88496    2.20548e-05
1.46608     1.88496    1.94727e-05
1.67552     1.88496    1.58736e-05
1.88496     1.88496    1.3215e-05
2.0944     1.88496    1.21682e-05
2.30383     1.88496    1.2944e-05
2.51327     1.88496    1.59271e-05
2.72271     1.88496    2.09414e-05
2.93215     1.88496    2.57675e-05
3.14159     1.88496    2.69851e-05

-3.14159     2.0944    2.64267e-05
-2.93215     2.0944    2.89053e-05
-2.72271     2.0944    2.68781e-05
-2.51327     2.0944    2.2775e-05
-2.30383     2.0944    1.95876e-05
-2.0944     2.0944    1.86602e-05
-1.88496     2.0944    2.00939e-05
-1.67552     2.0944    2.32922e-05
-1.46608     2.0944    2.66348e-05
-1.25664     2.0944    2.73898e-05
-1.0472     2.0944    2.37828e-05
-0.837758     2.0944    1.72167e-05
-0.628319     2.0944    1.11881e-05
-0.418879     2.0944    7.44325e-06
-0.20944     2.0944    5.59555e-06
0     2.0944    5.39043e-06
0.20944     2.0944    5.61258e-06
0.418879     2.0944    7.434e-06
0.628319     2.0944    1.11881e-05
0.837758     2.0944    1.72155e-05
1.0472     2.0944    2.37822e-05
1.25664     2.0944    2.73892e-05
1.46608     2.0944    2.66348e-05
1.67552     2.0944    2.32928e-05
1.88496     2.0944    2.00937e-05
2.0944     2.0944    1.86602e-05
2.30383     2.0944    1.95876e-05
2.51327     2.0944    2.27749e-05
2.72271     2.0944    2.68789e-05
2.93215     2.0944    2.89062e-05
3.14159     2.0944    2.64278e-05

-3.14159     2.30383    2.57366e-05
-2.93215     2.30383    3.14282e-05
-2.72271     2.30383    3.28063e-05
-2.51327     2.30383    3.08786e-05
-2.30383     2.30383    2.84012e-05
-2.0944     2.30383    2.75969e-05
-1.88496     2.30383    2.90815e-05
-1.67552     2.30383    3.17776e-05
-1.46608     2.30383    3.33866e-05
-1.25664     2.30383    3.15076e-05
-1.0472     2.30383    2.53231e-05
-0.837758     2.30383    1.73051e-05
-0.628319     2.30383    1.10045e-05
-0.418879     2.30383    7.33565e-06
-0.20944     2.30383    5.61153e-06
0     2.30383    4.83937e-06
0.20944     2.30383    5.6083e-06
0.418879     2.30383    7.34743e-06
0.628319     2.30383    1.10038e-05
0.837758     2.30383    1.73048e-05
1.0472     2.30383    2.53227e-05
1.25664     2.30383    3.15069e-05
1.46608     2.30383    3.33862e-05
1.67552     2.30383    3.17771e-05
1.88496     2.30383    2.90816e-05
2.0944     2.30383    2.7597e-05
2.30383     2.30383    2.84014e-05
2.51327     2.30383    3.08789e-05
2.72271     2.30383    3.28068e-05
2.93215     2.30383    3.14288e-05
3.14159     2.30383    2.5737e-05

-3.14159     2.51327    2.5781e-05
-2.93215     2.51327    3.36302e-05
-2.72271     2.51327    3.79986e-05
-2.51327     2.51327    3.87775e-05
-2.30383     2.51327    3.79148e-05
-2.0944     2.51327    3.75684e-05
-1.88496     2.51327    3.83943e-05
-1.67552     2.51327    3.93061e-05
-1.46608     2.51327    3.85501e-05
-1.25664     2.51327    3.44024e-05
-1.0472     2.51327    2.6445e-05
-0.837758     2.51327    1.7738e-05
-0.628319     2.51327    1.13612e-05
-0.418879     2.51327    7.71846e-06
-0.20944     2.51327    5.934e-06
0     2.51327    5.63352e-06
0.20944     2.51327    5.92625e-06
0.418879     2.51327    7.70808e-06
0.628319     2.51327    1.13611e-05
0.837758     2.51327    1.77372e-05
1.0472     2.51327    2.64446e-05
1.25664     2.51327    3.44022e-05
1.46608     2.51327    3.85493e-05
1.67552     2.51327    3.93063e-05
1.88496     2.51327    3.83948e-05
2.0944     2.51327    3.75684e-05
2.30383     2.51327    3.79147e-05
2.51327     2.51327    3.87782e-05
2.72271     2.51327    3.79992e-05
2.93215     2.51327    3.36302e-05
3.14159     2.51327    2.57812e-05

-3.14159     2.72271    2.73392e-05
-2.93215     2.72271    3.61404e-05
-2.72271     2.72271    4.23866e-05
-2.51327     2.72271    4.52676e-05
-2.30383     2.72271    4.60347e-05
-2.0944     2.72271    4.60478e-05
-1.88496     2.72271    4.56767e-05
-1.67552     2.72271    4.4741e-05
-1.46608     2.72271    4.23861e-05
-1.25664     2.72271    3.68891e-05
-1.0472     2.72271    2.81083e-05
-0.837758     2.72271    1.92314e-05
-0.628319     2.72271    1.27878e-05
-0.418879     2.72271    8.92843e-06
-0.20944     2.72271    6.96305e-06
0     2.72271    6.26897e-06
0.20944     2.72271    6.97715e-06
0.418879     2.72271    8.93624e-06
0.628319     2.72271    1.27875e-05
0.837758     2.72271    1.92317e-05
1.0472     2.72271    2.81084e-05
1.25664     2.72271    3.68886e-05
1.46608     2.72271    4.23857e-05
1.67552     2.72271    4.47406e-05
1.88496     2.72271    4.56758e-05
2.0944     2.72271    4.60479e-05
2.30383     2.72271    4.60358e-05
2.51327     2.72271    4.52673e-05
2.72271     2.72271    4.23877e-05
2.93215     2.72271    3.61409e-05
3.14159     2.72271    2.73395e-05

-3.14159     2.93215    3.08869e-05
-2.93215     2.93215    3.96142e-05
-2.72271     2.93215    4.62911e-05
-2.51327     2.93215    4.97368e-05
-2.30383     2.93215    5.07607e-05
-2.0944     2.93215    5.0441e-05
-1.88496     2.93215    4.94858e-05
-1.67552     2.93215    4.82399e-05
-1.46608     2.93215    4.57301e-05
-1.25664     2.93215    3.99523e-05
-1.0472     2.93215    3.11761e-05
-0.837758     2.93215    2.25327e-05
-0.628319     2.93215    1.60052e-05
-0.418879     2.93215    1.18264e-05
-0.20944     2.93215    9.60332e-06
0     2.93215    8.94952e-06
0.20944     2.93215    9.58898e-06
0.418879     2.93215    1.18216e-05
0.628319     2.93215    1.60054e-05
0.837758     2.93215    2.25326e-05
1.0472     2.93215    3.11764e-05
1.25664     2.93215    3.99522e-05
1.46608     2.93215    4.57304e-05
1.67552     2.93215    4.82406e-05
1.88496     2.93215    4.94863e-05
2.0944     2.93215    5.04408e-05
2.30383     2.93215    5.07611e-05
2.51327     2.93215    4.9737e-05
2.72271     2.93215    4.6292e-05
2.93215     2.93215    3.96147e-05
3.14159     2.93215    3.08864e-05

-3.14159     3.14159    3.62532e-05
-2.93215     3.14159    4.38036e-05
-2.72271     3.14159    4.92713e-05
-2.51327     3.14159    5.14276e-05
-2.30383     3.14159    5.10903e-05
-2.0944     3.14159    5.01207e-05
-1.88496     3.14159    4.98312e-05
-1.67552     3.14159    5.00084e-05
-1.46608     3.14159    4.87575e-05
-1.25664     3.14159    4.38034e-05
-1.0472     3.14159    3.59329e-05
-0.837758     3.14159    2.80425e-05
-0.628319     3.14159    2.16983e-05
-0.418879     3.14159    1.73027e-05
-0.20944     3.14159    1.48197e-05
0     3.14159    1.40403e-05
0.20944     3.14159    1.483e-05
0.418879     3.14159    1.73022e-05
0.628319     3.14159    2.16983e-05
0.837758     3.14159    2.80429e-05
1.0472     3.14159    3.59323e-05
1.25664     3.14159    4.38039e-05
1.46608     3.14159    4.87575e-05
1.67552     3.14159    5.00089e-05
1.88496     3.14159    4.98311e-05
2.0944     3.14159    5.01205e-05
2.30383     3.14159    5.10919e-05
2.51327     3.14159    5.14286e-05
2.72271     3.14159    4.92725e-05
2.93215     3.14159    4.38036e-05
3.14159     3.14159    3.62529e-05

