-3.14159     -3.14159    0.00339307
-2.93215     -3.14159    0.000137173
-2.72271     -3.14159    0.00355632
-2.51327     -3.14159    0.00321278
-2.30383     -3.14159    6.55448e-05
-2.0944     -3.14159    0.00458147
-1.88496     -3.14159    0.00356597
-1.67552     -3.14159    0.00122686
-1.46608     -3.14159    0.001945
-1.25664     -3.14159    0.000253819
-1.0472     -3.14159    0.00247511
-0.837758     -3.14159    0.00187884
-0.628319     -3.14159    0.00153076
-0.418879     -3.14159    0.00507808
-0.20944     -3.14159    0.0103066
0     -3.14159    0.020941
0.20944     -3.14159    0.0102315
0.418879     -3.14159    0.00511565
0.628319     -3.14159    0.00160567
0.837758     -3.14159    0.00187693
1.0472     -3.14159    0.0024629
1.25664     -3.14159    0.00030595
1.46608     -3.14159    0.00192336
1.67552     -3.14159    0.00124816
1.88496     -3.14159    0.00349334
2.0944     -3.14159    0.00453946
2.30383     -3.14159    0.000126623
2.51327     -3.14159    0.00317497
2.72271     -3.14159    0.00351501
2.93215     -3.14159    0.000162641
3.14159     -3.14159    0.00331893

-3.14159     -2.93215    0.00182882
-2.93215     -2.93215    0.00518538
-2.72271     -2.93215    0.00665481
-2.51327     -2.93215    0.0145533
-2.30383     -2.93215    0.00420787
-2.0944     -2.93215    0.00161742
-1.88496     -2.93215    0.000553354
-1.67552     -2.93215    0.00305905
-1.46608     -2.93215    0.00288654
-1.25664     -2.93215    0.00299453
-1.0472     -2.93215    0.0041499
-0.837758     -2.93215    0.00713276
-0.628319     -2.93215    0.00342929
-0.418879     -2.93215    0.00315581
-0.20944     -2.93215    0.00199276
0     -2.93215    0.0122874
0.20944     -2.93215    0.00199536
0.418879     -2.93215    0.00314955
0.628319     -2.93215    0.00341796
0.837758     -2.93215    0.00722117
1.0472     -2.93215    0.00416277
1.25664     -2.93215    0.00302358
1.46608     -2.93215    0.00287663
1.67552     -2.93215    0.00312638
1.88496     -2.93215    0.000511059
2.0944     -2.93215    0.00160323
2.30383     -2.93215    0.00424376
2.51327     -2.93215    0.0145568
2.72271     -2.93215    0.00659211
2.93215     -2.93215    0.00509713
3.14159     -2.93215    0.00180674

-3.14159     -2.72271    0.00187581
-2.93215     -2.72271    0.00287092
-2.72271     -2.72271    0.00533998
-2.51327     -2.72271    0.0150426
-2.30383     -2.72271    0.00245157
-2.0944     -2.72271    0.000902153
-1.88496     -2.72271    0.00233703
-1.67552     -2.72271    0.00455394
-1.46608     -2.72271    0.00324398
-1.25664     -2.72271    0.00372472
-1.0472     -2.72271    0.00400688
-0.837758     -2.72271    0.00358832
-0.628319     -2.72271    0.00561719
-0.418879     -2.72271    0.00254543
-0.20944     -2.72271    0.00215918
0     -2.72271    0.0148679
0.20944     -2.72271    0.00215934
0.418879     -2.72271    0.00250019
0.628319     -2.72271    0.00555387
0.837758     -2.72271    0.00358895
1.0472     -2.72271    0.00400409
1.25664     -2.72271    0.00374453
1.46608     -2.72271    0.00330276
1.67552     -2.72271    0.00462217
1.88496     -2.72271    0.00226278
2.0944     -2.72271    0.000931773
2.30383     -2.72271    0.00242522
2.51327     -2.72271    0.0149854
2.72271     -2.72271    0.0053094
2.93215     -2.72271    0.00293237
3.14159     -2.72271    0.00194841

-3.14159     -2.51327    0.00520059
-2.93215     -2.51327    0.00035777
-2.72271     -2.51327    0.00585225
-2.51327     -2.51327    0.000868264
-2.30383     -2.51327    0.00508841
-2.0944     -2.51327    0.000377026
-1.88496     -2.51327    0.00270029
-1.67552     -2.51327    0.00425743
-1.46608     -2.51327    0.00137881
-1.25664     -2.51327    0.00748277
-1.0472     -2.51327    0.0051919
-0.837758     -2.51327    0.00109472
-0.628319     -2.51327    0.00182027
-0.418879     -2.51327    0.00117099
-0.20944     -2.51327    0.00226176
0     -2.51327    0.00973271
0.20944     -2.51327    0.00224896
0.418879     -2.51327    0.00123264
0.628319     -2.51327    0.00186057
0.837758     -2.51327    0.00103917
1.0472     -2.51327    0.0051935
1.25664     -2.51327    0.00747059
1.46608     -2.51327    0.00134441
1.67552     -2.51327    0.00427799
1.88496     -2.51327    0.00274435
2.0944     -2.51327    0.000411127
2.30383     -2.51327    0.00509099
2.51327     -2.51327    0.000824569
2.72271     -2.51327    0.00592499
2.93215     -2.51327    0.000476385
3.14159     -2.51327    0.00516784

-3.14159     -2.30383    0.016588
-2.93215     -2.30383    0.0108028
-2.72271     -2.30383    0.00243864
-2.51327     -2.30383    0.00198874
-2.30383     -2.30383    0.00187239
-2.0944     -2.30383    0.00724112
-1.88496     -2.30383    0.00456408
-1.67552     -2.30383    0.00638098
-1.46608     -2.30383    0.00495715
-1.25664     -2.30383    0.00350757
-1.0472     -2.30383    0.00738402
-0.837758     -2.30383    0.00233162
-0.628319     -2.30383    0.00186947
-0.418879     -2.30383    0.00148542
-0.20944     -2.30383    0.00243669
0     -2.30383    0.00309495
0.20944     -2.30383    0.0025155
0.418879     -2.30383    0.00143006
0.628319     -2.30383    0.00190801
0.837758     -2.30383    0.00228873
1.0472     -2.30383    0.00737662
1.25664     -2.30383    0.00355519
1.46608     -2.30383    0.00490112
1.67552     -2.30383    0.00639655
1.88496     -2.30383    0.00454768
2.0944     -2.30383    0.00727886
2.30383     -2.30383    0.00191861
2.51327     -2.30383    0.00203475
2.72271     -2.30383    0.00266528
2.93215     -2.30383    0.0107984
3.14159     -2.30383    0.0166101

-3.14159     -2.0944    0.0200809
-2.93215     -2.0944    0.0266029
-2.72271     -2.0944    0.0150007
-2.51327     -2.0944    0.00718672
-2.30383     -2.0944    0.000510732
-2.0944     -2.0944    0.00329514
-1.88496     -2.0944    0.0025273
-1.67552     -2.0944    0.00318449
-1.46608     -2.0944    0.00896065
-1.25664     -2.0944    0.00732601
-1.0472     -2.0944    0.00260805
-0.837758     -2.0944    0.00641776
-0.628319     -2.0944    0.00123367
-0.418879     -2.0944    0.000546994
-0.20944     -2.0944    0.00601017
0     -2.0944    0.0042639
0.20944     -2.0944    0.00603001
0.418879     -2.0944    0.000565575
0.628319     -2.0944    0.00122517
0.837758     -2.0944    0.00643556
1.0472     -2.0944    0.0026384
1.25664     -2.0944    0.00739992
1.46608     -2.0944    0.00903029
1.67552     -2.0944    0.00312592
1.88496     -2.0944    0.002503
2.0944     -2.0944    0.00332202
2.30383     -2.0944    0.000510114
2.51327     -2.0944    0.00718939
2.72271     -2.0944    0.0150226
2.93215     -2.0944    0.0265016
3.14159     -2.0944    0.0200401

-3.14159     -1.88496    0.0260535
-2.93215     -1.88496    0.0175789
-2.72271     -1.88496    0.0161793
-2.51327     -1.88496    0.00331517
-2.30383     -1.88496    0.00466928
-2.0944     -1.88496    0.00669252
-1.88496     -1.88496    0.00222997
-1.67552     -1.88496    0.000872383
-1.46608     -1.88496    0.0033066
-1.25664     -1.88496    0.00108467
-1.0472     -1.88496    0.00130688
-0.837758     -1.88496    0.0050128
-0.628319     -1.88496    0.00147982
-0.418879     -1.88496    0.00431626
-0.20944     -1.88496    0.00405801
0     -1.88496    0.00206902
0.20944     -1.88496    0.00402355
0.418879     -1.88496    0.00427152
0.628319     -1.88496    0.00149099
0.837758     -1.88496    0.00498676
1.0472     -1.88496    0.0013505
1.25664     -1.88496    0.0011259
1.46608     -1.88496    0.00330806
1.67552     -1.88496    0.000900911
1.88496     -1.88496    0.00222477
2.0944     -1.88496    0.00663137
2.30383     -1.88496    0.00467775
2.51327     -1.88496    0.00331986
2.72271     -1.88496    0.0160963
2.93215     -1.88496    0.0176727
3.14159     -1.88496    0.0260531

-3.14159     -1.67552    0.0241812
-2.93215     -1.67552    0.0145529
-2.72271     -1.67552    0.0183094
-2.51327     -1.67552    0.00579686
-2.30383     -1.67552    0.000414391
-2.0944     -1.67552    0.000640132
-1.88496     -1.67552    0.000372633
-1.67552     -1.67552    0.00184565
-1.46608     -1.67552    0.00381568
-1.25664     -1.67552    0.00473627
-1.0472     -1.67552    0.00182923
-0.837758     -1.67552    0.000632031
-0.628319     -1.67552    0.000819163
-0.418879     -1.67552    0.00888346
-0.20944     -1.67552    0.00330614
0     -1.67552    0.00546767
0.20944     -1.67552    0.00332042
0.418879     -1.67552    0.00887343
0.628319     -1.67552    0.000806616
0.837758     -1.67552    0.000697665
1.0472     -1.67552    0.00184924
1.25664     -1.67552    0.00472419
1.46608     -1.67552    0.00385615
1.67552     -1.67552    0.00176652
1.88496     -1.67552    0.000358729
2.0944     -1.67552    0.000595224
2.30383     -1.67552    0.000448426
2.51327     -1.67552    0.00579976
2.72271     -1.67552    0.0183445
2.93215     -1.67552    0.0145526
3.14159     -1.67552    0.0241609

-3.14159     -1.46608    0.0190476
-2.93215     -1.46608    0.0156496
-2.72271     -1.46608    0.0170365
-2.51327     -1.46608    0.0115619
-2.30383     -1.46608    0.00876946
-2.0944     -1.46608    0.00209819
-1.88496     -1.46608    0.000783871
-1.67552     -1.46608    0.000689555
-1.46608     -1.46608    0.000437478
-1.25664     -1.46608    0.00146611
-1.0472     -1.46608    0.00081866
-0.837758     -1.46608    0.012315
-0.628319     -1.46608    0.00181893
-0.418879     -1.46608    0.00615653
-0.20944     -1.46608    0.00150659
0     -1.46608    0.000847412
0.20944     -1.46608    0.00151912
0.418879     -1.46608    0.00616829
0.628319     -1.46608    0.0017877
0.837758     -1.46608    0.0122765
1.0472     -1.46608    0.000791522
1.25664     -1.46608    0.00145561
1.46608     -1.46608    0.000410106
1.67552     -1.46608    0.000737461
1.88496     -1.46608    0.000757164
2.0944     -1.46608    0.0021069
2.30383     -1.46608    0.00873736
2.51327     -1.46608    0.0116239
2.72271     -1.46608    0.0170223
2.93215     -1.46608    0.0156972
3.14159     -1.46608    0.0190229

-3.14159     -1.25664    0.0138808
-2.93215     -1.25664    0.00608129
-2.72271     -1.25664    0.000435159
-2.51327     -1.25664    0.00281266
-2.30383     -1.25664    0.014767
-2.0944     -1.25664    0.00336854
-1.88496     -1.25664    0.00284382
-1.67552     -1.25664    0.00548047
-1.46608     -1.25664    0.00306185
-1.25664     -1.25664    0.00898786
-1.0472     -1.25664    0.00117179
-0.837758     -1.25664    0.00300588
-0.628319     -1.25664    0.00333148
-0.418879     -1.25664    0.00642306
-0.20944     -1.25664    0.00404796
0     -1.25664    0.0017883
0.20944     -1.25664    0.00402322
0.418879     -1.25664    0.00639826
0.628319     -1.25664    0.0033009
0.837758     -1.25664    0.0030168
1.0472     -1.25664    0.00111957
1.25664     -1.25664    0.0090173
1.46608     -1.25664    0.00308138
1.67552     -1.25664    0.00549477
1.88496     -1.25664    0.00286675
2.0944     -1.25664    0.00337928
2.30383     -1.25664    0.0146743
2.51327     -1.25664    0.00281909
2.72271     -1.25664    0.000434001
2.93215     -1.25664    0.00607756
3.14159     -1.25664    0.0139034

-3.14159     -1.0472    0.00149744
-2.93215     -1.0472    0.00405927
-2.72271     -1.0472    0.00534668
-2.51327     -1.0472    0.0009343
-2.30383     -1.0472    3.78386e-05
-2.0944     -1.0472    0.0016769
-1.88496     -1.0472    0.00331969
-1.67552     -1.0472    0.00314249
-1.46608     -1.0472    0.00381843
-1.25664     -1.0472    0.00365318
-1.0472     -1.0472    0.00559497
-0.837758     -1.0472    0.00748232
-0.628319     -1.0472    0.001031
-0.418879     -1.0472    0.00193589
-0.20944     -1.0472    0.000713305
0     -1.0472    0.00271825
0.20944     -1.0472    0.000751896
0.418879     -1.0472    0.0019427
0.628319     -1.0472    0.000985495
0.837758     -1.0472    0.00751727
1.0472     -1.0472    0.0056133
1.25664     -1.0472    0.00363853
1.46608     -1.0472    0.00385919
1.67552     -1.0472    0.00317183
1.88496     -1.0472    0.00328097
2.0944     -1.0472    0.00164284
2.30383     -1.0472    4.13937e-05
2.51327     -1.0472    0.000971774
2.72271     -1.0472    0.00532184
2.93215     -1.0472    0.00399928
3.14159     -1.0472    0.00143545

-3.14159     -0.837758    0.00180711
-2.93215     -0.837758    0.00469648
-2.72271     -0.837758    0.00550665
-2.51327     -0.837758    0.00158965
-2.30383     -0.837758    4.92566e-05
-2.0944     -0.837758    0.00307461
-1.88496     -0.837758    0.00608476
-1.67552     -0.837758    0.000809568
-1.46608     -0.837758    0.0052979
-1.25664     -0.837758    0.00172414
-1.0472     -0.837758    0.00484954
-0.837758     -0.837758    0.00115956
-0.628319     -0.837758    0.00274565
-0.418879     -0.837758    0.00289675
-0.20944     -0.837758    0.00559941
0     -0.837758    0.0055535
0.20944     -0.837758    0.00562433
0.418879     -0.837758    0.00287428
0.628319     -0.837758    0.00273338
0.837758     -0.837758    0.00121336
1.0472     -0.837758    0.00476142
1.25664     -0.837758    0.00176381
1.46608     -0.837758    0.00529662
1.67552     -0.837758    0.000795248
1.88496     -0.837758    0.0060421
2.0944     -0.837758    0.0030459
2.30383     -0.837758    2.44769e-05
2.51327     -0.837758    0.00164156
2.72271     -0.837758    0.00545964
2.93215     -0.837758    0.004707
3.14159     -0.837758    0.00185679

-3.14159     -0.628319    0.00246413
-2.93215     -0.628319    0.0063954
-2.72271     -0.628319    0.00114545
-2.51327     -0.628319    0.00263114
-2.30383     -0.628319    0.00195438
-2.0944     -0.628319    0.00101771
-1.88496     -0.628319    0.00281757
-1.67552     -0.628319    0.00704729
-1.46608     -0.628319    0.00196781
-1.25664     -0.628319    0.00312477
-1.0472     -0.628319    0.0010458
-0.837758     -0.628319    0.00166905
-0.628319     -0.628319    0.00479753
-0.418879     -0.628319    0.015935
-0.20944     -0.628319    0.0165875
0     -0.628319    0.00561938
0.20944     -0.628319    0.0165638
0.418879     -0.628319    0.015987
0.628319     -0.628319    0.00473159
0.837758     -0.628319    0.00160552
1.0472     -0.628319    0.00102766
1.25664     -0.628319    0.00311333
1.46608     -0.628319    0.00194458
1.67552     -0.628319    0.00701658
1.88496     -0.628319    0.00284399
2.0944     -0.628319    0.00100068
2.30383     -0.628319    0.00189969
2.51327     -0.628319    0.00263745
2.72271     -0.628319    0.00116878
2.93215     -0.628319    0.00643118
3.14159     -0.628319    0.00241273

-3.14159     -0.418879    0.00308196
-2.93215     -0.418879    0.00518052
-2.72271     -0.418879    0.00353701
-2.51327     -0.418879    0.0025333
-2.30383     -0.418879    0.00456401
-2.0944     -0.418879    0.00317428
-1.88496     -0.418879    0.00131042
-1.67552     -0.418879    0.00791268
-1.46608     -0.418879    0.00480261
-1.25664     -0.418879    0.00226576
-1.0472     -0.418879    0.00173824
-0.837758     -0.418879    0.00247649
-0.628319     -0.418879    0.00420356
-0.418879     -0.418879    0.0173388
-0.20944     -0.418879    0.0183023
0     -0.418879    0.0274938
0.20944     -0.418879    0.0182277
0.418879     -0.418879    0.017423
0.628319     -0.418879    0.00415459
0.837758     -0.418879    0.00247905
1.0472     -0.418879    0.00177505
1.25664     -0.418879    0.00223036
1.46608     -0.418879    0.00486548
1.67552     -0.418879    0.00792313
1.88496     -0.418879    0.00130138
2.0944     -0.418879    0.00319087
2.30383     -0.418879    0.00456314
2.51327     -0.418879    0.00251057
2.72271     -0.418879    0.00356326
2.93215     -0.418879    0.00517401
3.14159     -0.418879    0.0030203

-3.14159     -0.20944    0.00263435
-2.93215     -0.20944    0.00486037
-2.72271     -0.20944    0.00623429
-2.51327     -0.20944    0.00742314
-2.30383     -0.20944    0.00277643
-2.0944     -0.20944    0.00450295
-1.88496     -0.20944    0.00238206
-1.67552     -0.20944    0.00348523
-1.46608     -0.20944    0.00483187
-1.25664     -0.20944    0.00535449
-1.0472     -0.20944    0.00368786
-0.837758     -0.20944    0.00630934
-0.628319     -0.20944    0.0108013
-0.418879     -0.20944    0.0181453
-0.20944     -0.20944    0.0252427
0     -0.20944    0.0282935
0.20944     -0.20944    0.0253147
0.418879     -0.20944    0.01815
0.628319     -0.20944    0.0107474
0.837758     -0.20944    0.00625629
1.0472     -0.20944    0.00368274
1.25664     -0.20944    0.00540982
1.46608     -0.20944    0.00478462
1.67552     -0.20944    0.0034489
1.88496     -0.20944    0.00238506
2.0944     -0.20944    0.00444201
2.30383     -0.20944    0.00273397
2.51327     -0.20944    0.00745268
2.72271     -0.20944    0.00615915
2.93215     -0.20944    0.0048705
3.14159     -0.20944    0.0026553

-3.14159     0    0.00491468
-2.93215     0    0.00107833
-2.72271     0    0.00424762
-2.51327     0    0.00582885
-2.30383     0    0.00586252
-2.0944     0    0.000477702
-1.88496     0    0.000647508
-1.67552     0    0.0127463
-1.46608     0    0.00164636
-1.25664     0    0.0024219
-1.0472     0    0.00156314
-0.837758     0    0.0110683
-0.628319     0    0.022169
-0.418879     0    0.0183495
-0.20944     0    0.037732
0     0    4.73933e-15
0.20944     0    0.037732
0.418879     0    0.0183495
0.628319     0    0.022169
0.837758     0    0.0110683
1.0472     0    0.00156314
1.25664     0    0.0024219
1.46608     0    0.00164636
1.67552     0    0.0127463
1.88496     0    0.000647508
2.0944     0    0.000477702
2.30383     0    0.00586252
2.51327     0    0.00582885
2.72271     0    0.00424762
2.93215     0    0.00107833
3.14159     0    0.00491468

-3.14159     0.20944    0.0026553
-2.93215     0.20944    0.0048705
-2.72271     0.20944    0.00615915
-2.51327     0.20944    0.00745268
-2.30383     0.20944    0.00273397
-2.0944     0.20944    0.00444201
-1.88496     0.20944    0.00238506
-1.67552     0.20944    0.0034489
-1.46608     0.20944    0.00478462
-1.25664     0.20944    0.00540982
-1.0472     0.20944    0.00368274
-0.837758     0.20944    0.00625629
-0.628319     0.20944    0.0107474
-0.418879     0.20944    0.01815
-0.20944     0.20944    0.0253147
0     0.20944    0.0282935
0.20944     0.20944    0.0252427
0.418879     0.20944    0.0181453
0.628319     0.20944    0.0108013
0.837758     0.20944    0.00630934
1.0472     0.20944    0.00368786
1.25664     0.20944    0.00535449
1.46608     0.20944    0.00483187
1.67552     0.20944    0.00348523
1.88496     0.20944    0.00238206
2.0944     0.20944    0.00450295
2.30383     0.20944    0.00277643
2.51327     0.20944    0.00742314
2.72271     0.20944    0.00623429
2.93215     0.20944    0.00486037
3.14159     0.20944    0.00263435

-3.14159     0.418879    0.0030203
-2.93215     0.418879    0.00517401
-2.72271     0.418879    0.00356326
-2.51327     0.418879    0.00251057
-2.30383     0.418879    0.00456314
-2.0944     0.418879    0.00319087
-1.88496     0.418879    0.00130138
-1.67552     0.418879    0.00792313
-1.46608     0.418879    0.00486548
-1.25664     0.418879    0.00223036
-1.0472     0.418879    0.00177505
-0.837758     0.418879    0.00247905
-0.628319     0.418879    0.00415459
-0.418879     0.418879    0.017423
-0.20944     0.418879    0.0182277
0     0.418879    0.0274938
0.20944     0.418879    0.0183023
0.418879     0.418879    0.0173388
0.628319     0.418879    0.00420356
0.837758     0.418879    0.00247649
1.0472     0.418879    0.00173824
1.25664     0.418879    0.00226576
1.46608     0.418879    0.00480261
1.67552     0.418879    0.00791268
1.88496     0.418879    0.00131042
2.0944     0.418879    0.00317428
2.30383     0.418879    0.00456401
2.51327     0.418879    0.0025333
2.72271     0.418879    0.00353701
2.93215     0.418879    0.00518052
3.14159     0.418879    0.00308196

-3.14159     0.628319    0.00241273
-2.93215     0.628319    0.00643118
-2.72271     0.628319    0.00116878
-2.51327     0.628319    0.00263745
-2.30383     0.628319    0.00189969
-2.0944     0.628319    0.00100068
-1.88496     0.628319    0.00284399
-1.67552     0.628319    0.00701658
-1.46608     0.628319    0.00194458
-1.25664     0.628319    0.00311333
-1.0472     0.628319    0.00102766
-0.837758     0.628319    0.00160552
-0.628319     0.628319    0.00473159
-0.418879     0.628319    0.015987
-0.20944     0.628319    0.0165638
0     0.628319    0.00561938
0.20944     0.628319    0.0165875
0.418879     0.628319    0.015935
0.628319     0.628319    0.00479753
0.837758     0.628319    0.00166905
1.0472     0.628319    0.0010458
1.25664     0.628319    0.00312477
1.46608     0.628319    0.00196781
1.67552     0.628319    0.00704729
1.88496     0.628319    0.00281757
2.0944     0.628319    0.00101771
2.30383     0.628319    0.00195438
2.51327     0.628319    0.00263114
2.72271     0.628319    0.00114545
2.93215     0.628319    0.0063954
3.14159     0.628319    0.00246413

-3.14159     0.837758    0.00185679
-2.93215     0.837758    0.004707
-2.72271     0.837758    0.00545964
-2.51327     0.837758    0.00164156
-2.30383     0.837758    2.44769e-05
-2.0944     0.837758    0.0030459
-1.88496     0.837758    0.0060421
-1.67552     0.837758    0.000795248
-1.46608     0.837758    0.00529662
-1.25664     0.837758    0.00176381
-1.0472     0.837758    0.00476142
-0.837758     0.837758    0.00121336
-0.628319     0.837758    0.00273338
-0.418879     0.837758    0.00287428
-0.20944     0.837758    0.00562433
0     0.837758    0.0055535
0.20944     0.837758    0.00559941
0.418879     0.837758    0.00289675
0.628319     0.837758    0.00274565
0.837758     0.837758    0.00115956
1.0472     0.837758    0.00484954
1.25664     0.837758    0.00172414
1.46608     0.837758    0.0052979
1.67552     0.837758    0.000809568
1.88496     0.837758    0.00608476
2.0944     0.837758    0.00307461
2.30383     0.837758    4.92566e-05
2.51327     0.837758    0.00158965
2.72271     0.837758    0.00550665
2.93215     0.837758    0.00469648
3.14159     0.837758    0.00180711

-3.14159     1.0472    0.00143545
-2.93215     1.0472    0.00399928
-2.72271     1.0472    0.00532184
-2.51327     1.0472    0.000971774
-2.30383     1.0472    4.13937e-05
-2.0944     1.0472    0.00164284
-1.88496     1.0472    0.00328097
-1.67552     1.0472    0.00317183
-1.46608     1.0472    0.00385919
-1.25664     1.0472    0.00363853
-1.0472     1.0472    0.0056133
-0.837758     1.0472    0.00751727
-0.628319     1.0472    0.000985495
-0.418879     1.0472    0.0019427
-0.20944     1.0472    0.000751896
0     1.0472    0.00271825
0.20944     1.0472    0.000713305
0.418879     1.0472    0.00193589
0.628319     1.0472    0.001031
0.837758     1.0472    0.00748232
1.0472     1.0472    0.00559497
1.25664     1.0472    0.00365318
1.46608     1.0472    0.00381843
1.67552     1.0472    0.00314249
1.88496     1.0472    0.00331969
2.0944     1.0472    0.0016769
2.30383     1.0472    3.78386e-05
2.51327     1.0472    0.0009343
2.72271     1.0472    0.00534668
2.93215     1.0472    0.00405927
3.14159     1.0472    0.00149744

-3.14159     1.25664    0.0139034
-2.93215     1.25664    0.00607756
-2.72271     1.25664    0.000434001
-2.51327     1.25664    0.00281909
-2.30383     1.25664    0.0146743
-2.0944     1.25664    0.00337928
-1.88496     1.25664    0.00286675
-1.67552     1.25664    0.00549477
-1.46608     1.25664    0.00308138
-1.25664     1.25664    0.0090173
-1.0472     1.25664    0.00111957
-0.837758     1.25664    0.0030168
-0.628319     1.25664    0.0033009
-0.418879     1.25664    0.00639826
-0.20944     1.25664    0.00402322
0     1.25664    0.0017883
0.20944     1.25664    0.00404796
0.418879     1.25664    0.00642306
0.628319     1.25664    0.00333148
0.837758     1.25664    0.00300588
1.0472     1.25664    0.00117179
1.25664     1.25664    0.00898786
1.46608     1.25664    0.00306185
1.67552     1.25664    0.00548047
1.88496     1.25664    0.00284382
2.0944     1.25664    0.00336854
2.30383     1.25664    0.014767
2.51327     1.25664    0.00281266
2.72271     1.25664    0.000435159
2.93215     1.25664    0.00608129
3.14159     1.25664    0.0138808

-3.14159     1.46608    0.0190229
-2.93215     1.46608    0.0156972
-2.72271     1.46608    0.0170223
-2.51327     1.46608    0.0116239
-2.30383     1.46608    0.00873736
-2.0944     1.46608    0.0021069
-1.88496     1.46608    0.000757164
-1.67552     1.46608    0.000737461
-1.46608     1.46608    0.000410106
-1.25664     1.46608    0.00145561
-1.0472     1.46608    0.000791522
-0.837758     1.46608    0.0122765
-0.628319     1.46608    0.0017877
-0.418879     1.46608    0.00616829
-0.20944     1.46608    0.00151912
0     1.46608    0.000847412
0.20944     1.46608    0.00150659
0.418879     1.46608    0.00615653
0.628319     1.46608    0.00181893
0.837758     1.46608    0.012315
1.0472     1.46608    0.00081866
1.25664     1.46608    0.00146611
1.46608     1.46608    0.000437478
1.67552     1.46608    0.000689555
1.88496     1.46608    0.000783871
2.0944     1.46608    0.00209819
2.30383     1.46608    0.00876946
2.51327     1.46608    0.0115619
2.72271     1.46608    0.0170365
2.93215     1.46608    0.0156496
3.14159     1.46608    0.0190476

-3.14159     1.67552    0.0241609
-2.93215     1.67552    0.0145526
-2.72271     1.67552    0.0183445
-2.51327     1.67552    0.00579976
-2.30383     1.67552    0.000448426
-2.0944     1.67552    0.000595224
-1.88496     1.67552    0.000358729
-1.67552     1.67552    0.00176652
-1.46608     1.67552    0.00385615
-1.25664     1.67552    0.00472419
-1.0472     1.67552    0.00184924
-0.837758     1.67552    0.000697665
-0.628319     1.67552    0.000806616
-0.418879     1.67552    0.00887343
-0.20944     1.67552    0.00332042
0     1.67552    0.00546767
0.20944     1.67552    0.00330614
0.418879     1.67552    0.00888346
0.628319     1.67552    0.000819163
0.837758     1.67552    0.000632031
1.0472     1.67552    0.00182923
1.25664     1.67552    0.00473627
1.46608     1.67552    0.00381568
1.67552     1.67552    0.00184565
1.88496     1.67552    0.000372633
2.0944     1.67552    0.000640132
2.30383     1.67552    0.000414391
2.51327     1.67552    0.00579686
2.72271     1.67552    0.0183094
2.93215     1.67552    0.0145529
3.14159     1.67552    0.0241812

-3.14159     1.88496    0.0260531
-2.93215     1.88496    0.0176727
-2.72271     1.88496    0.0160963
-2.51327     1.88496    0.00331986
-2.30383     1.88496    0.00467775
-2.0944     1.88496    0.00663137
-1.88496     1.88496    0.00222477
-1.67552     1.88496    0.000900911
-1.46608     1.88496    0.00330806
-1.25664     1.88496    0.0011259
-1.0472     1.88496    0.0013505
-0.837758     1.88496    0.00498676
-0.628319     1.88496    0.00149099
-0.418879     1.88496    0.00427152
-0.20944     1.88496    0.00402355
0     1.88496    0.00206902
0.20944     1.88496    0.00405801
0.418879     1.88496    0.00431626
0.628319     1.88496    0.00147982
0.837758     1.88496    0.0050128
1.0472     1.88496    0.00130688
1.25664     1.88496    0.00108467
1.46608     1.88496    0.0033066
1.67552     1.88496    0.000872383
1.88496     1.88496    0.00222997
2.0944     1.88496    0.00669252
2.30383     1.88496    0.00466928
2.51327     1.88496    0.00331517
2.72271     1.88496    0.0161793
2.93215     1.88496    0.0175789
3.14159     1.88496    0.0260535

-3.14159     2.0944    0.0200401
-2.93215     2.0944    0.0265016
-2.72271     2.0944    0.0150226
-2.51327     2.0944    0.00718939
-2.30383     2.0944    0.000510114
-2.0944     2.0944    0.00332202
-1.88496     2.0944    0.002503
-1.67552     2.0944    0.00312592
-1.46608     2.0944    0.00903029
-1.25664     2.0944    0.00739992
-1.0472     2.0944    0.0026384
-0.837758     2.0944    0.00643556
-0.628319     2.0944    0.00122517
-0.418879     2.0944    0.000565575
-0.20944     2.0944    0.00603001
0     2.0944    0.0042639
0.20944     2.0944    0.00601017
0.418879     2.0944    0.000546994
0.628319     2.0944    0.00123367
0.837758     2.0944    0.00641776
1.0472     2.0944    0.00260805
1.25664     2.0944    0.00732601
1.46608     2.0944    0.00896065
1.67552     2.0944    0.00318449
1.88496     2.0944    0.0025273
2.0944     2.0944    0.00329514
2.30383     2.0944    0.000510732
2.51327     2.0944    0.00718672
2.72271     2.0944    0.0150007
2.93215     2.0944    0.0266029
3.14159     2.0944    0.0200809

-3.14159     2.30383    0.0166101
-2.93215     2.30383    0.0107984
-2.72271     2.30383    0.00266528
-2.51327     2.30383    0.00203475
-2.30383     2.30383    0.00191861
-2.0944     2.30383    0.00727886
-1.88496     2.30383    0.00454768
-1.67552     2.30383    0.00639655
-1.46608     2.30383    0.00490112
-1.25664     2.30383    0.00355519
-1.0472     2.30383    0.00737662
-0.837758     2.30383    0.00228873
-0.628319     2.30383    0.00190801
-0.418879     2.30383    0.00143006
-0.20944     2.30383    0.0025155
0     2.30383    0.00309495
0.20944     2.30383    0.00243669
0.418879     2.30383    0.00148542
0.628319     2.30383    0.00186947
0.837758     2.30383    0.00233162
1.0472     2.30383    0.00738402
1.25664     2.30383    0.00350757
1.46608     2.30383    0.00495715
1.67552     2.30383    0.00638098
1.88496     2.30383    0.00456408
2.0944     2.30383    0.00724112
2.30383     2.30383    0.00187239
2.51327     2.30383    0.00198874
2.72271     2.30383    0.00243864
2.93215     2.30383    0.0108028
3.14159     2.30383    0.016588

-3.14159     2.51327    0.00516784
-2.93215     2.51327    0.000476385
-2.72271     2.51327    0.00592499
-2.51327     2.51327    0.000824569
-2.30383     2.51327    0.00509099
-2.0944     2.51327    0.000411127
-1.88496     2.51327    0.00274435
-1.67552     2.51327    0.00427799
-1.46608     2.51327    0.00134441
-1.25664     2.51327    0.00747059
-1.0472     2.51327    0.0051935
-0.837758     2.51327    0.00103917
-0.628319     2.51327    0.00186057
-0.418879     2.51327    0.00123264
-0.20944     2.51327    0.00224896
0     2.51327    0.00973271
0.20944     2.51327    0.00226176
0.418879     2.51327    0.00117099
0.628319     2.51327    0.00182027
0.837758     2.51327    0.00109472
1.0472     2.51327    0.0051919
1.25664     2.51327    0.00748277
1.46608     2.51327    0.00137881
1.67552     2.51327    0.00425743
1.88496     2.51327    0.00270029
2.0944     2.51327    0.000377026
2.30383     2.51327    0.00508841
2.51327     2.51327    0.000868264
2.72271     2.51327    0.00585225
2.93215     2.51327    0.00035777
3.14159     2.51327    0.00520059

-3.14159     2.72271    0.00194841
-2.93215     2.72271    0.00293237
-2.72271     2.72271    0.0053094
-2.51327     2.72271    0.0149854
-2.30383     2.72271    0.00242522
-2.0944     2.72271    0.000931773
-1.88496     2.72271    0.00226278
-1.67552     2.72271    0.00462217
-1.46608     2.72271    0.00330276
-1.25664     2.72271    0.00374453
-1.0472     2.72271    0.00400409
-0.837758     2.72271    0.00358895
-0.628319     2.72271    0.00555387
-0.418879     2.72271    0.00250019
-0.20944     2.72271    0.00215934
0     2.72271    0.0148679
0.20944     2.72271    0.00215918
0.418879     2.72271    0.00254543
0.628319     2.72271    0.00561719
0.837758     2.72271    0.00358832
1.0472     2.72271    0.00400688
1.25664     2.72271    0.00372472
1.46608     2.72271    0.00324398
1.67552     2.72271    0.00455394
1.88496     2.72271    0.00233703
2.0944     2.72271    0.000902153
2.30383     2.72271    0.00245157
2.51327     2.72271    0.0150426
2.72271     2.72271    0.00533998
2.93215     2.72271    0.00287092
3.14159     2.72271    0.00187581

-3.14159     2.93215    0.00180674
-2.93215     2.93215    0.00509713
-2.72271     2.93215    0.00659211
-2.51327     2.93215    0.0145568
-2.30383     2.93215    0.00424376
-2.0944     2.93215    0.00160323
-1.88496     2.93215    0.000511059
-1.67552     2.93215    0.00312638
-1.46608     2.93215    0.00287663
-1.25664     2.93215    0.00302358
-1.0472     2.93215    0.00416277
-0.837758     2.93215    0.00722117
-0.628319     2.93215    0.00341796
-0.418879     2.93215    0.00314955
-0.20944     2.93215    0.00199536
0     2.93215    0.0122874
0.20944     2.93215    0.00199276
0.418879     2.93215    0.00315581
0.628319     2.93215    0.00342929
0.837758     2.93215    0.00713276
1.0472     2.93215    0.0041499
1.25664     2.93215    0.00299453
1.46608     2.93215    0.00288654
1.67552     2.93215    0.00305905
1.88496     2.93215    0.000553354
2.0944     2.93215    0.00161742
2.30383     2.93215    0.00420787
2.51327     2.93215    0.0145533
2.72271     2.93215    0.00665481
2.93215     2.93215    0.00518538
3.14159     2.93215    0.00182882

-3.14159     3.14159    0.00331893
-2.93215     3.14159    0.000162641
-2.72271     3.14159    0.00351501
-2.51327     3.14159    0.00317497
-2.30383     3.14159    0.000126623
-2.0944     3.14159    0.00453946
-1.88496     3.14159    0.00349334
-1.67552     3.14159    0.00124816
-1.46608     3.14159    0.00192336
-1.25664     3.14159    0.00030595
-1.0472     3.14159    0.0024629
-0.837758     3.14159    0.00187693
-0.628319     3.14159    0.00160567
-0.418879     3.14159    0.00511565
-0.20944     3.14159    0.0102315
0     3.14159    0.020941
0.20944     3.14159    0.0103066
0.418879     3.14159    0.00507808
0.628319     3.14159    0.00153076
0.837758     3.14159    0.00187884
1.0472     3.14159    0.00247511
1.25664     3.14159    0.000253819
1.46608     3.14159    0.001945
1.67552     3.14159    0.00122686
1.88496     3.14159    0.00356597
2.0944     3.14159    0.00458147
2.30383     3.14159    6.55448e-05
2.51327     3.14159    0.00321278
2.72271     3.14159    0.00355632
2.93215     3.14159    0.000137173
3.14159     3.14159    0.00339307

