-3.14159     -3.14159    1.08335e-06
-2.93215     -3.14159    2.86642e-06
-2.72271     -3.14159    4.60673e-06
-2.51327     -3.14159    5.80698e-06
-2.30383     -3.14159    6.35416e-06
-2.0944     -3.14159    6.47706e-06
-1.88496     -3.14159    6.43363e-06
-1.67552     -3.14159    6.08467e-06
-1.46608     -3.14159    4.96838e-06
-1.25664     -3.14159    2.87947e-06
-1.0472     -3.14159    5.64281e-07
-0.837758     -3.14159    1.30008e-06
-0.628319     -3.14159    2.55166e-06
-0.418879     -3.14159    3.25573e-06
-0.20944     -3.14159    3.5754e-06
0     -3.14159    3.67799e-06
0.20944     -3.14159    3.57549e-06
0.418879     -3.14159    3.25607e-06
0.628319     -3.14159    2.55128e-06
0.837758     -3.14159    1.30082e-06
1.0472     -3.14159    5.65439e-07
1.25664     -3.14159    2.87765e-06
1.46608     -3.14159    4.9681e-06
1.67552     -3.14159    6.08339e-06
1.88496     -3.14159    6.4351e-06
2.0944     -3.14159    6.47814e-06
2.30383     -3.14159    6.35095e-06
2.51327     -3.14159    5.80658e-06
2.72271     -3.14159    4.60289e-06
2.93215     -3.14159    2.86699e-06
3.14159     -3.14159    1.08461e-06

-3.14159     -2.93215    4.90952e-07
-2.93215     -2.93215    1.31107e-06
-2.72271     -2.93215    3.11889e-06
-2.51327     -2.93215    4.42444e-06
-2.30383     -2.93215    5.17989e-06
-2.0944     -2.93215    5.56387e-06
-1.88496     -2.93215    5.65793e-06
-1.67552     -2.93215    5.35536e-06
-1.46608     -2.93215    4.29454e-06
-1.25664     -2.93215    2.2276e-06
-1.0472     -2.93215    1.18381e-07
-0.837758     -2.93215    1.89111e-06
-0.628319     -2.93215    2.93446e-06
-0.418879     -2.93215    3.43698e-06
-0.20944     -2.93215    3.64298e-06
0     -2.93215    3.66541e-06
0.20944     -2.93215    3.64171e-06
0.418879     -2.93215    3.442e-06
0.628319     -2.93215    2.93406e-06
0.837758     -2.93215    1.89136e-06
1.0472     -2.93215    1.18812e-07
1.25664     -2.93215    2.22822e-06
1.46608     -2.93215    4.2935e-06
1.67552     -2.93215    5.35346e-06
1.88496     -2.93215    5.65567e-06
2.0944     -2.93215    5.56602e-06
2.30383     -2.93215    5.18211e-06
2.51327     -2.93215    4.42597e-06
2.72271     -2.93215    3.117e-06
2.93215     -2.93215    1.30834e-06
3.14159     -2.93215    4.89851e-07

-3.14159     -2.72271    1.53258e-06
-2.93215     -2.72271    1.31805e-07
-2.72271     -2.72271    1.69248e-06
-2.51327     -2.72271    2.6413e-06
-2.30383     -2.72271    3.15193e-06
-2.0944     -2.72271    3.6006e-06
-1.88496     -2.72271    4.06423e-06
-1.67552     -2.72271    4.22475e-06
-1.46608     -2.72271    3.57405e-06
-1.25664     -2.72271    1.80182e-06
-1.0472     -2.72271    4.48657e-07
-0.837758     -2.72271    2.09755e-06
-0.628319     -2.72271    2.95959e-06
-0.418879     -2.72271    3.27995e-06
-0.20944     -2.72271    3.35534e-06
0     -2.72271    3.40703e-06
0.20944     -2.72271    3.35664e-06
0.418879     -2.72271    3.2681e-06
0.628319     -2.72271    2.95933e-06
0.837758     -2.72271    2.09878e-06
1.0472     -2.72271    4.48516e-07
1.25664     -2.72271    1.80104e-06
1.46608     -2.72271    3.57696e-06
1.67552     -2.72271    4.22508e-06
1.88496     -2.72271    4.06556e-06
2.0944     -2.72271    3.59781e-06
2.30383     -2.72271    3.14893e-06
2.51327     -2.72271    2.64171e-06
2.72271     -2.72271    1.68995e-06
2.93215     -2.72271    1.30757e-07
3.14159     -2.72271    1.5322e-06

-3.14159     -2.51327    2.12724e-06
-2.93215     -2.51327    7.21699e-07
-2.72271     -2.51327    3.31667e-07
-2.51327     -2.51327    7.19679e-07
-2.30383     -2.51327    8.31088e-07
-2.0944     -2.51327    1.17224e-06
-1.88496     -2.51327    1.86768e-06
-1.67552     -2.51327    2.58177e-06
-1.46608     -2.51327    2.5919e-06
-1.25664     -2.51327    1.38267e-06
-1.0472     -2.51327    5.96721e-07
-0.837758     -2.51327    2.12701e-06
-0.628319     -2.51327    2.84635e-06
-0.418879     -2.51327    3.06069e-06
-0.20944     -2.51327    3.06923e-06
0     -2.51327    3.00097e-06
0.20944     -2.51327    3.07139e-06
0.418879     -2.51327    3.07685e-06
0.628319     -2.51327    2.846e-06
0.837758     -2.51327    2.12636e-06
1.0472     -2.51327    5.96345e-07
1.25664     -2.51327    1.38234e-06
1.46608     -2.51327    2.59343e-06
1.67552     -2.51327    2.57946e-06
1.88496     -2.51327    1.86661e-06
2.0944     -2.51327    1.17171e-06
2.30383     -2.51327    8.31598e-07
2.51327     -2.51327    7.19691e-07
2.72271     -2.51327    3.31472e-07
2.93215     -2.51327    7.21055e-07
3.14159     -2.51327    2.12695e-06

-3.14159     -2.30383    2.36033e-06
-2.93215     -2.30383    1.35508e-06
-2.72271     -2.30383    9.86998e-07
-2.51327     -2.30383    1.13883e-06
-2.30383     -2.30383    1.23718e-06
-2.0944     -2.30383    9.74025e-07
-1.88496     -2.30383    3.23416e-07
-1.67552     -2.30383    5.72818e-07
-1.46608     -2.30383    1.1708e-06
-1.25664     -2.30383    7.13689e-07
-1.0472     -2.30383    7.54079e-07
-0.837758     -2.30383    2.12282e-06
-0.628319     -2.30383    2.76141e-06
-0.418879     -2.30383    2.90257e-06
-0.20944     -2.30383    2.87647e-06
0     -2.30383    2.91792e-06
0.20944     -2.30383    2.87488e-06
0.418879     -2.30383    2.88884e-06
0.628319     -2.30383    2.75896e-06
0.837758     -2.30383    2.12133e-06
1.0472     -2.30383    7.56459e-07
1.25664     -2.30383    7.13552e-07
1.46608     -2.30383    1.17148e-06
1.67552     -2.30383    5.76706e-07
1.88496     -2.30383    3.22455e-07
2.0944     -2.30383    9.74563e-07
2.30383     -2.30383    1.23692e-06
2.51327     -2.30383    1.13845e-06
2.72271     -2.30383    9.86491e-07
2.93215     -2.30383    1.3542e-06
3.14159     -2.30383    2.36077e-06

-3.14159     -2.0944    2.3574e-06
-2.93215     -2.0944    1.92202e-06
-2.72271     -2.0944    2.16899e-06
-2.51327     -2.0944    2.56575e-06
-2.30383     -2.0944    2.65205e-06
-2.0944     -2.0944    2.40523e-06
-1.88496     -2.0944    1.91023e-06
-1.67552     -2.0944    1.21474e-06
-1.46608     -2.0944    4.76659e-07
-1.25664     -2.0944    3.00418e-07
-1.0472     -2.0944    1.09229e-06
-0.837758     -2.0944    2.17376e-06
-0.628319     -2.0944    2.75643e-06
-0.418879     -2.0944    2.8853e-06
-0.20944     -2.0944    2.82123e-06
0     -2.0944    2.72045e-06
0.20944     -2.0944    2.81846e-06
0.418879     -2.0944    2.90351e-06
0.628319     -2.0944    2.75772e-06
0.837758     -2.0944    2.17019e-06
1.0472     -2.0944    1.09181e-06
1.25664     -2.0944    3.02413e-07
1.46608     -2.0944    4.738e-07
1.67552     -2.0944    1.21448e-06
1.88496     -2.0944    1.90935e-06
2.0944     -2.0944    2.40571e-06
2.30383     -2.0944    2.65116e-06
2.51327     -2.0944    2.56537e-06
2.72271     -2.0944    2.17053e-06
2.93215     -2.0944    1.92127e-06
3.14159     -2.0944    2.35711e-06

-3.14159     -1.88496    2.29701e-06
-2.93215     -1.88496    2.47354e-06
-2.72271     -1.88496    3.06421e-06
-2.51327     -1.88496    3.39284e-06
-2.30383     -1.88496    3.33071e-06
-2.0944     -1.88496    3.07276e-06
-1.88496     -1.88496    2.7289e-06
-1.67552     -1.88496    2.31522e-06
-1.46608     -1.88496    1.81854e-06
-1.25664     -1.88496    1.44392e-06
-1.0472     -1.88496    1.66379e-06
-0.837758     -1.88496    2.34929e-06
-0.628319     -1.88496    2.84731e-06
-0.418879     -1.88496    2.96627e-06
-0.20944     -1.88496    2.92734e-06
0     -1.88496    2.94543e-06
0.20944     -1.88496    2.92973e-06
0.418879     -1.88496    2.95854e-06
0.628319     -1.88496    2.84963e-06
0.837758     -1.88496    2.3531e-06
1.0472     -1.88496    1.6604e-06
1.25664     -1.88496    1.44362e-06
1.46608     -1.88496    1.81553e-06
1.67552     -1.88496    2.31544e-06
1.88496     -1.88496    2.73e-06
2.0944     -1.88496    3.07344e-06
2.30383     -1.88496    3.33022e-06
2.51327     -1.88496    3.39318e-06
2.72271     -1.88496    3.06457e-06
2.93215     -1.88496    2.47446e-06
3.14159     -1.88496    2.29656e-06

-3.14159     -1.67552    2.31214e-06
-2.93215     -1.67552    2.97227e-06
-2.72271     -1.67552    3.56314e-06
-2.51327     -1.67552    3.68187e-06
-2.30383     -1.67552    3.48281e-06
-2.0944     -1.67552    3.2102e-06
-1.88496     -1.67552    2.9742e-06
-1.67552     -1.67552    2.77779e-06
-1.46608     -1.67552    2.57235e-06
-1.25664     -1.67552    2.35575e-06
-1.0472     -1.67552    2.32426e-06
-0.837758     -1.67552    2.65689e-06
-0.628319     -1.67552    3.0339e-06
-0.418879     -1.67552    3.16278e-06
-0.20944     -1.67552    3.10501e-06
0     -1.67552    3.06277e-06
0.20944     -1.67552    3.10605e-06
0.418879     -1.67552    3.16628e-06
0.628319     -1.67552    3.03491e-06
0.837758     -1.67552    2.65855e-06
1.0472     -1.67552    2.3266e-06
1.25664     -1.67552    2.35685e-06
1.46608     -1.67552    2.57492e-06
1.67552     -1.67552    2.7777e-06
1.88496     -1.67552    2.97319e-06
2.0944     -1.67552    3.21042e-06
2.30383     -1.67552    3.48428e-06
2.51327     -1.67552    3.68193e-06
2.72271     -1.67552    3.56312e-06
2.93215     -1.67552    2.97154e-06
3.14159     -1.67552    2.31163e-06

-3.14159     -1.46608    2.37335e-06
-2.93215     -1.46608    3.26796e-06
-2.72271     -1.46608    3.71492e-06
-2.51327     -1.46608    3.65471e-06
-2.30383     -1.46608    3.37997e-06
-2.0944     -1.46608    3.10868e-06
-1.88496     -1.46608    2.93798e-06
-1.67552     -1.46608    2.87415e-06
-1.46608     -1.46608    2.87858e-06
-1.25664     -1.46608    2.87743e-06
-1.0472     -1.46608    2.88789e-06
-0.837758     -1.46608    3.03167e-06
-0.628319     -1.46608    3.24878e-06
-0.418879     -1.46608    3.38664e-06
-0.20944     -1.46608    3.38602e-06
0     -1.46608    3.3082e-06
0.20944     -1.46608    3.36522e-06
0.418879     -1.46608    3.3876e-06
0.628319     -1.46608    3.25572e-06
0.837758     -1.46608    3.02741e-06
1.0472     -1.46608    2.88517e-06
1.25664     -1.46608    2.8811e-06
1.46608     -1.46608    2.87523e-06
1.67552     -1.46608    2.88038e-06
1.88496     -1.46608    2.94006e-06
2.0944     -1.46608    3.11004e-06
2.30383     -1.46608    3.38118e-06
2.51327     -1.46608    3.65446e-06
2.72271     -1.46608    3.71488e-06
2.93215     -1.46608    3.26764e-06
3.14159     -1.46608    2.37337e-06

-3.14159     -1.25664    2.31911e-06
-2.93215     -1.25664    3.28458e-06
-2.72271     -1.25664    3.61685e-06
-2.51327     -1.25664    3.4949e-06
-2.30383     -1.25664    3.2131e-06
-2.0944     -1.25664    2.96917e-06
-1.88496     -1.25664    2.83815e-06
-1.67552     -1.25664    2.83964e-06
-1.46608     -1.25664    2.95723e-06
-1.25664     -1.25664    3.11139e-06
-1.0472     -1.25664    3.23779e-06
-0.837758     -1.25664    3.34787e-06
-0.628319     -1.25664    3.48477e-06
-0.418879     -1.25664    3.56518e-06
-0.20944     -1.25664    3.58691e-06
0     -1.25664    3.66999e-06
0.20944     -1.25664    3.58536e-06
0.418879     -1.25664    3.54448e-06
0.628319     -1.25664    3.48783e-06
0.837758     -1.25664    3.35325e-06
1.0472     -1.25664    3.23788e-06
1.25664     -1.25664    3.11028e-06
1.46608     -1.25664    2.94982e-06
1.67552     -1.25664    2.83711e-06
1.88496     -1.25664    2.83843e-06
2.0944     -1.25664    2.9701e-06
2.30383     -1.25664    3.21128e-06
2.51327     -1.25664    3.49447e-06
2.72271     -1.25664    3.61694e-06
2.93215     -1.25664    3.28475e-06
3.14159     -1.25664    2.31941e-06

-3.14159     -1.0472    1.97964e-06
-2.93215     -1.0472    3.01809e-06
-2.72271     -1.0472    3.36918e-06
-2.51327     -1.0472    3.29332e-06
-2.30383     -1.0472    3.07957e-06
-2.0944     -1.0472    2.87756e-06
-1.88496     -1.0472    2.79302e-06
-1.67552     -1.0472    2.83198e-06
-1.46608     -1.0472    2.98594e-06
-1.25664     -1.0472    3.20522e-06
-1.0472     -1.0472    3.42393e-06
-0.837758     -1.0472    3.5514e-06
-0.628319     -1.0472    3.64098e-06
-0.418879     -1.0472    3.72512e-06
-0.20944     -1.0472    3.74401e-06
0     -1.0472    3.50891e-06
0.20944     -1.0472    3.74245e-06
0.418879     -1.0472    3.74722e-06
0.628319     -1.0472    3.65128e-06
0.837758     -1.0472    3.54662e-06
1.0472     -1.0472    3.42332e-06
1.25664     -1.0472    3.20665e-06
1.46608     -1.0472    2.9907e-06
1.67552     -1.0472    2.83073e-06
1.88496     -1.0472    2.79271e-06
2.0944     -1.0472    2.87761e-06
2.30383     -1.0472    3.07711e-06
2.51327     -1.0472    3.29221e-06
2.72271     -1.0472    3.36818e-06
2.93215     -1.0472    3.01681e-06
3.14159     -1.0472    1.97922e-06

-3.14159     -0.837758    1.25309e-06
-2.93215     -0.837758    2.41591e-06
-2.72271     -0.837758    2.95079e-06
-2.51327     -0.837758    3.05317e-06
-2.30383     -0.837758    2.97241e-06
-2.0944     -0.837758    2.87374e-06
-1.88496     -0.837758    2.83576e-06
-1.67552     -0.837758    2.90537e-06
-1.46608     -0.837758    3.07961e-06
-1.25664     -0.837758    3.28785e-06
-1.0472     -0.837758    3.53022e-06
-0.837758     -0.837758    3.67634e-06
-0.628319     -0.837758    3.70902e-06
-0.418879     -0.837758    3.6853e-06
-0.20944     -0.837758    3.73181e-06
0     -0.837758    3.9831e-06
0.20944     -0.837758    3.73412e-06
0.418879     -0.837758    3.66615e-06
0.628319     -0.837758    3.72016e-06
0.837758     -0.837758    3.6728e-06
1.0472     -0.837758    3.52004e-06
1.25664     -0.837758    3.28574e-06
1.46608     -0.837758    3.07796e-06
1.67552     -0.837758    2.90564e-06
1.88496     -0.837758    2.83652e-06
2.0944     -0.837758    2.87762e-06
2.30383     -0.837758    2.97263e-06
2.51327     -0.837758    3.05327e-06
2.72271     -0.837758    2.95154e-06
2.93215     -0.837758    2.41623e-06
3.14159     -0.837758    1.25264e-06

-3.14159     -0.628319    4.26472e-08
-2.93215     -0.628319    1.41324e-06
-2.72271     -0.628319    2.22596e-06
-2.51327     -0.628319    2.63187e-06
-2.30383     -0.628319    2.79193e-06
-2.0944     -0.628319    2.85957e-06
-1.88496     -0.628319    2.92864e-06
-1.67552     -0.628319    3.04846e-06
-1.46608     -0.628319    3.22732e-06
-1.25664     -0.628319    3.42165e-06
-1.0472     -0.628319    3.58942e-06
-0.837758     -0.628319    3.70892e-06
-0.628319     -0.628319    3.72311e-06
-0.418879     -0.628319    3.76229e-06
-0.20944     -0.628319    3.65982e-06
0     -0.628319    3.33424e-06
0.20944     -0.628319    3.65469e-06
0.418879     -0.628319    3.79733e-06
0.628319     -0.628319    3.711e-06
0.837758     -0.628319    3.72143e-06
1.0472     -0.628319    3.59621e-06
1.25664     -0.628319    3.42446e-06
1.46608     -0.628319    3.21871e-06
1.67552     -0.628319    3.04509e-06
1.88496     -0.628319    2.9276e-06
2.0944     -0.628319    2.86166e-06
2.30383     -0.628319    2.78929e-06
2.51327     -0.628319    2.63104e-06
2.72271     -0.628319    2.22726e-06
2.93215     -0.628319    1.41221e-06
3.14159     -0.628319    4.12624e-08

-3.14159     -0.418879    1.66706e-06
-2.93215     -0.418879    1.63717e-07
-2.72271     -0.418879    1.00063e-06
-2.51327     -0.418879    1.81005e-06
-2.30383     -0.418879    2.33608e-06
-2.0944     -0.418879    2.68158e-06
-1.88496     -0.418879    2.9396e-06
-1.67552     -0.418879    3.15952e-06
-1.46608     -0.418879    3.36668e-06
-1.25664     -0.418879    3.55163e-06
-1.0472     -0.418879    3.6918e-06
-0.837758     -0.418879    3.72383e-06
-0.628319     -0.418879    3.70867e-06
-0.418879     -0.418879    3.57331e-06
-0.20944     -0.418879    3.78398e-06
0     -0.418879    3.99008e-06
0.20944     -0.418879    3.48484e-06
0.418879     -0.418879    3.49819e-06
0.628319     -0.418879    3.70385e-06
0.837758     -0.418879    3.72983e-06
1.0472     -0.418879    3.68487e-06
1.25664     -0.418879    3.56004e-06
1.46608     -0.418879    3.36821e-06
1.67552     -0.418879    3.16326e-06
1.88496     -0.418879    2.93982e-06
2.0944     -0.418879    2.68153e-06
2.30383     -0.418879    2.33781e-06
2.51327     -0.418879    1.81017e-06
2.72271     -0.418879    9.98363e-07
2.93215     -0.418879    1.65644e-07
3.14159     -0.418879    1.66794e-06

-3.14159     -0.20944    3.33192e-06
-2.93215     -0.20944    1.93036e-06
-2.72271     -0.20944    5.9499e-07
-2.51327     -0.20944    5.66617e-07
-2.30383     -0.20944    1.5004e-06
-2.0944     -0.20944    2.21258e-06
-1.88496     -0.20944    2.72865e-06
-1.67552     -0.20944    3.12003e-06
-1.46608     -0.20944    3.4126e-06
-1.25664     -0.20944    3.62227e-06
-1.0472     -0.20944    3.75044e-06
-0.837758     -0.20944    3.72727e-06
-0.628319     -0.20944    3.68824e-06
-0.418879     -0.20944    3.66056e-06
-0.20944     -0.20944    3.85773e-06
0     -0.20944    2.82528e-06
0.20944     -0.20944    3.36657e-06
0.418879     -0.20944    3.40345e-06
0.628319     -0.20944    3.6986e-06
0.837758     -0.20944    3.73187e-06
1.0472     -0.20944    3.71289e-06
1.25664     -0.20944    3.60667e-06
1.46608     -0.20944    3.41589e-06
1.67552     -0.20944    3.12198e-06
1.88496     -0.20944    2.73125e-06
2.0944     -0.20944    2.21164e-06
2.30383     -0.20944    1.50139e-06
2.51327     -0.20944    5.70988e-07
2.72271     -0.20944    5.95296e-07
2.93215     -0.20944    1.92995e-06
3.14159     -0.20944    3.332e-06

-3.14159     0    4.03218e-06
-2.93215     0    2.73581e-06
-2.72271     0    1.41802e-06
-2.51327     0    1.2899e-07
-2.30383     0    9.94408e-07
-2.0944     0    1.88536e-06
-1.88496     0    2.56101e-06
-1.67552     0    3.05369e-06
-1.46608     0    3.39893e-06
-1.25664     0    3.62409e-06
-1.0472     0    3.71463e-06
-0.837758     0    3.71029e-06
-0.628319     0    3.66882e-06
-0.418879     0    3.96012e-06
-0.20944     0    3.63384e-06
0     0    1.85469e-16
0.20944     0    3.63384e-06
0.418879     0    3.96012e-06
0.628319     0    3.66882e-06
0.837758     0    3.71029e-06
1.0472     0    3.71463e-06
1.25664     0    3.62409e-06
1.46608     0    3.39893e-06
1.67552     0    3.05369e-06
1.88496     0    2.56101e-06
2.0944     0    1.88536e-06
2.30383     0    9.94408e-07
2.51327     0    1.2899e-07
2.72271     0    1.41802e-06
2.93215     0    2.73581e-06
3.14159     0    4.03218e-06

-3.14159     0.20944    3.332e-06
-2.93215     0.20944    1.92995e-06
-2.72271     0.20944    5.95296e-07
-2.51327     0.20944    5.70988e-07
-2.30383     0.20944    1.50139e-06
-2.0944     0.20944    2.21164e-06
-1.88496     0.20944    2.73125e-06
-1.67552     0.20944    3.12198e-06
-1.46608     0.20944    3.41589e-06
-1.25664     0.20944    3.60667e-06
-1.0472     0.20944    3.71289e-06
-0.837758     0.20944    3.73187e-06
-0.628319     0.20944    3.6986e-06
-0.418879     0.20944    3.40345e-06
-0.20944     0.20944    3.36657e-06
0     0.20944    2.82528e-06
0.20944     0.20944    3.85773e-06
0.418879     0.20944    3.66056e-06
0.628319     0.20944    3.68824e-06
0.837758     0.20944    3.72727e-06
1.0472     0.20944    3.75044e-06
1.25664     0.20944    3.62227e-06
1.46608     0.20944    3.4126e-06
1.67552     0.20944    3.12003e-06
1.88496     0.20944    2.72865e-06
2.0944     0.20944    2.21258e-06
2.30383     0.20944    1.5004e-06
2.51327     0.20944    5.66617e-07
2.72271     0.20944    5.9499e-07
2.93215     0.20944    1.93036e-06
3.14159     0.20944    3.33192e-06

-3.14159     0.418879    1.66794e-06
-2.93215     0.418879    1.65644e-07
-2.72271     0.418879    9.98363e-07
-2.51327     0.418879    1.81017e-06
-2.30383     0.418879    2.33781e-06
-2.0944     0.418879    2.68153e-06
-1.88496     0.418879    2.93982e-06
-1.67552     0.418879    3.16326e-06
-1.46608     0.418879    3.36821e-06
-1.25664     0.418879    3.56004e-06
-1.0472     0.418879    3.68487e-06
-0.837758     0.418879    3.72983e-06
-0.628319     0.418879    3.70385e-06
-0.418879     0.418879    3.49819e-06
-0.20944     0.418879    3.48484e-06
0     0.418879    3.99008e-06
0.20944     0.418879    3.78398e-06
0.418879     0.418879    3.57331e-06
0.628319     0.418879    3.70867e-06
0.837758     0.418879    3.72383e-06
1.0472     0.418879    3.6918e-06
1.25664     0.418879    3.55163e-06
1.46608     0.418879    3.36668e-06
1.67552     0.418879    3.15952e-06
1.88496     0.418879    2.9396e-06
2.0944     0.418879    2.68158e-06
2.30383     0.418879    2.33608e-06
2.51327     0.418879    1.81005e-06
2.72271     0.418879    1.00063e-06
2.93215     0.418879    1.63717e-07
3.14159     0.418879    1.66706e-06

-3.14159     0.628319    4.12624e-08
-2.93215     0.628319    1.41221e-06
-2.72271     0.628319    2.22726e-06
-2.51327     0.628319    2.63104e-06
-2.30383     0.628319    2.78929e-06
-2.0944     0.628319    2.86166e-06
-1.88496     0.628319    2.9276e-06
-1.67552     0.628319    3.04509e-06
-1.46608     0.628319    3.21871e-06
-1.25664     0.628319    3.42446e-06
-1.0472     0.628319    3.59621e-06
-0.837758     0.628319    3.72143e-06
-0.628319     0.628319    3.711e-06
-0.418879     0.628319    3.79733e-06
-0.20944     0.628319    3.65469e-06
0     0.628319    3.33424e-06
0.20944     0.628319    3.65982e-06
0.418879     0.628319    3.76229e-06
0.628319     0.628319    3.72311e-06
0.837758     0.628319    3.70892e-06
1.0472     0.628319    3.58942e-06
1.25664     0.628319    3.42165e-06
1.46608     0.628319    3.22732e-06
1.67552     0.628319    3.04846e-06
1.88496     0.628319    2.92864e-06
2.0944     0.628319    2.85957e-06
2.30383     0.628319    2.79193e-06
2.51327     0.628319    2.63187e-06
2.72271     0.628319    2.22596e-06
2.93215     0.628319    1.41324e-06
3.14159     0.628319    4.26472e-08

-3.14159     0.837758    1.25264e-06
-2.93215     0.837758    2.41623e-06
-2.72271     0.837758    2.95154e-06
-2.51327     0.837758    3.05327e-06
-2.30383     0.837758    2.97263e-06
-2.0944     0.837758    2.87762e-06
-1.88496     0.837758    2.83652e-06
-1.67552     0.837758    2.90564e-06
-1.46608     0.837758    3.07796e-06
-1.25664     0.837758    3.28574e-06
-1.0472     0.837758    3.52004e-06
-0.837758     0.837758    3.6728e-06
-0.628319     0.837758    3.72016e-06
-0.418879     0.837758    3.66615e-06
-0.20944     0.837758    3.73412e-06
0     0.837758    3.9831e-06
0.20944     0.837758    3.73181e-06
0.418879     0.837758    3.6853e-06
0.628319     0.837758    3.70902e-06
0.837758     0.837758    3.67634e-06
1.0472     0.837758    3.53022e-06
1.25664     0.837758    3.28785e-06
1.46608     0.837758    3.07961e-06
1.67552     0.837758    2.90537e-06
1.88496     0.837758    2.83576e-06
2.0944     0.837758    2.87374e-06
2.30383     0.837758    2.97241e-06
2.51327     0.837758    3.05317e-06
2.72271     0.837758    2.95079e-06
2.93215     0.837758    2.41591e-06
3.14159     0.837758    1.25309e-06

-3.14159     1.0472    1.97922e-06
-2.93215     1.0472    3.01681e-06
-2.72271     1.0472    3.36818e-06
-2.51327     1.0472    3.29221e-06
-2.30383     1.0472    3.07711e-06
-2.0944     1.0472    2.87761e-06
-1.88496     1.0472    2.79271e-06
-1.67552     1.0472    2.83073e-06
-1.46608     1.0472    2.9907e-06
-1.25664     1.0472    3.20665e-06
-1.0472     1.0472    3.42332e-06
-0.837758     1.0472    3.54662e-06
-0.628319     1.0472    3.65128e-06
-0.418879     1.0472    3.74722e-06
-0.20944     1.0472    3.74245e-06
0     1.0472    3.50891e-06
0.20944     1.0472    3.74401e-06
0.418879     1.0472    3.72512e-06
0.628319     1.0472    3.64098e-06
0.837758     1.0472    3.5514e-06
1.0472     1.0472    3.42393e-06
1.25664     1.0472    3.20522e-06
1.46608     1.0472    2.98594e-06
1.67552     1.0472    2.83198e-06
1.88496     1.0472    2.79302e-06
2.0944     1.0472    2.87756e-06
2.30383     1.0472    3.07957e-06
2.51327     1.0472    3.29332e-06
2.72271     1.0472    3.36918e-06
2.93215     1.0472    3.01809e-06
3.14159     1.0472    1.97964e-06

-3.14159     1.25664    2.31941e-06
-2.93215     1.25664    3.28475e-06
-2.72271     1.25664    3.61694e-06
-2.51327     1.25664    3.49447e-06
-2.30383     1.25664    3.21128e-06
-2.0944     1.25664    2.9701e-06
-1.88496     1.25664    2.83843e-06
-1.67552     1.25664    2.83711e-06
-1.46608     1.25664    2.94982e-06
-1.25664     1.25664    3.11028e-06
-1.0472     1.25664    3.23788e-06
-0.837758     1.25664    3.35325e-06
-0.628319     1.25664    3.48783e-06
-0.418879     1.25664    3.54448e-06
-0.20944     1.25664    3.58536e-06
0     1.25664    3.66999e-06
0.20944     1.25664    3.58691e-06
0.418879     1.25664    3.56518e-06
0.628319     1.25664    3.48477e-06
0.837758     1.25664    3.34787e-06
1.0472     1.25664    3.23779e-06
1.25664     1.25664    3.11139e-06
1.46608     1.25664    2.95723e-06
1.67552     1.25664    2.83964e-06
1.88496     1.25664    2.83815e-06
2.0944     1.25664    2.96917e-06
2.30383     1.25664    3.2131e-06
2.51327     1.25664    3.4949e-06
2.72271     1.25664    3.61685e-06
2.93215     1.25664    3.28458e-06
3.14159     1.25664    2.31911e-06

-3.14159     1.46608    2.37337e-06
-2.93215     1.46608    3.26764e-06
-2.72271     1.46608    3.71488e-06
-2.51327     1.46608    3.65446e-06
-2.30383     1.46608    3.38118e-06
-2.0944     1.46608    3.11004e-06
-1.88496     1.46608    2.94006e-06
-1.67552     1.46608    2.88038e-06
-1.46608     1.46608    2.87523e-06
-1.25664     1.46608    2.8811e-06
-1.0472     1.46608    2.88517e-06
-0.837758     1.46608    3.02741e-06
-0.628319     1.46608    3.25572e-06
-0.418879     1.46608    3.3876e-06
-0.20944     1.46608    3.36522e-06
0     1.46608    3.3082e-06
0.20944     1.46608    3.38602e-06
0.418879     1.46608    3.38664e-06
0.628319     1.46608    3.24878e-06
0.837758     1.46608    3.03167e-06
1.0472     1.46608    2.88789e-06
1.25664     1.46608    2.87743e-06
1.46608     1.46608    2.87858e-06
1.67552     1.46608    2.87415e-06
1.88496     1.46608    2.93798e-06
2.0944     1.46608    3.10868e-06
2.30383     1.46608    3.37997e-06
2.51327     1.46608    3.65471e-06
2.72271     1.46608    3.71492e-06
2.93215     1.46608    3.26796e-06
3.14159     1.46608    2.37335e-06

-3.14159     1.67552    2.31163e-06
-2.93215     1.67552    2.97154e-06
-2.72271     1.67552    3.56312e-06
-2.51327     1.67552    3.68193e-06
-2.30383     1.67552    3.48428e-06
-2.0944     1.67552    3.21042e-06
-1.88496     1.67552    2.97319e-06
-1.67552     1.67552    2.7777e-06
-1.46608     1.67552    2.57492e-06
-1.25664     1.67552    2.35685e-06
-1.0472     1.67552    2.3266e-06
-0.837758     1.67552    2.65855e-06
-0.628319     1.67552    3.03491e-06
-0.418879     1.67552    3.16628e-06
-0.20944     1.67552    3.10605e-06
0     1.67552    3.06277e-06
0.20944     1.67552    3.10501e-06
0.418879     1.67552    3.16278e-06
0.628319     1.67552    3.0339e-06
0.837758     1.67552    2.65689e-06
1.0472     1.67552    2.32426e-06
1.25664     1.67552    2.35575e-06
1.46608     1.67552    2.57235e-06
1.67552     1.67552    2.77779e-06
1.88496     1.67552    2.9742e-06
2.0944     1.67552    3.2102e-06
2.30383     1.67552    3.48281e-06
2.51327     1.67552    3.68187e-06
2.72271     1.67552    3.56314e-06
2.93215     1.67552    2.97227e-06
3.14159     1.67552    2.31214e-06

-3.14159     1.88496    2.29656e-06
-2.93215     1.88496    2.47446e-06
-2.72271     1.88496    3.06457e-06
-2.51327     1.88496    3.39318e-06
-2.30383     1.88496    3.33022e-06
-2.0944     1.88496    3.07344e-06
-1.88496     1.88496    2.73e-06
-1.67552     1.88496    2.31544e-06
-1.46608     1.88496    1.81553e-06
-1.25664     1.88496    1.44362e-06
-1.0472     1.88496    1.6604e-06
-0.837758     1.88496    2.3531e-06
-0.628319     1.88496    2.84963e-06
-0.418879     1.88496    2.95854e-06
-0.20944     1.88496    2.92973e-06
0     1.88496    2.94543e-06
0.20944     1.88496    2.92734e-06
0.418879     1.88496    2.96627e-06
0.628319     1.88496    2.84731e-06
0.837758     1.88496    2.34929e-06
1.0472     1.88496    1.66379e-06
1.25664     1.88496    1.44392e-06
1.46608     1.88496    1.81854e-06
1.67552     1.88496    2.31522e-06
1.88496     1.88496    2.7289e-06
2.0944     1.88496    3.07276e-06
2.30383     1.88496    3.33071e-06
2.51327     1.88496    3.39284e-06
2.72271     1.88496    3.06421e-06
2.93215     1.88496    2.47354e-06
3.14159     1.88496    2.29701e-06

-3.14159     2.0944    2.35711e-06
-2.93215     2.0944    1.92127e-06
-2.72271     2.0944    2.17053e-06
-2.51327     2.0944    2.56537e-06
-2.30383     2.0944    2.65116e-06
-2.0944     2.0944    2.40571e-06
-1.88496     2.0944    1.90935e-06
-1.67552     2.0944    1.21448e-06
-1.46608     2.0944    4.738e-07
-1.25664     2.0944    3.02413e-07
-1.0472     2.0944    1.09181e-06
-0.837758     2.0944    2.17019e-06
-0.628319     2.0944    2.75772e-06
-0.418879     2.0944    2.90351e-06
-0.20944     2.0944    2.81846e-06
0     2.0944    2.72045e-06
0.20944     2.0944    2.82123e-06
0.418879     2.0944    2.8853e-06
0.628319     2.0944    2.75643e-06
0.837758     2.0944    2.17376e-06
1.0472     2.0944    1.09229e-06
1.25664     2.0944    3.00418e-07
1.46608     2.0944    4.76659e-07
1.67552     2.0944    1.21474e-06
1.88496     2.0944    1.91023e-06
2.0944     2.0944    2.40523e-06
2.30383     2.0944    2.65205e-06
2.51327     2.0944    2.56575e-06
2.72271     2.0944    2.16899e-06
2.93215     2.0944    1.92202e-06
3.14159     2.0944    2.3574e-06

-3.14159     2.30383    2.36077e-06
-2.93215     2.30383    1.3542e-06
-2.72271     2.30383    9.86491e-07
-2.51327     2.30383    1.13845e-06
-2.30383     2.30383    1.23692e-06
-2.0944     2.30383    9.74563e-07
-1.88496     2.30383    3.22455e-07
-1.67552     2.30383    5.76706e-07
-1.46608     2.30383    1.17148e-06
-1.25664     2.30383    7.13552e-07
-1.0472     2.30383    7.56459e-07
-0.837758     2.30383    2.12133e-06
-0.628319     2.30383    2.75896e-06
-0.418879     2.30383    2.88884e-06
-0.20944     2.30383    2.87488e-06
0     2.30383    2.91792e-06
0.20944     2.30383    2.87647e-06
0.418879     2.30383    2.90257e-06
0.628319     2.30383    2.76141e-06
0.837758     2.30383    2.12282e-06
1.0472     2.30383    7.54079e-07
1.25664     2.30383    7.13689e-07
1.46608     2.30383    1.1708e-06
1.67552     2.30383    5.72818e-07
1.88496     2.30383    3.23416e-07
2.0944     2.30383    9.74025e-07
2.30383     2.30383    1.23718e-06
2.51327     2.30383    1.13883e-06
2.72271     2.30383    9.86998e-07
2.93215     2.30383    1.35508e-06
3.14159     2.30383    2.36033e-06

-3.14159     2.51327    2.12695e-06
-2.93215     2.51327    7.21055e-07
-2.72271     2.51327    3.31472e-07
-2.51327     2.51327    7.19691e-07
-2.30383     2.51327    8.31598e-07
-2.0944     2.51327    1.17171e-06
-1.88496     2.51327    1.86661e-06
-1.67552     2.51327    2.57946e-06
-1.46608     2.51327    2.59343e-06
-1.25664     2.51327    1.38234e-06
-1.0472     2.51327    5.96345e-07
-0.837758     2.51327    2.12636e-06
-0.628319     2.51327    2.846e-06
-0.418879     2.51327    3.07685e-06
-0.20944     2.51327    3.07139e-06
0     2.51327    3.00097e-06
0.20944     2.51327    3.06923e-06
0.418879     2.51327    3.06069e-06
0.628319     2.51327    2.84635e-06
0.837758     2.51327    2.12701e-06
1.0472     2.51327    5.96721e-07
1.25664     2.51327    1.38267e-06
1.46608     2.51327    2.5919e-06
1.67552     2.51327    2.58177e-06
1.88496     2.51327    1.86768e-06
2.0944     2.51327    1.17224e-06
2.30383     2.51327    8.31088e-07
2.51327     2.51327    7.19679e-07
2.72271     2.51327    3.31667e-07
2.93215     2.51327    7.21699e-07
3.14159     2.51327    2.12724e-06

-3.14159     2.72271    1.5322e-06
-2.93215     2.72271    1.30757e-07
-2.72271     2.72271    1.68995e-06
-2.51327     2.72271    2.64171e-06
-2.30383     2.72271    3.14893e-06
-2.0944     2.72271    3.59781e-06
-1.88496     2.72271    4.06556e-06
-1.67552     2.72271    4.22508e-06
-1.46608     2.72271    3.57696e-06
-1.25664     2.72271    1.80104e-06
-1.0472     2.72271    4.48516e-07
-0.837758     2.72271    2.09878e-06
-0.628319     2.72271    2.95933e-06
-0.418879     2.72271    3.2681e-06
-0.20944     2.72271    3.35664e-06
0     2.72271    3.40703e-06
0.20944     2.72271    3.35534e-06
0.418879     2.72271    3.27995e-06
0.628319     2.72271    2.95959e-06
0.837758     2.72271    2.09755e-06
1.0472     2.72271    4.48657e-07
1.25664     2.72271    1.80182e-06
1.46608     2.72271    3.57405e-06
1.67552     2.72271    4.22475e-06
1.88496     2.72271    4.06423e-06
2.0944     2.72271    3.6006e-06
2.30383     2.72271    3.15193e-06
2.51327     2.72271    2.6413e-06
2.72271     2.72271    1.69248e-06
2.93215     2.72271    1.31805e-07
3.14159     2.72271    1.53258e-06

-3.14159     2.93215    4.89851e-07
-2.93215     2.93215    1.30834e-06
-2.72271     2.93215    3.117e-06
-2.51327     2.93215    4.42597e-06
-2.30383     2.93215    5.18211e-06
-2.0944     2.93215    5.56602e-06
-1.88496     2.93215    5.65567e-06
-1.67552     2.93215    5.35346e-06
-1.46608     2.93215    4.2935e-06
-1.25664     2.93215    2.22822e-06
-1.0472     2.93215    1.18812e-07
-0.837758     2.93215    1.89136e-06
-0.628319     2.93215    2.93406e-06
-0.418879     2.93215    3.442e-06
-0.20944     2.93215    3.64171e-06
0     2.93215    3.66541e-06
0.20944     2.93215    3.64298e-06
0.418879     2.93215    3.43698e-06
0.628319     2.93215    2.93446e-06
0.837758     2.93215    1.89111e-06
1.0472     2.93215    1.18381e-07
1.25664     2.93215    2.2276e-06
1.46608     2.93215    4.29454e-06
1.67552     2.93215    5.35536e-06
1.88496     2.93215    5.65793e-06
2.0944     2.93215    5.56387e-06
2.30383     2.93215    5.17989e-06
2.51327     2.93215    4.42444e-06
2.72271     2.93215    3.11889e-06
2.93215     2.93215    1.31107e-06
3.14159     2.93215    4.90952e-07

-3.14159     3.14159    1.08461e-06
-2.93215     3.14159    2.86699e-06
-2.72271     3.14159    4.60289e-06
-2.51327     3.14159    5.80658e-06
-2.30383     3.14159    6.35095e-06
-2.0944     3.14159    6.47814e-06
-1.88496     3.14159    6.4351e-06
-1.67552     3.14159    6.08339e-06
-1.46608     3.14159    4.9681e-06
-1.25664     3.14159    2.87765e-06
-1.0472     3.14159    5.65439e-07
-0.837758     3.14159    1.30082e-06
-0.628319     3.14159    2.55128e-06
-0.418879     3.14159    3.25607e-06
-0.20944     3.14159    3.57549e-06
0     3.14159    3.67799e-06
0.20944     3.14159    3.5754e-06
0.418879     3.14159    3.25573e-06
0.628319     3.14159    2.55166e-06
0.837758     3.14159    1.30008e-06
1.0472     3.14159    5.64281e-07
1.25664     3.14159    2.87947e-06
1.46608     3.14159    4.96838e-06
1.67552     3.14159    6.08467e-06
1.88496     3.14159    6.43363e-06
2.0944     3.14159    6.47706e-06
2.30383     3.14159    6.35416e-06
2.51327     3.14159    5.80698e-06
2.72271     3.14159    4.60673e-06
2.93215     3.14159    2.86642e-06
3.14159     3.14159    1.08335e-06

