-3.14159     -3.14159    0.000159572
-2.93215     -3.14159    0.00020873
-2.72271     -3.14159    0.000271411
-2.51327     -3.14159    0.000328731
-2.30383     -3.14159    0.000347338
-2.0944     -3.14159    0.000324906
-1.88496     -3.14159    0.000309681
-1.67552     -3.14159    0.000296626
-1.46608     -3.14159    0.000272065
-1.25664     -3.14159    0.000208507
-1.0472     -3.14159    0.000188739
-0.837758     -3.14159    0.000153103
-0.628319     -3.14159    0.000135764
-0.418879     -3.14159    0.000114717
-0.20944     -3.14159    0.000108539
0     -3.14159    0.00010638
0.20944     -3.14159    0.000108527
0.418879     -3.14159    0.000114719
0.628319     -3.14159    0.000135766
0.837758     -3.14159    0.0001531
1.0472     -3.14159    0.00018874
1.25664     -3.14159    0.000208512
1.46608     -3.14159    0.000272066
1.67552     -3.14159    0.00029663
1.88496     -3.14159    0.000309685
2.0944     -3.14159    0.000324909
2.30383     -3.14159    0.00034734
2.51327     -3.14159    0.000328724
2.72271     -3.14159    0.000271405
2.93215     -3.14159    0.000208727
3.14159     -3.14159    0.000159568

-3.14159     -2.93215    0.000158393
-2.93215     -2.93215    0.000211363
-2.72271     -2.93215    0.000252008
-2.51327     -2.93215    0.000281228
-2.30383     -2.93215    0.000300732
-2.0944     -2.93215    0.000302693
-1.88496     -2.93215    0.000284515
-1.67552     -2.93215    0.000263435
-1.46608     -2.93215    0.00023095
-1.25664     -2.93215    0.000167056
-1.0472     -2.93215    0.000137279
-0.837758     -2.93215    0.000109782
-0.628319     -2.93215    8.53464e-05
-0.418879     -2.93215    7.28407e-05
-0.20944     -2.93215    6.54711e-05
0     -2.93215    6.51851e-05
0.20944     -2.93215    6.54901e-05
0.418879     -2.93215    7.28812e-05
0.628319     -2.93215    8.53438e-05
0.837758     -2.93215    0.000109781
1.0472     -2.93215    0.000137284
1.25664     -2.93215    0.000167061
1.46608     -2.93215    0.000230959
1.67552     -2.93215    0.000263448
1.88496     -2.93215    0.000284526
2.0944     -2.93215    0.000302701
2.30383     -2.93215    0.000300733
2.51327     -2.93215    0.000281221
2.72271     -2.93215    0.000252002
2.93215     -2.93215    0.000211355
3.14159     -2.93215    0.000158387

-3.14159     -2.72271    0.000154645
-2.93215     -2.72271    0.00022544
-2.72271     -2.72271    0.000266353
-2.51327     -2.72271    0.000262174
-2.30383     -2.72271    0.000241551
-2.0944     -2.72271    0.000230813
-1.88496     -2.72271    0.000228583
-1.67552     -2.72271    0.000221561
-1.46608     -2.72271    0.00020212
-1.25664     -2.72271    0.00014419
-1.0472     -2.72271    9.43371e-05
-0.837758     -2.72271    6.5035e-05
-0.628319     -2.72271    4.04955e-05
-0.418879     -2.72271    3.79359e-05
-0.20944     -2.72271    4.09358e-05
0     -2.72271    4.22423e-05
0.20944     -2.72271    4.09174e-05
0.418879     -2.72271    3.78561e-05
0.628319     -2.72271    4.04932e-05
0.837758     -2.72271    6.50395e-05
1.0472     -2.72271    9.4343e-05
1.25664     -2.72271    0.000144196
1.46608     -2.72271    0.000202135
1.67552     -2.72271    0.000221579
1.88496     -2.72271    0.0002286
2.0944     -2.72271    0.000230821
2.30383     -2.72271    0.000241553
2.51327     -2.72271    0.000262172
2.72271     -2.72271    0.000266347
2.93215     -2.72271    0.000225433
3.14159     -2.72271    0.000154641

-3.14159     -2.51327    0.000171555
-2.93215     -2.51327    0.000228898
-2.72271     -2.51327    0.000256183
-2.51327     -2.51327    0.000249704
-2.30383     -2.51327    0.000209345
-2.0944     -2.51327    0.000175211
-1.88496     -2.51327    0.000153829
-1.67552     -2.51327    0.000171279
-1.46608     -2.51327    0.00018226
-1.25664     -2.51327    0.000139813
-1.0472     -2.51327    7.26721e-05
-0.837758     -2.51327    4.44722e-05
-0.628319     -2.51327    1.8053e-05
-0.418879     -2.51327    2.00569e-05
-0.20944     -2.51327    2.55261e-05
0     -2.51327    3.68151e-05
0.20944     -2.51327    2.55346e-05
0.418879     -2.51327    2.01485e-05
0.628319     -2.51327    1.80519e-05
0.837758     -2.51327    4.4475e-05
1.0472     -2.51327    7.268e-05
1.25664     -2.51327    0.000139825
1.46608     -2.51327    0.000182277
1.67552     -2.51327    0.000171301
1.88496     -2.51327    0.000153847
2.0944     -2.51327    0.000175224
2.30383     -2.51327    0.00020936
2.51327     -2.51327    0.000249706
2.72271     -2.51327    0.000256179
2.93215     -2.51327    0.000228895
3.14159     -2.51327    0.000171553

-3.14159     -2.30383    0.000191465
-2.93215     -2.30383    0.00023052
-2.72271     -2.30383    0.000232099
-2.51327     -2.30383    0.000195581
-2.30383     -2.30383    0.000155367
-2.0944     -2.30383    0.000137988
-1.88496     -2.30383    0.000104754
-1.67552     -2.30383    0.000107038
-1.46608     -2.30383    0.000135156
-1.25664     -2.30383    0.00011639
-1.0472     -2.30383    5.04081e-05
-0.837758     -2.30383    2.76361e-05
-0.628319     -2.30383    1.03358e-05
-0.418879     -2.30383    9.21722e-06
-0.20944     -2.30383    2.15819e-05
0     -2.30383    2.17194e-05
0.20944     -2.30383    2.15825e-05
0.418879     -2.30383    9.0912e-06
0.628319     -2.30383    1.03362e-05
0.837758     -2.30383    2.76404e-05
1.0472     -2.30383    5.04137e-05
1.25664     -2.30383    0.000116402
1.46608     -2.30383    0.000135174
1.67552     -2.30383    0.000107055
1.88496     -2.30383    0.000104776
2.0944     -2.30383    0.000138011
2.30383     -2.30383    0.000155384
2.51327     -2.30383    0.000195588
2.72271     -2.30383    0.000232099
2.93215     -2.30383    0.000230516
3.14159     -2.30383    0.000191462

-3.14159     -2.0944    0.000207032
-2.93215     -2.0944    0.000216777
-2.72271     -2.0944    0.000199356
-2.51327     -2.0944    0.000152784
-2.30383     -2.0944    0.000112703
-2.0944     -2.0944    8.18654e-05
-1.88496     -2.0944    6.31046e-05
-1.67552     -2.0944    6.04997e-05
-1.46608     -2.0944    6.17571e-05
-1.25664     -2.0944    6.69975e-05
-1.0472     -2.0944    2.76052e-05
-0.837758     -2.0944    4.79474e-06
-0.628319     -2.0944    4.9793e-06
-0.418879     -2.0944    6.78077e-06
-0.20944     -2.0944    6.14543e-06
0     -2.0944    1.8642e-05
0.20944     -2.0944    6.12148e-06
0.418879     -2.0944    6.67231e-06
0.628319     -2.0944    4.98039e-06
0.837758     -2.0944    4.80186e-06
1.0472     -2.0944    2.76087e-05
1.25664     -2.0944    6.70113e-05
1.46608     -2.0944    6.17757e-05
1.67552     -2.0944    6.05222e-05
1.88496     -2.0944    6.313e-05
2.0944     -2.0944    8.18899e-05
2.30383     -2.0944    0.000112722
2.51327     -2.0944    0.000152796
2.72271     -2.0944    0.000199358
2.93215     -2.0944    0.000216776
3.14159     -2.0944    0.000207031

-3.14159     -1.88496    0.000211913
-2.93215     -1.88496    0.000206762
-2.72271     -1.88496    0.000160433
-2.51327     -1.88496    0.000104108
-2.30383     -1.88496    7.93805e-05
-2.0944     -1.88496    4.51321e-05
-1.88496     -1.88496    2.63107e-05
-1.67552     -1.88496    3.35461e-05
-1.46608     -1.88496    1.45618e-05
-1.25664     -1.88496    1.06636e-05
-1.0472     -1.88496    1.09608e-06
-0.837758     -1.88496    2.54578e-05
-0.628319     -1.88496    2.64646e-05
-0.418879     -1.88496    2.11071e-05
-0.20944     -1.88496    7.06696e-06
0     -1.88496    7.70646e-06
0.20944     -1.88496    7.03145e-06
0.418879     -1.88496    2.11803e-05
0.628319     -1.88496    2.64776e-05
0.837758     -1.88496    2.54615e-05
1.0472     -1.88496    1.10069e-06
1.25664     -1.88496    1.0679e-05
1.46608     -1.88496    1.45844e-05
1.67552     -1.88496    3.35709e-05
1.88496     -1.88496    2.63352e-05
2.0944     -1.88496    4.51586e-05
2.30383     -1.88496    7.94018e-05
2.51327     -1.88496    0.000104122
2.72271     -1.88496    0.000160439
2.93215     -1.88496    0.000206761
3.14159     -1.88496    0.000211911

-3.14159     -1.67552    0.000211421
-2.93215     -1.67552    0.000187883
-2.72271     -1.67552    0.000125043
-2.51327     -1.67552    7.88672e-05
-2.30383     -1.67552    5.23475e-05
-2.0944     -1.67552    2.8954e-05
-1.88496     -1.67552    1.47968e-05
-1.67552     -1.67552    8.29257e-06
-1.46608     -1.67552    1.41599e-06
-1.25664     -1.67552    2.25507e-05
-1.0472     -1.67552    2.53874e-05
-0.837758     -1.67552    3.56376e-05
-0.628319     -1.67552    4.39128e-05
-0.418879     -1.67552    4.09154e-05
-0.20944     -1.67552    1.76346e-05
0     -1.67552    1.76205e-05
0.20944     -1.67552    1.76982e-05
0.418879     -1.67552    4.08886e-05
0.628319     -1.67552    4.39106e-05
0.837758     -1.67552    3.5642e-05
1.0472     -1.67552    2.53738e-05
1.25664     -1.67552    2.25339e-05
1.46608     -1.67552    1.39261e-06
1.67552     -1.67552    8.31526e-06
1.88496     -1.67552    1.48201e-05
2.0944     -1.67552    2.89797e-05
2.30383     -1.67552    5.2368e-05
2.51327     -1.67552    7.88823e-05
2.72271     -1.67552    0.000125052
2.93215     -1.67552    0.000187884
3.14159     -1.67552    0.000211419

-3.14159     -1.46608    0.000202929
-2.93215     -1.46608    0.000151174
-2.72271     -1.46608    9.14178e-05
-2.51327     -1.46608    6.27406e-05
-2.30383     -1.46608    4.45529e-05
-2.0944     -1.46608    2.63257e-05
-1.88496     -1.46608    1.89405e-05
-1.67552     -1.46608    1.28297e-06
-1.46608     -1.46608    1.52965e-05
-1.25664     -1.46608    3.27451e-05
-1.0472     -1.46608    4.28522e-05
-0.837758     -1.46608    3.98575e-05
-0.628319     -1.46608    5.09157e-05
-0.418879     -1.46608    5.04493e-05
-0.20944     -1.46608    2.81495e-05
0     -1.46608    1.74322e-05
0.20944     -1.46608    2.80533e-05
0.418879     -1.46608    5.04166e-05
0.628319     -1.46608    5.09242e-05
0.837758     -1.46608    3.98466e-05
1.0472     -1.46608    4.28369e-05
1.25664     -1.46608    3.27255e-05
1.46608     -1.46608    1.52779e-05
1.67552     -1.46608    1.25853e-06
1.88496     -1.46608    1.89644e-05
2.0944     -1.46608    2.63467e-05
2.30383     -1.46608    4.45723e-05
2.51327     -1.46608    6.27528e-05
2.72271     -1.46608    9.14271e-05
2.93215     -1.46608    0.000151178
3.14159     -1.46608    0.000202928

-3.14159     -1.25664    0.000185446
-2.93215     -1.25664    0.000119689
-2.72271     -1.25664    7.6695e-05
-2.51327     -1.25664    4.80777e-05
-2.30383     -1.25664    3.45127e-05
-2.0944     -1.25664    2.88166e-05
-1.88496     -1.25664    2.09881e-05
-1.67552     -1.25664    2.18975e-06
-1.46608     -1.25664    1.39035e-05
-1.25664     -1.25664    4.02382e-05
-1.0472     -1.25664    4.98068e-05
-0.837758     -1.25664    5.41379e-05
-0.628319     -1.25664    6.06011e-05
-0.418879     -1.25664    6.02454e-05
-0.20944     -1.25664    4.06839e-05
0     -1.25664    2.22942e-05
0.20944     -1.25664    4.07814e-05
0.418879     -1.25664    6.03436e-05
0.628319     -1.25664    6.05912e-05
0.837758     -1.25664    5.41455e-05
1.0472     -1.25664    4.98045e-05
1.25664     -1.25664    4.0221e-05
1.46608     -1.25664    1.38826e-05
1.67552     -1.25664    2.2064e-06
1.88496     -1.25664    2.1005e-05
2.0944     -1.25664    2.88297e-05
2.30383     -1.25664    3.45213e-05
2.51327     -1.25664    4.80882e-05
2.72271     -1.25664    7.67035e-05
2.93215     -1.25664    0.000119693
3.14159     -1.25664    0.000185443

-3.14159     -1.0472    0.0001648
-2.93215     -1.0472    0.000108
-2.72271     -1.0472    6.47022e-05
-2.51327     -1.0472    3.9799e-05
-2.30383     -1.0472    2.46467e-05
-2.0944     -1.0472    2.77535e-05
-1.88496     -1.0472    1.38468e-05
-1.67552     -1.0472    3.92744e-06
-1.46608     -1.0472    1.10751e-05
-1.25664     -1.0472    2.96587e-05
-1.0472     -1.0472    5.05561e-05
-0.837758     -1.0472    5.90577e-05
-0.628319     -1.0472    7.5266e-05
-0.418879     -1.0472    7.09718e-05
-0.20944     -1.0472    6.22949e-05
0     -1.0472    1.55083e-05
0.20944     -1.0472    6.22066e-05
0.418879     -1.0472    7.08411e-05
0.628319     -1.0472    7.52823e-05
0.837758     -1.0472    5.90434e-05
1.0472     -1.0472    5.05478e-05
1.25664     -1.0472    2.96467e-05
1.46608     -1.0472    1.10615e-05
1.67552     -1.0472    3.93886e-06
1.88496     -1.0472    1.3857e-05
2.0944     -1.0472    2.77593e-05
2.30383     -1.0472    2.4646e-05
2.51327     -1.0472    3.98006e-05
2.72271     -1.0472    6.47054e-05
2.93215     -1.0472    0.000108002
3.14159     -1.0472    0.000164797

-3.14159     -0.837758    0.000153738
-2.93215     -0.837758    0.000105422
-2.72271     -0.837758    5.12887e-05
-2.51327     -0.837758    1.60525e-05
-2.30383     -0.837758    1.58078e-05
-2.0944     -0.837758    7.30948e-06
-1.88496     -0.837758    2.40276e-06
-1.67552     -0.837758    1.21401e-06
-1.46608     -0.837758    1.85025e-05
-1.25664     -0.837758    1.77646e-05
-1.0472     -0.837758    3.38286e-05
-0.837758     -0.837758    6.56413e-05
-0.628319     -0.837758    7.89078e-05
-0.418879     -0.837758    9.06615e-05
-0.20944     -0.837758    8.09002e-05
0     -0.837758    8.57425e-05
0.20944     -0.837758    8.09863e-05
0.418879     -0.837758    9.09109e-05
0.628319     -0.837758    7.89356e-05
0.837758     -0.837758    6.56246e-05
1.0472     -0.837758    3.38187e-05
1.25664     -0.837758    1.77617e-05
1.46608     -0.837758    1.84983e-05
1.67552     -0.837758    1.20878e-06
1.88496     -0.837758    2.40554e-06
2.0944     -0.837758    7.3025e-06
2.30383     -0.837758    1.58086e-05
2.51327     -0.837758    1.60499e-05
2.72271     -0.837758    5.12846e-05
2.93215     -0.837758    0.000105419
3.14159     -0.837758    0.000153734

-3.14159     -0.628319    0.000160452
-2.93215     -0.628319    0.00010193
-2.72271     -0.628319    5.42902e-05
-2.51327     -0.628319    3.07438e-05
-2.30383     -0.628319    1.04733e-05
-2.0944     -0.628319    4.12219e-06
-1.88496     -0.628319    1.42688e-05
-1.67552     -0.628319    2.17829e-05
-1.46608     -0.628319    2.20463e-05
-1.25664     -0.628319    2.30978e-05
-1.0472     -0.628319    1.42765e-05
-0.837758     -0.628319    4.5104e-05
-0.628319     -0.628319    7.97491e-05
-0.418879     -0.628319    8.88973e-05
-0.20944     -0.628319    9.9777e-05
0     -0.628319    8.43591e-05
0.20944     -0.628319    0.000100145
0.418879     -0.628319    8.86226e-05
0.628319     -0.628319    7.97313e-05
0.837758     -0.628319    4.51249e-05
1.0472     -0.628319    1.42857e-05
1.25664     -0.628319    2.31e-05
1.46608     -0.628319    2.20429e-05
1.67552     -0.628319    2.17857e-05
1.88496     -0.628319    1.4275e-05
2.0944     -0.628319    4.1335e-06
2.30383     -0.628319    1.04736e-05
2.51327     -0.628319    3.07431e-05
2.72271     -0.628319    5.42851e-05
2.93215     -0.628319    0.000101923
3.14159     -0.628319    0.000160447

-3.14159     -0.418879    0.00015946
-2.93215     -0.418879    0.000108574
-2.72271     -0.418879    6.69942e-05
-2.51327     -0.418879    3.90445e-05
-2.30383     -0.418879    7.20143e-06
-2.0944     -0.418879    1.37776e-05
-1.88496     -0.418879    3.08673e-05
-1.67552     -0.418879    4.54011e-05
-1.46608     -0.418879    4.42355e-05
-1.25664     -0.418879    4.21503e-05
-1.0472     -0.418879    4.55804e-05
-0.837758     -0.418879    4.65805e-05
-0.628319     -0.418879    8.66464e-05
-0.418879     -0.418879    0.00011717
-0.20944     -0.418879    0.000122577
0     -0.418879    0.000197772
0.20944     -0.418879    0.000122301
0.418879     -0.418879    0.000116877
0.628319     -0.418879    8.66649e-05
0.837758     -0.418879    4.65451e-05
1.0472     -0.418879    4.55882e-05
1.25664     -0.418879    4.21501e-05
1.46608     -0.418879    4.42427e-05
1.67552     -0.418879    4.54065e-05
1.88496     -0.418879    3.08675e-05
2.0944     -0.418879    1.37781e-05
2.30383     -0.418879    7.19644e-06
2.51327     -0.418879    3.90404e-05
2.72271     -0.418879    6.69912e-05
2.93215     -0.418879    0.000108568
3.14159     -0.418879    0.000159455

-3.14159     -0.20944    0.000187752
-2.93215     -0.20944    0.000150891
-2.72271     -0.20944    0.000111062
-2.51327     -0.20944    5.56983e-05
-2.30383     -0.20944    1.59419e-05
-2.0944     -0.20944    1.99202e-05
-1.88496     -0.20944    3.57667e-05
-1.67552     -0.20944    4.71806e-05
-1.46608     -0.20944    5.86521e-05
-1.25664     -0.20944    6.48122e-05
-1.0472     -0.20944    7.81577e-05
-0.837758     -0.20944    8.44111e-05
-0.628319     -0.20944    9.78276e-05
-0.418879     -0.20944    0.000147243
-0.20944     -0.20944    0.000186322
0     -0.20944    0.000183922
0.20944     -0.20944    0.000186718
0.418879     -0.20944    0.00014776
0.628319     -0.20944    9.78055e-05
0.837758     -0.20944    8.4409e-05
1.0472     -0.20944    7.81555e-05
1.25664     -0.20944    6.48167e-05
1.46608     -0.20944    5.86584e-05
1.67552     -0.20944    4.71829e-05
1.88496     -0.20944    3.57677e-05
2.0944     -0.20944    1.99202e-05
2.30383     -0.20944    1.59398e-05
2.51327     -0.20944    5.56959e-05
2.72271     -0.20944    0.00011106
2.93215     -0.20944    0.000150889
3.14159     -0.20944    0.000187746

-3.14159     0    0.000222109
-2.93215     0    0.000185477
-2.72271     0    0.000146957
-2.51327     0    8.84595e-05
-2.30383     0    2.81195e-05
-2.0944     0    8.5169e-06
-1.88496     0    3.49148e-05
-1.67552     0    4.07054e-05
-1.46608     0    5.28153e-05
-1.25664     0    7.29844e-05
-1.0472     0    7.7186e-05
-0.837758     0    9.14319e-05
-0.628319     0    0.000104833
-0.418879     0    0.000134012
-0.20944     0    0.000238815
0     0    9.38073e-16
0.20944     0    0.000238815
0.418879     0    0.000134012
0.628319     0    0.000104833
0.837758     0    9.14319e-05
1.0472     0    7.7186e-05
1.25664     0    7.29844e-05
1.46608     0    5.28153e-05
1.67552     0    4.07054e-05
1.88496     0    3.49148e-05
2.0944     0    8.5169e-06
2.30383     0    2.81195e-05
2.51327     0    8.84595e-05
2.72271     0    0.000146957
2.93215     0    0.000185477
3.14159     0    0.000222109

-3.14159     0.20944    0.000187746
-2.93215     0.20944    0.000150889
-2.72271     0.20944    0.00011106
-2.51327     0.20944    5.56959e-05
-2.30383     0.20944    1.59398e-05
-2.0944     0.20944    1.99202e-05
-1.88496     0.20944    3.57677e-05
-1.67552     0.20944    4.71829e-05
-1.46608     0.20944    5.86584e-05
-1.25664     0.20944    6.48167e-05
-1.0472     0.20944    7.81555e-05
-0.837758     0.20944    8.4409e-05
-0.628319     0.20944    9.78055e-05
-0.418879     0.20944    0.00014776
-0.20944     0.20944    0.000186718
0     0.20944    0.000183922
0.20944     0.20944    0.000186322
0.418879     0.20944    0.000147243
0.628319     0.20944    9.78276e-05
0.837758     0.20944    8.44111e-05
1.0472     0.20944    7.81577e-05
1.25664     0.20944    6.48122e-05
1.46608     0.20944    5.86521e-05
1.67552     0.20944    4.71806e-05
1.88496     0.20944    3.57667e-05
2.0944     0.20944    1.99202e-05
2.30383     0.20944    1.59419e-05
2.51327     0.20944    5.56983e-05
2.72271     0.20944    0.000111062
2.93215     0.20944    0.000150891
3.14159     0.20944    0.000187752

-3.14159     0.418879    0.000159455
-2.93215     0.418879    0.000108568
-2.72271     0.418879    6.69912e-05
-2.51327     0.418879    3.90404e-05
-2.30383     0.418879    7.19644e-06
-2.0944     0.418879    1.37781e-05
-1.88496     0.418879    3.08675e-05
-1.67552     0.418879    4.54065e-05
-1.46608     0.418879    4.42427e-05
-1.25664     0.418879    4.21501e-05
-1.0472     0.418879    4.55882e-05
-0.837758     0.418879    4.65451e-05
-0.628319     0.418879    8.66649e-05
-0.418879     0.418879    0.000116877
-0.20944     0.418879    0.000122301
0     0.418879    0.000197772
0.20944     0.418879    0.000122577
0.418879     0.418879    0.00011717
0.628319     0.418879    8.66464e-05
0.837758     0.418879    4.65805e-05
1.0472     0.418879    4.55804e-05
1.25664     0.418879    4.21503e-05
1.46608     0.418879    4.42355e-05
1.67552     0.418879    4.54011e-05
1.88496     0.418879    3.08673e-05
2.0944     0.418879    1.37776e-05
2.30383     0.418879    7.20143e-06
2.51327     0.418879    3.90445e-05
2.72271     0.418879    6.69942e-05
2.93215     0.418879    0.000108574
3.14159     0.418879    0.00015946

-3.14159     0.628319    0.000160447
-2.93215     0.628319    0.000101923
-2.72271     0.628319    5.42851e-05
-2.51327     0.628319    3.07431e-05
-2.30383     0.628319    1.04736e-05
-2.0944     0.628319    4.1335e-06
-1.88496     0.628319    1.4275e-05
-1.67552     0.628319    2.17857e-05
-1.46608     0.628319    2.20429e-05
-1.25664     0.628319    2.31e-05
-1.0472     0.628319    1.42857e-05
-0.837758     0.628319    4.51249e-05
-0.628319     0.628319    7.97313e-05
-0.418879     0.628319    8.86226e-05
-0.20944     0.628319    0.000100145
0     0.628319    8.43591e-05
0.20944     0.628319    9.9777e-05
0.418879     0.628319    8.88973e-05
0.628319     0.628319    7.97491e-05
0.837758     0.628319    4.5104e-05
1.0472     0.628319    1.42765e-05
1.25664     0.628319    2.30978e-05
1.46608     0.628319    2.20463e-05
1.67552     0.628319    2.17829e-05
1.88496     0.628319    1.42688e-05
2.0944     0.628319    4.12219e-06
2.30383     0.628319    1.04733e-05
2.51327     0.628319    3.07438e-05
2.72271     0.628319    5.42902e-05
2.93215     0.628319    0.00010193
3.14159     0.628319    0.000160452

-3.14159     0.837758    0.000153734
-2.93215     0.837758    0.000105419
-2.72271     0.837758    5.12846e-05
-2.51327     0.837758    1.60499e-05
-2.30383     0.837758    1.58086e-05
-2.0944     0.837758    7.3025e-06
-1.88496     0.837758    2.40554e-06
-1.67552     0.837758    1.20878e-06
-1.46608     0.837758    1.84983e-05
-1.25664     0.837758    1.77617e-05
-1.0472     0.837758    3.38187e-05
-0.837758     0.837758    6.56246e-05
-0.628319     0.837758    7.89356e-05
-0.418879     0.837758    9.09109e-05
-0.20944     0.837758    8.09863e-05
0     0.837758    8.57425e-05
0.20944     0.837758    8.09002e-05
0.418879     0.837758    9.06615e-05
0.628319     0.837758    7.89078e-05
0.837758     0.837758    6.56413e-05
1.0472     0.837758    3.38286e-05
1.25664     0.837758    1.77646e-05
1.46608     0.837758    1.85025e-05
1.67552     0.837758    1.21401e-06
1.88496     0.837758    2.40276e-06
2.0944     0.837758    7.30948e-06
2.30383     0.837758    1.58078e-05
2.51327     0.837758    1.60525e-05
2.72271     0.837758    5.12887e-05
2.93215     0.837758    0.000105422
3.14159     0.837758    0.000153738

-3.14159     1.0472    0.000164797
-2.93215     1.0472    0.000108002
-2.72271     1.0472    6.47054e-05
-2.51327     1.0472    3.98006e-05
-2.30383     1.0472    2.4646e-05
-2.0944     1.0472    2.77593e-05
-1.88496     1.0472    1.3857e-05
-1.67552     1.0472    3.93886e-06
-1.46608     1.0472    1.10615e-05
-1.25664     1.0472    2.96467e-05
-1.0472     1.0472    5.05478e-05
-0.837758     1.0472    5.90434e-05
-0.628319     1.0472    7.52823e-05
-0.418879     1.0472    7.08411e-05
-0.20944     1.0472    6.22066e-05
0     1.0472    1.55083e-05
0.20944     1.0472    6.22949e-05
0.418879     1.0472    7.09718e-05
0.628319     1.0472    7.5266e-05
0.837758     1.0472    5.90577e-05
1.0472     1.0472    5.05561e-05
1.25664     1.0472    2.96587e-05
1.46608     1.0472    1.10751e-05
1.67552     1.0472    3.92744e-06
1.88496     1.0472    1.38468e-05
2.0944     1.0472    2.77535e-05
2.30383     1.0472    2.46467e-05
2.51327     1.0472    3.9799e-05
2.72271     1.0472    6.47022e-05
2.93215     1.0472    0.000108
3.14159     1.0472    0.0001648

-3.14159     1.25664    0.000185443
-2.93215     1.25664    0.000119693
-2.72271     1.25664    7.67035e-05
-2.51327     1.25664    4.80882e-05
-2.30383     1.25664    3.45213e-05
-2.0944     1.25664    2.88297e-05
-1.88496     1.25664    2.1005e-05
-1.67552     1.25664    2.2064e-06
-1.46608     1.25664    1.38826e-05
-1.25664     1.25664    4.0221e-05
-1.0472     1.25664    4.98045e-05
-0.837758     1.25664    5.41455e-05
-0.628319     1.25664    6.05912e-05
-0.418879     1.25664    6.03436e-05
-0.20944     1.25664    4.07814e-05
0     1.25664    2.22942e-05
0.20944     1.25664    4.06839e-05
0.418879     1.25664    6.02454e-05
0.628319     1.25664    6.06011e-05
0.837758     1.25664    5.41379e-05
1.0472     1.25664    4.98068e-05
1.25664     1.25664    4.02382e-05
1.46608     1.25664    1.39035e-05
1.67552     1.25664    2.18975e-06
1.88496     1.25664    2.09881e-05
2.0944     1.25664    2.88166e-05
2.30383     1.25664    3.45127e-05
2.51327     1.25664    4.80777e-05
2.72271     1.25664    7.6695e-05
2.93215     1.25664    0.000119689
3.14159     1.25664    0.000185446

-3.14159     1.46608    0.000202928
-2.93215     1.46608    0.000151178
-2.72271     1.46608    9.14271e-05
-2.51327     1.46608    6.27528e-05
-2.30383     1.46608    4.45723e-05
-2.0944     1.46608    2.63467e-05
-1.88496     1.46608    1.89644e-05
-1.67552     1.46608    1.25853e-06
-1.46608     1.46608    1.52779e-05
-1.25664     1.46608    3.27255e-05
-1.0472     1.46608    4.28369e-05
-0.837758     1.46608    3.98466e-05
-0.628319     1.46608    5.09242e-05
-0.418879     1.46608    5.04166e-05
-0.20944     1.46608    2.80533e-05
0     1.46608    1.74322e-05
0.20944     1.46608    2.81495e-05
0.418879     1.46608    5.04493e-05
0.628319     1.46608    5.09157e-05
0.837758     1.46608    3.98575e-05
1.0472     1.46608    4.28522e-05
1.25664     1.46608    3.27451e-05
1.46608     1.46608    1.52965e-05
1.67552     1.46608    1.28297e-06
1.88496     1.46608    1.89405e-05
2.0944     1.46608    2.63257e-05
2.30383     1.46608    4.45529e-05
2.51327     1.46608    6.27406e-05
2.72271     1.46608    9.14178e-05
2.93215     1.46608    0.000151174
3.14159     1.46608    0.000202929

-3.14159     1.67552    0.000211419
-2.93215     1.67552    0.000187884
-2.72271     1.67552    0.000125052
-2.51327     1.67552    7.88823e-05
-2.30383     1.67552    5.2368e-05
-2.0944     1.67552    2.89797e-05
-1.88496     1.67552    1.48201e-05
-1.67552     1.67552    8.31526e-06
-1.46608     1.67552    1.39261e-06
-1.25664     1.67552    2.25339e-05
-1.0472     1.67552    2.53738e-05
-0.837758     1.67552    3.5642e-05
-0.628319     1.67552    4.39106e-05
-0.418879     1.67552    4.08886e-05
-0.20944     1.67552    1.76982e-05
0     1.67552    1.76205e-05
0.20944     1.67552    1.76346e-05
0.418879     1.67552    4.09154e-05
0.628319     1.67552    4.39128e-05
0.837758     1.67552    3.56376e-05
1.0472     1.67552    2.53874e-05
1.25664     1.67552    2.25507e-05
1.46608     1.67552    1.41599e-06
1.67552     1.67552    8.29257e-06
1.88496     1.67552    1.47968e-05
2.0944     1.67552    2.8954e-05
2.30383     1.67552    5.23475e-05
2.51327     1.67552    7.88672e-05
2.72271     1.67552    0.000125043
2.93215     1.67552    0.000187883
3.14159     1.67552    0.000211421

-3.14159     1.88496    0.000211911
-2.93215     1.88496    0.000206761
-2.72271     1.88496    0.000160439
-2.51327     1.88496    0.000104122
-2.30383     1.88496    7.94018e-05
-2.0944     1.88496    4.51586e-05
-1.88496     1.88496    2.63352e-05
-1.67552     1.88496    3.35709e-05
-1.46608     1.88496    1.45844e-05
-1.25664     1.88496    1.0679e-05
-1.0472     1.88496    1.10069e-06
-0.837758     1.88496    2.54615e-05
-0.628319     1.88496    2.64776e-05
-0.418879     1.88496    2.11803e-05
-0.20944     1.88496    7.03145e-06
0     1.88496    7.70646e-06
0.20944     1.88496    7.06696e-06
0.418879     1.88496    2.11071e-05
0.628319     1.88496    2.64646e-05
0.837758     1.88496    2.54578e-05
1.0472     1.88496    1.09608e-06
1.25664     1.88496    1.06636e-05
1.46608     1.88496    1.45618e-05
1.67552     1.88496    3.35461e-05
1.88496     1.88496    2.63107e-05
2.0944     1.88496    4.51321e-05
2.30383     1.88496    7.93805e-05
2.51327     1.88496    0.000104108
2.72271     1.88496    0.000160433
2.93215     1.88496    0.000206762
3.14159     1.88496    0.000211913

-3.14159     2.0944    0.000207031
-2.93215     2.0944    0.000216776
-2.72271     2.0944    0.000199358
-2.51327     2.0944    0.000152796
-2.30383     2.0944    0.000112722
-2.0944     2.0944    8.18899e-05
-1.88496     2.0944    6.313e-05
-1.67552     2.0944    6.05222e-05
-1.46608     2.0944    6.17757e-05
-1.25664     2.0944    6.70113e-05
-1.0472     2.0944    2.76087e-05
-0.837758     2.0944    4.80186e-06
-0.628319     2.0944    4.98039e-06
-0.418879     2.0944    6.67231e-06
-0.20944     2.0944    6.12148e-06
0     2.0944    1.8642e-05
0.20944     2.0944    6.14543e-06
0.418879     2.0944    6.78077e-06
0.628319     2.0944    4.9793e-06
0.837758     2.0944    4.79474e-06
1.0472     2.0944    2.76052e-05
1.25664     2.0944    6.69975e-05
1.46608     2.0944    6.17571e-05
1.67552     2.0944    6.04997e-05
1.88496     2.0944    6.31046e-05
2.0944     2.0944    8.18654e-05
2.30383     2.0944    0.000112703
2.51327     2.0944    0.000152784
2.72271     2.0944    0.000199356
2.93215     2.0944    0.000216777
3.14159     2.0944    0.000207032

-3.14159     2.30383    0.000191462
-2.93215     2.30383    0.000230516
-2.72271     2.30383    0.000232099
-2.51327     2.30383    0.000195588
-2.30383     2.30383    0.000155384
-2.0944     2.30383    0.000138011
-1.88496     2.30383    0.000104776
-1.67552     2.30383    0.000107055
-1.46608     2.30383    0.000135174
-1.25664     2.30383    0.000116402
-1.0472     2.30383    5.04137e-05
-0.837758     2.30383    2.76404e-05
-0.628319     2.30383    1.03362e-05
-0.418879     2.30383    9.0912e-06
-0.20944     2.30383    2.15825e-05
0     2.30383    2.17194e-05
0.20944     2.30383    2.15819e-05
0.418879     2.30383    9.21722e-06
0.628319     2.30383    1.03358e-05
0.837758     2.30383    2.76361e-05
1.0472     2.30383    5.04081e-05
1.25664     2.30383    0.00011639
1.46608     2.30383    0.000135156
1.67552     2.30383    0.000107038
1.88496     2.30383    0.000104754
2.0944     2.30383    0.000137988
2.30383     2.30383    0.000155367
2.51327     2.30383    0.000195581
2.72271     2.30383    0.000232099
2.93215     2.30383    0.00023052
3.14159     2.30383    0.000191465

-3.14159     2.51327    0.000171553
-2.93215     2.51327    0.000228895
-2.72271     2.51327    0.000256179
-2.51327     2.51327    0.000249706
-2.30383     2.51327    0.00020936
-2.0944     2.51327    0.000175224
-1.88496     2.51327    0.000153847
-1.67552     2.51327    0.000171301
-1.46608     2.51327    0.000182277
-1.25664     2.51327    0.000139825
-1.0472     2.51327    7.268e-05
-0.837758     2.51327    4.4475e-05
-0.628319     2.51327    1.80519e-05
-0.418879     2.51327    2.01485e-05
-0.20944     2.51327    2.55346e-05
0     2.51327    3.68151e-05
0.20944     2.51327    2.55261e-05
0.418879     2.51327    2.00569e-05
0.628319     2.51327    1.8053e-05
0.837758     2.51327    4.44722e-05
1.0472     2.51327    7.26721e-05
1.25664     2.51327    0.000139813
1.46608     2.51327    0.00018226
1.67552     2.51327    0.000171279
1.88496     2.51327    0.000153829
2.0944     2.51327    0.000175211
2.30383     2.51327    0.000209345
2.51327     2.51327    0.000249704
2.72271     2.51327    0.000256183
2.93215     2.51327    0.000228898
3.14159     2.51327    0.000171555

-3.14159     2.72271    0.000154641
-2.93215     2.72271    0.000225433
-2.72271     2.72271    0.000266347
-2.51327     2.72271    0.000262172
-2.30383     2.72271    0.000241553
-2.0944     2.72271    0.000230821
-1.88496     2.72271    0.0002286
-1.67552     2.72271    0.000221579
-1.46608     2.72271    0.000202135
-1.25664     2.72271    0.000144196
-1.0472     2.72271    9.4343e-05
-0.837758     2.72271    6.50395e-05
-0.628319     2.72271    4.04932e-05
-0.418879     2.72271    3.78561e-05
-0.20944     2.72271    4.09174e-05
0     2.72271    4.22423e-05
0.20944     2.72271    4.09358e-05
0.418879     2.72271    3.79359e-05
0.628319     2.72271    4.04955e-05
0.837758     2.72271    6.5035e-05
1.0472     2.72271    9.43371e-05
1.25664     2.72271    0.00014419
1.46608     2.72271    0.00020212
1.67552     2.72271    0.000221561
1.88496     2.72271    0.000228583
2.0944     2.72271    0.000230813
2.30383     2.72271    0.000241551
2.51327     2.72271    0.000262174
2.72271     2.72271    0.000266353
2.93215     2.72271    0.00022544
3.14159     2.72271    0.000154645

-3.14159     2.93215    0.000158387
-2.93215     2.93215    0.000211355
-2.72271     2.93215    0.000252002
-2.51327     2.93215    0.000281221
-2.30383     2.93215    0.000300733
-2.0944     2.93215    0.000302701
-1.88496     2.93215    0.000284526
-1.67552     2.93215    0.000263448
-1.46608     2.93215    0.000230959
-1.25664     2.93215    0.000167061
-1.0472     2.93215    0.000137284
-0.837758     2.93215    0.000109781
-0.628319     2.93215    8.53438e-05
-0.418879     2.93215    7.28812e-05
-0.20944     2.93215    6.54901e-05
0     2.93215    6.51851e-05
0.20944     2.93215    6.54711e-05
0.418879     2.93215    7.28407e-05
0.628319     2.93215    8.53464e-05
0.837758     2.93215    0.000109782
1.0472     2.93215    0.000137279
1.25664     2.93215    0.000167056
1.46608     2.93215    0.00023095
1.67552     2.93215    0.000263435
1.88496     2.93215    0.000284515
2.0944     2.93215    0.000302693
2.30383     2.93215    0.000300732
2.51327     2.93215    0.000281228
2.72271     2.93215    0.000252008
2.93215     2.93215    0.000211363
3.14159     2.93215    0.000158393

-3.14159     3.14159    0.000159568
-2.93215     3.14159    0.000208727
-2.72271     3.14159    0.000271405
-2.51327     3.14159    0.000328724
-2.30383     3.14159    0.00034734
-2.0944     3.14159    0.000324909
-1.88496     3.14159    0.000309685
-1.67552     3.14159    0.00029663
-1.46608     3.14159    0.000272066
-1.25664     3.14159    0.000208512
-1.0472     3.14159    0.00018874
-0.837758     3.14159    0.0001531
-0.628319     3.14159    0.000135766
-0.418879     3.14159    0.000114719
-0.20944     3.14159    0.000108527
0     3.14159    0.00010638
0.20944     3.14159    0.000108539
0.418879     3.14159    0.000114717
0.628319     3.14159    0.000135764
0.837758     3.14159    0.000153103
1.0472     3.14159    0.000188739
1.25664     3.14159    0.000208507
1.46608     3.14159    0.000272065
1.67552     3.14159    0.000296626
1.88496     3.14159    0.000309681
2.0944     3.14159    0.000324906
2.30383     3.14159    0.000347338
2.51327     3.14159    0.000328731
2.72271     3.14159    0.000271411
2.93215     3.14159    0.00020873
3.14159     3.14159    0.000159572

