-3.14159     -3.14159    0.000865932
-2.93215     -3.14159    0.00162924
-2.72271     -3.14159    0.00349673
-2.51327     -3.14159    0.00355903
-2.30383     -3.14159    0.00141011
-2.0944     -3.14159    0.000573096
-1.88496     -3.14159    0.00235219
-1.67552     -3.14159    0.000896759
-1.46608     -3.14159    0.000588519
-1.25664     -3.14159    0.00159783
-1.0472     -3.14159    0.000674241
-0.837758     -3.14159    0.000231278
-0.628319     -3.14159    0.00351492
-0.418879     -3.14159    0.0030548
-0.20944     -3.14159    0.00563766
0     -3.14159    0.0118976
0.20944     -3.14159    0.00582408
0.418879     -3.14159    0.00303046
0.628319     -3.14159    0.00325931
0.837758     -3.14159    0.000251091
1.0472     -3.14159    0.000693088
1.25664     -3.14159    0.00167209
1.46608     -3.14159    0.000596616
1.67552     -3.14159    0.000918639
1.88496     -3.14159    0.00245225
2.0944     -3.14159    0.000632574
2.30383     -3.14159    0.00143687
2.51327     -3.14159    0.0036372
2.72271     -3.14159    0.00354217
2.93215     -3.14159    0.0016998
3.14159     -3.14159    0.000912616

-3.14159     -2.93215    0.000808005
-2.93215     -2.93215    0.000527826
-2.72271     -2.93215    0.000372957
-2.51327     -2.93215    0.0036739
-2.30383     -2.93215    0.00418387
-2.0944     -2.93215    0.000426948
-1.88496     -2.93215    0.000208157
-1.67552     -2.93215    0.0010726
-1.46608     -2.93215    0.000652333
-1.25664     -2.93215    0.000230446
-1.0472     -2.93215    0.0012662
-0.837758     -2.93215    0.00183642
-0.628319     -2.93215    0.00294457
-0.418879     -2.93215    0.00127578
-0.20944     -2.93215    0.000202265
0     -2.93215    0.00705816
0.20944     -2.93215    0.000137633
0.418879     -2.93215    0.00128895
0.628319     -2.93215    0.0030364
0.837758     -2.93215    0.00176355
1.0472     -2.93215    0.00129382
1.25664     -2.93215    0.000181111
1.46608     -2.93215    0.00062532
1.67552     -2.93215    0.000979633
1.88496     -2.93215    0.000230252
2.0944     -2.93215    0.000411874
2.30383     -2.93215    0.00413865
2.51327     -2.93215    0.00355326
2.72271     -2.93215    0.000399974
2.93215     -2.93215    0.000580423
3.14159     -2.93215    0.000836814

-3.14159     -2.72271    0.000866431
-2.93215     -2.72271    0.000776101
-2.72271     -2.72271    0.000206637
-2.51327     -2.72271    0.00406314
-2.30383     -2.72271    0.00132913
-2.0944     -2.72271    0.00146188
-1.88496     -2.72271    0.000614374
-1.67552     -2.72271    0.000859317
-1.46608     -2.72271    0.00034351
-1.25664     -2.72271    0.000265376
-1.0472     -2.72271    0.000271095
-0.837758     -2.72271    0.000533949
-0.628319     -2.72271    0.0034059
-0.418879     -2.72271    0.00143338
-0.20944     -2.72271    0.000743795
0     -2.72271    0.00552265
0.20944     -2.72271    0.00080177
0.418879     -2.72271    0.00146843
0.628319     -2.72271    0.00342179
0.837758     -2.72271    0.000488676
1.0472     -2.72271    0.000258793
1.25664     -2.72271    0.000287524
1.46608     -2.72271    0.000292591
1.67552     -2.72271    0.000768785
1.88496     -2.72271    0.000640476
2.0944     -2.72271    0.00154569
2.30383     -2.72271    0.00128057
2.51327     -2.72271    0.00418124
2.72271     -2.72271    0.000224401
2.93215     -2.72271    0.000904362
3.14159     -2.72271    0.000959889

-3.14159     -2.51327    0.00558881
-2.93215     -2.51327    0.00403722
-2.72271     -2.51327    0.00587903
-2.51327     -2.51327    0.00196551
-2.30383     -2.51327    0.000797552
-2.0944     -2.51327    0.000598989
-1.88496     -2.51327    5.01825e-05
-1.67552     -2.51327    0.000696999
-1.46608     -2.51327    0.000282696
-1.25664     -2.51327    0.00268195
-1.0472     -2.51327    8.05975e-05
-0.837758     -2.51327    0.00105998
-0.628319     -2.51327    0.00114437
-0.418879     -2.51327    0.000667786
-0.20944     -2.51327    0.00171311
0     -2.51327    0.00357614
0.20944     -2.51327    0.00164335
0.418879     -2.51327    0.000690234
0.628319     -2.51327    0.00110834
0.837758     -2.51327    0.00115832
1.0472     -2.51327    9.25212e-05
1.25664     -2.51327    0.00266888
1.46608     -2.51327    0.000251637
1.67552     -2.51327    0.000680212
1.88496     -2.51327    7.36277e-05
2.0944     -2.51327    0.000679218
2.30383     -2.51327    0.00079691
2.51327     -2.51327    0.00191746
2.72271     -2.51327    0.0057468
2.93215     -2.51327    0.0035329
3.14159     -2.51327    0.00555717

-3.14159     -2.30383    0.0102475
-2.93215     -2.30383    0.010031
-2.72271     -2.30383    0.00592305
-2.51327     -2.30383    0.00218244
-2.30383     -2.30383    0.000207066
-2.0944     -2.30383    0.00292644
-1.88496     -2.30383    0.000212146
-1.67552     -2.30383    0.000979603
-1.46608     -2.30383    0.00204266
-1.25664     -2.30383    0.000949686
-1.0472     -2.30383    0.000222979
-0.837758     -2.30383    0.0023518
-0.628319     -2.30383    0.000695416
-0.418879     -2.30383    0.000485842
-0.20944     -2.30383    0.00105541
0     -2.30383    0.00160395
0.20944     -2.30383    0.00106176
0.418879     -2.30383    0.000536414
0.628319     -2.30383    0.000672513
0.837758     -2.30383    0.00236761
1.0472     -2.30383    0.000231321
1.25664     -2.30383    0.000908246
1.46608     -2.30383    0.0020743
1.67552     -2.30383    0.000962028
1.88496     -2.30383    0.000239174
2.0944     -2.30383    0.00289
2.30383     -2.30383    0.000243898
2.51327     -2.30383    0.00233761
2.72271     -2.30383    0.00566398
2.93215     -2.30383    0.00983909
3.14159     -2.30383    0.0102341

-3.14159     -2.0944    0.0114414
-2.93215     -2.0944    0.0165044
-2.72271     -2.0944    0.00982063
-2.51327     -2.0944    0.00586356
-2.30383     -2.0944    0.00234801
-2.0944     -2.0944    0.000326034
-1.88496     -2.0944    0.000761174
-1.67552     -2.0944    0.000761234
-1.46608     -2.0944    0.00114042
-1.25664     -2.0944    0.00137023
-1.0472     -2.0944    0.000779817
-0.837758     -2.0944    0.00442084
-0.628319     -2.0944    0.000885549
-0.418879     -2.0944    0.000292416
-0.20944     -2.0944    0.00265472
0     -2.0944    0.00152906
0.20944     -2.0944    0.0026912
0.418879     -2.0944    0.000335359
0.628319     -2.0944    0.000873398
0.837758     -2.0944    0.00438977
1.0472     -2.0944    0.000815937
1.25664     -2.0944    0.00133154
1.46608     -2.0944    0.00105368
1.67552     -2.0944    0.000693032
1.88496     -2.0944    0.000740536
2.0944     -2.0944    0.000297868
2.30383     -2.0944    0.00230986
2.51327     -2.0944    0.00589974
2.72271     -2.0944    0.00994087
2.93215     -2.0944    0.0167195
3.14159     -2.0944    0.0118094

-3.14159     -1.88496    0.0142685
-2.93215     -1.88496    0.00995045
-2.72271     -1.88496    0.00899181
-2.51327     -1.88496    0.00175742
-2.30383     -1.88496    0.00250142
-2.0944     -1.88496    0.0036036
-1.88496     -1.88496    0.00167874
-1.67552     -1.88496    0.00101473
-1.46608     -1.88496    0.00371665
-1.25664     -1.88496    0.00192234
-1.0472     -1.88496    0.000112274
-0.837758     -1.88496    0.00374593
-0.628319     -1.88496    0.000407471
-0.418879     -1.88496    0.00205615
-0.20944     -1.88496    0.00156472
0     -1.88496    0.00137245
0.20944     -1.88496    0.0015356
0.418879     -1.88496    0.00211511
0.628319     -1.88496    0.00040777
0.837758     -1.88496    0.00380299
1.0472     -1.88496    0.00015997
1.25664     -1.88496    0.00186541
1.46608     -1.88496    0.00374979
1.67552     -1.88496    0.000967651
1.88496     -1.88496    0.00166566
2.0944     -1.88496    0.00361734
2.30383     -1.88496    0.00249257
2.51327     -1.88496    0.00172644
2.72271     -1.88496    0.00921486
2.93215     -1.88496    0.00977702
3.14159     -1.88496    0.0145777

-3.14159     -1.67552    0.0133806
-2.93215     -1.67552    0.00861294
-2.72271     -1.67552    0.0108297
-2.51327     -1.67552    0.00268737
-2.30383     -1.67552    0.0007652
-2.0944     -1.67552    0.00103759
-1.88496     -1.67552    0.000559393
-1.67552     -1.67552    0.000572665
-1.46608     -1.67552    0.00237694
-1.25664     -1.67552    0.00346717
-1.0472     -1.67552    0.00306472
-0.837758     -1.67552    0.00310887
-0.628319     -1.67552    0.000580588
-0.418879     -1.67552    0.00423606
-0.20944     -1.67552    0.00185103
0     -1.67552    0.00160272
0.20944     -1.67552    0.00188427
0.418879     -1.67552    0.00424921
0.628319     -1.67552    0.000623586
0.837758     -1.67552    0.0030634
1.0472     -1.67552    0.00302577
1.25664     -1.67552    0.00348167
1.46608     -1.67552    0.00233392
1.67552     -1.67552    0.000633935
1.88496     -1.67552    0.000571118
2.0944     -1.67552    0.00109384
2.30383     -1.67552    0.000723347
2.51327     -1.67552    0.00265109
2.72271     -1.67552    0.0108741
2.93215     -1.67552    0.00861555
3.14159     -1.67552    0.013742

-3.14159     -1.46608    0.0110042
-2.93215     -1.46608    0.00927425
-2.72271     -1.46608    0.0091061
-2.51327     -1.46608    0.00640132
-2.30383     -1.46608    0.00281651
-2.0944     -1.46608    0.00173503
-1.88496     -1.46608    0.000902733
-1.67552     -1.46608    5.98664e-05
-1.46608     -1.46608    0.000371227
-1.25664     -1.46608    0.000424361
-1.0472     -1.46608    0.00186286
-0.837758     -1.46608    0.00302441
-0.628319     -1.46608    0.000604385
-0.418879     -1.46608    0.0037914
-0.20944     -1.46608    0.00112455
0     -1.46608    0.000502453
0.20944     -1.46608    0.00103334
0.418879     -1.46608    0.00377588
0.628319     -1.46608    0.000608729
0.837758     -1.46608    0.00299091
1.0472     -1.46608    0.00178836
1.25664     -1.46608    0.000447239
1.46608     -1.46608    0.000420766
1.67552     -1.46608    9.89708e-05
1.88496     -1.46608    0.000958514
2.0944     -1.46608    0.00175761
2.30383     -1.46608    0.00290633
2.51327     -1.46608    0.00623407
2.72271     -1.46608    0.00912825
2.93215     -1.46608    0.00926149
3.14159     -1.46608    0.0112746

-3.14159     -1.25664    0.00927899
-2.93215     -1.25664    0.00353401
-2.72271     -1.25664    0.000336635
-2.51327     -1.25664    0.000950618
-2.30383     -1.25664    0.00526108
-2.0944     -1.25664    0.00105487
-1.88496     -1.25664    0.000737829
-1.67552     -1.25664    0.00231653
-1.46608     -1.25664    0.00158394
-1.25664     -1.25664    0.00378791
-1.0472     -1.25664    0.00118505
-0.837758     -1.25664    0.000328408
-0.628319     -1.25664    0.00290666
-0.418879     -1.25664    0.00360179
-0.20944     -1.25664    0.000804829
0     -1.25664    0.000975287
0.20944     -1.25664    0.000801313
0.418879     -1.25664    0.00368211
0.628319     -1.25664    0.0030288
0.837758     -1.25664    0.000273985
1.0472     -1.25664    0.00124831
1.25664     -1.25664    0.0037389
1.46608     -1.25664    0.00162577
1.67552     -1.25664    0.00224161
1.88496     -1.25664    0.000776892
2.0944     -1.25664    0.00105982
2.30383     -1.25664    0.00538579
2.51327     -1.25664    0.000920085
2.72271     -1.25664    0.000351325
2.93215     -1.25664    0.00354591
3.14159     -1.25664    0.00919193

-3.14159     -1.0472    0.00367684
-2.93215     -1.0472    0.00335523
-2.72271     -1.0472    0.00242831
-2.51327     -1.0472    0.000435539
-2.30383     -1.0472    0.00113507
-2.0944     -1.0472    0.000472785
-1.88496     -1.0472    0.000527759
-1.67552     -1.0472    0.00196722
-1.46608     -1.0472    0.00125242
-1.25664     -1.0472    0.00321663
-1.0472     -1.0472    0.00370767
-0.837758     -1.0472    0.00449824
-0.628319     -1.0472    0.0030235
-0.418879     -1.0472    0.00058722
-0.20944     -1.0472    0.00067794
0     -1.0472    0.00135366
0.20944     -1.0472    0.000686045
0.418879     -1.0472    0.000618082
0.628319     -1.0472    0.00309149
0.837758     -1.0472    0.00441423
1.0472     -1.0472    0.00372906
1.25664     -1.0472    0.00319607
1.46608     -1.0472    0.00123045
1.67552     -1.0472    0.00192412
1.88496     -1.0472    0.000532851
2.0944     -1.0472    0.000513723
2.30383     -1.0472    0.00109715
2.51327     -1.0472    0.000411897
2.72271     -1.0472    0.00244921
2.93215     -1.0472    0.00344914
3.14159     -1.0472    0.0037143

-3.14159     -0.837758    0.0001626
-2.93215     -0.837758    0.00015217
-2.72271     -0.837758    0.00351539
-2.51327     -0.837758    0.00180792
-2.30383     -0.837758    0.000526374
-2.0944     -0.837758    0.00124061
-1.88496     -0.837758    0.00271194
-1.67552     -0.837758    0.000275136
-1.46608     -0.837758    0.00164284
-1.25664     -0.837758    0.00102348
-1.0472     -0.837758    0.000654709
-0.837758     -0.837758    0.000627634
-0.628319     -0.837758    0.000614225
-0.418879     -0.837758    0.00377836
-0.20944     -0.837758    0.00355812
0     -0.837758    0.005998
0.20944     -0.837758    0.00354309
0.418879     -0.837758    0.0037523
0.628319     -0.837758    0.000660632
0.837758     -0.837758    0.000669301
1.0472     -0.837758    0.000693207
1.25664     -0.837758    0.000966038
1.46608     -0.837758    0.00163703
1.67552     -0.837758    0.000293022
1.88496     -0.837758    0.00269409
2.0944     -0.837758    0.0012716
2.30383     -0.837758    0.00049216
2.51327     -0.837758    0.00174836
2.72271     -0.837758    0.00355609
2.93215     -0.837758    0.000164421
3.14159     -0.837758    0.000228539

-3.14159     -0.628319    0.00109772
-2.93215     -0.628319    0.00155298
-2.72271     -0.628319    0.000969616
-2.51327     -0.628319    0.00113415
-2.30383     -0.628319    0.000561761
-2.0944     -0.628319    0.000739769
-1.88496     -0.628319    0.00157019
-1.67552     -0.628319    0.00304525
-1.46608     -0.628319    0.00194597
-1.25664     -0.628319    0.000376147
-1.0472     -0.628319    0.000367651
-0.837758     -0.628319    0.0013455
-0.628319     -0.628319    0.00291892
-0.418879     -0.628319    0.00911179
-0.20944     -0.628319    0.00885796
0     -0.628319    0.0046986
0.20944     -0.628319    0.00875045
0.418879     -0.628319    0.00887499
0.628319     -0.628319    0.0030413
0.837758     -0.628319    0.00134761
1.0472     -0.628319    0.000368239
1.25664     -0.628319    0.000381069
1.46608     -0.628319    0.00196737
1.67552     -0.628319    0.00307251
1.88496     -0.628319    0.00155068
2.0944     -0.628319    0.000778155
2.30383     -0.628319    0.000618861
2.51327     -0.628319    0.00113474
2.72271     -0.628319    0.00102367
2.93215     -0.628319    0.00152564
3.14159     -0.628319    0.00115031

-3.14159     -0.418879    0.00037076
-2.93215     -0.418879    0.000189604
-2.72271     -0.418879    0.000683328
-2.51327     -0.418879    0.000800187
-2.30383     -0.418879    0.00334263
-2.0944     -0.418879    0.00217834
-1.88496     -0.418879    0.000113436
-1.67552     -0.418879    0.0038209
-1.46608     -0.418879    0.00343976
-1.25664     -0.418879    0.000309445
-1.0472     -0.418879    0.000863123
-0.837758     -0.418879    0.00198004
-0.628319     -0.418879    0.00542011
-0.418879     -0.418879    0.00906314
-0.20944     -0.418879    0.0100799
0     -0.418879    0.0141575
0.20944     -0.418879    0.00989276
0.418879     -0.418879    0.0087758
0.628319     -0.418879    0.00542643
0.837758     -0.418879    0.00200755
1.0472     -0.418879    0.000822368
1.25664     -0.418879    0.000344361
1.46608     -0.418879    0.00341682
1.67552     -0.418879    0.00389135
1.88496     -0.418879    0.000122059
2.0944     -0.418879    0.00216559
2.30383     -0.418879    0.00336015
2.51327     -0.418879    0.000705653
2.72271     -0.418879    0.000676046
2.93215     -0.418879    0.000200429
3.14159     -0.418879    0.000395622

-3.14159     -0.20944    0.000192125
-2.93215     -0.20944    0.00107742
-2.72271     -0.20944    0.00162011
-2.51327     -0.20944    0.00035802
-2.30383     -0.20944    0.00288499
-2.0944     -0.20944    0.00343243
-1.88496     -0.20944    0.00237849
-1.67552     -0.20944    0.000246314
-1.46608     -0.20944    0.00314253
-1.25664     -0.20944    0.00338837
-1.0472     -0.20944    0.000219489
-0.837758     -0.20944    0.00404436
-0.628319     -0.20944    0.00745375
-0.418879     -0.20944    0.00977589
-0.20944     -0.20944    0.0137907
0     -0.20944    0.0153447
0.20944     -0.20944    0.0138963
0.418879     -0.20944    0.00956377
0.628319     -0.20944    0.00790279
0.837758     -0.20944    0.00406287
1.0472     -0.20944    0.000153538
1.25664     -0.20944    0.00332554
1.46608     -0.20944    0.00322105
1.67552     -0.20944    0.000276909
1.88496     -0.20944    0.00238706
2.0944     -0.20944    0.00347648
2.30383     -0.20944    0.00292281
2.51327     -0.20944    0.000341102
2.72271     -0.20944    0.0016287
2.93215     -0.20944    0.00109007
3.14159     -0.20944    0.000245021

-3.14159     0    0.000954318
-2.93215     0    0.000217008
-2.72271     0    0.00219546
-2.51327     0    0.00094703
-2.30383     0    0.0011351
-2.0944     0    0.000897522
-1.88496     0    0.00380863
-1.67552     0    0.00304578
-1.46608     0    0.00111762
-1.25664     0    0.00360073
-1.0472     0    0.0014317
-0.837758     0    0.00718143
-0.628319     0    0.0100995
-0.418879     0    0.0101797
-0.20944     0    0.019702
0     0    4.17187e-15
0.20944     0    0.019702
0.418879     0    0.0101797
0.628319     0    0.0100995
0.837758     0    0.00718143
1.0472     0    0.0014317
1.25664     0    0.00360073
1.46608     0    0.00111762
1.67552     0    0.00304578
1.88496     0    0.00380863
2.0944     0    0.000897522
2.30383     0    0.0011351
2.51327     0    0.00094703
2.72271     0    0.00219546
2.93215     0    0.000217008
3.14159     0    0.000954318

-3.14159     0.20944    0.000245021
-2.93215     0.20944    0.00109007
-2.72271     0.20944    0.0016287
-2.51327     0.20944    0.000341102
-2.30383     0.20944    0.00292281
-2.0944     0.20944    0.00347648
-1.88496     0.20944    0.00238706
-1.67552     0.20944    0.000276909
-1.46608     0.20944    0.00322105
-1.25664     0.20944    0.00332554
-1.0472     0.20944    0.000153538
-0.837758     0.20944    0.00406287
-0.628319     0.20944    0.00790279
-0.418879     0.20944    0.00956377
-0.20944     0.20944    0.0138963
0     0.20944    0.0153447
0.20944     0.20944    0.0137907
0.418879     0.20944    0.00977589
0.628319     0.20944    0.00745375
0.837758     0.20944    0.00404436
1.0472     0.20944    0.000219489
1.25664     0.20944    0.00338837
1.46608     0.20944    0.00314253
1.67552     0.20944    0.000246314
1.88496     0.20944    0.00237849
2.0944     0.20944    0.00343243
2.30383     0.20944    0.00288499
2.51327     0.20944    0.00035802
2.72271     0.20944    0.00162011
2.93215     0.20944    0.00107742
3.14159     0.20944    0.000192125

-3.14159     0.418879    0.000395622
-2.93215     0.418879    0.000200429
-2.72271     0.418879    0.000676046
-2.51327     0.418879    0.000705653
-2.30383     0.418879    0.00336015
-2.0944     0.418879    0.00216559
-1.88496     0.418879    0.000122059
-1.67552     0.418879    0.00389135
-1.46608     0.418879    0.00341682
-1.25664     0.418879    0.000344361
-1.0472     0.418879    0.000822368
-0.837758     0.418879    0.00200755
-0.628319     0.418879    0.00542643
-0.418879     0.418879    0.0087758
-0.20944     0.418879    0.00989276
0     0.418879    0.0141575
0.20944     0.418879    0.0100799
0.418879     0.418879    0.00906314
0.628319     0.418879    0.00542011
0.837758     0.418879    0.00198004
1.0472     0.418879    0.000863123
1.25664     0.418879    0.000309445
1.46608     0.418879    0.00343976
1.67552     0.418879    0.0038209
1.88496     0.418879    0.000113436
2.0944     0.418879    0.00217834
2.30383     0.418879    0.00334263
2.51327     0.418879    0.000800187
2.72271     0.418879    0.000683328
2.93215     0.418879    0.000189604
3.14159     0.418879    0.00037076

-3.14159     0.628319    0.00115031
-2.93215     0.628319    0.00152564
-2.72271     0.628319    0.00102367
-2.51327     0.628319    0.00113474
-2.30383     0.628319    0.000618861
-2.0944     0.628319    0.000778155
-1.88496     0.628319    0.00155068
-1.67552     0.628319    0.00307251
-1.46608     0.628319    0.00196737
-1.25664     0.628319    0.000381069
-1.0472     0.628319    0.000368239
-0.837758     0.628319    0.00134761
-0.628319     0.628319    0.0030413
-0.418879     0.628319    0.00887499
-0.20944     0.628319    0.00875045
0     0.628319    0.0046986
0.20944     0.628319    0.00885796
0.418879     0.628319    0.00911179
0.628319     0.628319    0.00291892
0.837758     0.628319    0.0013455
1.0472     0.628319    0.000367651
1.25664     0.628319    0.000376147
1.46608     0.628319    0.00194597
1.67552     0.628319    0.00304525
1.88496     0.628319    0.00157019
2.0944     0.628319    0.000739769
2.30383     0.628319    0.000561761
2.51327     0.628319    0.00113415
2.72271     0.628319    0.000969616
2.93215     0.628319    0.00155298
3.14159     0.628319    0.00109772

-3.14159     0.837758    0.000228539
-2.93215     0.837758    0.000164421
-2.72271     0.837758    0.00355609
-2.51327     0.837758    0.00174836
-2.30383     0.837758    0.00049216
-2.0944     0.837758    0.0012716
-1.88496     0.837758    0.00269409
-1.67552     0.837758    0.000293022
-1.46608     0.837758    0.00163703
-1.25664     0.837758    0.000966038
-1.0472     0.837758    0.000693207
-0.837758     0.837758    0.000669301
-0.628319     0.837758    0.000660632
-0.418879     0.837758    0.0037523
-0.20944     0.837758    0.00354309
0     0.837758    0.005998
0.20944     0.837758    0.00355812
0.418879     0.837758    0.00377836
0.628319     0.837758    0.000614225
0.837758     0.837758    0.000627634
1.0472     0.837758    0.000654709
1.25664     0.837758    0.00102348
1.46608     0.837758    0.00164284
1.67552     0.837758    0.000275136
1.88496     0.837758    0.00271194
2.0944     0.837758    0.00124061
2.30383     0.837758    0.000526374
2.51327     0.837758    0.00180792
2.72271     0.837758    0.00351539
2.93215     0.837758    0.00015217
3.14159     0.837758    0.0001626

-3.14159     1.0472    0.0037143
-2.93215     1.0472    0.00344914
-2.72271     1.0472    0.00244921
-2.51327     1.0472    0.000411897
-2.30383     1.0472    0.00109715
-2.0944     1.0472    0.000513723
-1.88496     1.0472    0.000532851
-1.67552     1.0472    0.00192412
-1.46608     1.0472    0.00123045
-1.25664     1.0472    0.00319607
-1.0472     1.0472    0.00372906
-0.837758     1.0472    0.00441423
-0.628319     1.0472    0.00309149
-0.418879     1.0472    0.000618082
-0.20944     1.0472    0.000686045
0     1.0472    0.00135366
0.20944     1.0472    0.00067794
0.418879     1.0472    0.00058722
0.628319     1.0472    0.0030235
0.837758     1.0472    0.00449824
1.0472     1.0472    0.00370767
1.25664     1.0472    0.00321663
1.46608     1.0472    0.00125242
1.67552     1.0472    0.00196722
1.88496     1.0472    0.000527759
2.0944     1.0472    0.000472785
2.30383     1.0472    0.00113507
2.51327     1.0472    0.000435539
2.72271     1.0472    0.00242831
2.93215     1.0472    0.00335523
3.14159     1.0472    0.00367684

-3.14159     1.25664    0.00919193
-2.93215     1.25664    0.00354591
-2.72271     1.25664    0.000351325
-2.51327     1.25664    0.000920085
-2.30383     1.25664    0.00538579
-2.0944     1.25664    0.00105982
-1.88496     1.25664    0.000776892
-1.67552     1.25664    0.00224161
-1.46608     1.25664    0.00162577
-1.25664     1.25664    0.0037389
-1.0472     1.25664    0.00124831
-0.837758     1.25664    0.000273985
-0.628319     1.25664    0.0030288
-0.418879     1.25664    0.00368211
-0.20944     1.25664    0.000801313
0     1.25664    0.000975287
0.20944     1.25664    0.000804829
0.418879     1.25664    0.00360179
0.628319     1.25664    0.00290666
0.837758     1.25664    0.000328408
1.0472     1.25664    0.00118505
1.25664     1.25664    0.00378791
1.46608     1.25664    0.00158394
1.67552     1.25664    0.00231653
1.88496     1.25664    0.000737829
2.0944     1.25664    0.00105487
2.30383     1.25664    0.00526108
2.51327     1.25664    0.000950618
2.72271     1.25664    0.000336635
2.93215     1.25664    0.00353401
3.14159     1.25664    0.00927899

-3.14159     1.46608    0.0112746
-2.93215     1.46608    0.00926149
-2.72271     1.46608    0.00912825
-2.51327     1.46608    0.00623407
-2.30383     1.46608    0.00290633
-2.0944     1.46608    0.00175761
-1.88496     1.46608    0.000958514
-1.67552     1.46608    9.89708e-05
-1.46608     1.46608    0.000420766
-1.25664     1.46608    0.000447239
-1.0472     1.46608    0.00178836
-0.837758     1.46608    0.00299091
-0.628319     1.46608    0.000608729
-0.418879     1.46608    0.00377588
-0.20944     1.46608    0.00103334
0     1.46608    0.000502453
0.20944     1.46608    0.00112455
0.418879     1.46608    0.0037914
0.628319     1.46608    0.000604385
0.837758     1.46608    0.00302441
1.0472     1.46608    0.00186286
1.25664     1.46608    0.000424361
1.46608     1.46608    0.000371227
1.67552     1.46608    5.98664e-05
1.88496     1.46608    0.000902733
2.0944     1.46608    0.00173503
2.30383     1.46608    0.00281651
2.51327     1.46608    0.00640132
2.72271     1.46608    0.0091061
2.93215     1.46608    0.00927425
3.14159     1.46608    0.0110042

-3.14159     1.67552    0.013742
-2.93215     1.67552    0.00861555
-2.72271     1.67552    0.0108741
-2.51327     1.67552    0.00265109
-2.30383     1.67552    0.000723347
-2.0944     1.67552    0.00109384
-1.88496     1.67552    0.000571118
-1.67552     1.67552    0.000633935
-1.46608     1.67552    0.00233392
-1.25664     1.67552    0.00348167
-1.0472     1.67552    0.00302577
-0.837758     1.67552    0.0030634
-0.628319     1.67552    0.000623586
-0.418879     1.67552    0.00424921
-0.20944     1.67552    0.00188427
0     1.67552    0.00160272
0.20944     1.67552    0.00185103
0.418879     1.67552    0.00423606
0.628319     1.67552    0.000580588
0.837758     1.67552    0.00310887
1.0472     1.67552    0.00306472
1.25664     1.67552    0.00346717
1.46608     1.67552    0.00237694
1.67552     1.67552    0.000572665
1.88496     1.67552    0.000559393
2.0944     1.67552    0.00103759
2.30383     1.67552    0.0007652
2.51327     1.67552    0.00268737
2.72271     1.67552    0.0108297
2.93215     1.67552    0.00861294
3.14159     1.67552    0.0133806

-3.14159     1.88496    0.0145777
-2.93215     1.88496    0.00977702
-2.72271     1.88496    0.00921486
-2.51327     1.88496    0.00172644
-2.30383     1.88496    0.00249257
-2.0944     1.88496    0.00361734
-1.88496     1.88496    0.00166566
-1.67552     1.88496    0.000967651
-1.46608     1.88496    0.00374979
-1.25664     1.88496    0.00186541
-1.0472     1.88496    0.00015997
-0.837758     1.88496    0.00380299
-0.628319     1.88496    0.00040777
-0.418879     1.88496    0.00211511
-0.20944     1.88496    0.0015356
0     1.88496    0.00137245
0.20944     1.88496    0.00156472
0.418879     1.88496    0.00205615
0.628319     1.88496    0.000407471
0.837758     1.88496    0.00374593
1.0472     1.88496    0.000112274
1.25664     1.88496    0.00192234
1.46608     1.88496    0.00371665
1.67552     1.88496    0.00101473
1.88496     1.88496    0.00167874
2.0944     1.88496    0.0036036
2.30383     1.88496    0.00250142
2.51327     1.88496    0.00175742
2.72271     1.88496    0.00899181
2.93215     1.88496    0.00995045
3.14159     1.88496    0.0142685

-3.14159     2.0944    0.0118094
-2.93215     2.0944    0.0167195
-2.72271     2.0944    0.00994087
-2.51327     2.0944    0.00589974
-2.30383     2.0944    0.00230986
-2.0944     2.0944    0.000297868
-1.88496     2.0944    0.000740536
-1.67552     2.0944    0.000693032
-1.46608     2.0944    0.00105368
-1.25664     2.0944    0.00133154
-1.0472     2.0944    0.000815937
-0.837758     2.0944    0.00438977
-0.628319     2.0944    0.000873398
-0.418879     2.0944    0.000335359
-0.20944     2.0944    0.0026912
0     2.0944    0.00152906
0.20944     2.0944    0.00265472
0.418879     2.0944    0.000292416
0.628319     2.0944    0.000885549
0.837758     2.0944    0.00442084
1.0472     2.0944    0.000779817
1.25664     2.0944    0.00137023
1.46608     2.0944    0.00114042
1.67552     2.0944    0.000761234
1.88496     2.0944    0.000761174
2.0944     2.0944    0.000326034
2.30383     2.0944    0.00234801
2.51327     2.0944    0.00586356
2.72271     2.0944    0.00982063
2.93215     2.0944    0.0165044
3.14159     2.0944    0.0114414

-3.14159     2.30383    0.0102341
-2.93215     2.30383    0.00983909
-2.72271     2.30383    0.00566398
-2.51327     2.30383    0.00233761
-2.30383     2.30383    0.000243898
-2.0944     2.30383    0.00289
-1.88496     2.30383    0.000239174
-1.67552     2.30383    0.000962028
-1.46608     2.30383    0.0020743
-1.25664     2.30383    0.000908246
-1.0472     2.30383    0.000231321
-0.837758     2.30383    0.00236761
-0.628319     2.30383    0.000672513
-0.418879     2.30383    0.000536414
-0.20944     2.30383    0.00106176
0     2.30383    0.00160395
0.20944     2.30383    0.00105541
0.418879     2.30383    0.000485842
0.628319     2.30383    0.000695416
0.837758     2.30383    0.0023518
1.0472     2.30383    0.000222979
1.25664     2.30383    0.000949686
1.46608     2.30383    0.00204266
1.67552     2.30383    0.000979603
1.88496     2.30383    0.000212146
2.0944     2.30383    0.00292644
2.30383     2.30383    0.000207066
2.51327     2.30383    0.00218244
2.72271     2.30383    0.00592305
2.93215     2.30383    0.010031
3.14159     2.30383    0.0102475

-3.14159     2.51327    0.00555717
-2.93215     2.51327    0.0035329
-2.72271     2.51327    0.0057468
-2.51327     2.51327    0.00191746
-2.30383     2.51327    0.00079691
-2.0944     2.51327    0.000679218
-1.88496     2.51327    7.36277e-05
-1.67552     2.51327    0.000680212
-1.46608     2.51327    0.000251637
-1.25664     2.51327    0.00266888
-1.0472     2.51327    9.25212e-05
-0.837758     2.51327    0.00115832
-0.628319     2.51327    0.00110834
-0.418879     2.51327    0.000690234
-0.20944     2.51327    0.00164335
0     2.51327    0.00357614
0.20944     2.51327    0.00171311
0.418879     2.51327    0.000667786
0.628319     2.51327    0.00114437
0.837758     2.51327    0.00105998
1.0472     2.51327    8.05975e-05
1.25664     2.51327    0.00268195
1.46608     2.51327    0.000282696
1.67552     2.51327    0.000696999
1.88496     2.51327    5.01825e-05
2.0944     2.51327    0.000598989
2.30383     2.51327    0.000797552
2.51327     2.51327    0.00196551
2.72271     2.51327    0.00587903
2.93215     2.51327    0.00403722
3.14159     2.51327    0.00558881

-3.14159     2.72271    0.000959889
-2.93215     2.72271    0.000904362
-2.72271     2.72271    0.000224401
-2.51327     2.72271    0.00418124
-2.30383     2.72271    0.00128057
-2.0944     2.72271    0.00154569
-1.88496     2.72271    0.000640476
-1.67552     2.72271    0.000768785
-1.46608     2.72271    0.000292591
-1.25664     2.72271    0.000287524
-1.0472     2.72271    0.000258793
-0.837758     2.72271    0.000488676
-0.628319     2.72271    0.00342179
-0.418879     2.72271    0.00146843
-0.20944     2.72271    0.00080177
0     2.72271    0.00552265
0.20944     2.72271    0.000743795
0.418879     2.72271    0.00143338
0.628319     2.72271    0.0034059
0.837758     2.72271    0.000533949
1.0472     2.72271    0.000271095
1.25664     2.72271    0.000265376
1.46608     2.72271    0.00034351
1.67552     2.72271    0.000859317
1.88496     2.72271    0.000614374
2.0944     2.72271    0.00146188
2.30383     2.72271    0.00132913
2.51327     2.72271    0.00406314
2.72271     2.72271    0.000206637
2.93215     2.72271    0.000776101
3.14159     2.72271    0.000866431

-3.14159     2.93215    0.000836814
-2.93215     2.93215    0.000580423
-2.72271     2.93215    0.000399974
-2.51327     2.93215    0.00355326
-2.30383     2.93215    0.00413865
-2.0944     2.93215    0.000411874
-1.88496     2.93215    0.000230252
-1.67552     2.93215    0.000979633
-1.46608     2.93215    0.00062532
-1.25664     2.93215    0.000181111
-1.0472     2.93215    0.00129382
-0.837758     2.93215    0.00176355
-0.628319     2.93215    0.0030364
-0.418879     2.93215    0.00128895
-0.20944     2.93215    0.000137633
0     2.93215    0.00705816
0.20944     2.93215    0.000202265
0.418879     2.93215    0.00127578
0.628319     2.93215    0.00294457
0.837758     2.93215    0.00183642
1.0472     2.93215    0.0012662
1.25664     2.93215    0.000230446
1.46608     2.93215    0.000652333
1.67552     2.93215    0.0010726
1.88496     2.93215    0.000208157
2.0944     2.93215    0.000426948
2.30383     2.93215    0.00418387
2.51327     2.93215    0.0036739
2.72271     2.93215    0.000372957
2.93215     2.93215    0.000527826
3.14159     2.93215    0.000808005

-3.14159     3.14159    0.000912616
-2.93215     3.14159    0.0016998
-2.72271     3.14159    0.00354217
-2.51327     3.14159    0.0036372
-2.30383     3.14159    0.00143687
-2.0944     3.14159    0.000632574
-1.88496     3.14159    0.00245225
-1.67552     3.14159    0.000918639
-1.46608     3.14159    0.000596616
-1.25664     3.14159    0.00167209
-1.0472     3.14159    0.000693088
-0.837758     3.14159    0.000251091
-0.628319     3.14159    0.00325931
-0.418879     3.14159    0.00303046
-0.20944     3.14159    0.00582408
0     3.14159    0.0118976
0.20944     3.14159    0.00563766
0.418879     3.14159    0.0030548
0.628319     3.14159    0.00351492
0.837758     3.14159    0.000231278
1.0472     3.14159    0.000674241
1.25664     3.14159    0.00159783
1.46608     3.14159    0.000588519
1.67552     3.14159    0.000896759
1.88496     3.14159    0.00235219
2.0944     3.14159    0.000573096
2.30383     3.14159    0.00141011
2.51327     3.14159    0.00355903
2.72271     3.14159    0.00349673
2.93215     3.14159    0.00162924
3.14159     3.14159    0.000865932

