-3.14159     -3.14159    0.00198505
-2.93215     -3.14159    0.000437857
-2.72271     -3.14159    0.00860229
-2.51327     -3.14159    0.00817087
-2.30383     -3.14159    0.00113285
-2.0944     -3.14159    0.010372
-1.88496     -3.14159    0.00926328
-1.67552     -3.14159    0.00451684
-1.46608     -3.14159    0.00110143
-1.25664     -3.14159    0.000561144
-1.0472     -3.14159    0.000411182
-0.837758     -3.14159    0.00356154
-0.628319     -3.14159    0.000761798
-0.418879     -3.14159    0.0104632
-0.20944     -3.14159    0.0211557
0     -3.14159    0.0447236
0.20944     -3.14159    0.0208791
0.418879     -3.14159    0.0104854
0.628319     -3.14159    0.000915985
0.837758     -3.14159    0.00356382
1.0472     -3.14159    0.000448186
1.25664     -3.14159    0.000614882
1.46608     -3.14159    0.00107723
1.67552     -3.14159    0.00455618
1.88496     -3.14159    0.00924739
2.0944     -3.14159    0.0102147
2.30383     -3.14159    0.00106262
2.51327     -3.14159    0.00805497
2.72271     -3.14159    0.00853629
2.93215     -3.14159    0.000480833
3.14159     -3.14159    0.00196571

-3.14159     -2.93215    0.00228206
-2.93215     -2.93215    0.0115383
-2.72271     -2.93215    0.0155347
-2.51327     -2.93215    0.0297572
-2.30383     -2.93215    0.0101569
-2.0944     -2.93215    0.00304121
-1.88496     -2.93215    0.00207771
-1.67552     -2.93215    0.000470717
-1.46608     -2.93215    0.00274334
-1.25664     -2.93215    0.00582755
-1.0472     -2.93215    0.00393599
-0.837758     -2.93215    0.0110016
-0.628319     -2.93215    0.00584977
-0.418879     -2.93215    0.00829887
-0.20944     -2.93215    0.00472792
0     -2.93215    0.0259056
0.20944     -2.93215    0.00484999
0.418879     -2.93215    0.00828423
0.628319     -2.93215    0.00572728
0.837758     -2.93215    0.0109813
1.0472     -2.93215    0.00389854
1.25664     -2.93215    0.00583036
1.46608     -2.93215    0.00277954
1.67552     -2.93215    0.00055755
1.88496     -2.93215    0.00200728
2.0944     -2.93215    0.00300648
2.30383     -2.93215    0.0102505
2.51327     -2.93215    0.0299092
2.72271     -2.93215    0.0155375
2.93215     -2.93215    0.0115031
3.14159     -2.93215    0.00228447

-3.14159     -2.72271    0.00540043
-2.93215     -2.72271    0.00647395
-2.72271     -2.72271    0.0102301
-2.51327     -2.72271    0.0327728
-2.30383     -2.72271    0.00614321
-2.0944     -2.72271    0.00219028
-1.88496     -2.72271    0.00113926
-1.67552     -2.72271    0.00925245
-1.46608     -2.72271    0.00804837
-1.25664     -2.72271    0.00711261
-1.0472     -2.72271    0.0100046
-0.837758     -2.72271    0.00934759
-0.628319     -2.72271    0.0103873
-0.418879     -2.72271    0.00483126
-0.20944     -2.72271    0.00450259
0     -2.72271    0.034986
0.20944     -2.72271    0.00437252
0.418879     -2.72271    0.00479705
0.628319     -2.72271    0.0103397
0.837758     -2.72271    0.00937063
1.0472     -2.72271    0.00997153
1.25664     -2.72271    0.00709482
1.46608     -2.72271    0.00811897
1.67552     -2.72271    0.00936206
1.88496     -2.72271    0.00110391
2.0944     -2.72271    0.0022539
2.30383     -2.72271    0.0060897
2.51327     -2.72271    0.0327049
2.72271     -2.72271    0.0102796
2.93215     -2.72271    0.00652334
3.14159     -2.72271    0.00549205

-3.14159     -2.51327    0.00986201
-2.93215     -2.51327    0.000767
-2.72271     -2.51327    0.0173897
-2.51327     -2.51327    0.00157181
-2.30383     -2.51327    0.011002
-2.0944     -2.51327    0.00438955
-1.88496     -2.51327    0.00565424
-1.67552     -2.51327    0.00768674
-1.46608     -2.51327    0.00700107
-1.25664     -2.51327    0.00980282
-1.0472     -2.51327    0.012953
-0.837758     -2.51327    0.00210719
-0.628319     -2.51327    0.00295995
-0.418879     -2.51327    0.00476908
-0.20944     -2.51327    0.00391585
0     -2.51327    0.0261585
0.20944     -2.51327    0.00394654
0.418879     -2.51327    0.00481668
0.628319     -2.51327    0.00299287
0.837758     -2.51327    0.00196385
1.0472     -2.51327    0.0129268
1.25664     -2.51327    0.00988202
1.46608     -2.51327    0.00692873
1.67552     -2.51327    0.00769673
1.88496     -2.51327    0.00569099
2.0944     -2.51327    0.00431644
2.30383     -2.51327    0.0110084
2.51327     -2.51327    0.00142546
2.72271     -2.51327    0.017601
2.93215     -2.51327    0.00133631
3.14159     -2.51327    0.00975077

-3.14159     -2.30383    0.0360229
-2.93215     -2.30383    0.0251871
-2.72271     -2.30383    0.00687208
-2.51327     -2.30383    0.00575089
-2.30383     -2.30383    0.00355785
-2.0944     -2.30383    0.00754721
-1.88496     -2.30383    0.0103205
-1.67552     -2.30383    0.0128207
-1.46608     -2.30383    0.00466513
-1.25664     -2.30383    0.0051396
-1.0472     -2.30383    0.0198829
-0.837758     -2.30383    0.0062067
-0.628319     -2.30383    0.00418411
-0.418879     -2.30383    0.00194984
-0.20944     -2.30383    0.00793587
0     -2.30383    0.00842542
0.20944     -2.30383    0.00799558
0.418879     -2.30383    0.00190116
0.628319     -2.30383    0.00422709
0.837758     -2.30383    0.00620869
1.0472     -2.30383    0.0198655
1.25664     -2.30383    0.00516732
1.46608     -2.30383    0.00464809
1.67552     -2.30383    0.0128501
1.88496     -2.30383    0.0102657
2.0944     -2.30383    0.00754924
2.30383     -2.30383    0.00360528
2.51327     -2.30383    0.00582441
2.72271     -2.30383    0.00750201
2.93215     -2.30383    0.0255245
3.14159     -2.30383    0.0360002

-3.14159     -2.0944    0.0445277
-2.93215     -2.0944    0.0563749
-2.72271     -2.0944    0.0327959
-2.51327     -2.0944    0.0145492
-2.30383     -2.0944    0.00119219
-2.0944     -2.0944    0.00673932
-1.88496     -2.0944    0.00729422
-1.67552     -2.0944    0.00759706
-1.46608     -2.0944    0.0222055
-1.25664     -2.0944    0.0155567
-1.0472     -2.0944    0.00403238
-0.837758     -2.0944    0.0112476
-0.628319     -2.0944    0.00201138
-0.418879     -2.0944    0.00103226
-0.20944     -2.0944    0.0150591
0     -2.0944    0.0112765
0.20944     -2.0944    0.0150204
0.418879     -2.0944    0.000967637
0.628319     -2.0944    0.00198566
0.837758     -2.0944    0.0112557
1.0472     -2.0944    0.00412442
1.25664     -2.0944    0.0156399
1.46608     -2.0944    0.022372
1.67552     -2.0944    0.00750308
1.88496     -2.0944    0.00724652
2.0944     -2.0944    0.00674823
2.30383     -2.0944    0.00113434
2.51327     -2.0944    0.0145107
2.72271     -2.0944    0.0325101
2.93215     -2.0944    0.0564828
3.14159     -2.0944    0.0442415

-3.14159     -1.88496    0.0612674
-2.93215     -1.88496    0.041307
-2.72271     -1.88496    0.0344617
-2.51327     -1.88496    0.00645544
-2.30383     -1.88496    0.0108997
-2.0944     -1.88496    0.0131446
-1.88496     -1.88496    0.00335803
-1.67552     -1.88496    0.00569084
-1.46608     -1.88496    0.00396036
-1.25664     -1.88496    0.00485424
-1.0472     -1.88496    0.000922024
-0.837758     -1.88496    0.00956967
-0.628319     -1.88496    0.00384839
-0.418879     -1.88496    0.0112567
-0.20944     -1.88496    0.00960609
0     -1.88496    0.00403099
0.20944     -1.88496    0.00958157
0.418879     -1.88496    0.011071
0.628319     -1.88496    0.00390361
0.837758     -1.88496    0.00953329
1.0472     -1.88496    0.00087085
1.25664     -1.88496    0.00479307
1.46608     -1.88496    0.00392969
1.67552     -1.88496    0.00564328
1.88496     -1.88496    0.0033357
2.0944     -1.88496    0.0131262
2.30383     -1.88496    0.0109077
2.51327     -1.88496    0.00648259
2.72271     -1.88496    0.0339029
2.93215     -1.88496    0.0416562
3.14159     -1.88496    0.0607686

-3.14159     -1.67552    0.0561222
-2.93215     -1.67552    0.0355862
-2.72271     -1.67552    0.0388891
-2.51327     -1.67552    0.0123294
-2.30383     -1.67552    3.6003e-05
-2.0944     -1.67552    0.000590389
-1.88496     -1.67552    0.000894382
-1.67552     -1.67552    0.00352887
-1.46608     -1.67552    0.00775902
-1.25664     -1.67552    0.00883095
-1.0472     -1.67552    0.00372118
-0.837758     -1.67552    0.000363489
-0.628319     -1.67552    0.000654126
-0.418879     -1.67552    0.017901
-0.20944     -1.67552    0.00979096
0     -1.67552    0.0127158
0.20944     -1.67552    0.00978803
0.418879     -1.67552    0.0179454
0.628319     -1.67552    0.000590461
0.837758     -1.67552    0.000518937
1.0472     -1.67552    0.00370841
1.25664     -1.67552    0.00872495
1.46608     -1.67552    0.00784548
1.67552     -1.67552    0.00348677
1.88496     -1.67552    0.000909998
2.0944     -1.67552    0.000599136
2.30383     -1.67552    0.000103321
2.51327     -1.67552    0.0123356
2.72271     -1.67552    0.0388396
2.93215     -1.67552    0.035623
3.14159     -1.67552    0.0556599

-3.14159     -1.46608    0.0415694
-2.93215     -1.46608    0.0329867
-2.72271     -1.46608    0.0362756
-2.51327     -1.46608    0.0248856
-2.30383     -1.46608    0.0205682
-2.0944     -1.46608    0.00300762
-1.88496     -1.46608    0.00109065
-1.67552     -1.46608    0.0004998
-1.46608     -1.46608    0.000911088
-1.25664     -1.46608    0.00366005
-1.0472     -1.46608    0.00340822
-0.837758     -1.46608    0.0239674
-0.628319     -1.46608    0.00646034
-0.418879     -1.46608    0.0116367
-0.20944     -1.46608    0.00240003
0     -1.46608    0.0029554
0.20944     -1.46608    0.00237328
0.418879     -1.46608    0.0115827
0.628319     -1.46608    0.00639154
0.837758     -1.46608    0.023829
1.0472     -1.46608    0.00345705
1.25664     -1.46608    0.00360739
1.46608     -1.46608    0.000833968
1.67552     -1.46608    0.000535307
1.88496     -1.46608    0.00102486
2.0944     -1.46608    0.0029856
2.30383     -1.46608    0.0204578
2.51327     -1.46608    0.0250196
2.72271     -1.46608    0.0362097
2.93215     -1.46608    0.0331072
3.14159     -1.46608    0.0413935

-3.14159     -1.25664    0.0300536
-2.93215     -1.25664    0.0130277
-2.72271     -1.25664    0.00130262
-2.51327     -1.25664    0.00606463
-2.30383     -1.25664    0.0354264
-2.0944     -1.25664    0.0121312
-1.88496     -1.25664    0.0104064
-1.67552     -1.25664    0.0135177
-1.46608     -1.25664    0.0092218
-1.25664     -1.25664    0.0188923
-1.0472     -1.25664    0.000177765
-0.837758     -1.25664    0.00632436
-0.628319     -1.25664    0.00723958
-0.418879     -1.25664    0.0140641
-0.20944     -1.25664    0.00795276
0     -1.25664    0.00390267
0.20944     -1.25664    0.00794534
0.418879     -1.25664    0.0139534
0.628319     -1.25664    0.00709928
0.837758     -1.25664    0.0062295
1.0472     -1.25664    0.000228298
1.25664     -1.25664    0.0189965
1.46608     -1.25664    0.00923751
1.67552     -1.25664    0.0135165
1.88496     -1.25664    0.0103741
2.0944     -1.25664    0.0122122
2.30383     -1.25664    0.0352182
2.51327     -1.25664    0.00608262
2.72271     -1.25664    0.00125461
2.93215     -1.25664    0.0130209
3.14159     -1.25664    0.0300303

-3.14159     -1.0472    0.00106849
-2.93215     -1.0472    0.00598228
-2.72271     -1.0472    0.0129594
-2.51327     -1.0472    0.00194663
-2.30383     -1.0472    0.00218917
-2.0944     -1.0472    0.00841964
-1.88496     -1.0472    0.0106231
-1.67552     -1.0472    0.00697318
-1.46608     -1.0472    0.00926033
-1.25664     -1.0472    0.00835531
-1.0472     -1.0472    0.0109885
-0.837758     -1.0472    0.0156319
-0.628319     -1.0472    0.00100029
-0.418879     -1.0472    0.00672989
-0.20944     -1.0472    0.00237341
0     -1.0472    0.0104878
0.20944     -1.0472    0.00240558
0.418879     -1.0472    0.0066951
0.628319     -1.0472    0.00113197
0.837758     -1.0472    0.0156007
1.0472     -1.0472    0.010985
1.25664     -1.0472    0.00836999
1.46608     -1.0472    0.00931286
1.67552     -1.0472    0.00704743
1.88496     -1.0472    0.0106149
2.0944     -1.0472    0.00844764
2.30383     -1.0472    0.0022685
2.51327     -1.0472    0.00197756
2.72271     -1.0472    0.0129047
2.93215     -1.0472    0.00582171
3.14159     -1.0472    0.000938575

-3.14159     -0.837758    0.00318759
-2.93215     -0.837758    0.00832357
-2.72271     -0.837758    0.010207
-2.51327     -0.837758    0.0010802
-2.30383     -0.837758    0.0017891
-2.0944     -0.837758    0.00647064
-1.88496     -0.837758    0.014574
-1.67552     -0.837758    0.00169549
-1.46608     -0.837758    0.0122256
-1.25664     -0.837758    0.00633052
-1.0472     -0.837758    0.00993955
-0.837758     -0.837758    0.00157565
-0.628319     -0.837758    0.00912981
-0.418879     -0.837758    0.00392628
-0.20944     -0.837758    0.012618
0     -0.837758    0.0115784
0.20944     -0.837758    0.0126459
0.418879     -0.837758    0.003832
0.628319     -0.837758    0.00911838
0.837758     -0.837758    0.00161229
1.0472     -0.837758    0.00985556
1.25664     -0.837758    0.00634903
1.46608     -0.837758    0.0122452
1.67552     -0.837758    0.001678
1.88496     -0.837758    0.0145873
2.0944     -0.837758    0.00641349
2.30383     -0.837758    0.00181921
2.51327     -0.837758    0.00114189
2.72271     -0.837758    0.0101836
2.93215     -0.837758    0.00833903
3.14159     -0.837758    0.00323662

-3.14159     -0.628319    0.00228025
-2.93215     -0.628319    0.011269
-2.72271     -0.628319    0.00454944
-2.51327     -0.628319    0.00805563
-2.30383     -0.628319    0.00457252
-2.0944     -0.628319    0.00266894
-1.88496     -0.628319    0.00798837
-1.67552     -0.628319    0.0166625
-1.46608     -0.628319    0.00648666
-1.25664     -0.628319    0.00646619
-1.0472     -0.628319    0.000950532
-0.837758     -0.628319    0.00643042
-0.628319     -0.628319    0.0109542
-0.418879     -0.628319    0.0368242
-0.20944     -0.628319    0.0392235
0     -0.628319    0.00953551
0.20944     -0.628319    0.0394405
0.418879     -0.628319    0.036854
0.628319     -0.628319    0.0106502
0.837758     -0.628319    0.00639182
1.0472     -0.628319    0.00098711
1.25664     -0.628319    0.00649301
1.46608     -0.628319    0.0065186
1.67552     -0.628319    0.0166337
1.88496     -0.628319    0.00805124
2.0944     -0.628319    0.00262476
2.30383     -0.628319    0.00449617
2.51327     -0.628319    0.00804115
2.72271     -0.628319    0.00464001
2.93215     -0.628319    0.011321
3.14159     -0.628319    0.00228871

-3.14159     -0.418879    0.00397653
-2.93215     -0.418879    0.0116391
-2.72271     -0.418879    0.00949183
-2.51327     -0.418879    0.00415802
-2.30383     -0.418879    0.00789175
-2.0944     -0.418879    0.00575814
-1.88496     -0.418879    0.00386958
-1.67552     -0.418879    0.0147428
-1.46608     -0.418879    0.00960163
-1.25664     -0.418879    0.00401064
-1.0472     -0.418879    0.00620872
-0.837758     -0.418879    0.0101167
-0.628319     -0.418879    0.00596318
-0.418879     -0.418879    0.040653
-0.20944     -0.418879    0.0400783
0     -0.418879    0.0609321
0.20944     -0.418879    0.0402382
0.418879     -0.418879    0.0407905
0.628319     -0.418879    0.00591135
0.837758     -0.418879    0.0101321
1.0472     -0.418879    0.00625512
1.25664     -0.418879    0.00404066
1.46608     -0.418879    0.00962592
1.67552     -0.418879    0.0147223
1.88496     -0.418879    0.00389221
2.0944     -0.418879    0.00580019
2.30383     -0.418879    0.00783984
2.51327     -0.418879    0.00407609
2.72271     -0.418879    0.00955165
2.93215     -0.418879    0.0115918
3.14159     -0.418879    0.00395421

-3.14159     -0.20944    0.00720787
-2.93215     -0.20944    0.00763762
-2.72271     -0.20944    0.0109555
-2.51327     -0.20944    0.0198142
-2.30383     -0.20944    0.00690262
-2.0944     -0.20944    0.00895551
-1.88496     -0.20944    0.00465674
-1.67552     -0.20944    0.00932381
-1.46608     -0.20944    0.00897812
-1.25664     -0.20944    0.0110806
-1.0472     -0.20944    0.0103383
-0.837758     -0.20944    0.0135822
-0.628319     -0.20944    0.0234742
-0.418879     -0.20944    0.0395225
-0.20944     -0.20944    0.0537167
0     -0.20944    0.061102
0.20944     -0.20944    0.0538316
0.418879     -0.20944    0.0396403
0.628319     -0.20944    0.0230225
0.837758     -0.20944    0.0136177
1.0472     -0.20944    0.0103262
1.25664     -0.20944    0.0110718
1.46608     -0.20944    0.00888947
1.67552     -0.20944    0.00929225
1.88496     -0.20944    0.00454284
2.0944     -0.20944    0.00893621
2.30383     -0.20944    0.00678646
2.51327     -0.20944    0.0199068
2.72271     -0.20944    0.0109401
2.93215     -0.20944    0.00760167
3.14159     -0.20944    0.00722332

-3.14159     0    0.00970852
-2.93215     0    0.00532446
-2.72271     0    0.000999571
-2.51327     0    0.0129297
-2.30383     0    0.00880909
-2.0944     0    0.00134501
-1.88496     0    0.000129267
-1.67552     0    0.0247948
-1.46608     0    0.00336236
-1.25664     0    0.00284621
-1.0472     0    0.0071891
-0.837758     0    0.0242955
-0.628319     0    0.0543016
-0.418879     0    0.0390022
-0.20944     0    0.0834806
0     0    8.56007e-15
0.20944     0    0.0834806
0.418879     0    0.0390022
0.628319     0    0.0543016
0.837758     0    0.0242955
1.0472     0    0.0071891
1.25664     0    0.00284621
1.46608     0    0.00336236
1.67552     0    0.0247948
1.88496     0    0.000129267
2.0944     0    0.00134501
2.30383     0    0.00880909
2.51327     0    0.0129297
2.72271     0    0.000999571
2.93215     0    0.00532446
3.14159     0    0.00970852

-3.14159     0.20944    0.00722332
-2.93215     0.20944    0.00760167
-2.72271     0.20944    0.0109401
-2.51327     0.20944    0.0199068
-2.30383     0.20944    0.00678646
-2.0944     0.20944    0.00893621
-1.88496     0.20944    0.00454284
-1.67552     0.20944    0.00929225
-1.46608     0.20944    0.00888947
-1.25664     0.20944    0.0110718
-1.0472     0.20944    0.0103262
-0.837758     0.20944    0.0136177
-0.628319     0.20944    0.0230225
-0.418879     0.20944    0.0396403
-0.20944     0.20944    0.0538316
0     0.20944    0.061102
0.20944     0.20944    0.0537167
0.418879     0.20944    0.0395225
0.628319     0.20944    0.0234742
0.837758     0.20944    0.0135822
1.0472     0.20944    0.0103383
1.25664     0.20944    0.0110806
1.46608     0.20944    0.00897812
1.67552     0.20944    0.00932381
1.88496     0.20944    0.00465674
2.0944     0.20944    0.00895551
2.30383     0.20944    0.00690262
2.51327     0.20944    0.0198142
2.72271     0.20944    0.0109555
2.93215     0.20944    0.00763762
3.14159     0.20944    0.00720787

-3.14159     0.418879    0.00395421
-2.93215     0.418879    0.0115918
-2.72271     0.418879    0.00955165
-2.51327     0.418879    0.00407609
-2.30383     0.418879    0.00783984
-2.0944     0.418879    0.00580019
-1.88496     0.418879    0.00389221
-1.67552     0.418879    0.0147223
-1.46608     0.418879    0.00962592
-1.25664     0.418879    0.00404066
-1.0472     0.418879    0.00625512
-0.837758     0.418879    0.0101321
-0.628319     0.418879    0.00591135
-0.418879     0.418879    0.0407905
-0.20944     0.418879    0.0402382
0     0.418879    0.0609321
0.20944     0.418879    0.0400783
0.418879     0.418879    0.040653
0.628319     0.418879    0.00596318
0.837758     0.418879    0.0101167
1.0472     0.418879    0.00620872
1.25664     0.418879    0.00401064
1.46608     0.418879    0.00960163
1.67552     0.418879    0.0147428
1.88496     0.418879    0.00386958
2.0944     0.418879    0.00575814
2.30383     0.418879    0.00789175
2.51327     0.418879    0.00415802
2.72271     0.418879    0.00949183
2.93215     0.418879    0.0116391
3.14159     0.418879    0.00397653

-3.14159     0.628319    0.00228871
-2.93215     0.628319    0.011321
-2.72271     0.628319    0.00464001
-2.51327     0.628319    0.00804115
-2.30383     0.628319    0.00449617
-2.0944     0.628319    0.00262476
-1.88496     0.628319    0.00805124
-1.67552     0.628319    0.0166337
-1.46608     0.628319    0.0065186
-1.25664     0.628319    0.00649301
-1.0472     0.628319    0.00098711
-0.837758     0.628319    0.00639182
-0.628319     0.628319    0.0106502
-0.418879     0.628319    0.036854
-0.20944     0.628319    0.0394405
0     0.628319    0.00953551
0.20944     0.628319    0.0392235
0.418879     0.628319    0.0368242
0.628319     0.628319    0.0109542
0.837758     0.628319    0.00643042
1.0472     0.628319    0.000950532
1.25664     0.628319    0.00646619
1.46608     0.628319    0.00648666
1.67552     0.628319    0.0166625
1.88496     0.628319    0.00798837
2.0944     0.628319    0.00266894
2.30383     0.628319    0.00457252
2.51327     0.628319    0.00805563
2.72271     0.628319    0.00454944
2.93215     0.628319    0.011269
3.14159     0.628319    0.00228025

-3.14159     0.837758    0.00323662
-2.93215     0.837758    0.00833903
-2.72271     0.837758    0.0101836
-2.51327     0.837758    0.00114189
-2.30383     0.837758    0.00181921
-2.0944     0.837758    0.00641349
-1.88496     0.837758    0.0145873
-1.67552     0.837758    0.001678
-1.46608     0.837758    0.0122452
-1.25664     0.837758    0.00634903
-1.0472     0.837758    0.00985556
-0.837758     0.837758    0.00161229
-0.628319     0.837758    0.00911838
-0.418879     0.837758    0.003832
-0.20944     0.837758    0.0126459
0     0.837758    0.0115784
0.20944     0.837758    0.012618
0.418879     0.837758    0.00392628
0.628319     0.837758    0.00912981
0.837758     0.837758    0.00157565
1.0472     0.837758    0.00993955
1.25664     0.837758    0.00633052
1.46608     0.837758    0.0122256
1.67552     0.837758    0.00169549
1.88496     0.837758    0.014574
2.0944     0.837758    0.00647064
2.30383     0.837758    0.0017891
2.51327     0.837758    0.0010802
2.72271     0.837758    0.010207
2.93215     0.837758    0.00832357
3.14159     0.837758    0.00318759

-3.14159     1.0472    0.000938575
-2.93215     1.0472    0.00582171
-2.72271     1.0472    0.0129047
-2.51327     1.0472    0.00197756
-2.30383     1.0472    0.0022685
-2.0944     1.0472    0.00844764
-1.88496     1.0472    0.0106149
-1.67552     1.0472    0.00704743
-1.46608     1.0472    0.00931286
-1.25664     1.0472    0.00836999
-1.0472     1.0472    0.010985
-0.837758     1.0472    0.0156007
-0.628319     1.0472    0.00113197
-0.418879     1.0472    0.0066951
-0.20944     1.0472    0.00240558
0     1.0472    0.0104878
0.20944     1.0472    0.00237341
0.418879     1.0472    0.00672989
0.628319     1.0472    0.00100029
0.837758     1.0472    0.0156319
1.0472     1.0472    0.0109885
1.25664     1.0472    0.00835531
1.46608     1.0472    0.00926033
1.67552     1.0472    0.00697318
1.88496     1.0472    0.0106231
2.0944     1.0472    0.00841964
2.30383     1.0472    0.00218917
2.51327     1.0472    0.00194663
2.72271     1.0472    0.0129594
2.93215     1.0472    0.00598228
3.14159     1.0472    0.00106849

-3.14159     1.25664    0.0300303
-2.93215     1.25664    0.0130209
-2.72271     1.25664    0.00125461
-2.51327     1.25664    0.00608262
-2.30383     1.25664    0.0352182
-2.0944     1.25664    0.0122122
-1.88496     1.25664    0.0103741
-1.67552     1.25664    0.0135165
-1.46608     1.25664    0.00923751
-1.25664     1.25664    0.0189965
-1.0472     1.25664    0.000228298
-0.837758     1.25664    0.0062295
-0.628319     1.25664    0.00709928
-0.418879     1.25664    0.0139534
-0.20944     1.25664    0.00794534
0     1.25664    0.00390267
0.20944     1.25664    0.00795276
0.418879     1.25664    0.0140641
0.628319     1.25664    0.00723958
0.837758     1.25664    0.00632436
1.0472     1.25664    0.000177765
1.25664     1.25664    0.0188923
1.46608     1.25664    0.0092218
1.67552     1.25664    0.0135177
1.88496     1.25664    0.0104064
2.0944     1.25664    0.0121312
2.30383     1.25664    0.0354264
2.51327     1.25664    0.00606463
2.72271     1.25664    0.00130262
2.93215     1.25664    0.0130277
3.14159     1.25664    0.0300536

-3.14159     1.46608    0.0413935
-2.93215     1.46608    0.0331072
-2.72271     1.46608    0.0362097
-2.51327     1.46608    0.0250196
-2.30383     1.46608    0.0204578
-2.0944     1.46608    0.0029856
-1.88496     1.46608    0.00102486
-1.67552     1.46608    0.000535307
-1.46608     1.46608    0.000833968
-1.25664     1.46608    0.00360739
-1.0472     1.46608    0.00345705
-0.837758     1.46608    0.023829
-0.628319     1.46608    0.00639154
-0.418879     1.46608    0.0115827
-0.20944     1.46608    0.00237328
0     1.46608    0.0029554
0.20944     1.46608    0.00240003
0.418879     1.46608    0.0116367
0.628319     1.46608    0.00646034
0.837758     1.46608    0.0239674
1.0472     1.46608    0.00340822
1.25664     1.46608    0.00366005
1.46608     1.46608    0.000911088
1.67552     1.46608    0.0004998
1.88496     1.46608    0.00109065
2.0944     1.46608    0.00300762
2.30383     1.46608    0.0205682
2.51327     1.46608    0.0248856
2.72271     1.46608    0.0362756
2.93215     1.46608    0.0329867
3.14159     1.46608    0.0415694

-3.14159     1.67552    0.0556599
-2.93215     1.67552    0.035623
-2.72271     1.67552    0.0388396
-2.51327     1.67552    0.0123356
-2.30383     1.67552    0.000103321
-2.0944     1.67552    0.000599136
-1.88496     1.67552    0.000909998
-1.67552     1.67552    0.00348677
-1.46608     1.67552    0.00784548
-1.25664     1.67552    0.00872495
-1.0472     1.67552    0.00370841
-0.837758     1.67552    0.000518937
-0.628319     1.67552    0.000590461
-0.418879     1.67552    0.0179454
-0.20944     1.67552    0.00978803
0     1.67552    0.0127158
0.20944     1.67552    0.00979096
0.418879     1.67552    0.017901
0.628319     1.67552    0.000654126
0.837758     1.67552    0.000363489
1.0472     1.67552    0.00372118
1.25664     1.67552    0.00883095
1.46608     1.67552    0.00775902
1.67552     1.67552    0.00352887
1.88496     1.67552    0.000894382
2.0944     1.67552    0.000590389
2.30383     1.67552    3.6003e-05
2.51327     1.67552    0.0123294
2.72271     1.67552    0.0388891
2.93215     1.67552    0.0355862
3.14159     1.67552    0.0561222

-3.14159     1.88496    0.0607686
-2.93215     1.88496    0.0416562
-2.72271     1.88496    0.0339029
-2.51327     1.88496    0.00648259
-2.30383     1.88496    0.0109077
-2.0944     1.88496    0.0131262
-1.88496     1.88496    0.0033357
-1.67552     1.88496    0.00564328
-1.46608     1.88496    0.00392969
-1.25664     1.88496    0.00479307
-1.0472     1.88496    0.00087085
-0.837758     1.88496    0.00953329
-0.628319     1.88496    0.00390361
-0.418879     1.88496    0.011071
-0.20944     1.88496    0.00958157
0     1.88496    0.00403099
0.20944     1.88496    0.00960609
0.418879     1.88496    0.0112567
0.628319     1.88496    0.00384839
0.837758     1.88496    0.00956967
1.0472     1.88496    0.000922024
1.25664     1.88496    0.00485424
1.46608     1.88496    0.00396036
1.67552     1.88496    0.00569084
1.88496     1.88496    0.00335803
2.0944     1.88496    0.0131446
2.30383     1.88496    0.0108997
2.51327     1.88496    0.00645544
2.72271     1.88496    0.0344617
2.93215     1.88496    0.041307
3.14159     1.88496    0.0612674

-3.14159     2.0944    0.0442415
-2.93215     2.0944    0.0564828
-2.72271     2.0944    0.0325101
-2.51327     2.0944    0.0145107
-2.30383     2.0944    0.00113434
-2.0944     2.0944    0.00674823
-1.88496     2.0944    0.00724652
-1.67552     2.0944    0.00750308
-1.46608     2.0944    0.022372
-1.25664     2.0944    0.0156399
-1.0472     2.0944    0.00412442
-0.837758     2.0944    0.0112557
-0.628319     2.0944    0.00198566
-0.418879     2.0944    0.000967637
-0.20944     2.0944    0.0150204
0     2.0944    0.0112765
0.20944     2.0944    0.0150591
0.418879     2.0944    0.00103226
0.628319     2.0944    0.00201138
0.837758     2.0944    0.0112476
1.0472     2.0944    0.00403238
1.25664     2.0944    0.0155567
1.46608     2.0944    0.0222055
1.67552     2.0944    0.00759706
1.88496     2.0944    0.00729422
2.0944     2.0944    0.00673932
2.30383     2.0944    0.00119219
2.51327     2.0944    0.0145492
2.72271     2.0944    0.0327959
2.93215     2.0944    0.0563749
3.14159     2.0944    0.0445277

-3.14159     2.30383    0.0360002
-2.93215     2.30383    0.0255245
-2.72271     2.30383    0.00750201
-2.51327     2.30383    0.00582441
-2.30383     2.30383    0.00360528
-2.0944     2.30383    0.00754924
-1.88496     2.30383    0.0102657
-1.67552     2.30383    0.0128501
-1.46608     2.30383    0.00464809
-1.25664     2.30383    0.00516732
-1.0472     2.30383    0.0198655
-0.837758     2.30383    0.00620869
-0.628319     2.30383    0.00422709
-0.418879     2.30383    0.00190116
-0.20944     2.30383    0.00799558
0     2.30383    0.00842542
0.20944     2.30383    0.00793587
0.418879     2.30383    0.00194984
0.628319     2.30383    0.00418411
0.837758     2.30383    0.0062067
1.0472     2.30383    0.0198829
1.25664     2.30383    0.0051396
1.46608     2.30383    0.00466513
1.67552     2.30383    0.0128207
1.88496     2.30383    0.0103205
2.0944     2.30383    0.00754721
2.30383     2.30383    0.00355785
2.51327     2.30383    0.00575089
2.72271     2.30383    0.00687208
2.93215     2.30383    0.0251871
3.14159     2.30383    0.0360229

-3.14159     2.51327    0.00975077
-2.93215     2.51327    0.00133631
-2.72271     2.51327    0.017601
-2.51327     2.51327    0.00142546
-2.30383     2.51327    0.0110084
-2.0944     2.51327    0.00431644
-1.88496     2.51327    0.00569099
-1.67552     2.51327    0.00769673
-1.46608     2.51327    0.00692873
-1.25664     2.51327    0.00988202
-1.0472     2.51327    0.0129268
-0.837758     2.51327    0.00196385
-0.628319     2.51327    0.00299287
-0.418879     2.51327    0.00481668
-0.20944     2.51327    0.00394654
0     2.51327    0.0261585
0.20944     2.51327    0.00391585
0.418879     2.51327    0.00476908
0.628319     2.51327    0.00295995
0.837758     2.51327    0.00210719
1.0472     2.51327    0.012953
1.25664     2.51327    0.00980282
1.46608     2.51327    0.00700107
1.67552     2.51327    0.00768674
1.88496     2.51327    0.00565424
2.0944     2.51327    0.00438955
2.30383     2.51327    0.011002
2.51327     2.51327    0.00157181
2.72271     2.51327    0.0173897
2.93215     2.51327    0.000767
3.14159     2.51327    0.00986201

-3.14159     2.72271    0.00549205
-2.93215     2.72271    0.00652334
-2.72271     2.72271    0.0102796
-2.51327     2.72271    0.0327049
-2.30383     2.72271    0.0060897
-2.0944     2.72271    0.0022539
-1.88496     2.72271    0.00110391
-1.67552     2.72271    0.00936206
-1.46608     2.72271    0.00811897
-1.25664     2.72271    0.00709482
-1.0472     2.72271    0.00997153
-0.837758     2.72271    0.00937063
-0.628319     2.72271    0.0103397
-0.418879     2.72271    0.00479705
-0.20944     2.72271    0.00437252
0     2.72271    0.034986
0.20944     2.72271    0.00450259
0.418879     2.72271    0.00483126
0.628319     2.72271    0.0103873
0.837758     2.72271    0.00934759
1.0472     2.72271    0.0100046
1.25664     2.72271    0.00711261
1.46608     2.72271    0.00804837
1.67552     2.72271    0.00925245
1.88496     2.72271    0.00113926
2.0944     2.72271    0.00219028
2.30383     2.72271    0.00614321
2.51327     2.72271    0.0327728
2.72271     2.72271    0.0102301
2.93215     2.72271    0.00647395
3.14159     2.72271    0.00540043

-3.14159     2.93215    0.00228447
-2.93215     2.93215    0.0115031
-2.72271     2.93215    0.0155375
-2.51327     2.93215    0.0299092
-2.30383     2.93215    0.0102505
-2.0944     2.93215    0.00300648
-1.88496     2.93215    0.00200728
-1.67552     2.93215    0.00055755
-1.46608     2.93215    0.00277954
-1.25664     2.93215    0.00583036
-1.0472     2.93215    0.00389854
-0.837758     2.93215    0.0109813
-0.628319     2.93215    0.00572728
-0.418879     2.93215    0.00828423
-0.20944     2.93215    0.00484999
0     2.93215    0.0259056
0.20944     2.93215    0.00472792
0.418879     2.93215    0.00829887
0.628319     2.93215    0.00584977
0.837758     2.93215    0.0110016
1.0472     2.93215    0.00393599
1.25664     2.93215    0.00582755
1.46608     2.93215    0.00274334
1.67552     2.93215    0.000470717
1.88496     2.93215    0.00207771
2.0944     2.93215    0.00304121
2.30383     2.93215    0.0101569
2.51327     2.93215    0.0297572
2.72271     2.93215    0.0155347
2.93215     2.93215    0.0115383
3.14159     2.93215    0.00228206

-3.14159     3.14159    0.00196571
-2.93215     3.14159    0.000480833
-2.72271     3.14159    0.00853629
-2.51327     3.14159    0.00805497
-2.30383     3.14159    0.00106262
-2.0944     3.14159    0.0102147
-1.88496     3.14159    0.00924739
-1.67552     3.14159    0.00455618
-1.46608     3.14159    0.00107723
-1.25664     3.14159    0.000614882
-1.0472     3.14159    0.000448186
-0.837758     3.14159    0.00356382
-0.628319     3.14159    0.000915985
-0.418879     3.14159    0.0104854
-0.20944     3.14159    0.0208791
0     3.14159    0.0447236
0.20944     3.14159    0.0211557
0.418879     3.14159    0.0104632
0.628319     3.14159    0.000761798
0.837758     3.14159    0.00356154
1.0472     3.14159    0.000411182
1.25664     3.14159    0.000561144
1.46608     3.14159    0.00110143
1.67552     3.14159    0.00451684
1.88496     3.14159    0.00926328
2.0944     3.14159    0.010372
2.30383     3.14159    0.00113285
2.51327     3.14159    0.00817087
2.72271     3.14159    0.00860229
2.93215     3.14159    0.000437857
3.14159     3.14159    0.00198505

