-3.14159     -3.14159    0.000184876
-2.93215     -3.14159    0.000151911
-2.72271     -3.14159    0.000102386
-2.51327     -3.14159    6.46518e-05
-2.30383     -3.14159    8.78105e-05
-2.0944     -3.14159    0.000132777
-1.88496     -3.14159    0.000164353
-1.67552     -3.14159    0.00015617
-1.46608     -3.14159    0.000117796
-1.25664     -3.14159    0.000151434
-1.0472     -3.14159    0.000225963
-0.837758     -3.14159    0.000241957
-0.628319     -3.14159    0.000260775
-0.418879     -3.14159    0.000262906
-0.20944     -3.14159    0.000271915
0     -3.14159    0.000284839
0.20944     -3.14159    0.000271609
0.418879     -3.14159    0.000262885
0.628319     -3.14159    0.00026075
0.837758     -3.14159    0.000241934
1.0472     -3.14159    0.000225949
1.25664     -3.14159    0.000151422
1.46608     -3.14159    0.00011779
1.67552     -3.14159    0.000156171
1.88496     -3.14159    0.000164335
2.0944     -3.14159    0.000132728
2.30383     -3.14159    8.77576e-05
2.51327     -3.14159    6.46302e-05
2.72271     -3.14159    0.000102382
2.93215     -3.14159    0.000151909
3.14159     -3.14159    0.00018489

-3.14159     -2.93215    0.000241559
-2.93215     -2.93215    0.000196633
-2.72271     -2.93215    0.000139346
-2.51327     -2.93215    0.00011085
-2.30383     -2.93215    7.63596e-05
-2.0944     -2.93215    9.10186e-05
-1.88496     -2.93215    0.000147268
-1.67552     -2.93215    0.000157918
-1.46608     -2.93215    0.000121138
-1.25664     -2.93215    0.000136967
-1.0472     -2.93215    0.0002119
-0.837758     -2.93215    0.000236701
-0.628319     -2.93215    0.000252539
-0.418879     -2.93215    0.000266178
-0.20944     -2.93215    0.000264141
0     -2.93215    0.00025747
0.20944     -2.93215    0.000264531
0.418879     -2.93215    0.000266156
0.628319     -2.93215    0.000252527
0.837758     -2.93215    0.000236688
1.0472     -2.93215    0.000211889
1.25664     -2.93215    0.000136954
1.46608     -2.93215    0.000121127
1.67552     -2.93215    0.000157903
1.88496     -2.93215    0.000147232
2.0944     -2.93215    9.09642e-05
2.30383     -2.93215    7.63213e-05
2.51327     -2.93215    0.000110843
2.72271     -2.93215    0.000139355
2.93215     -2.93215    0.00019665
3.14159     -2.93215    0.000241573

-3.14159     -2.72271    0.000241445
-2.93215     -2.72271    0.000193899
-2.72271     -2.72271    0.000143018
-2.51327     -2.72271    0.000142877
-2.30383     -2.72271    0.000147682
-2.0944     -2.72271    0.000125522
-1.88496     -2.72271    0.000121617
-1.67552     -2.72271    0.000123654
-1.46608     -2.72271    0.00011026
-1.25664     -2.72271    8.86428e-05
-1.0472     -2.72271    0.00016136
-0.837758     -2.72271    0.000193765
-0.628319     -2.72271    0.000215845
-0.418879     -2.72271    0.000218748
-0.20944     -2.72271    0.000224956
0     -2.72271    0.000226454
0.20944     -2.72271    0.000224565
0.418879     -2.72271    0.000218771
0.628319     -2.72271    0.000215844
0.837758     -2.72271    0.000193756
1.0472     -2.72271    0.000161344
1.25664     -2.72271    8.86206e-05
1.46608     -2.72271    0.00011025
1.67552     -2.72271    0.000123636
1.88496     -2.72271    0.000121581
2.0944     -2.72271    0.000125494
2.30383     -2.72271    0.000147664
2.51327     -2.72271    0.000142859
2.72271     -2.72271    0.000143022
2.93215     -2.72271    0.000193896
3.14159     -2.72271    0.000241438

-3.14159     -2.51327    0.000242083
-2.93215     -2.51327    0.000176792
-2.72271     -2.51327    0.000147483
-2.51327     -2.51327    0.00016131
-2.30383     -2.51327    0.000204666
-2.0944     -2.51327    0.000208441
-1.88496     -2.51327    0.000134965
-1.67552     -2.51327    8.2309e-05
-1.46608     -2.51327    0.000103098
-1.25664     -2.51327    6.79222e-05
-1.0472     -2.51327    0.000135234
-0.837758     -2.51327    0.000173161
-0.628319     -2.51327    0.000183014
-0.418879     -2.51327    0.00017286
-0.20944     -2.51327    0.000177477
0     -2.51327    0.000200512
0.20944     -2.51327    0.000177716
0.418879     -2.51327    0.000172825
0.628319     -2.51327    0.000183003
0.837758     -2.51327    0.000173137
1.0472     -2.51327    0.000135215
1.25664     -2.51327    6.79028e-05
1.46608     -2.51327    0.000103086
1.67552     -2.51327    8.22932e-05
1.88496     -2.51327    0.000134953
2.0944     -2.51327    0.000208433
2.30383     -2.51327    0.00020464
2.51327     -2.51327    0.000161295
2.72271     -2.51327    0.000147476
2.93215     -2.51327    0.000176786
3.14159     -2.51327    0.000242073

-3.14159     -2.30383    0.000212707
-2.93215     -2.30383    0.000156793
-2.72271     -2.30383    0.000166134
-2.51327     -2.30383    0.000223126
-2.30383     -2.30383    0.000240929
-2.0944     -2.30383    0.000233397
-1.88496     -2.30383    0.000172537
-1.67552     -2.30383    9.88287e-05
-1.46608     -2.30383    6.23854e-05
-1.25664     -2.30383    4.79827e-05
-1.0472     -2.30383    9.0261e-05
-0.837758     -2.30383    0.000149642
-0.628319     -2.30383    0.000158657
-0.418879     -2.30383    0.000161174
-0.20944     -2.30383    0.00015352
0     -2.30383    0.000133669
0.20944     -2.30383    0.000153597
0.418879     -2.30383    0.0001612
0.628319     -2.30383    0.00015865
0.837758     -2.30383    0.000149633
1.0472     -2.30383    9.02483e-05
1.25664     -2.30383    4.79714e-05
1.46608     -2.30383    6.23753e-05
1.67552     -2.30383    9.88437e-05
1.88496     -2.30383    0.000172559
2.0944     -2.30383    0.000233413
2.30383     -2.30383    0.00024093
2.51327     -2.30383    0.000223114
2.72271     -2.30383    0.000166125
2.93215     -2.30383    0.000156789
3.14159     -2.30383    0.000212693

-3.14159     -2.0944    0.000174395
-2.93215     -2.0944    0.000156716
-2.72271     -2.0944    0.000203716
-2.51327     -2.0944    0.00024883
-2.30383     -2.0944    0.000258408
-2.0944     -2.0944    0.00023142
-1.88496     -2.0944    0.000182927
-1.67552     -2.0944    0.000159063
-1.46608     -2.0944    7.97584e-05
-1.25664     -2.0944    2.90068e-05
-1.0472     -2.0944    4.34183e-05
-0.837758     -2.0944    8.18057e-05
-0.628319     -2.0944    0.00010878
-0.418879     -2.0944    0.000123454
-0.20944     -2.0944    0.000110251
0     -2.0944    0.000135572
0.20944     -2.0944    0.000109726
0.418879     -2.0944    0.00012343
0.628319     -2.0944    0.000108779
0.837758     -2.0944    8.17954e-05
1.0472     -2.0944    4.33951e-05
1.25664     -2.0944    2.899e-05
1.46608     -2.0944    7.97621e-05
1.67552     -2.0944    0.000159091
1.88496     -2.0944    0.000182964
2.0944     -2.0944    0.000231442
2.30383     -2.0944    0.000258419
2.51327     -2.0944    0.000248816
2.72271     -2.0944    0.0002037
2.93215     -2.0944    0.000156709
3.14159     -2.0944    0.000174382

-3.14159     -1.88496    0.000151863
-2.93215     -1.88496    0.000175136
-2.72271     -1.88496    0.000243968
-2.51327     -1.88496    0.000267774
-2.30383     -1.88496    0.000265567
-2.0944     -1.88496    0.000223586
-1.88496     -1.88496    0.000186296
-1.67552     -1.88496    0.00016578
-1.46608     -1.88496    0.000111208
-1.25664     -1.88496    4.14571e-05
-1.0472     -1.88496    1.88722e-05
-0.837758     -1.88496    3.05175e-05
-0.628319     -1.88496    6.20364e-05
-0.418879     -1.88496    7.0914e-05
-0.20944     -1.88496    5.92876e-05
0     -1.88496    4.23709e-05
0.20944     -1.88496    6.03112e-05
0.418879     -1.88496    7.09325e-05
0.628319     -1.88496    6.20299e-05
0.837758     -1.88496    3.05031e-05
1.0472     -1.88496    1.88519e-05
1.25664     -1.88496    4.14513e-05
1.46608     -1.88496    0.000111222
1.67552     -1.88496    0.000165815
1.88496     -1.88496    0.00018633
2.0944     -1.88496    0.000223606
2.30383     -1.88496    0.000265573
2.51327     -1.88496    0.000267768
2.72271     -1.88496    0.000243949
2.93215     -1.88496    0.000175122
3.14159     -1.88496    0.000151853

-3.14159     -1.67552    0.000156709
-2.93215     -1.67552    0.000223002
-2.72271     -1.67552    0.000277753
-2.51327     -1.67552    0.0002694
-2.30383     -1.67552    0.000249196
-2.0944     -1.67552    0.000198512
-1.88496     -1.67552    0.000177521
-1.67552     -1.67552    0.000157263
-1.46608     -1.67552    0.000100894
-1.25664     -1.67552    4.08583e-05
-1.0472     -1.67552    1.275e-05
-0.837758     -1.67552    2.71526e-05
-0.628319     -1.67552    1.20078e-05
-0.418879     -1.67552    2.01328e-05
-0.20944     -1.67552    1.71421e-06
0     -1.67552    1.00937e-05
0.20944     -1.67552    3.21118e-06
0.418879     -1.67552    2.01108e-05
0.628319     -1.67552    1.1999e-05
0.837758     -1.67552    2.71709e-05
1.0472     -1.67552    1.27742e-05
1.25664     -1.67552    4.08601e-05
1.46608     -1.67552    0.000100913
1.67552     -1.67552    0.000157298
1.88496     -1.67552    0.000177548
2.0944     -1.67552    0.000198529
2.30383     -1.67552    0.000249207
2.51327     -1.67552    0.000269396
2.72271     -1.67552    0.000277735
2.93215     -1.67552    0.000222978
3.14159     -1.67552    0.000156698

-3.14159     -1.46608    0.00018541
-2.93215     -1.46608    0.000256418
-2.72271     -1.46608    0.000281611
-2.51327     -1.46608    0.000250787
-2.30383     -1.46608    0.000233303
-2.0944     -1.46608    0.000182594
-1.88496     -1.46608    0.000158506
-1.67552     -1.46608    0.000144425
-1.46608     -1.46608    9.7101e-05
-1.25664     -1.46608    4.66786e-05
-1.0472     -1.46608    2.24032e-05
-0.837758     -1.46608    6.05167e-05
-0.628319     -1.46608    4.36489e-05
-0.418879     -1.46608    3.51116e-05
-0.20944     -1.46608    6.93768e-05
0     -1.46608    6.06167e-05
0.20944     -1.46608    6.75373e-05
0.418879     -1.46608    3.51227e-05
0.628319     -1.46608    4.36519e-05
0.837758     -1.46608    6.05206e-05
1.0472     -1.46608    2.2404e-05
1.25664     -1.46608    4.67031e-05
1.46608     -1.46608    9.71266e-05
1.67552     -1.46608    0.000144446
1.88496     -1.46608    0.000158523
2.0944     -1.46608    0.000182614
2.30383     -1.46608    0.000233321
2.51327     -1.46608    0.000250797
2.72271     -1.46608    0.000281601
2.93215     -1.46608    0.000256392
3.14159     -1.46608    0.000185395

-3.14159     -1.25664    0.000225325
-2.93215     -1.25664    0.000259511
-2.72271     -1.25664    0.000266798
-2.51327     -1.25664    0.00024342
-2.30383     -1.25664    0.00021381
-2.0944     -1.25664    0.000167913
-1.88496     -1.25664    0.000149654
-1.67552     -1.25664    0.000108253
-1.46608     -1.25664    6.97984e-05
-1.25664     -1.25664    3.55682e-05
-1.0472     -1.25664    1.96425e-05
-0.837758     -1.25664    5.79119e-05
-0.628319     -1.25664    6.64698e-05
-0.418879     -1.25664    7.37802e-05
-0.20944     -1.25664    0.000100337
0     -1.25664    0.000148809
0.20944     -1.25664    0.000102259
0.418879     -1.25664    7.37747e-05
0.628319     -1.25664    6.64922e-05
0.837758     -1.25664    5.78953e-05
1.0472     -1.25664    1.96383e-05
1.25664     -1.25664    3.55986e-05
1.46608     -1.25664    6.98207e-05
1.67552     -1.25664    0.00010828
1.88496     -1.25664    0.000149679
2.0944     -1.25664    0.000167952
2.30383     -1.25664    0.000213849
2.51327     -1.25664    0.000243451
2.72271     -1.25664    0.000266803
2.93215     -1.25664    0.000259498
3.14159     -1.25664    0.000225313

-3.14159     -1.0472    0.000243674
-2.93215     -1.0472    0.000268307
-2.72271     -1.0472    0.000260195
-2.51327     -1.0472    0.00021392
-2.30383     -1.0472    0.00017551
-2.0944     -1.0472    0.000154151
-1.88496     -1.0472    0.000128455
-1.67552     -1.0472    7.84383e-05
-1.46608     -1.0472    3.63269e-05
-1.25664     -1.0472    2.08104e-05
-1.0472     -1.0472    4.63641e-05
-0.837758     -1.0472    7.52804e-05
-0.628319     -1.0472    9.38645e-05
-0.418879     -1.0472    0.000104934
-0.20944     -1.0472    0.000130541
0     -1.0472    0.000129404
0.20944     -1.0472    0.000129104
0.418879     -1.0472    0.000105026
0.628319     -1.0472    9.38613e-05
0.837758     -1.0472    7.52773e-05
1.0472     -1.0472    4.63252e-05
1.25664     -1.0472    2.07863e-05
1.46608     -1.0472    3.63566e-05
1.67552     -1.0472    7.84669e-05
1.88496     -1.0472    0.00012848
2.0944     -1.0472    0.000154191
2.30383     -1.0472    0.000175561
2.51327     -1.0472    0.000213967
2.72271     -1.0472    0.000260219
2.93215     -1.0472    0.000268305
3.14159     -1.0472    0.000243663

-3.14159     -0.837758    0.000241847
-2.93215     -0.837758    0.000241559
-2.72271     -0.837758    0.000225593
-2.51327     -0.837758    0.000187676
-2.30383     -0.837758    0.000167338
-2.0944     -0.837758    0.000150413
-1.88496     -0.837758    9.94088e-05
-1.67552     -0.837758    5.33521e-05
-1.46608     -0.837758    5.49302e-06
-1.25664     -0.837758    5.70751e-05
-1.0472     -0.837758    9.45938e-05
-0.837758     -0.837758    9.25541e-05
-0.628319     -0.837758    0.000123298
-0.418879     -0.837758    0.000151725
-0.20944     -0.837758    0.000173044
0     -0.837758    0.000294184
0.20944     -0.837758    0.000173482
0.418879     -0.837758    0.000151573
0.628319     -0.837758    0.000123254
0.837758     -0.837758    9.25455e-05
1.0472     -0.837758    9.45668e-05
1.25664     -0.837758    5.70441e-05
1.46608     -0.837758    5.49781e-06
1.67552     -0.837758    5.33576e-05
1.88496     -0.837758    9.9423e-05
2.0944     -0.837758    0.000150445
2.30383     -0.837758    0.000167371
2.51327     -0.837758    0.000187707
2.72271     -0.837758    0.000225631
2.93215     -0.837758    0.000241572
3.14159     -0.837758    0.000241846

-3.14159     -0.628319    0.00023315
-2.93215     -0.628319    0.000221964
-2.72271     -0.628319    0.000186577
-2.51327     -0.628319    0.000184806
-2.30383     -0.628319    0.000160278
-2.0944     -0.628319    0.000128419
-1.88496     -0.628319    8.44115e-05
-1.67552     -0.628319    3.41283e-05
-1.46608     -0.628319    3.54889e-05
-1.25664     -0.628319    8.50916e-05
-1.0472     -0.628319    0.000132914
-0.837758     -0.628319    0.000159794
-0.628319     -0.628319    0.000163076
-0.418879     -0.628319    0.00019408
-0.20944     -0.628319    0.000236195
0     -0.628319    0.000204467
0.20944     -0.628319    0.000237854
0.418879     -0.628319    0.000194153
0.628319     -0.628319    0.000163068
0.837758     -0.628319    0.000159804
1.0472     -0.628319    0.000132927
1.25664     -0.628319    8.51056e-05
1.46608     -0.628319    3.55083e-05
1.67552     -0.628319    3.41318e-05
1.88496     -0.628319    8.44185e-05
2.0944     -0.628319    0.00012844
2.30383     -0.628319    0.00016029
2.51327     -0.628319    0.000184816
2.72271     -0.628319    0.000186599
2.93215     -0.628319    0.000221991
3.14159     -0.628319    0.000233168

-3.14159     -0.418879    0.000153907
-2.93215     -0.418879    0.000139268
-2.72271     -0.418879    0.00015323
-2.51327     -0.418879    0.000152479
-2.30383     -0.418879    0.000123784
-2.0944     -0.418879    8.37334e-05
-1.88496     -0.418879    6.03434e-05
-1.67552     -0.418879    1.76665e-05
-1.46608     -0.418879    3.98624e-05
-1.25664     -0.418879    8.94835e-05
-1.0472     -0.418879    0.000127946
-0.837758     -0.418879    0.00019219
-0.628319     -0.418879    0.000243827
-0.418879     -0.418879    0.000276553
-0.20944     -0.418879    0.000335332
0     -0.418879    0.000488756
0.20944     -0.418879    0.000329073
0.418879     -0.418879    0.00027666
0.628319     -0.418879    0.000243848
0.837758     -0.418879    0.000192186
1.0472     -0.418879    0.000127909
1.25664     -0.418879    8.94953e-05
1.46608     -0.418879    3.98648e-05
1.67552     -0.418879    1.76626e-05
1.88496     -0.418879    6.0336e-05
2.0944     -0.418879    8.37437e-05
2.30383     -0.418879    0.0001238
2.51327     -0.418879    0.000152496
2.72271     -0.418879    0.000153232
2.93215     -0.418879    0.000139281
3.14159     -0.418879    0.000153916

-3.14159     -0.20944    0.000103185
-2.93215     -0.20944    7.89612e-05
-2.72271     -0.20944    8.76631e-05
-2.51327     -0.20944    7.63467e-05
-2.30383     -0.20944    6.29547e-05
-2.0944     -0.20944    3.41253e-05
-1.88496     -0.20944    1.91876e-06
-1.67552     -0.20944    2.67431e-05
-1.46608     -0.20944    4.87611e-05
-1.25664     -0.20944    8.00268e-05
-1.0472     -0.20944    0.000118824
-0.837758     -0.20944    0.000169345
-0.628319     -0.20944    0.000261374
-0.418879     -0.20944    0.000355084
-0.20944     -0.20944    0.000467958
0     -0.20944    0.000486296
0.20944     -0.20944    0.000486999
0.418879     -0.20944    0.000354615
0.628319     -0.20944    0.000261396
0.837758     -0.20944    0.000169299
1.0472     -0.20944    0.000118851
1.25664     -0.20944    7.99962e-05
1.46608     -0.20944    4.87718e-05
1.67552     -0.20944    2.67476e-05
1.88496     -0.20944    1.91897e-06
2.0944     -0.20944    3.41367e-05
2.30383     -0.20944    6.29651e-05
2.51327     -0.20944    7.63509e-05
2.72271     -0.20944    8.76646e-05
2.93215     -0.20944    7.89523e-05
3.14159     -0.20944    0.00010319

-3.14159     0    0.000118981
-2.93215     0    0.000106615
-2.72271     0    4.65201e-05
-2.51327     0    3.22975e-05
-2.30383     0    2.31563e-05
-2.0944     0    8.58371e-06
-1.88496     0    3.62712e-05
-1.67552     0    6.05213e-05
-1.46608     0    6.95295e-05
-1.25664     0    8.70324e-05
-1.0472     0    0.000125723
-0.837758     0    0.000173039
-0.628319     0    0.000232986
-0.418879     0    0.000367446
-0.20944     0    0.00056668
0     0    1.17555e-15
0.20944     0    0.00056668
0.418879     0    0.000367446
0.628319     0    0.000232986
0.837758     0    0.000173039
1.0472     0    0.000125723
1.25664     0    8.70324e-05
1.46608     0    6.95295e-05
1.67552     0    6.05213e-05
1.88496     0    3.62712e-05
2.0944     0    8.58371e-06
2.30383     0    2.31563e-05
2.51327     0    3.22975e-05
2.72271     0    4.65201e-05
2.93215     0    0.000106615
3.14159     0    0.000118981

-3.14159     0.20944    0.00010319
-2.93215     0.20944    7.89523e-05
-2.72271     0.20944    8.76646e-05
-2.51327     0.20944    7.63509e-05
-2.30383     0.20944    6.29651e-05
-2.0944     0.20944    3.41367e-05
-1.88496     0.20944    1.91897e-06
-1.67552     0.20944    2.67476e-05
-1.46608     0.20944    4.87718e-05
-1.25664     0.20944    7.99962e-05
-1.0472     0.20944    0.000118851
-0.837758     0.20944    0.000169299
-0.628319     0.20944    0.000261396
-0.418879     0.20944    0.000354615
-0.20944     0.20944    0.000486999
0     0.20944    0.000486296
0.20944     0.20944    0.000467958
0.418879     0.20944    0.000355084
0.628319     0.20944    0.000261374
0.837758     0.20944    0.000169345
1.0472     0.20944    0.000118824
1.25664     0.20944    8.00268e-05
1.46608     0.20944    4.87611e-05
1.67552     0.20944    2.67431e-05
1.88496     0.20944    1.91876e-06
2.0944     0.20944    3.41253e-05
2.30383     0.20944    6.29547e-05
2.51327     0.20944    7.63467e-05
2.72271     0.20944    8.76631e-05
2.93215     0.20944    7.89612e-05
3.14159     0.20944    0.000103185

-3.14159     0.418879    0.000153916
-2.93215     0.418879    0.000139281
-2.72271     0.418879    0.000153232
-2.51327     0.418879    0.000152496
-2.30383     0.418879    0.0001238
-2.0944     0.418879    8.37437e-05
-1.88496     0.418879    6.0336e-05
-1.67552     0.418879    1.76626e-05
-1.46608     0.418879    3.98648e-05
-1.25664     0.418879    8.94953e-05
-1.0472     0.418879    0.000127909
-0.837758     0.418879    0.000192186
-0.628319     0.418879    0.000243848
-0.418879     0.418879    0.00027666
-0.20944     0.418879    0.000329073
0     0.418879    0.000488756
0.20944     0.418879    0.000335332
0.418879     0.418879    0.000276553
0.628319     0.418879    0.000243827
0.837758     0.418879    0.00019219
1.0472     0.418879    0.000127946
1.25664     0.418879    8.94835e-05
1.46608     0.418879    3.98624e-05
1.67552     0.418879    1.76665e-05
1.88496     0.418879    6.03434e-05
2.0944     0.418879    8.37334e-05
2.30383     0.418879    0.000123784
2.51327     0.418879    0.000152479
2.72271     0.418879    0.00015323
2.93215     0.418879    0.000139268
3.14159     0.418879    0.000153907

-3.14159     0.628319    0.000233168
-2.93215     0.628319    0.000221991
-2.72271     0.628319    0.000186599
-2.51327     0.628319    0.000184816
-2.30383     0.628319    0.00016029
-2.0944     0.628319    0.00012844
-1.88496     0.628319    8.44185e-05
-1.67552     0.628319    3.41318e-05
-1.46608     0.628319    3.55083e-05
-1.25664     0.628319    8.51056e-05
-1.0472     0.628319    0.000132927
-0.837758     0.628319    0.000159804
-0.628319     0.628319    0.000163068
-0.418879     0.628319    0.000194153
-0.20944     0.628319    0.000237854
0     0.628319    0.000204467
0.20944     0.628319    0.000236195
0.418879     0.628319    0.00019408
0.628319     0.628319    0.000163076
0.837758     0.628319    0.000159794
1.0472     0.628319    0.000132914
1.25664     0.628319    8.50916e-05
1.46608     0.628319    3.54889e-05
1.67552     0.628319    3.41283e-05
1.88496     0.628319    8.44115e-05
2.0944     0.628319    0.000128419
2.30383     0.628319    0.000160278
2.51327     0.628319    0.000184806
2.72271     0.628319    0.000186577
2.93215     0.628319    0.000221964
3.14159     0.628319    0.00023315

-3.14159     0.837758    0.000241846
-2.93215     0.837758    0.000241572
-2.72271     0.837758    0.000225631
-2.51327     0.837758    0.000187707
-2.30383     0.837758    0.000167371
-2.0944     0.837758    0.000150445
-1.88496     0.837758    9.9423e-05
-1.67552     0.837758    5.33576e-05
-1.46608     0.837758    5.49781e-06
-1.25664     0.837758    5.70441e-05
-1.0472     0.837758    9.45668e-05
-0.837758     0.837758    9.25455e-05
-0.628319     0.837758    0.000123254
-0.418879     0.837758    0.000151573
-0.20944     0.837758    0.000173482
0     0.837758    0.000294184
0.20944     0.837758    0.000173044
0.418879     0.837758    0.000151725
0.628319     0.837758    0.000123298
0.837758     0.837758    9.25541e-05
1.0472     0.837758    9.45938e-05
1.25664     0.837758    5.70751e-05
1.46608     0.837758    5.49302e-06
1.67552     0.837758    5.33521e-05
1.88496     0.837758    9.94088e-05
2.0944     0.837758    0.000150413
2.30383     0.837758    0.000167338
2.51327     0.837758    0.000187676
2.72271     0.837758    0.000225593
2.93215     0.837758    0.000241559
3.14159     0.837758    0.000241847

-3.14159     1.0472    0.000243663
-2.93215     1.0472    0.000268305
-2.72271     1.0472    0.000260219
-2.51327     1.0472    0.000213967
-2.30383     1.0472    0.000175561
-2.0944     1.0472    0.000154191
-1.88496     1.0472    0.00012848
-1.67552     1.0472    7.84669e-05
-1.46608     1.0472    3.63566e-05
-1.25664     1.0472    2.07863e-05
-1.0472     1.0472    4.63252e-05
-0.837758     1.0472    7.52773e-05
-0.628319     1.0472    9.38613e-05
-0.418879     1.0472    0.000105026
-0.20944     1.0472    0.000129104
0     1.0472    0.000129404
0.20944     1.0472    0.000130541
0.418879     1.0472    0.000104934
0.628319     1.0472    9.38645e-05
0.837758     1.0472    7.52804e-05
1.0472     1.0472    4.63641e-05
1.25664     1.0472    2.08104e-05
1.46608     1.0472    3.63269e-05
1.67552     1.0472    7.84383e-05
1.88496     1.0472    0.000128455
2.0944     1.0472    0.000154151
2.30383     1.0472    0.00017551
2.51327     1.0472    0.00021392
2.72271     1.0472    0.000260195
2.93215     1.0472    0.000268307
3.14159     1.0472    0.000243674

-3.14159     1.25664    0.000225313
-2.93215     1.25664    0.000259498
-2.72271     1.25664    0.000266803
-2.51327     1.25664    0.000243451
-2.30383     1.25664    0.000213849
-2.0944     1.25664    0.000167952
-1.88496     1.25664    0.000149679
-1.67552     1.25664    0.00010828
-1.46608     1.25664    6.98207e-05
-1.25664     1.25664    3.55986e-05
-1.0472     1.25664    1.96383e-05
-0.837758     1.25664    5.78953e-05
-0.628319     1.25664    6.64922e-05
-0.418879     1.25664    7.37747e-05
-0.20944     1.25664    0.000102259
0     1.25664    0.000148809
0.20944     1.25664    0.000100337
0.418879     1.25664    7.37802e-05
0.628319     1.25664    6.64698e-05
0.837758     1.25664    5.79119e-05
1.0472     1.25664    1.96425e-05
1.25664     1.25664    3.55682e-05
1.46608     1.25664    6.97984e-05
1.67552     1.25664    0.000108253
1.88496     1.25664    0.000149654
2.0944     1.25664    0.000167913
2.30383     1.25664    0.00021381
2.51327     1.25664    0.00024342
2.72271     1.25664    0.000266798
2.93215     1.25664    0.000259511
3.14159     1.25664    0.000225325

-3.14159     1.46608    0.000185395
-2.93215     1.46608    0.000256392
-2.72271     1.46608    0.000281601
-2.51327     1.46608    0.000250797
-2.30383     1.46608    0.000233321
-2.0944     1.46608    0.000182614
-1.88496     1.46608    0.000158523
-1.67552     1.46608    0.000144446
-1.46608     1.46608    9.71266e-05
-1.25664     1.46608    4.67031e-05
-1.0472     1.46608    2.2404e-05
-0.837758     1.46608    6.05206e-05
-0.628319     1.46608    4.36519e-05
-0.418879     1.46608    3.51227e-05
-0.20944     1.46608    6.75373e-05
0     1.46608    6.06167e-05
0.20944     1.46608    6.93768e-05
0.418879     1.46608    3.51116e-05
0.628319     1.46608    4.36489e-05
0.837758     1.46608    6.05167e-05
1.0472     1.46608    2.24032e-05
1.25664     1.46608    4.66786e-05
1.46608     1.46608    9.7101e-05
1.67552     1.46608    0.000144425
1.88496     1.46608    0.000158506
2.0944     1.46608    0.000182594
2.30383     1.46608    0.000233303
2.51327     1.46608    0.000250787
2.72271     1.46608    0.000281611
2.93215     1.46608    0.000256418
3.14159     1.46608    0.00018541

-3.14159     1.67552    0.000156698
-2.93215     1.67552    0.000222978
-2.72271     1.67552    0.000277735
-2.51327     1.67552    0.000269396
-2.30383     1.67552    0.000249207
-2.0944     1.67552    0.000198529
-1.88496     1.67552    0.000177548
-1.67552     1.67552    0.000157298
-1.46608     1.67552    0.000100913
-1.25664     1.67552    4.08601e-05
-1.0472     1.67552    1.27742e-05
-0.837758     1.67552    2.71709e-05
-0.628319     1.67552    1.1999e-05
-0.418879     1.67552    2.01108e-05
-0.20944     1.67552    3.21118e-06
0     1.67552    1.00937e-05
0.20944     1.67552    1.71421e-06
0.418879     1.67552    2.01328e-05
0.628319     1.67552    1.20078e-05
0.837758     1.67552    2.71526e-05
1.0472     1.67552    1.275e-05
1.25664     1.67552    4.08583e-05
1.46608     1.67552    0.000100894
1.67552     1.67552    0.000157263
1.88496     1.67552    0.000177521
2.0944     1.67552    0.000198512
2.30383     1.67552    0.000249196
2.51327     1.67552    0.0002694
2.72271     1.67552    0.000277753
2.93215     1.67552    0.000223002
3.14159     1.67552    0.000156709

-3.14159     1.88496    0.000151853
-2.93215     1.88496    0.000175122
-2.72271     1.88496    0.000243949
-2.51327     1.88496    0.000267768
-2.30383     1.88496    0.000265573
-2.0944     1.88496    0.000223606
-1.88496     1.88496    0.00018633
-1.67552     1.88496    0.000165815
-1.46608     1.88496    0.000111222
-1.25664     1.88496    4.14513e-05
-1.0472     1.88496    1.88519e-05
-0.837758     1.88496    3.05031e-05
-0.628319     1.88496    6.20299e-05
-0.418879     1.88496    7.09325e-05
-0.20944     1.88496    6.03112e-05
0     1.88496    4.23709e-05
0.20944     1.88496    5.92876e-05
0.418879     1.88496    7.0914e-05
0.628319     1.88496    6.20364e-05
0.837758     1.88496    3.05175e-05
1.0472     1.88496    1.88722e-05
1.25664     1.88496    4.14571e-05
1.46608     1.88496    0.000111208
1.67552     1.88496    0.00016578
1.88496     1.88496    0.000186296
2.0944     1.88496    0.000223586
2.30383     1.88496    0.000265567
2.51327     1.88496    0.000267774
2.72271     1.88496    0.000243968
2.93215     1.88496    0.000175136
3.14159     1.88496    0.000151863

-3.14159     2.0944    0.000174382
-2.93215     2.0944    0.000156709
-2.72271     2.0944    0.0002037
-2.51327     2.0944    0.000248816
-2.30383     2.0944    0.000258419
-2.0944     2.0944    0.000231442
-1.88496     2.0944    0.000182964
-1.67552     2.0944    0.000159091
-1.46608     2.0944    7.97621e-05
-1.25664     2.0944    2.899e-05
-1.0472     2.0944    4.33951e-05
-0.837758     2.0944    8.17954e-05
-0.628319     2.0944    0.000108779
-0.418879     2.0944    0.00012343
-0.20944     2.0944    0.000109726
0     2.0944    0.000135572
0.20944     2.0944    0.000110251
0.418879     2.0944    0.000123454
0.628319     2.0944    0.00010878
0.837758     2.0944    8.18057e-05
1.0472     2.0944    4.34183e-05
1.25664     2.0944    2.90068e-05
1.46608     2.0944    7.97584e-05
1.67552     2.0944    0.000159063
1.88496     2.0944    0.000182927
2.0944     2.0944    0.00023142
2.30383     2.0944    0.000258408
2.51327     2.0944    0.00024883
2.72271     2.0944    0.000203716
2.93215     2.0944    0.000156716
3.14159     2.0944    0.000174395

-3.14159     2.30383    0.000212693
-2.93215     2.30383    0.000156789
-2.72271     2.30383    0.000166125
-2.51327     2.30383    0.000223114
-2.30383     2.30383    0.00024093
-2.0944     2.30383    0.000233413
-1.88496     2.30383    0.000172559
-1.67552     2.30383    9.88437e-05
-1.46608     2.30383    6.23753e-05
-1.25664     2.30383    4.79714e-05
-1.0472     2.30383    9.02483e-05
-0.837758     2.30383    0.000149633
-0.628319     2.30383    0.00015865
-0.418879     2.30383    0.0001612
-0.20944     2.30383    0.000153597
0     2.30383    0.000133669
0.20944     2.30383    0.00015352
0.418879     2.30383    0.000161174
0.628319     2.30383    0.000158657
0.837758     2.30383    0.000149642
1.0472     2.30383    9.0261e-05
1.25664     2.30383    4.79827e-05
1.46608     2.30383    6.23854e-05
1.67552     2.30383    9.88287e-05
1.88496     2.30383    0.000172537
2.0944     2.30383    0.000233397
2.30383     2.30383    0.000240929
2.51327     2.30383    0.000223126
2.72271     2.30383    0.000166134
2.93215     2.30383    0.000156793
3.14159     2.30383    0.000212707

-3.14159     2.51327    0.000242073
-2.93215     2.51327    0.000176786
-2.72271     2.51327    0.000147476
-2.51327     2.51327    0.000161295
-2.30383     2.51327    0.00020464
-2.0944     2.51327    0.000208433
-1.88496     2.51327    0.000134953
-1.67552     2.51327    8.22932e-05
-1.46608     2.51327    0.000103086
-1.25664     2.51327    6.79028e-05
-1.0472     2.51327    0.000135215
-0.837758     2.51327    0.000173137
-0.628319     2.51327    0.000183003
-0.418879     2.51327    0.000172825
-0.20944     2.51327    0.000177716
0     2.51327    0.000200512
0.20944     2.51327    0.000177477
0.418879     2.51327    0.00017286
0.628319     2.51327    0.000183014
0.837758     2.51327    0.000173161
1.0472     2.51327    0.000135234
1.25664     2.51327    6.79222e-05
1.46608     2.51327    0.000103098
1.67552     2.51327    8.2309e-05
1.88496     2.51327    0.000134965
2.0944     2.51327    0.000208441
2.30383     2.51327    0.000204666
2.51327     2.51327    0.00016131
2.72271     2.51327    0.000147483
2.93215     2.51327    0.000176792
3.14159     2.51327    0.000242083

-3.14159     2.72271    0.000241438
-2.93215     2.72271    0.000193896
-2.72271     2.72271    0.000143022
-2.51327     2.72271    0.000142859
-2.30383     2.72271    0.000147664
-2.0944     2.72271    0.000125494
-1.88496     2.72271    0.000121581
-1.67552     2.72271    0.000123636
-1.46608     2.72271    0.00011025
-1.25664     2.72271    8.86206e-05
-1.0472     2.72271    0.000161344
-0.837758     2.72271    0.000193756
-0.628319     2.72271    0.000215844
-0.418879     2.72271    0.000218771
-0.20944     2.72271    0.000224565
0     2.72271    0.000226454
0.20944     2.72271    0.000224956
0.418879     2.72271    0.000218748
0.628319     2.72271    0.000215845
0.837758     2.72271    0.000193765
1.0472     2.72271    0.00016136
1.25664     2.72271    8.86428e-05
1.46608     2.72271    0.00011026
1.67552     2.72271    0.000123654
1.88496     2.72271    0.000121617
2.0944     2.72271    0.000125522
2.30383     2.72271    0.000147682
2.51327     2.72271    0.000142877
2.72271     2.72271    0.000143018
2.93215     2.72271    0.000193899
3.14159     2.72271    0.000241445

-3.14159     2.93215    0.000241573
-2.93215     2.93215    0.00019665
-2.72271     2.93215    0.000139355
-2.51327     2.93215    0.000110843
-2.30383     2.93215    7.63213e-05
-2.0944     2.93215    9.09642e-05
-1.88496     2.93215    0.000147232
-1.67552     2.93215    0.000157903
-1.46608     2.93215    0.000121127
-1.25664     2.93215    0.000136954
-1.0472     2.93215    0.000211889
-0.837758     2.93215    0.000236688
-0.628319     2.93215    0.000252527
-0.418879     2.93215    0.000266156
-0.20944     2.93215    0.000264531
0     2.93215    0.00025747
0.20944     2.93215    0.000264141
0.418879     2.93215    0.000266178
0.628319     2.93215    0.000252539
0.837758     2.93215    0.000236701
1.0472     2.93215    0.0002119
1.25664     2.93215    0.000136967
1.46608     2.93215    0.000121138
1.67552     2.93215    0.000157918
1.88496     2.93215    0.000147268
2.0944     2.93215    9.10186e-05
2.30383     2.93215    7.63596e-05
2.51327     2.93215    0.00011085
2.72271     2.93215    0.000139346
2.93215     2.93215    0.000196633
3.14159     2.93215    0.000241559

-3.14159     3.14159    0.00018489
-2.93215     3.14159    0.000151909
-2.72271     3.14159    0.000102382
-2.51327     3.14159    6.46302e-05
-2.30383     3.14159    8.77576e-05
-2.0944     3.14159    0.000132728
-1.88496     3.14159    0.000164335
-1.67552     3.14159    0.000156171
-1.46608     3.14159    0.00011779
-1.25664     3.14159    0.000151422
-1.0472     3.14159    0.000225949
-0.837758     3.14159    0.000241934
-0.628319     3.14159    0.00026075
-0.418879     3.14159    0.000262885
-0.20944     3.14159    0.000271609
0     3.14159    0.000284839
0.20944     3.14159    0.000271915
0.418879     3.14159    0.000262906
0.628319     3.14159    0.000260775
0.837758     3.14159    0.000241957
1.0472     3.14159    0.000225963
1.25664     3.14159    0.000151434
1.46608     3.14159    0.000117796
1.67552     3.14159    0.00015617
1.88496     3.14159    0.000164353
2.0944     3.14159    0.000132777
2.30383     3.14159    8.78105e-05
2.51327     3.14159    6.46518e-05
2.72271     3.14159    0.000102386
2.93215     3.14159    0.000151911
3.14159     3.14159    0.000184876

