-3.14159     -3.14159    3.46008e-05
-2.93215     -3.14159    4.20429e-05
-2.72271     -3.14159    4.75583e-05
-2.51327     -3.14159    4.98741e-05
-2.30383     -3.14159    4.97055e-05
-2.0944     -3.14159    4.88479e-05
-1.88496     -3.14159    4.85973e-05
-1.67552     -3.14159    4.87079e-05
-1.46608     -3.14159    4.72476e-05
-1.25664     -3.14159    4.20473e-05
-1.0472     -3.14159    3.41024e-05
-0.837758     -3.14159    2.62782e-05
-0.628319     -3.14159    2.006e-05
-0.418879     -3.14159    1.58021e-05
-0.20944     -3.14159    1.34269e-05
0     -3.14159    1.26762e-05
0.20944     -3.14159    1.34166e-05
0.418879     -3.14159    1.58026e-05
0.628319     -3.14159    2.00601e-05
0.837758     -3.14159    2.62779e-05
1.0472     -3.14159    3.41029e-05
1.25664     -3.14159    4.20468e-05
1.46608     -3.14159    4.72477e-05
1.67552     -3.14159    4.87074e-05
1.88496     -3.14159    4.85974e-05
2.0944     -3.14159    4.88481e-05
2.30383     -3.14159    4.97039e-05
2.51327     -3.14159    4.98731e-05
2.72271     -3.14159    4.75571e-05
2.93215     -3.14159    4.20429e-05
3.14159     -3.14159    3.4601e-05

-3.14159     -2.93215    2.91555e-05
-2.93215     -2.93215    3.76948e-05
-2.72271     -2.93215    4.4362e-05
-2.51327     -2.93215    4.79127e-05
-2.30383     -2.93215    4.90815e-05
-2.0944     -2.93215    4.89289e-05
-1.88496     -2.93215    4.81319e-05
-1.67552     -2.93215    4.69533e-05
-1.46608     -2.93215    4.43476e-05
-1.25664     -2.93215    3.83746e-05
-1.0472     -2.93215    2.95635e-05
-0.837758     -2.93215    2.10667e-05
-0.628319     -2.93215    1.47386e-05
-0.418879     -2.93215    1.07326e-05
-0.20944     -2.93215    8.61567e-06
0     -2.93215    8.0207e-06
0.20944     -2.93215    8.62998e-06
0.418879     -2.93215    1.07374e-05
0.628319     -2.93215    1.47385e-05
0.837758     -2.93215    2.10668e-05
1.0472     -2.93215    2.95633e-05
1.25664     -2.93215    3.83748e-05
1.46608     -2.93215    4.43472e-05
1.67552     -2.93215    4.69527e-05
1.88496     -2.93215    4.81315e-05
2.0944     -2.93215    4.89291e-05
2.30383     -2.93215    4.90811e-05
2.51327     -2.93215    4.79124e-05
2.72271     -2.93215    4.43611e-05
2.93215     -2.93215    3.76943e-05
3.14159     -2.93215    2.91559e-05

-3.14159     -2.72271    2.5554e-05
-2.93215     -2.72271    3.41334e-05
-2.72271     -2.72271    4.03492e-05
-2.51327     -2.72271    4.32792e-05
-2.30383     -2.72271    4.41402e-05
-2.0944     -2.72271    4.43234e-05
-1.88496     -2.72271    4.41983e-05
-1.67552     -2.72271    4.34638e-05
-1.46608     -2.72271    4.11272e-05
-1.25664     -2.72271    3.54824e-05
-1.0472     -2.72271    2.66627e-05
-0.837758     -2.72271    1.79763e-05
-0.628319     -2.72271    1.17744e-05
-0.418879     -2.72271    8.11653e-06
-0.20944     -2.72271    6.27377e-06
0     -2.72271    5.59069e-06
0.20944     -2.72271    6.2597e-06
0.418879     -2.72271    8.10874e-06
0.628319     -2.72271    1.17747e-05
0.837758     -2.72271    1.7976e-05
1.0472     -2.72271    2.66626e-05
1.25664     -2.72271    3.54829e-05
1.46608     -2.72271    4.11277e-05
1.67552     -2.72271    4.34642e-05
1.88496     -2.72271    4.41992e-05
2.0944     -2.72271    4.43233e-05
2.30383     -2.72271    4.41391e-05
2.51327     -2.72271    4.32795e-05
2.72271     -2.72271    4.03482e-05
2.93215     -2.72271    3.41329e-05
3.14159     -2.72271    2.55537e-05

-3.14159     -2.51327    2.39182e-05
-2.93215     -2.51327    3.15543e-05
-2.72271     -2.51327    3.58984e-05
-2.51327     -2.51327    3.67352e-05
-2.30383     -2.51327    3.59872e-05
-2.0944     -2.51327    3.58081e-05
-1.88496     -2.51327    3.68414e-05
-1.67552     -2.51327    3.7973e-05
-1.46608     -2.51327    3.73159e-05
-1.25664     -2.51327    3.30848e-05
-1.0472     -2.51327    2.50813e-05
-0.837758     -2.51327    1.65737e-05
-0.628319     -2.51327    1.04745e-05
-0.418879     -2.51327    7.02782e-06
-0.20944     -2.51327    5.36232e-06
0     -2.51327    5.13946e-06
0.20944     -2.51327    5.37006e-06
0.418879     -2.51327    7.03817e-06
0.628319     -2.51327    1.04745e-05
0.837758     -2.51327    1.65745e-05
1.0472     -2.51327    2.50817e-05
1.25664     -2.51327    3.3085e-05
1.46608     -2.51327    3.73167e-05
1.67552     -2.51327    3.79728e-05
1.88496     -2.51327    3.68409e-05
2.0944     -2.51327    3.58081e-05
2.30383     -2.51327    3.59872e-05
2.51327     -2.51327    3.67345e-05
2.72271     -2.51327    3.58977e-05
2.93215     -2.51327    3.15543e-05
3.14159     -2.51327    2.39181e-05

-3.14159     -2.30383    2.37946e-05
-2.93215     -2.30383    2.93346e-05
-2.72271     -2.30383    3.07145e-05
-2.51327     -2.30383    2.89037e-05
-2.30383     -2.30383    2.66262e-05
-2.0944     -2.30383    2.60023e-05
-1.88496     -2.30383    2.75932e-05
-1.67552     -2.30383    3.03827e-05
-1.46608     -2.30383    3.20808e-05
-1.25664     -2.30383    3.01872e-05
-1.0472     -2.30383    2.39726e-05
-0.837758     -2.30383    1.61373e-05
-0.628319     -2.30383    1.01339e-05
-0.418879     -2.30383    6.69888e-06
-0.20944     -2.30383    5.08704e-06
0     -2.30383    4.32886e-06
0.20944     -2.30383    5.09027e-06
0.418879     -2.30383    6.68713e-06
0.628319     -2.30383    1.01345e-05
0.837758     -2.30383    1.61376e-05
1.0472     -2.30383    2.3973e-05
1.25664     -2.30383    3.01879e-05
1.46608     -2.30383    3.20812e-05
1.67552     -2.30383    3.03833e-05
1.88496     -2.30383    2.7593e-05
2.0944     -2.30383    2.60021e-05
2.30383     -2.30383    2.66259e-05
2.51327     -2.30383    2.89033e-05
2.72271     -2.30383    3.07139e-05
2.93215     -2.30383    2.9334e-05
3.14159     -2.30383    2.37942e-05

-3.14159     -2.0944    2.44301e-05
-2.93215     -2.0944    2.68413e-05
-2.72271     -2.0944    2.49014e-05
-2.51327     -2.0944    2.10293e-05
-2.30383     -2.0944    1.81065e-05
-2.0944     -2.0944    1.73525e-05
-1.88496     -2.0944    1.88264e-05
-1.67552     -2.0944    2.1975e-05
-1.46608     -2.0944    2.52794e-05
-1.25664     -2.0944    2.60149e-05
-1.0472     -2.0944    2.23996e-05
-0.837758     -2.0944    1.59837e-05
-0.628319     -2.0944    1.02493e-05
-0.418879     -2.0944    6.74292e-06
-0.20944     -2.0944    5.05834e-06
0     -2.0944    4.92342e-06
0.20944     -2.0944    5.04135e-06
0.418879     -2.0944    6.75215e-06
0.628319     -2.0944    1.02493e-05
0.837758     -2.0944    1.59849e-05
1.0472     -2.0944    2.24002e-05
1.25664     -2.0944    2.60155e-05
1.46608     -2.0944    2.52795e-05
1.67552     -2.0944    2.19744e-05
1.88496     -2.0944    1.88266e-05
2.0944     -2.0944    1.73526e-05
2.30383     -2.0944    1.81065e-05
2.51327     -2.0944    2.10294e-05
2.72271     -2.0944    2.49006e-05
2.93215     -2.0944    2.68403e-05
3.14159     -2.0944    2.44291e-05

-3.14159     -1.88496    2.49645e-05
-2.93215     -1.88496    2.37886e-05
-2.72271     -1.88496    1.918e-05
-2.51327     -1.88496    1.44997e-05
-2.30383     -1.88496    1.17982e-05
-2.0944     -1.88496    1.11682e-05
-1.88496     -1.88496    1.22292e-05
-1.67552     -1.88496    1.47778e-05
-1.46608     -1.88496    1.82091e-05
-1.25664     -1.88496    2.06702e-05
-1.0472     -1.88496    1.97674e-05
-0.837758     -1.88496    1.54515e-05
-0.628319     -1.88496    1.04254e-05
-0.418879     -1.88496    6.88879e-06
-0.20944     -1.88496    5.08404e-06
0     -1.88496    4.2896e-06
0.20944     -1.88496    5.11833e-06
0.418879     -1.88496    6.88095e-06
0.628319     -1.88496    1.04248e-05
0.837758     -1.88496    1.54509e-05
1.0472     -1.88496    1.97684e-05
1.25664     -1.88496    2.06704e-05
1.46608     -1.88496    1.82096e-05
1.67552     -1.88496    1.4778e-05
1.88496     -1.88496    1.22288e-05
2.0944     -1.88496    1.1168e-05
2.30383     -1.88496    1.17981e-05
2.51327     -1.88496    1.44994e-05
2.72271     -1.88496    1.91797e-05
2.93215     -1.88496    2.37886e-05
3.14159     -1.88496    2.49636e-05

-3.14159     -1.67552    2.48483e-05
-2.93215     -1.67552    2.04452e-05
-2.72271     -1.67552    1.44808e-05
-2.51327     -1.67552    1.00659e-05
-2.30383     -1.67552    7.91709e-06
-2.0944     -1.67552    7.44231e-06
-1.88496     -1.67552    8.11198e-06
-1.67552     -1.67552    9.80601e-06
-1.46608     -1.67552    1.245e-05
-1.25664     -1.67552    1.52162e-05
-1.0472     -1.67552    1.61828e-05
-0.837758     -1.67552    1.41057e-05
-0.628319     -1.67552    1.02975e-05
-0.418879     -1.67552    6.99927e-06
-0.20944     -1.67552    5.12844e-06
0     -1.67552    4.64013e-06
0.20944     -1.67552    5.07616e-06
0.418879     -1.67552    7.00233e-06
0.628319     -1.67552    1.02978e-05
0.837758     -1.67552    1.41058e-05
1.0472     -1.67552    1.61827e-05
1.25664     -1.67552    1.52161e-05
1.46608     -1.67552    1.24495e-05
1.67552     -1.67552    9.80595e-06
1.88496     -1.67552    8.11238e-06
2.0944     -1.67552    7.44218e-06
2.30383     -1.67552    7.91642e-06
2.51327     -1.67552    1.00657e-05
2.72271     -1.67552    1.44797e-05
2.93215     -1.67552    2.04455e-05
3.14159     -1.67552    2.48473e-05

-3.14159     -1.46608    2.4199e-05
-2.93215     -1.46608    1.759e-05
-2.72271     -1.46608    1.14101e-05
-2.51327     -1.46608    7.62291e-06
-2.30383     -1.46608    5.93134e-06
-2.0944     -1.46608    5.51685e-06
-1.88496     -1.46608    5.86999e-06
-1.67552     -1.46608    6.84897e-06
-1.46608     -1.46608    8.52914e-06
-1.25664     -1.46608    1.07089e-05
-1.0472     -1.46608    1.23117e-05
-0.837758     -1.46608    1.19166e-05
-0.628319     -1.46608    9.5599e-06
-0.418879     -1.46608    6.83272e-06
-0.20944     -1.46608    5.01456e-06
0     -1.46608    4.53637e-06
0.20944     -1.46608    5.08309e-06
0.418879     -1.46608    6.83628e-06
0.628319     -1.46608    9.55826e-06
0.837758     -1.46608    1.19177e-05
1.0472     -1.46608    1.23126e-05
1.25664     -1.46608    1.07079e-05
1.46608     -1.46608    8.53023e-06
1.67552     -1.46608    6.84737e-06
1.88496     -1.46608    5.86933e-06
2.0944     -1.46608    5.51619e-06
2.30383     -1.46608    5.93105e-06
2.51327     -1.46608    7.62292e-06
2.72271     -1.46608    1.14092e-05
2.93215     -1.46608    1.75903e-05
3.14159     -1.46608    2.41981e-05

-3.14159     -1.25664    2.37088e-05
-2.93215     -1.25664    1.60059e-05
-2.72271     -1.25664    1.00786e-05
-2.51327     -1.25664    6.75237e-06
-2.30383     -1.25664    5.25521e-06
-2.0944     -1.25664    4.76547e-06
-1.88496     -1.25664    4.82124e-06
-1.67552     -1.25664    5.27903e-06
-1.46608     -1.25664    6.17971e-06
-1.25664     -1.25664    7.5323e-06
-1.0472     -1.25664    8.91575e-06
-0.837758     -1.25664    9.29871e-06
-0.628319     -1.25664    8.14995e-06
-0.418879     -1.25664    6.1846e-06
-0.20944     -1.25664    4.67043e-06
0     -1.25664    3.64978e-06
0.20944     -1.25664    4.60661e-06
0.418879     -1.25664    6.17928e-06
0.628319     -1.25664    8.14971e-06
0.837758     -1.25664    9.29716e-06
1.0472     -1.25664    8.91591e-06
1.25664     -1.25664    7.5328e-06
1.46608     -1.25664    6.18196e-06
1.67552     -1.25664    5.2801e-06
1.88496     -1.25664    4.82104e-06
2.0944     -1.25664    4.76492e-06
2.30383     -1.25664    5.25541e-06
2.51327     -1.25664    6.75244e-06
2.72271     -1.25664    1.00789e-05
2.93215     -1.25664    1.6006e-05
3.14159     -1.25664    2.37086e-05

-3.14159     -1.0472    2.42521e-05
-2.93215     -1.0472    1.61586e-05
-2.72271     -1.0472    1.04262e-05
-2.51327     -1.0472    7.17411e-06
-2.30383     -1.0472    5.56307e-06
-2.0944     -1.0472    4.84845e-06
-1.88496     -1.0472    4.58183e-06
-1.67552     -1.0472    4.6197e-06
-1.46608     -1.0472    4.92518e-06
-1.25664     -1.0472    5.58837e-06
-1.0472     -1.0472    6.37776e-06
-0.837758     -1.0472    6.82651e-06
-0.628319     -1.0472    6.30804e-06
-0.418879     -1.0472    5.05991e-06
-0.20944     -1.0472    3.78356e-06
0     -1.0472    4.30365e-06
0.20944     -1.0472    3.83113e-06
0.418879     -1.0472    5.07291e-06
0.628319     -1.0472    6.30694e-06
0.837758     -1.0472    6.82827e-06
1.0472     -1.0472    6.37783e-06
1.25664     -1.0472    5.58822e-06
1.46608     -1.0472    4.92324e-06
1.67552     -1.0472    4.61976e-06
1.88496     -1.0472    4.58202e-06
2.0944     -1.0472    4.84812e-06
2.30383     -1.0472    5.56339e-06
2.51327     -1.0472    7.17411e-06
2.72271     -1.0472    1.04264e-05
2.93215     -1.0472    1.61583e-05
3.14159     -1.0472    2.42519e-05

-3.14159     -0.837758    2.64772e-05
-2.93215     -0.837758    1.83784e-05
-2.72271     -0.837758    1.25227e-05
-2.51327     -0.837758    8.93578e-06
-2.30383     -0.837758    6.89682e-06
-2.0944     -0.837758    5.7557e-06
-1.88496     -0.837758    5.09942e-06
-1.67552     -0.837758    4.70748e-06
-1.46608     -0.837758    4.51805e-06
-1.25664     -0.837758    4.57526e-06
-1.0472     -0.837758    4.78168e-06
-0.837758     -0.837758    4.8049e-06
-0.628319     -0.837758    4.35488e-06
-0.418879     -0.837758    3.26188e-06
-0.20944     -0.837758    2.21585e-06
0     -0.837758    7.48427e-07
0.20944     -0.837758    2.2041e-06
0.418879     -0.837758    3.23785e-06
0.628319     -0.837758    4.35577e-06
0.837758     -0.837758    4.8055e-06
1.0472     -0.837758    4.78402e-06
1.25664     -0.837758    4.57555e-06
1.46608     -0.837758    4.5182e-06
1.67552     -0.837758    4.70765e-06
1.88496     -0.837758    5.09911e-06
2.0944     -0.837758    5.75456e-06
2.30383     -0.837758    6.8966e-06
2.51327     -0.837758    8.93556e-06
2.72271     -0.837758    1.25223e-05
2.93215     -0.837758    1.83782e-05
3.14159     -0.837758    2.64771e-05

-3.14159     -0.628319    3.07516e-05
-2.93215     -0.628319    2.28904e-05
-2.72271     -0.628319    1.67762e-05
-2.51327     -0.628319    1.24913e-05
-2.30383     -0.628319    9.69436e-06
-2.0944     -0.628319    7.8578e-06
-1.88496     -0.628319    6.606e-06
-1.67552     -0.628319    5.68164e-06
-1.46608     -0.628319    4.98798e-06
-1.25664     -0.628319    4.43999e-06
-1.0472     -0.628319    4.04382e-06
-0.837758     -0.628319    3.49961e-06
-0.628319     -0.628319    2.49729e-06
-0.418879     -0.628319    1.12917e-06
-0.20944     -0.628319    3.86517e-07
0     -0.628319    9.56742e-07
0.20944     -0.628319    4.3548e-07
0.418879     -0.628319    1.15503e-06
0.628319     -0.628319    2.49783e-06
0.837758     -0.628319    3.49941e-06
1.0472     -0.628319    4.04196e-06
1.25664     -0.628319    4.43984e-06
1.46608     -0.628319    4.99081e-06
1.67552     -0.628319    5.68285e-06
1.88496     -0.628319    6.60623e-06
2.0944     -0.628319    7.85719e-06
2.30383     -0.628319    9.69472e-06
2.51327     -0.628319    1.24911e-05
2.72271     -0.628319    1.6776e-05
2.93215     -0.628319    2.28901e-05
3.14159     -0.628319    3.07522e-05

-3.14159     -0.418879    3.645e-05
-2.93215     -0.418879    2.94576e-05
-2.72271     -0.418879    2.33019e-05
-2.51327     -0.418879    1.83164e-05
-2.30383     -0.418879    1.44907e-05
-2.0944     -0.418879    1.16379e-05
-1.88496     -0.418879    9.4631e-06
-1.67552     -0.418879    7.74943e-06
-1.46608     -0.418879    6.32759e-06
-1.25664     -0.418879    5.10408e-06
-1.0472     -0.418879    3.95338e-06
-0.837758     -0.418879    2.70275e-06
-0.628319     -0.418879    8.79396e-07
-0.418879     -0.418879    1.7023e-06
-0.20944     -0.418879    3.99593e-06
0     -0.418879    7.47431e-06
0.20944     -0.418879    4.14319e-06
0.418879     -0.418879    1.77465e-06
0.628319     -0.418879    8.75386e-07
0.837758     -0.418879    2.70502e-06
1.0472     -0.418879    3.95376e-06
1.25664     -0.418879    5.10245e-06
1.46608     -0.418879    6.327e-06
1.67552     -0.418879    7.748e-06
1.88496     -0.418879    9.46279e-06
2.0944     -0.418879    1.16378e-05
2.30383     -0.418879    1.44903e-05
2.51327     -0.418879    1.83163e-05
2.72271     -0.418879    2.3302e-05
2.93215     -0.418879    2.94576e-05
3.14159     -0.418879    3.64501e-05

-3.14159     -0.20944    4.10102e-05
-2.93215     -0.20944    3.55071e-05
-2.72271     -0.20944    2.99948e-05
-2.51327     -0.20944    2.48289e-05
-2.30383     -0.20944    2.02142e-05
-2.0944     -0.20944    1.63125e-05
-1.88496     -0.20944    1.30886e-05
-1.67552     -0.20944    1.04044e-05
-1.46608     -0.20944    8.12346e-06
-1.25664     -0.20944    6.13771e-06
-1.0472     -0.20944    4.28172e-06
-0.837758     -0.20944    2.25766e-06
-0.628319     -0.20944    4.04626e-07
-0.418879     -0.20944    4.09299e-06
-0.20944     -0.20944    7.6048e-06
0     -0.20944    9.38387e-06
0.20944     -0.20944    8.95261e-06
0.418879     -0.20944    4.31356e-06
0.628319     -0.20944    3.99135e-07
0.837758     -0.20944    2.25565e-06
1.0472     -0.20944    4.28913e-06
1.25664     -0.20944    6.14193e-06
1.46608     -0.20944    8.12269e-06
1.67552     -0.20944    1.04039e-05
1.88496     -0.20944    1.3088e-05
2.0944     -0.20944    1.63126e-05
2.30383     -0.20944    2.0214e-05
2.51327     -0.20944    2.48289e-05
2.72271     -0.20944    2.99946e-05
2.93215     -0.20944    3.55071e-05
3.14159     -0.20944    4.10103e-05

-3.14159     0    4.2568e-05
-2.93215     0    3.78509e-05
-2.72271     0    3.29106e-05
-2.51327     0    2.78227e-05
-2.30383     0    2.29841e-05
-2.0944     0    1.86318e-05
-1.88496     0    1.48992e-05
-1.67552     0    1.17357e-05
-1.46608     0    9.04022e-06
-1.25664     0    6.68615e-06
-1.0472     0    4.52361e-06
-0.837758     0    2.17346e-06
-0.628319     0    9.46692e-07
-0.418879     0    4.82212e-06
-0.20944     0    1.03536e-05
0     0    1.10778e-16
0.20944     0    1.03536e-05
0.418879     0    4.82212e-06
0.628319     0    9.46692e-07
0.837758     0    2.17346e-06
1.0472     0    4.52361e-06
1.25664     0    6.68615e-06
1.46608     0    9.04022e-06
1.67552     0    1.17357e-05
1.88496     0    1.48992e-05
2.0944     0    1.86318e-05
2.30383     0    2.29841e-05
2.51327     0    2.78227e-05
2.72271     0    3.29106e-05
2.93215     0    3.78509e-05
3.14159     0    4.2568e-05

-3.14159     0.20944    4.10103e-05
-2.93215     0.20944    3.55071e-05
-2.72271     0.20944    2.99946e-05
-2.51327     0.20944    2.48289e-05
-2.30383     0.20944    2.0214e-05
-2.0944     0.20944    1.63126e-05
-1.88496     0.20944    1.3088e-05
-1.67552     0.20944    1.04039e-05
-1.46608     0.20944    8.12269e-06
-1.25664     0.20944    6.14193e-06
-1.0472     0.20944    4.28913e-06
-0.837758     0.20944    2.25565e-06
-0.628319     0.20944    3.99135e-07
-0.418879     0.20944    4.31356e-06
-0.20944     0.20944    8.95261e-06
0     0.20944    9.38387e-06
0.20944     0.20944    7.6048e-06
0.418879     0.20944    4.09299e-06
0.628319     0.20944    4.04626e-07
0.837758     0.20944    2.25766e-06
1.0472     0.20944    4.28172e-06
1.25664     0.20944    6.13771e-06
1.46608     0.20944    8.12346e-06
1.67552     0.20944    1.04044e-05
1.88496     0.20944    1.30886e-05
2.0944     0.20944    1.63125e-05
2.30383     0.20944    2.02142e-05
2.51327     0.20944    2.48289e-05
2.72271     0.20944    2.99948e-05
2.93215     0.20944    3.55071e-05
3.14159     0.20944    4.10102e-05

-3.14159     0.418879    3.64501e-05
-2.93215     0.418879    2.94576e-05
-2.72271     0.418879    2.3302e-05
-2.51327     0.418879    1.83163e-05
-2.30383     0.418879    1.44903e-05
-2.0944     0.418879    1.16378e-05
-1.88496     0.418879    9.46279e-06
-1.67552     0.418879    7.748e-06
-1.46608     0.418879    6.327e-06
-1.25664     0.418879    5.10245e-06
-1.0472     0.418879    3.95376e-06
-0.837758     0.418879    2.70502e-06
-0.628319     0.418879    8.75386e-07
-0.418879     0.418879    1.77465e-06
-0.20944     0.418879    4.14319e-06
0     0.418879    7.47431e-06
0.20944     0.418879    3.99593e-06
0.418879     0.418879    1.7023e-06
0.628319     0.418879    8.79396e-07
0.837758     0.418879    2.70275e-06
1.0472     0.418879    3.95338e-06
1.25664     0.418879    5.10408e-06
1.46608     0.418879    6.32759e-06
1.67552     0.418879    7.74943e-06
1.88496     0.418879    9.4631e-06
2.0944     0.418879    1.16379e-05
2.30383     0.418879    1.44907e-05
2.51327     0.418879    1.83164e-05
2.72271     0.418879    2.33019e-05
2.93215     0.418879    2.94576e-05
3.14159     0.418879    3.645e-05

-3.14159     0.628319    3.07522e-05
-2.93215     0.628319    2.28901e-05
-2.72271     0.628319    1.6776e-05
-2.51327     0.628319    1.24911e-05
-2.30383     0.628319    9.69472e-06
-2.0944     0.628319    7.85719e-06
-1.88496     0.628319    6.60623e-06
-1.67552     0.628319    5.68285e-06
-1.46608     0.628319    4.99081e-06
-1.25664     0.628319    4.43984e-06
-1.0472     0.628319    4.04196e-06
-0.837758     0.628319    3.49941e-06
-0.628319     0.628319    2.49783e-06
-0.418879     0.628319    1.15503e-06
-0.20944     0.628319    4.3548e-07
0     0.628319    9.56742e-07
0.20944     0.628319    3.86517e-07
0.418879     0.628319    1.12917e-06
0.628319     0.628319    2.49729e-06
0.837758     0.628319    3.49961e-06
1.0472     0.628319    4.04382e-06
1.25664     0.628319    4.43999e-06
1.46608     0.628319    4.98798e-06
1.67552     0.628319    5.68164e-06
1.88496     0.628319    6.606e-06
2.0944     0.628319    7.8578e-06
2.30383     0.628319    9.69436e-06
2.51327     0.628319    1.24913e-05
2.72271     0.628319    1.67762e-05
2.93215     0.628319    2.28904e-05
3.14159     0.628319    3.07516e-05

-3.14159     0.837758    2.64771e-05
-2.93215     0.837758    1.83782e-05
-2.72271     0.837758    1.25223e-05
-2.51327     0.837758    8.93556e-06
-2.30383     0.837758    6.8966e-06
-2.0944     0.837758    5.75456e-06
-1.88496     0.837758    5.09911e-06
-1.67552     0.837758    4.70765e-06
-1.46608     0.837758    4.5182e-06
-1.25664     0.837758    4.57555e-06
-1.0472     0.837758    4.78402e-06
-0.837758     0.837758    4.8055e-06
-0.628319     0.837758    4.35577e-06
-0.418879     0.837758    3.23785e-06
-0.20944     0.837758    2.2041e-06
0     0.837758    7.48427e-07
0.20944     0.837758    2.21585e-06
0.418879     0.837758    3.26188e-06
0.628319     0.837758    4.35488e-06
0.837758     0.837758    4.8049e-06
1.0472     0.837758    4.78168e-06
1.25664     0.837758    4.57526e-06
1.46608     0.837758    4.51805e-06
1.67552     0.837758    4.70748e-06
1.88496     0.837758    5.09942e-06
2.0944     0.837758    5.7557e-06
2.30383     0.837758    6.89682e-06
2.51327     0.837758    8.93578e-06
2.72271     0.837758    1.25227e-05
2.93215     0.837758    1.83784e-05
3.14159     0.837758    2.64772e-05

-3.14159     1.0472    2.42519e-05
-2.93215     1.0472    1.61583e-05
-2.72271     1.0472    1.04264e-05
-2.51327     1.0472    7.17411e-06
-2.30383     1.0472    5.56339e-06
-2.0944     1.0472    4.84812e-06
-1.88496     1.0472    4.58202e-06
-1.67552     1.0472    4.61976e-06
-1.46608     1.0472    4.92324e-06
-1.25664     1.0472    5.58822e-06
-1.0472     1.0472    6.37783e-06
-0.837758     1.0472    6.82827e-06
-0.628319     1.0472    6.30694e-06
-0.418879     1.0472    5.07291e-06
-0.20944     1.0472    3.83113e-06
0     1.0472    4.30365e-06
0.20944     1.0472    3.78356e-06
0.418879     1.0472    5.05991e-06
0.628319     1.0472    6.30804e-06
0.837758     1.0472    6.82651e-06
1.0472     1.0472    6.37776e-06
1.25664     1.0472    5.58837e-06
1.46608     1.0472    4.92518e-06
1.67552     1.0472    4.6197e-06
1.88496     1.0472    4.58183e-06
2.0944     1.0472    4.84845e-06
2.30383     1.0472    5.56307e-06
2.51327     1.0472    7.17411e-06
2.72271     1.0472    1.04262e-05
2.93215     1.0472    1.61586e-05
3.14159     1.0472    2.42521e-05

-3.14159     1.25664    2.37086e-05
-2.93215     1.25664    1.6006e-05
-2.72271     1.25664    1.00789e-05
-2.51327     1.25664    6.75244e-06
-2.30383     1.25664    5.25541e-06
-2.0944     1.25664    4.76492e-06
-1.88496     1.25664    4.82104e-06
-1.67552     1.25664    5.2801e-06
-1.46608     1.25664    6.18196e-06
-1.25664     1.25664    7.5328e-06
-1.0472     1.25664    8.91591e-06
-0.837758     1.25664    9.29716e-06
-0.628319     1.25664    8.14971e-06
-0.418879     1.25664    6.17928e-06
-0.20944     1.25664    4.60661e-06
0     1.25664    3.64978e-06
0.20944     1.25664    4.67043e-06
0.418879     1.25664    6.1846e-06
0.628319     1.25664    8.14995e-06
0.837758     1.25664    9.29871e-06
1.0472     1.25664    8.91575e-06
1.25664     1.25664    7.5323e-06
1.46608     1.25664    6.17971e-06
1.67552     1.25664    5.27903e-06
1.88496     1.25664    4.82124e-06
2.0944     1.25664    4.76547e-06
2.30383     1.25664    5.25521e-06
2.51327     1.25664    6.75237e-06
2.72271     1.25664    1.00786e-05
2.93215     1.25664    1.60059e-05
3.14159     1.25664    2.37088e-05

-3.14159     1.46608    2.41981e-05
-2.93215     1.46608    1.75903e-05
-2.72271     1.46608    1.14092e-05
-2.51327     1.46608    7.62292e-06
-2.30383     1.46608    5.93105e-06
-2.0944     1.46608    5.51619e-06
-1.88496     1.46608    5.86933e-06
-1.67552     1.46608    6.84737e-06
-1.46608     1.46608    8.53023e-06
-1.25664     1.46608    1.07079e-05
-1.0472     1.46608    1.23126e-05
-0.837758     1.46608    1.19177e-05
-0.628319     1.46608    9.55826e-06
-0.418879     1.46608    6.83628e-06
-0.20944     1.46608    5.08309e-06
0     1.46608    4.53637e-06
0.20944     1.46608    5.01456e-06
0.418879     1.46608    6.83272e-06
0.628319     1.46608    9.5599e-06
0.837758     1.46608    1.19166e-05
1.0472     1.46608    1.23117e-05
1.25664     1.46608    1.07089e-05
1.46608     1.46608    8.52914e-06
1.67552     1.46608    6.84897e-06
1.88496     1.46608    5.86999e-06
2.0944     1.46608    5.51685e-06
2.30383     1.46608    5.93134e-06
2.51327     1.46608    7.62291e-06
2.72271     1.46608    1.14101e-05
2.93215     1.46608    1.759e-05
3.14159     1.46608    2.4199e-05

-3.14159     1.67552    2.48473e-05
-2.93215     1.67552    2.04455e-05
-2.72271     1.67552    1.44797e-05
-2.51327     1.67552    1.00657e-05
-2.30383     1.67552    7.91642e-06
-2.0944     1.67552    7.44218e-06
-1.88496     1.67552    8.11238e-06
-1.67552     1.67552    9.80595e-06
-1.46608     1.67552    1.24495e-05
-1.25664     1.67552    1.52161e-05
-1.0472     1.67552    1.61827e-05
-0.837758     1.67552    1.41058e-05
-0.628319     1.67552    1.02978e-05
-0.418879     1.67552    7.00233e-06
-0.20944     1.67552    5.07616e-06
0     1.67552    4.64013e-06
0.20944     1.67552    5.12844e-06
0.418879     1.67552    6.99927e-06
0.628319     1.67552    1.02975e-05
0.837758     1.67552    1.41057e-05
1.0472     1.67552    1.61828e-05
1.25664     1.67552    1.52162e-05
1.46608     1.67552    1.245e-05
1.67552     1.67552    9.80601e-06
1.88496     1.67552    8.11198e-06
2.0944     1.67552    7.44231e-06
2.30383     1.67552    7.91709e-06
2.51327     1.67552    1.00659e-05
2.72271     1.67552    1.44808e-05
2.93215     1.67552    2.04452e-05
3.14159     1.67552    2.48483e-05

-3.14159     1.88496    2.49636e-05
-2.93215     1.88496    2.37886e-05
-2.72271     1.88496    1.91797e-05
-2.51327     1.88496    1.44994e-05
-2.30383     1.88496    1.17981e-05
-2.0944     1.88496    1.1168e-05
-1.88496     1.88496    1.22288e-05
-1.67552     1.88496    1.4778e-05
-1.46608     1.88496    1.82096e-05
-1.25664     1.88496    2.06704e-05
-1.0472     1.88496    1.97684e-05
-0.837758     1.88496    1.54509e-05
-0.628319     1.88496    1.04248e-05
-0.418879     1.88496    6.88095e-06
-0.20944     1.88496    5.11833e-06
0     1.88496    4.2896e-06
0.20944     1.88496    5.08404e-06
0.418879     1.88496    6.88879e-06
0.628319     1.88496    1.04254e-05
0.837758     1.88496    1.54515e-05
1.0472     1.88496    1.97674e-05
1.25664     1.88496    2.06702e-05
1.46608     1.88496    1.82091e-05
1.67552     1.88496    1.47778e-05
1.88496     1.88496    1.22292e-05
2.0944     1.88496    1.11682e-05
2.30383     1.88496    1.17982e-05
2.51327     1.88496    1.44997e-05
2.72271     1.88496    1.918e-05
2.93215     1.88496    2.37886e-05
3.14159     1.88496    2.49645e-05

-3.14159     2.0944    2.44291e-05
-2.93215     2.0944    2.68403e-05
-2.72271     2.0944    2.49006e-05
-2.51327     2.0944    2.10294e-05
-2.30383     2.0944    1.81065e-05
-2.0944     2.0944    1.73526e-05
-1.88496     2.0944    1.88266e-05
-1.67552     2.0944    2.19744e-05
-1.46608     2.0944    2.52795e-05
-1.25664     2.0944    2.60155e-05
-1.0472     2.0944    2.24002e-05
-0.837758     2.0944    1.59849e-05
-0.628319     2.0944    1.02493e-05
-0.418879     2.0944    6.75215e-06
-0.20944     2.0944    5.04135e-06
0     2.0944    4.92342e-06
0.20944     2.0944    5.05834e-06
0.418879     2.0944    6.74292e-06
0.628319     2.0944    1.02493e-05
0.837758     2.0944    1.59837e-05
1.0472     2.0944    2.23996e-05
1.25664     2.0944    2.60149e-05
1.46608     2.0944    2.52794e-05
1.67552     2.0944    2.1975e-05
1.88496     2.0944    1.88264e-05
2.0944     2.0944    1.73525e-05
2.30383     2.0944    1.81065e-05
2.51327     2.0944    2.10293e-05
2.72271     2.0944    2.49014e-05
2.93215     2.0944    2.68413e-05
3.14159     2.0944    2.44301e-05

-3.14159     2.30383    2.37942e-05
-2.93215     2.30383    2.9334e-05
-2.72271     2.30383    3.07139e-05
-2.51327     2.30383    2.89033e-05
-2.30383     2.30383    2.66259e-05
-2.0944     2.30383    2.60021e-05
-1.88496     2.30383    2.7593e-05
-1.67552     2.30383    3.03833e-05
-1.46608     2.30383    3.20812e-05
-1.25664     2.30383    3.01879e-05
-1.0472     2.30383    2.3973e-05
-0.837758     2.30383    1.61376e-05
-0.628319     2.30383    1.01345e-05
-0.418879     2.30383    6.68713e-06
-0.20944     2.30383    5.09027e-06
0     2.30383    4.32886e-06
0.20944     2.30383    5.08704e-06
0.418879     2.30383    6.69888e-06
0.628319     2.30383    1.01339e-05
0.837758     2.30383    1.61373e-05
1.0472     2.30383    2.39726e-05
1.25664     2.30383    3.01872e-05
1.46608     2.30383    3.20808e-05
1.67552     2.30383    3.03827e-05
1.88496     2.30383    2.75932e-05
2.0944     2.30383    2.60023e-05
2.30383     2.30383    2.66262e-05
2.51327     2.30383    2.89037e-05
2.72271     2.30383    3.07145e-05
2.93215     2.30383    2.93346e-05
3.14159     2.30383    2.37946e-05

-3.14159     2.51327    2.39181e-05
-2.93215     2.51327    3.15543e-05
-2.72271     2.51327    3.58977e-05
-2.51327     2.51327    3.67345e-05
-2.30383     2.51327    3.59872e-05
-2.0944     2.51327    3.58081e-05
-1.88496     2.51327    3.68409e-05
-1.67552     2.51327    3.79728e-05
-1.46608     2.51327    3.73167e-05
-1.25664     2.51327    3.3085e-05
-1.0472     2.51327    2.50817e-05
-0.837758     2.51327    1.65745e-05
-0.628319     2.51327    1.04745e-05
-0.418879     2.51327    7.03817e-06
-0.20944     2.51327    5.37006e-06
0     2.51327    5.13946e-06
0.20944     2.51327    5.36232e-06
0.418879     2.51327    7.02782e-06
0.628319     2.51327    1.04745e-05
0.837758     2.51327    1.65737e-05
1.0472     2.51327    2.50813e-05
1.25664     2.51327    3.30848e-05
1.46608     2.51327    3.73159e-05
1.67552     2.51327    3.7973e-05
1.88496     2.51327    3.68414e-05
2.0944     2.51327    3.58081e-05
2.30383     2.51327    3.59872e-05
2.51327     2.51327    3.67352e-05
2.72271     2.51327    3.58984e-05
2.93215     2.51327    3.15543e-05
3.14159     2.51327    2.39182e-05

-3.14159     2.72271    2.55537e-05
-2.93215     2.72271    3.41329e-05
-2.72271     2.72271    4.03482e-05
-2.51327     2.72271    4.32795e-05
-2.30383     2.72271    4.41391e-05
-2.0944     2.72271    4.43233e-05
-1.88496     2.72271    4.41992e-05
-1.67552     2.72271    4.34642e-05
-1.46608     2.72271    4.11277e-05
-1.25664     2.72271    3.54829e-05
-1.0472     2.72271    2.66626e-05
-0.837758     2.72271    1.7976e-05
-0.628319     2.72271    1.17747e-05
-0.418879     2.72271    8.10874e-06
-0.20944     2.72271    6.2597e-06
0     2.72271    5.59069e-06
0.20944     2.72271    6.27377e-06
0.418879     2.72271    8.11653e-06
0.628319     2.72271    1.17744e-05
0.837758     2.72271    1.79763e-05
1.0472     2.72271    2.66627e-05
1.25664     2.72271    3.54824e-05
1.46608     2.72271    4.11272e-05
1.67552     2.72271    4.34638e-05
1.88496     2.72271    4.41983e-05
2.0944     2.72271    4.43234e-05
2.30383     2.72271    4.41402e-05
2.51327     2.72271    4.32792e-05
2.72271     2.72271    4.03492e-05
2.93215     2.72271    3.41334e-05
3.14159     2.72271    2.5554e-05

-3.14159     2.93215    2.91559e-05
-2.93215     2.93215    3.76943e-05
-2.72271     2.93215    4.43611e-05
-2.51327     2.93215    4.79124e-05
-2.30383     2.93215    4.90811e-05
-2.0944     2.93215    4.89291e-05
-1.88496     2.93215    4.81315e-05
-1.67552     2.93215    4.69527e-05
-1.46608     2.93215    4.43472e-05
-1.25664     2.93215    3.83748e-05
-1.0472     2.93215    2.95633e-05
-0.837758     2.93215    2.10668e-05
-0.628319     2.93215    1.47385e-05
-0.418879     2.93215    1.07374e-05
-0.20944     2.93215    8.62998e-06
0     2.93215    8.0207e-06
0.20944     2.93215    8.61567e-06
0.418879     2.93215    1.07326e-05
0.628319     2.93215    1.47386e-05
0.837758     2.93215    2.10667e-05
1.0472     2.93215    2.95635e-05
1.25664     2.93215    3.83746e-05
1.46608     2.93215    4.43476e-05
1.67552     2.93215    4.69533e-05
1.88496     2.93215    4.81319e-05
2.0944     2.93215    4.89289e-05
2.30383     2.93215    4.90815e-05
2.51327     2.93215    4.79127e-05
2.72271     2.93215    4.4362e-05
2.93215     2.93215    3.76948e-05
3.14159     2.93215    2.91555e-05

-3.14159     3.14159    3.4601e-05
-2.93215     3.14159    4.20429e-05
-2.72271     3.14159    4.75571e-05
-2.51327     3.14159    4.98731e-05
-2.30383     3.14159    4.97039e-05
-2.0944     3.14159    4.88481e-05
-1.88496     3.14159    4.85974e-05
-1.67552     3.14159    4.87074e-05
-1.46608     3.14159    4.72477e-05
-1.25664     3.14159    4.20468e-05
-1.0472     3.14159    3.41029e-05
-0.837758     3.14159    2.62779e-05
-0.628319     3.14159    2.00601e-05
-0.418879     3.14159    1.58026e-05
-0.20944     3.14159    1.34166e-05
0     3.14159    1.26762e-05
0.20944     3.14159    1.34269e-05
0.418879     3.14159    1.58021e-05
0.628319     3.14159    2.006e-05
0.837758     3.14159    2.62782e-05
1.0472     3.14159    3.41024e-05
1.25664     3.14159    4.20473e-05
1.46608     3.14159    4.72476e-05
1.67552     3.14159    4.87079e-05
1.88496     3.14159    4.85973e-05
2.0944     3.14159    4.88479e-05
2.30383     3.14159    4.97055e-05
2.51327     3.14159    4.98741e-05
2.72271     3.14159    4.75583e-05
2.93215     3.14159    4.20429e-05
3.14159     3.14159    3.46008e-05

