-3.14159     -3.14159    1.9972e-05
-2.93215     -3.14159    3.95691e-05
-2.72271     -3.14159    6.17839e-05
-2.51327     -3.14159    7.92651e-05
-2.30383     -3.14159    7.98648e-05
-2.0944     -3.14159    6.91045e-05
-1.88496     -3.14159    6.15934e-05
-1.67552     -3.14159    5.95872e-05
-1.46608     -3.14159    5.90139e-05
-1.25664     -3.14159    3.95755e-05
-1.0472     -3.14159    2.10671e-05
-0.837758     -3.14159    8.78812e-06
-0.628319     -3.14159    4.18216e-07
-0.418879     -3.14159    5.85789e-06
-0.20944     -3.14159    8.99879e-06
0     -3.14159    1.11377e-05
0.20944     -3.14159    9.01973e-06
0.418879     -3.14159    5.85607e-06
0.628319     -3.14159    4.14645e-07
0.837758     -3.14159    8.80084e-06
1.0472     -3.14159    2.10657e-05
1.25664     -3.14159    3.95709e-05
1.46608     -3.14159    5.90128e-05
1.67552     -3.14159    5.95898e-05
1.88496     -3.14159    6.15976e-05
2.0944     -3.14159    6.91062e-05
2.30383     -3.14159    7.987e-05
2.51327     -3.14159    7.92658e-05
2.72271     -3.14159    6.17838e-05
2.93215     -3.14159    3.95681e-05
3.14159     -3.14159    1.99654e-05

-3.14159     -2.93215    1.00587e-05
-2.93215     -2.93215    3.20791e-05
-2.72271     -2.93215    5.14964e-05
-2.51327     -2.93215    6.25975e-05
-2.30383     -2.93215    7.1877e-05
-2.0944     -2.93215    6.99737e-05
-1.88496     -2.93215    5.76268e-05
-1.67552     -2.93215    5.0408e-05
-1.46608     -2.93215    4.72683e-05
-1.25664     -2.93215    3.00341e-05
-1.0472     -2.93215    8.95764e-06
-0.837758     -2.93215    3.74247e-06
-0.628319     -2.93215    1.26851e-05
-0.418879     -2.93215    1.81336e-05
-0.20944     -2.93215    2.03007e-05
0     -2.93215    1.97094e-05
0.20944     -2.93215    2.02716e-05
0.418879     -2.93215    1.81447e-05
0.628319     -2.93215    1.26803e-05
0.837758     -2.93215    3.73577e-06
1.0472     -2.93215    8.95308e-06
1.25664     -2.93215    3.00362e-05
1.46608     -2.93215    4.72642e-05
1.67552     -2.93215    5.0408e-05
1.88496     -2.93215    5.76257e-05
2.0944     -2.93215    6.99805e-05
2.30383     -2.93215    7.18731e-05
2.51327     -2.93215    6.25844e-05
2.72271     -2.93215    5.1493e-05
2.93215     -2.93215    3.20792e-05
3.14159     -2.93215    1.00569e-05

-3.14159     -2.72271    9.33397e-06
-2.93215     -2.72271    3.45656e-05
-2.72271     -2.72271    5.21943e-05
-2.51327     -2.72271    5.25003e-05
-2.30383     -2.72271    4.81038e-05
-2.0944     -2.72271    4.87749e-05
-1.88496     -2.72271    4.73525e-05
-1.67552     -2.72271    4.39151e-05
-1.46608     -2.72271    4.03626e-05
-1.25664     -2.72271    2.88342e-05
-1.0472     -2.72271    4.71166e-06
-0.837758     -2.72271    9.49189e-06
-0.628319     -2.72271    1.92053e-05
-0.418879     -2.72271    2.13615e-05
-0.20944     -2.72271    2.25963e-05
0     -2.72271    2.36256e-05
0.20944     -2.72271    2.26186e-05
0.418879     -2.72271    2.13429e-05
0.628319     -2.72271    1.92e-05
0.837758     -2.72271    9.49857e-06
1.0472     -2.72271    4.71719e-06
1.25664     -2.72271    2.88391e-05
1.46608     -2.72271    4.03612e-05
1.67552     -2.72271    4.39179e-05
1.88496     -2.72271    4.73518e-05
2.0944     -2.72271    4.87757e-05
2.30383     -2.72271    4.80996e-05
2.51327     -2.72271    5.24985e-05
2.72271     -2.72271    5.21966e-05
2.93215     -2.72271    3.45662e-05
3.14159     -2.72271    9.33283e-06

-3.14159     -2.51327    1.31068e-05
-2.93215     -2.51327    3.75062e-05
-2.72271     -2.51327    4.82519e-05
-2.51327     -2.51327    4.50841e-05
-2.30383     -2.51327    2.98182e-05
-2.0944     -2.51327    2.13679e-05
-1.88496     -2.51327    2.65563e-05
-1.67552     -2.51327    3.61531e-05
-1.46608     -2.51327    3.49624e-05
-1.25664     -2.51327    2.85033e-05
-1.0472     -2.51327    2.34892e-06
-0.837758     -2.51327    1.2778e-05
-0.628319     -2.51327    2.13788e-05
-0.418879     -2.51327    2.10975e-05
-0.20944     -2.51327    2.15235e-05
0     -2.51327    2.14885e-05
0.20944     -2.51327    2.15007e-05
0.418879     -2.51327    2.11286e-05
0.628319     -2.51327    2.13834e-05
0.837758     -2.51327    1.27695e-05
1.0472     -2.51327    2.34551e-06
1.25664     -2.51327    2.8503e-05
1.46608     -2.51327    3.49636e-05
1.67552     -2.51327    3.61569e-05
1.88496     -2.51327    2.65609e-05
2.0944     -2.51327    2.13723e-05
2.30383     -2.51327    2.98189e-05
2.51327     -2.51327    4.50844e-05
2.72271     -2.51327    4.82524e-05
2.93215     -2.51327    3.7505e-05
3.14159     -2.51327    1.31017e-05

-3.14159     -2.30383    2.17603e-05
-2.93215     -2.30383    3.97453e-05
-2.72271     -2.30383    3.92947e-05
-2.51327     -2.30383    2.29223e-05
-2.30383     -2.30383    9.59091e-06
-2.0944     -2.30383    4.53092e-06
-1.88496     -2.30383    6.03123e-06
-1.67552     -2.30383    1.69686e-05
-1.46608     -2.30383    2.75659e-05
-1.25664     -2.30383    2.44956e-05
-1.0472     -2.30383    2.52424e-06
-0.837758     -2.30383    1.45925e-05
-0.628319     -2.30383    2.15841e-05
-0.418879     -2.30383    2.32435e-05
-0.20944     -2.30383    2.06976e-05
0     -2.30383    2.06064e-05
0.20944     -2.30383    2.07054e-05
0.418879     -2.30383    2.32059e-05
0.628319     -2.30383    2.15857e-05
0.837758     -2.30383    1.45908e-05
1.0472     -2.30383    2.52031e-06
1.25664     -2.30383    2.44956e-05
1.46608     -2.30383    2.7569e-05
1.67552     -2.30383    1.69669e-05
1.88496     -2.30383    6.03429e-06
2.0944     -2.30383    4.52822e-06
2.30383     -2.30383    9.58748e-06
2.51327     -2.30383    2.29265e-05
2.72271     -2.30383    3.92898e-05
2.93215     -2.30383    3.97427e-05
3.14159     -2.30383    2.17601e-05

-3.14159     -2.0944    3.07544e-05
-2.93215     -2.0944    3.6385e-05
-2.72271     -2.0944    2.51542e-05
-2.51327     -2.0944    6.61483e-06
-2.30383     -2.0944    5.78139e-06
-2.0944     -2.0944    1.03658e-05
-1.88496     -2.0944    8.34217e-06
-1.67552     -2.0944    4.97038e-06
-1.46608     -2.0944    6.90743e-06
-1.25664     -2.0944    1.45158e-05
-1.0472     -2.0944    2.42238e-06
-0.837758     -2.0944    1.31066e-05
-0.628319     -2.0944    1.96742e-05
-0.418879     -2.0944    2.29286e-05
-0.20944     -2.0944    1.94622e-05
0     -2.0944    1.87722e-05
0.20944     -2.0944    1.95133e-05
0.418879     -2.0944    2.29611e-05
0.628319     -2.0944    1.96754e-05
0.837758     -2.0944    1.3108e-05
1.0472     -2.0944    2.42038e-06
1.25664     -2.0944    1.45168e-05
1.46608     -2.0944    6.91104e-06
1.67552     -2.0944    4.9662e-06
1.88496     -2.0944    8.33624e-06
2.0944     -2.0944    1.03707e-05
2.30383     -2.0944    5.784e-06
2.51327     -2.0944    6.6122e-06
2.72271     -2.0944    2.51564e-05
2.93215     -2.0944    3.63794e-05
3.14159     -2.0944    3.07557e-05

-3.14159     -1.88496    3.525e-05
-2.93215     -1.88496    3.02167e-05
-2.72271     -1.88496    8.75643e-06
-2.51327     -1.88496    9.27647e-06
-2.30383     -1.88496    1.6333e-05
-2.0944     -1.88496    1.92955e-05
-1.88496     -1.88496    1.91108e-05
-1.67552     -1.88496    1.56258e-05
-1.46608     -1.88496    1.12443e-05
-1.25664     -1.88496    2.0439e-06
-1.0472     -1.88496    1.98599e-06
-0.837758     -1.88496    1.20634e-05
-0.628319     -1.88496    1.90263e-05
-0.418879     -1.88496    2.04207e-05
-0.20944     -1.88496    1.6942e-05
0     -1.88496    1.56739e-05
0.20944     -1.88496    1.68408e-05
0.418879     -1.88496    2.03952e-05
0.628319     -1.88496    1.90222e-05
0.837758     -1.88496    1.20765e-05
1.0472     -1.88496    1.99452e-06
1.25664     -1.88496    2.04756e-06
1.46608     -1.88496    1.12379e-05
1.67552     -1.88496    1.56293e-05
1.88496     -1.88496    1.91085e-05
2.0944     -1.88496    1.93002e-05
2.30383     -1.88496    1.63355e-05
2.51327     -1.88496    9.27622e-06
2.72271     -1.88496    8.75724e-06
2.93215     -1.88496    3.02173e-05
3.14159     -1.88496    3.52522e-05

-3.14159     -1.67552    3.43892e-05
-2.93215     -1.67552    1.80657e-05
-2.72271     -1.67552    5.3778e-06
-2.51327     -1.67552    1.70675e-05
-2.30383     -1.67552    2.18685e-05
-2.0944     -1.67552    2.13602e-05
-1.88496     -1.67552    2.24579e-05
-1.67552     -1.67552    2.20035e-05
-1.46608     -1.67552    1.69893e-05
-1.25664     -1.67552    1.27887e-05
-1.0472     -1.67552    6.59191e-06
-0.837758     -1.67552    8.70493e-06
-0.628319     -1.67552    1.72992e-05
-0.418879     -1.67552    1.9174e-05
-0.20944     -1.67552    1.24538e-05
0     -1.67552    1.33973e-05
0.20944     -1.67552    1.25671e-05
0.418879     -1.67552    1.91686e-05
0.628319     -1.67552    1.73107e-05
0.837758     -1.67552    8.67688e-06
1.0472     -1.67552    6.57895e-06
1.25664     -1.67552    1.27807e-05
1.46608     -1.67552    1.69877e-05
1.67552     -1.67552    2.20085e-05
1.88496     -1.67552    2.24616e-05
2.0944     -1.67552    2.13657e-05
2.30383     -1.67552    2.18684e-05
2.51327     -1.67552    1.70653e-05
2.72271     -1.67552    5.37929e-06
2.93215     -1.67552    1.80718e-05
3.14159     -1.67552    3.4391e-05

-3.14159     -1.46608    2.82365e-05
-2.93215     -1.46608    4.40603e-06
-2.72271     -1.46608    1.47394e-05
-2.51327     -1.46608    1.99618e-05
-2.30383     -1.46608    2.3079e-05
-2.0944     -1.46608    2.16596e-05
-1.88496     -1.46608    2.09788e-05
-1.67552     -1.46608    2.3885e-05
-1.46608     -1.46608    2.13761e-05
-1.25664     -1.46608    1.84934e-05
-1.0472     -1.46608    1.19974e-05
-0.837758     -1.46608    7.81359e-06
-0.628319     -1.46608    1.3373e-05
-0.418879     -1.46608    1.59322e-05
-0.20944     -1.46608    8.07347e-06
0     -1.46608    6.421e-06
0.20944     -1.46608    7.93065e-06
0.418879     -1.46608    1.59625e-05
0.628319     -1.46608    1.33932e-05
0.837758     -1.46608    7.83923e-06
1.0472     -1.46608    1.20146e-05
1.25664     -1.46608    1.8504e-05
1.46608     -1.46608    2.13654e-05
1.67552     -1.46608    2.38707e-05
1.88496     -1.46608    2.09765e-05
2.0944     -1.46608    2.16583e-05
2.30383     -1.46608    2.3079e-05
2.51327     -1.46608    1.99588e-05
2.72271     -1.46608    1.47446e-05
2.93215     -1.46608    4.41636e-06
3.14159     -1.46608    2.82379e-05

-3.14159     -1.25664    1.8607e-05
-2.93215     -1.25664    4.09357e-06
-2.72271     -1.25664    1.74025e-05
-2.51327     -1.25664    2.28335e-05
-2.30383     -1.25664    2.35211e-05
-2.0944     -1.25664    2.07615e-05
-1.88496     -1.25664    2.07057e-05
-1.67552     -1.25664    2.00391e-05
-1.46608     -1.25664    1.91056e-05
-1.25664     -1.25664    2.04689e-05
-1.0472     -1.25664    1.60567e-05
-0.837758     -1.25664    1.30971e-05
-0.628319     -1.25664    1.45269e-05
-0.418879     -1.25664    1.50531e-05
-0.20944     -1.25664    8.65016e-06
0     -1.25664    1.66553e-06
0.20944     -1.25664    8.75445e-06
0.418879     -1.25664    1.50091e-05
0.628319     -1.25664    1.44981e-05
0.837758     -1.25664    1.31018e-05
1.0472     -1.25664    1.60287e-05
1.25664     -1.25664    2.04756e-05
1.46608     -1.25664    1.90951e-05
1.67552     -1.25664    2.00351e-05
1.88496     -1.25664    2.07006e-05
2.0944     -1.25664    2.07712e-05
2.30383     -1.25664    2.35286e-05
2.51327     -1.25664    2.28392e-05
2.72271     -1.25664    1.74044e-05
2.93215     -1.25664    4.09458e-06
3.14159     -1.25664    1.8605e-05

-3.14159     -1.0472    1.13712e-05
-2.93215     -1.0472    8.45792e-06
-2.72271     -1.0472    1.93857e-05
-2.51327     -1.0472    2.10631e-05
-2.30383     -1.0472    2.12923e-05
-2.0944     -1.0472    1.96483e-05
-1.88496     -1.0472    2.00224e-05
-1.67552     -1.0472    1.67051e-05
-1.46608     -1.0472    1.53196e-05
-1.25664     -1.0472    1.28241e-05
-1.0472     -1.0472    1.51242e-05
-0.837758     -1.0472    1.41828e-05
-0.628319     -1.0472    1.63862e-05
-0.418879     -1.0472    1.576e-05
-0.20944     -1.0472    1.19918e-05
0     -1.0472    2.37321e-06
0.20944     -1.0472    1.19482e-05
0.418879     -1.0472    1.59335e-05
0.628319     -1.0472    1.63737e-05
0.837758     -1.0472    1.41555e-05
1.0472     -1.0472    1.51457e-05
1.25664     -1.0472    1.28247e-05
1.46608     -1.0472    1.53342e-05
1.67552     -1.0472    1.67194e-05
1.88496     -1.0472    2.00239e-05
2.0944     -1.0472    1.96587e-05
2.30383     -1.0472    2.12967e-05
2.51327     -1.0472    2.10716e-05
2.72271     -1.0472    1.93834e-05
2.93215     -1.0472    8.46478e-06
3.14159     -1.0472    1.13665e-05

-3.14159     -0.837758    8.98216e-06
-2.93215     -0.837758    5.9624e-06
-2.72271     -0.837758    1.77521e-05
-2.51327     -0.837758    2.22069e-05
-2.30383     -0.837758    2.18572e-05
-2.0944     -0.837758    2.31515e-05
-1.88496     -0.837758    1.91233e-05
-1.67552     -0.837758    1.50979e-05
-1.46608     -0.837758    1.37197e-05
-1.25664     -0.837758    7.14248e-06
-1.0472     -0.837758    7.33186e-06
-0.837758     -0.837758    1.58125e-05
-0.628319     -0.837758    1.63805e-05
-0.418879     -0.837758    1.7294e-05
-0.20944     -0.837758    1.44492e-05
0     -0.837758    7.15414e-06
0.20944     -0.837758    1.44768e-05
0.418879     -0.837758    1.70016e-05
0.628319     -0.837758    1.63736e-05
0.837758     -0.837758    1.58187e-05
1.0472     -0.837758    7.35272e-06
1.25664     -0.837758    7.16779e-06
1.46608     -0.837758    1.3722e-05
1.67552     -0.837758    1.51051e-05
1.88496     -0.837758    1.91182e-05
2.0944     -0.837758    2.3154e-05
2.30383     -0.837758    2.18498e-05
2.51327     -0.837758    2.22052e-05
2.72271     -0.837758    1.77605e-05
2.93215     -0.837758    5.95861e-06
3.14159     -0.837758    8.98226e-06

-3.14159     -0.628319    1.1994e-05
-2.93215     -0.628319    3.07295e-06
-2.72271     -0.628319    1.14316e-05
-2.51327     -0.628319    1.87465e-05
-2.30383     -0.628319    2.18463e-05
-2.0944     -0.628319    2.23985e-05
-1.88496     -0.628319    2.05952e-05
-1.67552     -0.628319    1.71098e-05
-1.46608     -0.628319    9.91134e-06
-1.25664     -0.628319    5.75001e-06
-1.0472     -0.628319    2.13672e-07
-0.837758     -0.628319    5.04588e-06
-0.628319     -0.628319    1.48358e-05
-0.418879     -0.628319    1.61547e-05
-0.20944     -0.628319    1.63585e-05
0     -0.628319    9.56573e-06
0.20944     -0.628319    1.63652e-05
0.418879     -0.628319    1.62322e-05
0.628319     -0.628319    1.48545e-05
0.837758     -0.628319    4.98701e-06
1.0472     -0.628319    2.3086e-07
1.25664     -0.628319    5.72706e-06
1.46608     -0.628319    9.90761e-06
1.67552     -0.628319    1.7113e-05
1.88496     -0.628319    2.05752e-05
2.0944     -0.628319    2.24048e-05
2.30383     -0.628319    2.18433e-05
2.51327     -0.628319    1.87564e-05
2.72271     -0.628319    1.14381e-05
2.93215     -0.628319    3.0701e-06
3.14159     -0.628319    1.19899e-05

-3.14159     -0.418879    2.50631e-05
-2.93215     -0.418879    1.19433e-05
-2.72271     -0.418879    1.8814e-06
-2.51327     -0.418879    1.09804e-05
-2.30383     -0.418879    1.66009e-05
-2.0944     -0.418879    1.80483e-05
-1.88496     -0.418879    2.02701e-05
-1.67552     -0.418879    1.94558e-05
-1.46608     -0.418879    1.42068e-05
-1.25664     -0.418879    9.81589e-06
-1.0472     -0.418879    8.00539e-06
-0.837758     -0.418879    3.34474e-06
-0.628319     -0.418879    9.10036e-06
-0.418879     -0.418879    1.68867e-05
-0.20944     -0.418879    1.69885e-05
0     -0.418879    2.69633e-05
0.20944     -0.418879    1.65684e-05
0.418879     -0.418879    1.75349e-05
0.628319     -0.418879    9.19328e-06
0.837758     -0.418879    3.37948e-06
1.0472     -0.418879    8.09159e-06
1.25664     -0.418879    9.81134e-06
1.46608     -0.418879    1.42087e-05
1.67552     -0.418879    1.94626e-05
1.88496     -0.418879    2.02622e-05
2.0944     -0.418879    1.80483e-05
2.30383     -0.418879    1.66054e-05
2.51327     -0.418879    1.09817e-05
2.72271     -0.418879    1.8791e-06
2.93215     -0.418879    1.19527e-05
3.14159     -0.418879    2.50575e-05

-3.14159     -0.20944    3.9134e-05
-2.93215     -0.20944    3.10562e-05
-2.72271     -0.20944    1.85206e-05
-2.51327     -0.20944    5.81643e-06
-2.30383     -0.20944    3.90123e-06
-2.0944     -0.20944    1.06869e-05
-1.88496     -0.20944    1.26948e-05
-1.67552     -0.20944    1.37984e-05
-1.46608     -0.20944    1.58065e-05
-1.25664     -0.20944    1.566e-05
-1.0472     -0.20944    1.658e-05
-0.837758     -0.20944    1.55042e-05
-0.628319     -0.20944    1.22024e-05
-0.418879     -0.20944    2.00423e-05
-0.20944     -0.20944    2.50681e-05
0     -0.20944    2.52029e-05
0.20944     -0.20944    2.65552e-05
0.418879     -0.20944    1.9498e-05
0.628319     -0.20944    1.22228e-05
0.837758     -0.20944    1.55712e-05
1.0472     -0.20944    1.65029e-05
1.25664     -0.20944    1.57279e-05
1.46608     -0.20944    1.57881e-05
1.67552     -0.20944    1.38021e-05
1.88496     -0.20944    1.2706e-05
2.0944     -0.20944    1.06853e-05
2.30383     -0.20944    3.89257e-06
2.51327     -0.20944    5.81564e-06
2.72271     -0.20944    1.85276e-05
2.93215     -0.20944    3.10635e-05
3.14159     -0.20944    3.91344e-05

-3.14159     0    4.36158e-05
-2.93215     0    3.54962e-05
-2.72271     0    3.23181e-05
-2.51327     0    1.94939e-05
-2.30383     0    5.41139e-06
-2.0944     0    3.61778e-06
-1.88496     0    6.89005e-06
-1.67552     0    8.18801e-06
-1.46608     0    1.16644e-05
-1.25664     0    1.62556e-05
-1.0472     0    1.56631e-05
-0.837758     0    1.6879e-05
-0.628319     0    1.87826e-05
-0.418879     0    1.91135e-05
-0.20944     0    3.47103e-05
0     0    6.922e-17
0.20944     0    3.47103e-05
0.418879     0    1.91135e-05
0.628319     0    1.87826e-05
0.837758     0    1.6879e-05
1.0472     0    1.56631e-05
1.25664     0    1.62556e-05
1.46608     0    1.16644e-05
1.67552     0    8.18801e-06
1.88496     0    6.89005e-06
2.0944     0    3.61778e-06
2.30383     0    5.41139e-06
2.51327     0    1.94939e-05
2.72271     0    3.23181e-05
2.93215     0    3.54962e-05
3.14159     0    4.36158e-05

-3.14159     0.20944    3.91344e-05
-2.93215     0.20944    3.10635e-05
-2.72271     0.20944    1.85276e-05
-2.51327     0.20944    5.81564e-06
-2.30383     0.20944    3.89257e-06
-2.0944     0.20944    1.06853e-05
-1.88496     0.20944    1.2706e-05
-1.67552     0.20944    1.38021e-05
-1.46608     0.20944    1.57881e-05
-1.25664     0.20944    1.57279e-05
-1.0472     0.20944    1.65029e-05
-0.837758     0.20944    1.55712e-05
-0.628319     0.20944    1.22228e-05
-0.418879     0.20944    1.9498e-05
-0.20944     0.20944    2.65552e-05
0     0.20944    2.52029e-05
0.20944     0.20944    2.50681e-05
0.418879     0.20944    2.00423e-05
0.628319     0.20944    1.22024e-05
0.837758     0.20944    1.55042e-05
1.0472     0.20944    1.658e-05
1.25664     0.20944    1.566e-05
1.46608     0.20944    1.58065e-05
1.67552     0.20944    1.37984e-05
1.88496     0.20944    1.26948e-05
2.0944     0.20944    1.06869e-05
2.30383     0.20944    3.90123e-06
2.51327     0.20944    5.81643e-06
2.72271     0.20944    1.85206e-05
2.93215     0.20944    3.10562e-05
3.14159     0.20944    3.9134e-05

-3.14159     0.418879    2.50575e-05
-2.93215     0.418879    1.19527e-05
-2.72271     0.418879    1.8791e-06
-2.51327     0.418879    1.09817e-05
-2.30383     0.418879    1.66054e-05
-2.0944     0.418879    1.80483e-05
-1.88496     0.418879    2.02622e-05
-1.67552     0.418879    1.94626e-05
-1.46608     0.418879    1.42087e-05
-1.25664     0.418879    9.81134e-06
-1.0472     0.418879    8.09159e-06
-0.837758     0.418879    3.37948e-06
-0.628319     0.418879    9.19328e-06
-0.418879     0.418879    1.75349e-05
-0.20944     0.418879    1.65684e-05
0     0.418879    2.69633e-05
0.20944     0.418879    1.69885e-05
0.418879     0.418879    1.68867e-05
0.628319     0.418879    9.10036e-06
0.837758     0.418879    3.34474e-06
1.0472     0.418879    8.00539e-06
1.25664     0.418879    9.81589e-06
1.46608     0.418879    1.42068e-05
1.67552     0.418879    1.94558e-05
1.88496     0.418879    2.02701e-05
2.0944     0.418879    1.80483e-05
2.30383     0.418879    1.66009e-05
2.51327     0.418879    1.09804e-05
2.72271     0.418879    1.8814e-06
2.93215     0.418879    1.19433e-05
3.14159     0.418879    2.50631e-05

-3.14159     0.628319    1.19899e-05
-2.93215     0.628319    3.0701e-06
-2.72271     0.628319    1.14381e-05
-2.51327     0.628319    1.87564e-05
-2.30383     0.628319    2.18433e-05
-2.0944     0.628319    2.24048e-05
-1.88496     0.628319    2.05752e-05
-1.67552     0.628319    1.7113e-05
-1.46608     0.628319    9.90761e-06
-1.25664     0.628319    5.72706e-06
-1.0472     0.628319    2.3086e-07
-0.837758     0.628319    4.98701e-06
-0.628319     0.628319    1.48545e-05
-0.418879     0.628319    1.62322e-05
-0.20944     0.628319    1.63652e-05
0     0.628319    9.56573e-06
0.20944     0.628319    1.63585e-05
0.418879     0.628319    1.61547e-05
0.628319     0.628319    1.48358e-05
0.837758     0.628319    5.04588e-06
1.0472     0.628319    2.13672e-07
1.25664     0.628319    5.75001e-06
1.46608     0.628319    9.91134e-06
1.67552     0.628319    1.71098e-05
1.88496     0.628319    2.05952e-05
2.0944     0.628319    2.23985e-05
2.30383     0.628319    2.18463e-05
2.51327     0.628319    1.87465e-05
2.72271     0.628319    1.14316e-05
2.93215     0.628319    3.07295e-06
3.14159     0.628319    1.1994e-05

-3.14159     0.837758    8.98226e-06
-2.93215     0.837758    5.95861e-06
-2.72271     0.837758    1.77605e-05
-2.51327     0.837758    2.22052e-05
-2.30383     0.837758    2.18498e-05
-2.0944     0.837758    2.3154e-05
-1.88496     0.837758    1.91182e-05
-1.67552     0.837758    1.51051e-05
-1.46608     0.837758    1.3722e-05
-1.25664     0.837758    7.16779e-06
-1.0472     0.837758    7.35272e-06
-0.837758     0.837758    1.58187e-05
-0.628319     0.837758    1.63736e-05
-0.418879     0.837758    1.70016e-05
-0.20944     0.837758    1.44768e-05
0     0.837758    7.15414e-06
0.20944     0.837758    1.44492e-05
0.418879     0.837758    1.7294e-05
0.628319     0.837758    1.63805e-05
0.837758     0.837758    1.58125e-05
1.0472     0.837758    7.33186e-06
1.25664     0.837758    7.14248e-06
1.46608     0.837758    1.37197e-05
1.67552     0.837758    1.50979e-05
1.88496     0.837758    1.91233e-05
2.0944     0.837758    2.31515e-05
2.30383     0.837758    2.18572e-05
2.51327     0.837758    2.22069e-05
2.72271     0.837758    1.77521e-05
2.93215     0.837758    5.9624e-06
3.14159     0.837758    8.98216e-06

-3.14159     1.0472    1.13665e-05
-2.93215     1.0472    8.46478e-06
-2.72271     1.0472    1.93834e-05
-2.51327     1.0472    2.10716e-05
-2.30383     1.0472    2.12967e-05
-2.0944     1.0472    1.96587e-05
-1.88496     1.0472    2.00239e-05
-1.67552     1.0472    1.67194e-05
-1.46608     1.0472    1.53342e-05
-1.25664     1.0472    1.28247e-05
-1.0472     1.0472    1.51457e-05
-0.837758     1.0472    1.41555e-05
-0.628319     1.0472    1.63737e-05
-0.418879     1.0472    1.59335e-05
-0.20944     1.0472    1.19482e-05
0     1.0472    2.37321e-06
0.20944     1.0472    1.19918e-05
0.418879     1.0472    1.576e-05
0.628319     1.0472    1.63862e-05
0.837758     1.0472    1.41828e-05
1.0472     1.0472    1.51242e-05
1.25664     1.0472    1.28241e-05
1.46608     1.0472    1.53196e-05
1.67552     1.0472    1.67051e-05
1.88496     1.0472    2.00224e-05
2.0944     1.0472    1.96483e-05
2.30383     1.0472    2.12923e-05
2.51327     1.0472    2.10631e-05
2.72271     1.0472    1.93857e-05
2.93215     1.0472    8.45792e-06
3.14159     1.0472    1.13712e-05

-3.14159     1.25664    1.8605e-05
-2.93215     1.25664    4.09458e-06
-2.72271     1.25664    1.74044e-05
-2.51327     1.25664    2.28392e-05
-2.30383     1.25664    2.35286e-05
-2.0944     1.25664    2.07712e-05
-1.88496     1.25664    2.07006e-05
-1.67552     1.25664    2.00351e-05
-1.46608     1.25664    1.90951e-05
-1.25664     1.25664    2.04756e-05
-1.0472     1.25664    1.60287e-05
-0.837758     1.25664    1.31018e-05
-0.628319     1.25664    1.44981e-05
-0.418879     1.25664    1.50091e-05
-0.20944     1.25664    8.75445e-06
0     1.25664    1.66553e-06
0.20944     1.25664    8.65016e-06
0.418879     1.25664    1.50531e-05
0.628319     1.25664    1.45269e-05
0.837758     1.25664    1.30971e-05
1.0472     1.25664    1.60567e-05
1.25664     1.25664    2.04689e-05
1.46608     1.25664    1.91056e-05
1.67552     1.25664    2.00391e-05
1.88496     1.25664    2.07057e-05
2.0944     1.25664    2.07615e-05
2.30383     1.25664    2.35211e-05
2.51327     1.25664    2.28335e-05
2.72271     1.25664    1.74025e-05
2.93215     1.25664    4.09357e-06
3.14159     1.25664    1.8607e-05

-3.14159     1.46608    2.82379e-05
-2.93215     1.46608    4.41636e-06
-2.72271     1.46608    1.47446e-05
-2.51327     1.46608    1.99588e-05
-2.30383     1.46608    2.3079e-05
-2.0944     1.46608    2.16583e-05
-1.88496     1.46608    2.09765e-05
-1.67552     1.46608    2.38707e-05
-1.46608     1.46608    2.13654e-05
-1.25664     1.46608    1.8504e-05
-1.0472     1.46608    1.20146e-05
-0.837758     1.46608    7.83923e-06
-0.628319     1.46608    1.33932e-05
-0.418879     1.46608    1.59625e-05
-0.20944     1.46608    7.93065e-06
0     1.46608    6.421e-06
0.20944     1.46608    8.07347e-06
0.418879     1.46608    1.59322e-05
0.628319     1.46608    1.3373e-05
0.837758     1.46608    7.81359e-06
1.0472     1.46608    1.19974e-05
1.25664     1.46608    1.84934e-05
1.46608     1.46608    2.13761e-05
1.67552     1.46608    2.3885e-05
1.88496     1.46608    2.09788e-05
2.0944     1.46608    2.16596e-05
2.30383     1.46608    2.3079e-05
2.51327     1.46608    1.99618e-05
2.72271     1.46608    1.47394e-05
2.93215     1.46608    4.40603e-06
3.14159     1.46608    2.82365e-05

-3.14159     1.67552    3.4391e-05
-2.93215     1.67552    1.80718e-05
-2.72271     1.67552    5.37929e-06
-2.51327     1.67552    1.70653e-05
-2.30383     1.67552    2.18684e-05
-2.0944     1.67552    2.13657e-05
-1.88496     1.67552    2.24616e-05
-1.67552     1.67552    2.20085e-05
-1.46608     1.67552    1.69877e-05
-1.25664     1.67552    1.27807e-05
-1.0472     1.67552    6.57895e-06
-0.837758     1.67552    8.67688e-06
-0.628319     1.67552    1.73107e-05
-0.418879     1.67552    1.91686e-05
-0.20944     1.67552    1.25671e-05
0     1.67552    1.33973e-05
0.20944     1.67552    1.24538e-05
0.418879     1.67552    1.9174e-05
0.628319     1.67552    1.72992e-05
0.837758     1.67552    8.70493e-06
1.0472     1.67552    6.59191e-06
1.25664     1.67552    1.27887e-05
1.46608     1.67552    1.69893e-05
1.67552     1.67552    2.20035e-05
1.88496     1.67552    2.24579e-05
2.0944     1.67552    2.13602e-05
2.30383     1.67552    2.18685e-05
2.51327     1.67552    1.70675e-05
2.72271     1.67552    5.3778e-06
2.93215     1.67552    1.80657e-05
3.14159     1.67552    3.43892e-05

-3.14159     1.88496    3.52522e-05
-2.93215     1.88496    3.02173e-05
-2.72271     1.88496    8.75724e-06
-2.51327     1.88496    9.27622e-06
-2.30383     1.88496    1.63355e-05
-2.0944     1.88496    1.93002e-05
-1.88496     1.88496    1.91085e-05
-1.67552     1.88496    1.56293e-05
-1.46608     1.88496    1.12379e-05
-1.25664     1.88496    2.04756e-06
-1.0472     1.88496    1.99452e-06
-0.837758     1.88496    1.20765e-05
-0.628319     1.88496    1.90222e-05
-0.418879     1.88496    2.03952e-05
-0.20944     1.88496    1.68408e-05
0     1.88496    1.56739e-05
0.20944     1.88496    1.6942e-05
0.418879     1.88496    2.04207e-05
0.628319     1.88496    1.90263e-05
0.837758     1.88496    1.20634e-05
1.0472     1.88496    1.98599e-06
1.25664     1.88496    2.0439e-06
1.46608     1.88496    1.12443e-05
1.67552     1.88496    1.56258e-05
1.88496     1.88496    1.91108e-05
2.0944     1.88496    1.92955e-05
2.30383     1.88496    1.6333e-05
2.51327     1.88496    9.27647e-06
2.72271     1.88496    8.75643e-06
2.93215     1.88496    3.02167e-05
3.14159     1.88496    3.525e-05

-3.14159     2.0944    3.07557e-05
-2.93215     2.0944    3.63794e-05
-2.72271     2.0944    2.51564e-05
-2.51327     2.0944    6.6122e-06
-2.30383     2.0944    5.784e-06
-2.0944     2.0944    1.03707e-05
-1.88496     2.0944    8.33624e-06
-1.67552     2.0944    4.9662e-06
-1.46608     2.0944    6.91104e-06
-1.25664     2.0944    1.45168e-05
-1.0472     2.0944    2.42038e-06
-0.837758     2.0944    1.3108e-05
-0.628319     2.0944    1.96754e-05
-0.418879     2.0944    2.29611e-05
-0.20944     2.0944    1.95133e-05
0     2.0944    1.87722e-05
0.20944     2.0944    1.94622e-05
0.418879     2.0944    2.29286e-05
0.628319     2.0944    1.96742e-05
0.837758     2.0944    1.31066e-05
1.0472     2.0944    2.42238e-06
1.25664     2.0944    1.45158e-05
1.46608     2.0944    6.90743e-06
1.67552     2.0944    4.97038e-06
1.88496     2.0944    8.34217e-06
2.0944     2.0944    1.03658e-05
2.30383     2.0944    5.78139e-06
2.51327     2.0944    6.61483e-06
2.72271     2.0944    2.51542e-05
2.93215     2.0944    3.6385e-05
3.14159     2.0944    3.07544e-05

-3.14159     2.30383    2.17601e-05
-2.93215     2.30383    3.97427e-05
-2.72271     2.30383    3.92898e-05
-2.51327     2.30383    2.29265e-05
-2.30383     2.30383    9.58748e-06
-2.0944     2.30383    4.52822e-06
-1.88496     2.30383    6.03429e-06
-1.67552     2.30383    1.69669e-05
-1.46608     2.30383    2.7569e-05
-1.25664     2.30383    2.44956e-05
-1.0472     2.30383    2.52031e-06
-0.837758     2.30383    1.45908e-05
-0.628319     2.30383    2.15857e-05
-0.418879     2.30383    2.32059e-05
-0.20944     2.30383    2.07054e-05
0     2.30383    2.06064e-05
0.20944     2.30383    2.06976e-05
0.418879     2.30383    2.32435e-05
0.628319     2.30383    2.15841e-05
0.837758     2.30383    1.45925e-05
1.0472     2.30383    2.52424e-06
1.25664     2.30383    2.44956e-05
1.46608     2.30383    2.75659e-05
1.67552     2.30383    1.69686e-05
1.88496     2.30383    6.03123e-06
2.0944     2.30383    4.53092e-06
2.30383     2.30383    9.59091e-06
2.51327     2.30383    2.29223e-05
2.72271     2.30383    3.92947e-05
2.93215     2.30383    3.97453e-05
3.14159     2.30383    2.17603e-05

-3.14159     2.51327    1.31017e-05
-2.93215     2.51327    3.7505e-05
-2.72271     2.51327    4.82524e-05
-2.51327     2.51327    4.50844e-05
-2.30383     2.51327    2.98189e-05
-2.0944     2.51327    2.13723e-05
-1.88496     2.51327    2.65609e-05
-1.67552     2.51327    3.61569e-05
-1.46608     2.51327    3.49636e-05
-1.25664     2.51327    2.8503e-05
-1.0472     2.51327    2.34551e-06
-0.837758     2.51327    1.27695e-05
-0.628319     2.51327    2.13834e-05
-0.418879     2.51327    2.11286e-05
-0.20944     2.51327    2.15007e-05
0     2.51327    2.14885e-05
0.20944     2.51327    2.15235e-05
0.418879     2.51327    2.10975e-05
0.628319     2.51327    2.13788e-05
0.837758     2.51327    1.2778e-05
1.0472     2.51327    2.34892e-06
1.25664     2.51327    2.85033e-05
1.46608     2.51327    3.49624e-05
1.67552     2.51327    3.61531e-05
1.88496     2.51327    2.65563e-05
2.0944     2.51327    2.13679e-05
2.30383     2.51327    2.98182e-05
2.51327     2.51327    4.50841e-05
2.72271     2.51327    4.82519e-05
2.93215     2.51327    3.75062e-05
3.14159     2.51327    1.31068e-05

-3.14159     2.72271    9.33283e-06
-2.93215     2.72271    3.45662e-05
-2.72271     2.72271    5.21966e-05
-2.51327     2.72271    5.24985e-05
-2.30383     2.72271    4.80996e-05
-2.0944     2.72271    4.87757e-05
-1.88496     2.72271    4.73518e-05
-1.67552     2.72271    4.39179e-05
-1.46608     2.72271    4.03612e-05
-1.25664     2.72271    2.88391e-05
-1.0472     2.72271    4.71719e-06
-0.837758     2.72271    9.49857e-06
-0.628319     2.72271    1.92e-05
-0.418879     2.72271    2.13429e-05
-0.20944     2.72271    2.26186e-05
0     2.72271    2.36256e-05
0.20944     2.72271    2.25963e-05
0.418879     2.72271    2.13615e-05
0.628319     2.72271    1.92053e-05
0.837758     2.72271    9.49189e-06
1.0472     2.72271    4.71166e-06
1.25664     2.72271    2.88342e-05
1.46608     2.72271    4.03626e-05
1.67552     2.72271    4.39151e-05
1.88496     2.72271    4.73525e-05
2.0944     2.72271    4.87749e-05
2.30383     2.72271    4.81038e-05
2.51327     2.72271    5.25003e-05
2.72271     2.72271    5.21943e-05
2.93215     2.72271    3.45656e-05
3.14159     2.72271    9.33397e-06

-3.14159     2.93215    1.00569e-05
-2.93215     2.93215    3.20792e-05
-2.72271     2.93215    5.1493e-05
-2.51327     2.93215    6.25844e-05
-2.30383     2.93215    7.18731e-05
-2.0944     2.93215    6.99805e-05
-1.88496     2.93215    5.76257e-05
-1.67552     2.93215    5.0408e-05
-1.46608     2.93215    4.72642e-05
-1.25664     2.93215    3.00362e-05
-1.0472     2.93215    8.95308e-06
-0.837758     2.93215    3.73577e-06
-0.628319     2.93215    1.26803e-05
-0.418879     2.93215    1.81447e-05
-0.20944     2.93215    2.02716e-05
0     2.93215    1.97094e-05
0.20944     2.93215    2.03007e-05
0.418879     2.93215    1.81336e-05
0.628319     2.93215    1.26851e-05
0.837758     2.93215    3.74247e-06
1.0472     2.93215    8.95764e-06
1.25664     2.93215    3.00341e-05
1.46608     2.93215    4.72683e-05
1.67552     2.93215    5.0408e-05
1.88496     2.93215    5.76268e-05
2.0944     2.93215    6.99737e-05
2.30383     2.93215    7.1877e-05
2.51327     2.93215    6.25975e-05
2.72271     2.93215    5.14964e-05
2.93215     2.93215    3.20791e-05
3.14159     2.93215    1.00587e-05

-3.14159     3.14159    1.99654e-05
-2.93215     3.14159    3.95681e-05
-2.72271     3.14159    6.17838e-05
-2.51327     3.14159    7.92658e-05
-2.30383     3.14159    7.987e-05
-2.0944     3.14159    6.91062e-05
-1.88496     3.14159    6.15976e-05
-1.67552     3.14159    5.95898e-05
-1.46608     3.14159    5.90128e-05
-1.25664     3.14159    3.95709e-05
-1.0472     3.14159    2.10657e-05
-0.837758     3.14159    8.80084e-06
-0.628319     3.14159    4.14645e-07
-0.418879     3.14159    5.85607e-06
-0.20944     3.14159    9.01973e-06
0     3.14159    1.11377e-05
0.20944     3.14159    8.99879e-06
0.418879     3.14159    5.85789e-06
0.628319     3.14159    4.18216e-07
0.837758     3.14159    8.78812e-06
1.0472     3.14159    2.10671e-05
1.25664     3.14159    3.95755e-05
1.46608     3.14159    5.90139e-05
1.67552     3.14159    5.95872e-05
1.88496     3.14159    6.15934e-05
2.0944     3.14159    6.91045e-05
2.30383     3.14159    7.98648e-05
2.51327     3.14159    7.92651e-05
2.72271     3.14159    6.17839e-05
2.93215     3.14159    3.95691e-05
3.14159     3.14159    1.9972e-05

