-3.14159     -3.14159    4.74077e-10
-2.93215     -3.14159    6.83477e-10
-2.72271     -3.14159    4.16839e-10
-2.51327     -3.14159    2.13412e-09
-2.30383     -3.14159    4.23621e-09
-2.0944     -3.14159    1.24873e-09
-1.88496     -3.14159    1.6382e-09
-1.67552     -3.14159    1.11608e-09
-1.46608     -3.14159    3.44041e-10
-1.25664     -3.14159    7.75877e-10
-1.0472     -3.14159    5.91109e-10
-0.837758     -3.14159    3.26885e-10
-0.628319     -3.14159    7.66054e-10
-0.418879     -3.14159    9.36422e-11
-0.20944     -3.14159    4.93772e-09
0     -3.14159    1.42644e-09
0.20944     -3.14159    5.0001e-09
0.418879     -3.14159    2.4071e-10
0.628319     -3.14159    8.70374e-10
0.837758     -3.14159    2.74267e-10
1.0472     -3.14159    5.21778e-10
1.25664     -3.14159    8.79374e-10
1.46608     -3.14159    1.3454e-09
1.67552     -3.14159    1.0367e-09
1.88496     -3.14159    2.31986e-09
2.0944     -3.14159    1.59143e-09
2.30383     -3.14159    1.17769e-09
2.51327     -3.14159    6.7294e-10
2.72271     -3.14159    1.80614e-09
2.93215     -3.14159    4.43423e-10
3.14159     -3.14159    3.86093e-10

-3.14159     -2.93215    3.03769e-10
-2.93215     -2.93215    3.41557e-10
-2.72271     -2.93215    6.96337e-10
-2.51327     -2.93215    2.20094e-10
-2.30383     -2.93215    2.148e-09
-2.0944     -2.93215    5.96816e-10
-1.88496     -2.93215    6.4964e-10
-1.67552     -2.93215    5.78326e-10
-1.46608     -2.93215    8.85776e-10
-1.25664     -2.93215    5.91275e-10
-1.0472     -2.93215    7.62177e-10
-0.837758     -2.93215    3.14858e-10
-0.628319     -2.93215    6.04113e-10
-0.418879     -2.93215    1.89621e-09
-0.20944     -2.93215    3.44331e-09
0     -2.93215    8.9431e-09
0.20944     -2.93215    4.16834e-09
0.418879     -2.93215    1.85025e-09
0.628319     -2.93215    7.03411e-10
0.837758     -2.93215    2.87271e-10
1.0472     -2.93215    3.86102e-10
1.25664     -2.93215    4.35028e-10
1.46608     -2.93215    6.78417e-10
1.67552     -2.93215    1.084e-09
1.88496     -2.93215    2.49271e-09
2.0944     -2.93215    1.92759e-09
2.30383     -2.93215    1.20966e-09
2.51327     -2.93215    1.95657e-09
2.72271     -2.93215    7.58891e-10
2.93215     -2.93215    5.20936e-10
3.14159     -2.93215    3.79179e-10

-3.14159     -2.72271    5.70638e-10
-2.93215     -2.72271    3.51107e-10
-2.72271     -2.72271    7.27855e-10
-2.51327     -2.72271    8.29046e-10
-2.30383     -2.72271    4.40122e-10
-2.0944     -2.72271    8.71443e-10
-1.88496     -2.72271    1.37517e-09
-1.67552     -2.72271    3.87015e-10
-1.46608     -2.72271    9.45584e-10
-1.25664     -2.72271    4.02713e-10
-1.0472     -2.72271    5.90923e-10
-0.837758     -2.72271    3.98328e-10
-0.628319     -2.72271    3.2492e-10
-0.418879     -2.72271    1.91407e-09
-0.20944     -2.72271    3.35111e-09
0     -2.72271    1.82038e-08
0.20944     -2.72271    2.50603e-09
0.418879     -2.72271    2.39255e-09
0.628319     -2.72271    2.28562e-10
0.837758     -2.72271    3.01038e-10
1.0472     -2.72271    4.57377e-10
1.25664     -2.72271    3.71143e-10
1.46608     -2.72271    6.69684e-10
1.67552     -2.72271    2.12894e-10
1.88496     -2.72271    7.55562e-10
2.0944     -2.72271    1.38467e-09
2.30383     -2.72271    1.31814e-09
2.51327     -2.72271    1.46782e-09
2.72271     -2.72271    4.80935e-10
2.93215     -2.72271    5.80573e-10
3.14159     -2.72271    2.37233e-10

-3.14159     -2.51327    5.34135e-10
-2.93215     -2.51327    3.74299e-10
-2.72271     -2.51327    4.77065e-10
-2.51327     -2.51327    7.36237e-10
-2.30383     -2.51327    8.35224e-10
-2.0944     -2.51327    1.84036e-09
-1.88496     -2.51327    1.02301e-09
-1.67552     -2.51327    1.26478e-10
-1.46608     -2.51327    7.89386e-11
-1.25664     -2.51327    2.26807e-10
-1.0472     -2.51327    3.4198e-10
-0.837758     -2.51327    6.04131e-10
-0.628319     -2.51327    6.43628e-10
-0.418879     -2.51327    4.03265e-09
-0.20944     -2.51327    7.0248e-10
0     -2.51327    2.40481e-08
0.20944     -2.51327    1.89459e-09
0.418879     -2.51327    3.46828e-09
0.628319     -2.51327    3.52965e-10
0.837758     -2.51327    2.50775e-10
1.0472     -2.51327    4.64036e-10
1.25664     -2.51327    5.77656e-10
1.46608     -2.51327    6.08739e-10
1.67552     -2.51327    6.18895e-10
1.88496     -2.51327    9.33438e-10
2.0944     -2.51327    2.70484e-10
2.30383     -2.51327    2.37297e-10
2.51327     -2.51327    2.45961e-10
2.72271     -2.51327    1.04476e-09
2.93215     -2.51327    3.20593e-10
3.14159     -2.51327    2.78548e-10

-3.14159     -2.30383    1.64334e-09
-2.93215     -2.30383    1.12029e-09
-2.72271     -2.30383    2.94639e-10
-2.51327     -2.30383    7.99703e-10
-2.30383     -2.30383    5.24344e-10
-2.0944     -2.30383    4.5625e-10
-1.88496     -2.30383    2.17011e-10
-1.67552     -2.30383    1.17055e-09
-1.46608     -2.30383    2.74139e-10
-1.25664     -2.30383    2.57352e-10
-1.0472     -2.30383    1.16925e-10
-0.837758     -2.30383    7.00488e-10
-0.628319     -2.30383    1.33595e-09
-0.418879     -2.30383    3.83513e-09
-0.20944     -2.30383    1.30568e-09
0     -2.30383    2.72942e-08
0.20944     -2.30383    4.83401e-10
0.418879     -2.30383    4.10933e-09
0.628319     -2.30383    5.00866e-10
0.837758     -2.30383    2.02729e-10
1.0472     -2.30383    9.41114e-10
1.25664     -2.30383    2.14652e-10
1.46608     -2.30383    6.84503e-10
1.67552     -2.30383    6.92183e-10
1.88496     -2.30383    3.15498e-10
2.0944     -2.30383    1.28824e-09
2.30383     -2.30383    7.42788e-10
2.51327     -2.30383    5.45882e-10
2.72271     -2.30383    4.36258e-10
2.93215     -2.30383    3.15231e-10
3.14159     -2.30383    6.53188e-10

-3.14159     -2.0944    7.83837e-10
-2.93215     -2.0944    1.18119e-10
-2.72271     -2.0944    5.97698e-10
-2.51327     -2.0944    2.32607e-10
-2.30383     -2.0944    8.716e-10
-2.0944     -2.0944    9.26188e-10
-1.88496     -2.0944    4.15308e-10
-1.67552     -2.0944    3.84612e-10
-1.46608     -2.0944    8.28765e-10
-1.25664     -2.0944    5.99273e-10
-1.0472     -2.0944    2.0746e-10
-0.837758     -2.0944    9.7552e-10
-0.628319     -2.0944    1.03907e-09
-0.418879     -2.0944    4.16871e-09
-0.20944     -2.0944    2.6103e-09
0     -2.0944    2.60322e-08
0.20944     -2.0944    2.05177e-09
0.418879     -2.0944    2.57431e-09
0.628319     -2.0944    5.60923e-10
0.837758     -2.0944    2.91484e-10
1.0472     -2.0944    2.04206e-10
1.25664     -2.0944    1.57407e-10
1.46608     -2.0944    1.41083e-10
1.67552     -2.0944    2.11906e-10
1.88496     -2.0944    9.5149e-11
2.0944     -2.0944    5.2287e-10
2.30383     -2.0944    1.93818e-10
2.51327     -2.0944    5.97752e-10
2.72271     -2.0944    4.61219e-10
2.93215     -2.0944    5.86398e-10
3.14159     -2.0944    3.68273e-10

-3.14159     -1.88496    2.02839e-10
-2.93215     -1.88496    6.635e-10
-2.72271     -1.88496    6.46227e-10
-2.51327     -1.88496    7.17057e-10
-2.30383     -1.88496    2.87764e-10
-2.0944     -1.88496    8.50634e-10
-1.88496     -1.88496    6.36707e-10
-1.67552     -1.88496    3.62077e-10
-1.46608     -1.88496    5.50139e-11
-1.25664     -1.88496    1.50363e-10
-1.0472     -1.88496    5.83523e-10
-0.837758     -1.88496    3.15962e-10
-0.628319     -1.88496    7.42363e-10
-0.418879     -1.88496    2.25322e-09
-0.20944     -1.88496    3.39321e-09
0     -1.88496    1.9087e-08
0.20944     -1.88496    4.20678e-09
0.418879     -1.88496    3.16093e-09
0.628319     -1.88496    9.51376e-10
0.837758     -1.88496    5.98764e-10
1.0472     -1.88496    1.59436e-10
1.25664     -1.88496    3.14871e-10
1.46608     -1.88496    8.1082e-10
1.67552     -1.88496    7.79404e-11
1.88496     -1.88496    6.69238e-10
2.0944     -1.88496    1.18121e-09
2.30383     -1.88496    5.85394e-10
2.51327     -1.88496    4.24871e-10
2.72271     -1.88496    6.24822e-10
2.93215     -1.88496    1.98901e-10
3.14159     -1.88496    3.22632e-10

-3.14159     -1.67552    1.45703e-10
-2.93215     -1.67552    8.97902e-10
-2.72271     -1.67552    2.81023e-10
-2.51327     -1.67552    2.34505e-10
-2.30383     -1.67552    7.49123e-10
-2.0944     -1.67552    5.07757e-10
-1.88496     -1.67552    5.38318e-10
-1.67552     -1.67552    1.46713e-10
-1.46608     -1.67552    3.01754e-10
-1.25664     -1.67552    5.01222e-10
-1.0472     -1.67552    8.04702e-10
-0.837758     -1.67552    6.50236e-10
-0.628319     -1.67552    6.17104e-10
-0.418879     -1.67552    1.16432e-09
-0.20944     -1.67552    5.13906e-09
0     -1.67552    9.15717e-09
0.20944     -1.67552    7.96177e-09
0.418879     -1.67552    6.03484e-10
0.628319     -1.67552    1.51636e-09
0.837758     -1.67552    1.25759e-09
1.0472     -1.67552    1.03634e-09
1.25664     -1.67552    6.46819e-10
1.46608     -1.67552    9.17426e-10
1.67552     -1.67552    4.07127e-10
1.88496     -1.67552    8.83853e-10
2.0944     -1.67552    2.74375e-10
2.30383     -1.67552    9.60913e-10
2.51327     -1.67552    4.14307e-11
2.72271     -1.67552    3.16372e-10
2.93215     -1.67552    8.67283e-10
3.14159     -1.67552    4.56666e-10

-3.14159     -1.46608    1.32406e-09
-2.93215     -1.46608    9.20151e-10
-2.72271     -1.46608    9.75798e-10
-2.51327     -1.46608    2.40326e-09
-2.30383     -1.46608    9.22692e-10
-2.0944     -1.46608    7.39068e-11
-1.88496     -1.46608    9.9793e-10
-1.67552     -1.46608    1.28096e-09
-1.46608     -1.46608    7.34897e-11
-1.25664     -1.46608    6.35778e-10
-1.0472     -1.46608    2.27398e-10
-0.837758     -1.46608    1.18248e-09
-0.628319     -1.46608    1.11355e-09
-0.418879     -1.46608    7.8048e-10
-0.20944     -1.46608    6.89631e-09
0     -1.46608    8.56556e-09
0.20944     -1.46608    1.02714e-08
0.418879     -1.46608    3.46115e-10
0.628319     -1.46608    8.19158e-10
0.837758     -1.46608    2.4053e-10
1.0472     -1.46608    9.08631e-10
1.25664     -1.46608    9.61322e-10
1.46608     -1.46608    6.48275e-10
1.67552     -1.46608    5.31645e-10
1.88496     -1.46608    5.30076e-10
2.0944     -1.46608    4.87115e-10
2.30383     -1.46608    1.8069e-09
2.51327     -1.46608    1.54031e-09
2.72271     -1.46608    9.18324e-10
2.93215     -1.46608    5.57824e-10
3.14159     -1.46608    4.26346e-10

-3.14159     -1.25664    1.31734e-09
-2.93215     -1.25664    8.17489e-10
-2.72271     -1.25664    2.1399e-09
-2.51327     -1.25664    5.13486e-10
-2.30383     -1.25664    1.04664e-09
-2.0944     -1.25664    8.12421e-11
-1.88496     -1.25664    4.39062e-10
-1.67552     -1.25664    1.90449e-09
-1.46608     -1.25664    1.52118e-09
-1.25664     -1.25664    2.93588e-10
-1.0472     -1.25664    5.39722e-10
-0.837758     -1.25664    1.00917e-09
-0.628319     -1.25664    1.95176e-09
-0.418879     -1.25664    5.45291e-09
-0.20944     -1.25664    4.42779e-09
0     -1.25664    2.87178e-08
0.20944     -1.25664    6.15492e-09
0.418879     -1.25664    2.13922e-09
0.628319     -1.25664    2.22001e-09
0.837758     -1.25664    1.90811e-09
1.0472     -1.25664    1.07341e-09
1.25664     -1.25664    1.61714e-09
1.46608     -1.25664    1.57796e-09
1.67552     -1.25664    1.80793e-09
1.88496     -1.25664    8.59132e-10
2.0944     -1.25664    8.42946e-10
2.30383     -1.25664    7.21232e-10
2.51327     -1.25664    1.40631e-09
2.72271     -1.25664    8.97176e-10
2.93215     -1.25664    6.80637e-10
3.14159     -1.25664    5.97969e-10

-3.14159     -1.0472    5.39487e-10
-2.93215     -1.0472    7.40045e-10
-2.72271     -1.0472    9.18262e-10
-2.51327     -1.0472    1.13617e-09
-2.30383     -1.0472    1.51547e-09
-2.0944     -1.0472    7.17945e-10
-1.88496     -1.0472    6.1325e-10
-1.67552     -1.0472    1.22791e-09
-1.46608     -1.0472    1.12583e-09
-1.25664     -1.0472    1.12013e-09
-1.0472     -1.0472    1.09239e-09
-0.837758     -1.0472    8.01162e-10
-0.628319     -1.0472    9.89975e-10
-0.418879     -1.0472    6.24649e-09
-0.20944     -1.0472    4.2481e-09
0     -1.0472    4.90162e-08
0.20944     -1.0472    2.62361e-09
0.418879     -1.0472    6.76048e-09
0.628319     -1.0472    8.55632e-12
0.837758     -1.0472    1.31174e-09
1.0472     -1.0472    7.05841e-10
1.25664     -1.0472    1.81323e-09
1.46608     -1.0472    8.13485e-10
1.67552     -1.0472    5.55003e-10
1.88496     -1.0472    9.86044e-10
2.0944     -1.0472    1.57818e-09
2.30383     -1.0472    1.15394e-09
2.51327     -1.0472    1.01519e-09
2.72271     -1.0472    4.1619e-10
2.93215     -1.0472    3.5215e-10
3.14159     -1.0472    1.84899e-10

-3.14159     -0.837758    4.71398e-10
-2.93215     -0.837758    1.96713e-10
-2.72271     -0.837758    5.16307e-10
-2.51327     -0.837758    9.5163e-10
-2.30383     -0.837758    1.15278e-10
-2.0944     -0.837758    2.42769e-10
-1.88496     -0.837758    7.67814e-10
-1.67552     -0.837758    4.08314e-10
-1.46608     -0.837758    4.55051e-10
-1.25664     -0.837758    1.47333e-09
-1.0472     -0.837758    8.34947e-10
-0.837758     -0.837758    1.41393e-09
-0.628319     -0.837758    2.31443e-09
-0.418879     -0.837758    9.69761e-09
-0.20944     -0.837758    2.46857e-09
0     -0.837758    7.21367e-08
0.20944     -0.837758    8.70553e-10
0.418879     -0.837758    7.81063e-09
0.628319     -0.837758    4.08036e-09
0.837758     -0.837758    1.99993e-09
1.0472     -0.837758    3.5496e-09
1.25664     -0.837758    2.07552e-09
1.46608     -0.837758    8.83508e-10
1.67552     -0.837758    9.36008e-10
1.88496     -0.837758    4.58316e-10
2.0944     -0.837758    9.22767e-10
2.30383     -0.837758    1.06943e-09
2.51327     -0.837758    7.19207e-10
2.72271     -0.837758    6.55314e-11
2.93215     -0.837758    7.15516e-10
3.14159     -0.837758    2.82591e-10

-3.14159     -0.628319    4.42523e-10
-2.93215     -0.628319    4.19919e-10
-2.72271     -0.628319    6.18122e-10
-2.51327     -0.628319    4.56929e-10
-2.30383     -0.628319    5.06955e-10
-2.0944     -0.628319    1.72291e-09
-1.88496     -0.628319    5.84595e-10
-1.67552     -0.628319    6.48256e-10
-1.46608     -0.628319    2.56534e-09
-1.25664     -0.628319    1.62107e-09
-1.0472     -0.628319    3.35566e-09
-0.837758     -0.628319    1.5407e-09
-0.628319     -0.628319    3.10452e-09
-0.418879     -0.628319    9.50225e-09
-0.20944     -0.628319    2.73566e-08
0     -0.628319    9.33875e-08
0.20944     -0.628319    1.895e-08
0.418879     -0.628319    1.31224e-08
0.628319     -0.628319    2.118e-09
0.837758     -0.628319    1.74684e-09
1.0472     -0.628319    3.08902e-09
1.25664     -0.628319    1.3178e-09
1.46608     -0.628319    1.3206e-09
1.67552     -0.628319    8.661e-10
1.88496     -0.628319    1.09278e-09
2.0944     -0.628319    7.42127e-10
2.30383     -0.628319    4.22984e-10
2.51327     -0.628319    4.89601e-10
2.72271     -0.628319    3.26789e-10
2.93215     -0.628319    1.1623e-10
3.14159     -0.628319    4.18763e-10

-3.14159     -0.418879    3.24268e-10
-2.93215     -0.418879    4.90284e-10
-2.72271     -0.418879    4.14427e-10
-2.51327     -0.418879    8.60576e-10
-2.30383     -0.418879    6.24128e-10
-2.0944     -0.418879    5.19747e-10
-1.88496     -0.418879    4.82187e-10
-1.67552     -0.418879    1.2968e-09
-1.46608     -0.418879    9.1296e-10
-1.25664     -0.418879    2.51948e-09
-1.0472     -0.418879    2.15175e-09
-0.837758     -0.418879    3.43935e-09
-0.628319     -0.418879    3.92717e-09
-0.418879     -0.418879    2.16144e-08
-0.20944     -0.418879    2.93844e-08
0     -0.418879    1.30682e-07
0.20944     -0.418879    2.38013e-08
0.418879     -0.418879    3.53057e-08
0.628319     -0.418879    1.62822e-08
0.837758     -0.418879    1.00383e-09
1.0472     -0.418879    9.40995e-10
1.25664     -0.418879    1.42407e-10
1.46608     -0.418879    5.99089e-10
1.67552     -0.418879    6.71367e-10
1.88496     -0.418879    1.31071e-10
2.0944     -0.418879    8.18404e-10
2.30383     -0.418879    1.99734e-10
2.51327     -0.418879    9.593e-10
2.72271     -0.418879    2.73508e-10
2.93215     -0.418879    4.41247e-10
3.14159     -0.418879    2.78467e-10

-3.14159     -0.20944    4.12871e-10
-2.93215     -0.20944    1.91126e-10
-2.72271     -0.20944    3.60421e-10
-2.51327     -0.20944    3.52692e-10
-2.30383     -0.20944    5.21955e-10
-2.0944     -0.20944    4.57433e-10
-1.88496     -0.20944    4.22345e-10
-1.67552     -0.20944    1.00525e-09
-1.46608     -0.20944    5.62101e-10
-1.25664     -0.20944    1.53275e-09
-1.0472     -0.20944    1.65091e-09
-0.837758     -0.20944    7.681e-10
-0.628319     -0.20944    1.25721e-08
-0.418879     -0.20944    6.00899e-08
-0.20944     -0.20944    1.3182e-07
0     -0.20944    3.15221e-07
0.20944     -0.20944    2.13137e-07
0.418879     -0.20944    2.52541e-08
0.628319     -0.20944    2.87454e-08
0.837758     -0.20944    1.30896e-09
1.0472     -0.20944    2.64392e-09
1.25664     -0.20944    1.95627e-09
1.46608     -0.20944    2.8285e-10
1.67552     -0.20944    5.42377e-10
1.88496     -0.20944    6.46876e-10
2.0944     -0.20944    3.39398e-10
2.30383     -0.20944    1.2628e-10
2.51327     -0.20944    6.46127e-10
2.72271     -0.20944    5.57439e-10
2.93215     -0.20944    5.53014e-11
3.14159     -0.20944    2.30033e-10

-3.14159     0    2.95858e-10
-2.93215     0    8.75036e-10
-2.72271     0    6.28092e-10
-2.51327     0    5.4212e-10
-2.30383     0    5.98314e-10
-2.0944     0    5.05105e-10
-1.88496     0    1.25131e-09
-1.67552     0    3.53236e-10
-1.46608     0    1.38903e-09
-1.25664     0    1.58608e-09
-1.0472     0    8.15075e-10
-0.837758     0    3.41587e-09
-0.628319     0    2.80929e-08
-0.418879     0    8.71718e-08
-0.20944     0    2.13198e-07
0     0    2.73053e-16
0.20944     0    2.13198e-07
0.418879     0    8.71718e-08
0.628319     0    2.80929e-08
0.837758     0    3.41587e-09
1.0472     0    8.15075e-10
1.25664     0    1.58608e-09
1.46608     0    1.38903e-09
1.67552     0    3.53236e-10
1.88496     0    1.25131e-09
2.0944     0    5.05105e-10
2.30383     0    5.98314e-10
2.51327     0    5.4212e-10
2.72271     0    6.28092e-10
2.93215     0    8.75036e-10
3.14159     0    2.95858e-10

-3.14159     0.20944    2.30033e-10
-2.93215     0.20944    5.53014e-11
-2.72271     0.20944    5.57439e-10
-2.51327     0.20944    6.46127e-10
-2.30383     0.20944    1.2628e-10
-2.0944     0.20944    3.39398e-10
-1.88496     0.20944    6.46876e-10
-1.67552     0.20944    5.42377e-10
-1.46608     0.20944    2.8285e-10
-1.25664     0.20944    1.95627e-09
-1.0472     0.20944    2.64392e-09
-0.837758     0.20944    1.30896e-09
-0.628319     0.20944    2.87454e-08
-0.418879     0.20944    2.52541e-08
-0.20944     0.20944    2.13137e-07
0     0.20944    3.15221e-07
0.20944     0.20944    1.3182e-07
0.418879     0.20944    6.00899e-08
0.628319     0.20944    1.25721e-08
0.837758     0.20944    7.681e-10
1.0472     0.20944    1.65091e-09
1.25664     0.20944    1.53275e-09
1.46608     0.20944    5.62101e-10
1.67552     0.20944    1.00525e-09
1.88496     0.20944    4.22345e-10
2.0944     0.20944    4.57433e-10
2.30383     0.20944    5.21955e-10
2.51327     0.20944    3.52692e-10
2.72271     0.20944    3.60421e-10
2.93215     0.20944    1.91126e-10
3.14159     0.20944    4.12871e-10

-3.14159     0.418879    2.78467e-10
-2.93215     0.418879    4.41247e-10
-2.72271     0.418879    2.73508e-10
-2.51327     0.418879    9.593e-10
-2.30383     0.418879    1.99734e-10
-2.0944     0.418879    8.18404e-10
-1.88496     0.418879    1.31071e-10
-1.67552     0.418879    6.71367e-10
-1.46608     0.418879    5.99089e-10
-1.25664     0.418879    1.42407e-10
-1.0472     0.418879    9.40995e-10
-0.837758     0.418879    1.00383e-09
-0.628319     0.418879    1.62822e-08
-0.418879     0.418879    3.53057e-08
-0.20944     0.418879    2.38013e-08
0     0.418879    1.30682e-07
0.20944     0.418879    2.93844e-08
0.418879     0.418879    2.16144e-08
0.628319     0.418879    3.92717e-09
0.837758     0.418879    3.43935e-09
1.0472     0.418879    2.15175e-09
1.25664     0.418879    2.51948e-09
1.46608     0.418879    9.1296e-10
1.67552     0.418879    1.2968e-09
1.88496     0.418879    4.82187e-10
2.0944     0.418879    5.19747e-10
2.30383     0.418879    6.24128e-10
2.51327     0.418879    8.60576e-10
2.72271     0.418879    4.14427e-10
2.93215     0.418879    4.90284e-10
3.14159     0.418879    3.24268e-10

-3.14159     0.628319    4.18763e-10
-2.93215     0.628319    1.1623e-10
-2.72271     0.628319    3.26789e-10
-2.51327     0.628319    4.89601e-10
-2.30383     0.628319    4.22984e-10
-2.0944     0.628319    7.42127e-10
-1.88496     0.628319    1.09278e-09
-1.67552     0.628319    8.661e-10
-1.46608     0.628319    1.3206e-09
-1.25664     0.628319    1.3178e-09
-1.0472     0.628319    3.08902e-09
-0.837758     0.628319    1.74684e-09
-0.628319     0.628319    2.118e-09
-0.418879     0.628319    1.31224e-08
-0.20944     0.628319    1.895e-08
0     0.628319    9.33875e-08
0.20944     0.628319    2.73566e-08
0.418879     0.628319    9.50225e-09
0.628319     0.628319    3.10452e-09
0.837758     0.628319    1.5407e-09
1.0472     0.628319    3.35566e-09
1.25664     0.628319    1.62107e-09
1.46608     0.628319    2.56534e-09
1.67552     0.628319    6.48256e-10
1.88496     0.628319    5.84595e-10
2.0944     0.628319    1.72291e-09
2.30383     0.628319    5.06955e-10
2.51327     0.628319    4.56929e-10
2.72271     0.628319    6.18122e-10
2.93215     0.628319    4.19919e-10
3.14159     0.628319    4.42523e-10

-3.14159     0.837758    2.82591e-10
-2.93215     0.837758    7.15516e-10
-2.72271     0.837758    6.55314e-11
-2.51327     0.837758    7.19207e-10
-2.30383     0.837758    1.06943e-09
-2.0944     0.837758    9.22767e-10
-1.88496     0.837758    4.58316e-10
-1.67552     0.837758    9.36008e-10
-1.46608     0.837758    8.83508e-10
-1.25664     0.837758    2.07552e-09
-1.0472     0.837758    3.5496e-09
-0.837758     0.837758    1.99993e-09
-0.628319     0.837758    4.08036e-09
-0.418879     0.837758    7.81063e-09
-0.20944     0.837758    8.70553e-10
0     0.837758    7.21367e-08
0.20944     0.837758    2.46857e-09
0.418879     0.837758    9.69761e-09
0.628319     0.837758    2.31443e-09
0.837758     0.837758    1.41393e-09
1.0472     0.837758    8.34947e-10
1.25664     0.837758    1.47333e-09
1.46608     0.837758    4.55051e-10
1.67552     0.837758    4.08314e-10
1.88496     0.837758    7.67814e-10
2.0944     0.837758    2.42769e-10
2.30383     0.837758    1.15278e-10
2.51327     0.837758    9.5163e-10
2.72271     0.837758    5.16307e-10
2.93215     0.837758    1.96713e-10
3.14159     0.837758    4.71398e-10

-3.14159     1.0472    1.84899e-10
-2.93215     1.0472    3.5215e-10
-2.72271     1.0472    4.1619e-10
-2.51327     1.0472    1.01519e-09
-2.30383     1.0472    1.15394e-09
-2.0944     1.0472    1.57818e-09
-1.88496     1.0472    9.86044e-10
-1.67552     1.0472    5.55003e-10
-1.46608     1.0472    8.13485e-10
-1.25664     1.0472    1.81323e-09
-1.0472     1.0472    7.05841e-10
-0.837758     1.0472    1.31174e-09
-0.628319     1.0472    8.55632e-12
-0.418879     1.0472    6.76048e-09
-0.20944     1.0472    2.62361e-09
0     1.0472    4.90162e-08
0.20944     1.0472    4.2481e-09
0.418879     1.0472    6.24649e-09
0.628319     1.0472    9.89975e-10
0.837758     1.0472    8.01162e-10
1.0472     1.0472    1.09239e-09
1.25664     1.0472    1.12013e-09
1.46608     1.0472    1.12583e-09
1.67552     1.0472    1.22791e-09
1.88496     1.0472    6.1325e-10
2.0944     1.0472    7.17945e-10
2.30383     1.0472    1.51547e-09
2.51327     1.0472    1.13617e-09
2.72271     1.0472    9.18262e-10
2.93215     1.0472    7.40045e-10
3.14159     1.0472    5.39487e-10

-3.14159     1.25664    5.97969e-10
-2.93215     1.25664    6.80637e-10
-2.72271     1.25664    8.97176e-10
-2.51327     1.25664    1.40631e-09
-2.30383     1.25664    7.21232e-10
-2.0944     1.25664    8.42946e-10
-1.88496     1.25664    8.59132e-10
-1.67552     1.25664    1.80793e-09
-1.46608     1.25664    1.57796e-09
-1.25664     1.25664    1.61714e-09
-1.0472     1.25664    1.07341e-09
-0.837758     1.25664    1.90811e-09
-0.628319     1.25664    2.22001e-09
-0.418879     1.25664    2.13922e-09
-0.20944     1.25664    6.15492e-09
0     1.25664    2.87178e-08
0.20944     1.25664    4.42779e-09
0.418879     1.25664    5.45291e-09
0.628319     1.25664    1.95176e-09
0.837758     1.25664    1.00917e-09
1.0472     1.25664    5.39722e-10
1.25664     1.25664    2.93588e-10
1.46608     1.25664    1.52118e-09
1.67552     1.25664    1.90449e-09
1.88496     1.25664    4.39062e-10
2.0944     1.25664    8.12421e-11
2.30383     1.25664    1.04664e-09
2.51327     1.25664    5.13486e-10
2.72271     1.25664    2.1399e-09
2.93215     1.25664    8.17489e-10
3.14159     1.25664    1.31734e-09

-3.14159     1.46608    4.26346e-10
-2.93215     1.46608    5.57824e-10
-2.72271     1.46608    9.18324e-10
-2.51327     1.46608    1.54031e-09
-2.30383     1.46608    1.8069e-09
-2.0944     1.46608    4.87115e-10
-1.88496     1.46608    5.30076e-10
-1.67552     1.46608    5.31645e-10
-1.46608     1.46608    6.48275e-10
-1.25664     1.46608    9.61322e-10
-1.0472     1.46608    9.08631e-10
-0.837758     1.46608    2.4053e-10
-0.628319     1.46608    8.19158e-10
-0.418879     1.46608    3.46115e-10
-0.20944     1.46608    1.02714e-08
0     1.46608    8.56556e-09
0.20944     1.46608    6.89631e-09
0.418879     1.46608    7.8048e-10
0.628319     1.46608    1.11355e-09
0.837758     1.46608    1.18248e-09
1.0472     1.46608    2.27398e-10
1.25664     1.46608    6.35778e-10
1.46608     1.46608    7.34897e-11
1.67552     1.46608    1.28096e-09
1.88496     1.46608    9.9793e-10
2.0944     1.46608    7.39068e-11
2.30383     1.46608    9.22692e-10
2.51327     1.46608    2.40326e-09
2.72271     1.46608    9.75798e-10
2.93215     1.46608    9.20151e-10
3.14159     1.46608    1.32406e-09

-3.14159     1.67552    4.56666e-10
-2.93215     1.67552    8.67283e-10
-2.72271     1.67552    3.16372e-10
-2.51327     1.67552    4.14307e-11
-2.30383     1.67552    9.60913e-10
-2.0944     1.67552    2.74375e-10
-1.88496     1.67552    8.83853e-10
-1.67552     1.67552    4.07127e-10
-1.46608     1.67552    9.17426e-10
-1.25664     1.67552    6.46819e-10
-1.0472     1.67552    1.03634e-09
-0.837758     1.67552    1.25759e-09
-0.628319     1.67552    1.51636e-09
-0.418879     1.67552    6.03484e-10
-0.20944     1.67552    7.96177e-09
0     1.67552    9.15717e-09
0.20944     1.67552    5.13906e-09
0.418879     1.67552    1.16432e-09
0.628319     1.67552    6.17104e-10
0.837758     1.67552    6.50236e-10
1.0472     1.67552    8.04702e-10
1.25664     1.67552    5.01222e-10
1.46608     1.67552    3.01754e-10
1.67552     1.67552    1.46713e-10
1.88496     1.67552    5.38318e-10
2.0944     1.67552    5.07757e-10
2.30383     1.67552    7.49123e-10
2.51327     1.67552    2.34505e-10
2.72271     1.67552    2.81023e-10
2.93215     1.67552    8.97902e-10
3.14159     1.67552    1.45703e-10

-3.14159     1.88496    3.22632e-10
-2.93215     1.88496    1.98901e-10
-2.72271     1.88496    6.24822e-10
-2.51327     1.88496    4.24871e-10
-2.30383     1.88496    5.85394e-10
-2.0944     1.88496    1.18121e-09
-1.88496     1.88496    6.69238e-10
-1.67552     1.88496    7.79404e-11
-1.46608     1.88496    8.1082e-10
-1.25664     1.88496    3.14871e-10
-1.0472     1.88496    1.59436e-10
-0.837758     1.88496    5.98764e-10
-0.628319     1.88496    9.51376e-10
-0.418879     1.88496    3.16093e-09
-0.20944     1.88496    4.20678e-09
0     1.88496    1.9087e-08
0.20944     1.88496    3.39321e-09
0.418879     1.88496    2.25322e-09
0.628319     1.88496    7.42363e-10
0.837758     1.88496    3.15962e-10
1.0472     1.88496    5.83523e-10
1.25664     1.88496    1.50363e-10
1.46608     1.88496    5.50139e-11
1.67552     1.88496    3.62077e-10
1.88496     1.88496    6.36707e-10
2.0944     1.88496    8.50634e-10
2.30383     1.88496    2.87764e-10
2.51327     1.88496    7.17057e-10
2.72271     1.88496    6.46227e-10
2.93215     1.88496    6.635e-10
3.14159     1.88496    2.02839e-10

-3.14159     2.0944    3.68273e-10
-2.93215     2.0944    5.86398e-10
-2.72271     2.0944    4.61219e-10
-2.51327     2.0944    5.97752e-10
-2.30383     2.0944    1.93818e-10
-2.0944     2.0944    5.2287e-10
-1.88496     2.0944    9.5149e-11
-1.67552     2.0944    2.11906e-10
-1.46608     2.0944    1.41083e-10
-1.25664     2.0944    1.57407e-10
-1.0472     2.0944    2.04206e-10
-0.837758     2.0944    2.91484e-10
-0.628319     2.0944    5.60923e-10
-0.418879     2.0944    2.57431e-09
-0.20944     2.0944    2.05177e-09
0     2.0944    2.60322e-08
0.20944     2.0944    2.6103e-09
0.418879     2.0944    4.16871e-09
0.628319     2.0944    1.03907e-09
0.837758     2.0944    9.7552e-10
1.0472     2.0944    2.0746e-10
1.25664     2.0944    5.99273e-10
1.46608     2.0944    8.28765e-10
1.67552     2.0944    3.84612e-10
1.88496     2.0944    4.15308e-10
2.0944     2.0944    9.26188e-10
2.30383     2.0944    8.716e-10
2.51327     2.0944    2.32607e-10
2.72271     2.0944    5.97698e-10
2.93215     2.0944    1.18119e-10
3.14159     2.0944    7.83837e-10

-3.14159     2.30383    6.53188e-10
-2.93215     2.30383    3.15231e-10
-2.72271     2.30383    4.36258e-10
-2.51327     2.30383    5.45882e-10
-2.30383     2.30383    7.42788e-10
-2.0944     2.30383    1.28824e-09
-1.88496     2.30383    3.15498e-10
-1.67552     2.30383    6.92183e-10
-1.46608     2.30383    6.84503e-10
-1.25664     2.30383    2.14652e-10
-1.0472     2.30383    9.41114e-10
-0.837758     2.30383    2.02729e-10
-0.628319     2.30383    5.00866e-10
-0.418879     2.30383    4.10933e-09
-0.20944     2.30383    4.83401e-10
0     2.30383    2.72942e-08
0.20944     2.30383    1.30568e-09
0.418879     2.30383    3.83513e-09
0.628319     2.30383    1.33595e-09
0.837758     2.30383    7.00488e-10
1.0472     2.30383    1.16925e-10
1.25664     2.30383    2.57352e-10
1.46608     2.30383    2.74139e-10
1.67552     2.30383    1.17055e-09
1.88496     2.30383    2.17011e-10
2.0944     2.30383    4.5625e-10
2.30383     2.30383    5.24344e-10
2.51327     2.30383    7.99703e-10
2.72271     2.30383    2.94639e-10
2.93215     2.30383    1.12029e-09
3.14159     2.30383    1.64334e-09

-3.14159     2.51327    2.78548e-10
-2.93215     2.51327    3.20593e-10
-2.72271     2.51327    1.04476e-09
-2.51327     2.51327    2.45961e-10
-2.30383     2.51327    2.37297e-10
-2.0944     2.51327    2.70484e-10
-1.88496     2.51327    9.33438e-10
-1.67552     2.51327    6.18895e-10
-1.46608     2.51327    6.08739e-10
-1.25664     2.51327    5.77656e-10
-1.0472     2.51327    4.64036e-10
-0.837758     2.51327    2.50775e-10
-0.628319     2.51327    3.52965e-10
-0.418879     2.51327    3.46828e-09
-0.20944     2.51327    1.89459e-09
0     2.51327    2.40481e-08
0.20944     2.51327    7.0248e-10
0.418879     2.51327    4.03265e-09
0.628319     2.51327    6.43628e-10
0.837758     2.51327    6.04131e-10
1.0472     2.51327    3.4198e-10
1.25664     2.51327    2.26807e-10
1.46608     2.51327    7.89386e-11
1.67552     2.51327    1.26478e-10
1.88496     2.51327    1.02301e-09
2.0944     2.51327    1.84036e-09
2.30383     2.51327    8.35224e-10
2.51327     2.51327    7.36237e-10
2.72271     2.51327    4.77065e-10
2.93215     2.51327    3.74299e-10
3.14159     2.51327    5.34135e-10

-3.14159     2.72271    2.37233e-10
-2.93215     2.72271    5.80573e-10
-2.72271     2.72271    4.80935e-10
-2.51327     2.72271    1.46782e-09
-2.30383     2.72271    1.31814e-09
-2.0944     2.72271    1.38467e-09
-1.88496     2.72271    7.55562e-10
-1.67552     2.72271    2.12894e-10
-1.46608     2.72271    6.69684e-10
-1.25664     2.72271    3.71143e-10
-1.0472     2.72271    4.57377e-10
-0.837758     2.72271    3.01038e-10
-0.628319     2.72271    2.28562e-10
-0.418879     2.72271    2.39255e-09
-0.20944     2.72271    2.50603e-09
0     2.72271    1.82038e-08
0.20944     2.72271    3.35111e-09
0.418879     2.72271    1.91407e-09
0.628319     2.72271    3.2492e-10
0.837758     2.72271    3.98328e-10
1.0472     2.72271    5.90923e-10
1.25664     2.72271    4.02713e-10
1.46608     2.72271    9.45584e-10
1.67552     2.72271    3.87015e-10
1.88496     2.72271    1.37517e-09
2.0944     2.72271    8.71443e-10
2.30383     2.72271    4.40122e-10
2.51327     2.72271    8.29046e-10
2.72271     2.72271    7.27855e-10
2.93215     2.72271    3.51107e-10
3.14159     2.72271    5.70638e-10

-3.14159     2.93215    3.79179e-10
-2.93215     2.93215    5.20936e-10
-2.72271     2.93215    7.58891e-10
-2.51327     2.93215    1.95657e-09
-2.30383     2.93215    1.20966e-09
-2.0944     2.93215    1.92759e-09
-1.88496     2.93215    2.49271e-09
-1.67552     2.93215    1.084e-09
-1.46608     2.93215    6.78417e-10
-1.25664     2.93215    4.35028e-10
-1.0472     2.93215    3.86102e-10
-0.837758     2.93215    2.87271e-10
-0.628319     2.93215    7.03411e-10
-0.418879     2.93215    1.85025e-09
-0.20944     2.93215    4.16834e-09
0     2.93215    8.9431e-09
0.20944     2.93215    3.44331e-09
0.418879     2.93215    1.89621e-09
0.628319     2.93215    6.04113e-10
0.837758     2.93215    3.14858e-10
1.0472     2.93215    7.62177e-10
1.25664     2.93215    5.91275e-10
1.46608     2.93215    8.85776e-10
1.67552     2.93215    5.78326e-10
1.88496     2.93215    6.4964e-10
2.0944     2.93215    5.96816e-10
2.30383     2.93215    2.148e-09
2.51327     2.93215    2.20094e-10
2.72271     2.93215    6.96337e-10
2.93215     2.93215    3.41557e-10
3.14159     2.93215    3.03769e-10

-3.14159     3.14159    3.86093e-10
-2.93215     3.14159    4.43423e-10
-2.72271     3.14159    1.80614e-09
-2.51327     3.14159    6.7294e-10
-2.30383     3.14159    1.17769e-09
-2.0944     3.14159    1.59143e-09
-1.88496     3.14159    2.31986e-09
-1.67552     3.14159    1.0367e-09
-1.46608     3.14159    1.3454e-09
-1.25664     3.14159    8.79374e-10
-1.0472     3.14159    5.21778e-10
-0.837758     3.14159    2.74267e-10
-0.628319     3.14159    8.70374e-10
-0.418879     3.14159    2.4071e-10
-0.20944     3.14159    5.0001e-09
0     3.14159    1.42644e-09
0.20944     3.14159    4.93772e-09
0.418879     3.14159    9.36422e-11
0.628319     3.14159    7.66054e-10
0.837758     3.14159    3.26885e-10
1.0472     3.14159    5.91109e-10
1.25664     3.14159    7.75877e-10
1.46608     3.14159    3.44041e-10
1.67552     3.14159    1.11608e-09
1.88496     3.14159    1.6382e-09
2.0944     3.14159    1.24873e-09
2.30383     3.14159    4.23621e-09
2.51327     3.14159    2.13412e-09
2.72271     3.14159    4.16839e-10
2.93215     3.14159    6.83477e-10
3.14159     3.14159    4.74077e-10

