-3.14159     -3.14159    0.00032451
-2.93215     -3.14159    0.00239583
-2.72271     -3.14159    0.0093929
-2.51327     -3.14159    0.01007
-2.30383     -3.14159    0.00333304
-2.0944     -3.14159    0.00651867
-1.88496     -3.14159    0.00903227
-1.67552     -3.14159    0.00464847
-1.46608     -3.14159    7.44198e-05
-1.25664     -3.14159    0.00226158
-1.0472     -3.14159    0.00135574
-0.837758     -3.14159    0.00133884
-0.628319     -3.14159    0.00317547
-0.418879     -3.14159    0.00978784
-0.20944     -3.14159    0.0180526
0     -3.14159    0.0331616
0.20944     -3.14159    0.017758
0.418879     -3.14159    0.00975296
0.628319     -3.14159    0.00353947
0.837758     -3.14159    0.00135169
1.0472     -3.14159    0.00137275
1.25664     -3.14159    0.00215685
1.46608     -3.14159    8.18635e-05
1.67552     -3.14159    0.00458819
1.88496     -3.14159    0.00891941
2.0944     -3.14159    0.00641783
2.30383     -3.14159    0.0033447
2.51327     -3.14159    0.0099413
2.72271     -3.14159    0.00929468
2.93215     -3.14159    0.00228125
3.14159     -3.14159    0.000317546

-3.14159     -2.93215    0.00237662
-2.93215     -2.93215    0.00712935
-2.72271     -2.93215    0.00869622
-2.51327     -2.93215    0.0201481
-2.30383     -2.93215    0.0120204
-2.0944     -2.93215    0.000782391
-1.88496     -2.93215    0.00233389
-1.67552     -2.93215    0.000647257
-1.46608     -2.93215    0.00113913
-1.25664     -2.93215    0.00292734
-1.0472     -2.93215    0.00203093
-0.837758     -2.93215    0.00724442
-0.628319     -2.93215    0.00708633
-0.418879     -2.93215    0.00693452
-0.20944     -2.93215    0.00325598
0     -2.93215    0.0202411
0.20944     -2.93215    0.00350737
0.418879     -2.93215    0.00691252
0.628319     -2.93215    0.00699751
0.837758     -2.93215    0.00721836
1.0472     -2.93215    0.00197119
1.25664     -2.93215    0.00300871
1.46608     -2.93215    0.00115356
1.67552     -2.93215    0.00064113
1.88496     -2.93215    0.00228211
2.0944     -2.93215    0.0007857
2.30383     -2.93215    0.0119811
2.51327     -2.93215    0.0203957
2.72271     -2.93215    0.00870777
2.93215     -2.93215    0.0071029
3.14159     -2.93215    0.00246637

-3.14159     -2.72271    0.00227585
-2.93215     -2.72271    0.00242027
-2.72271     -2.72271    0.00596018
-2.51327     -2.72271    0.0237381
-2.30383     -2.72271    0.00172068
-2.0944     -2.72271    0.00139174
-1.88496     -2.72271    9.23253e-05
-1.67552     -2.72271    0.00586304
-1.46608     -2.72271    0.00498475
-1.25664     -2.72271    0.00369763
-1.0472     -2.72271    0.00554603
-0.837758     -2.72271    0.00523874
-0.628319     -2.72271    0.00959419
-0.418879     -2.72271    0.00444171
-0.20944     -2.72271    0.00331097
0     -2.72271    0.0276338
0.20944     -2.72271    0.00320922
0.418879     -2.72271    0.00440698
0.628319     -2.72271    0.00953952
0.837758     -2.72271    0.00514133
1.0472     -2.72271    0.00554059
1.25664     -2.72271    0.00370014
1.46608     -2.72271    0.00502129
1.67552     -2.72271    0.00595639
1.88496     -2.72271    8.63916e-05
2.0944     -2.72271    0.00134212
2.30383     -2.72271    0.00169255
2.51327     -2.72271    0.0234889
2.72271     -2.72271    0.00577142
2.93215     -2.72271    0.00259343
3.14159     -2.72271    0.00245001

-3.14159     -2.51327    0.0101063
-2.93215     -2.51327    0.00447306
-2.72271     -2.51327    0.016623
-2.51327     -2.51327    0.00260329
-2.30383     -2.51327    0.00697454
-2.0944     -2.51327    0.00485641
-1.88496     -2.51327    0.00278383
-1.67552     -2.51327    0.00438467
-1.46608     -2.51327    0.00516872
-1.25664     -2.51327    0.00678189
-1.0472     -2.51327    0.00765979
-0.837758     -2.51327    0.00325974
-0.628319     -2.51327    0.00280641
-0.418879     -2.51327    0.00276058
-0.20944     -2.51327    0.00399366
0     -2.51327    0.0209167
0.20944     -2.51327    0.00408462
0.418879     -2.51327    0.0027629
0.628319     -2.51327    0.00282145
0.837758     -2.51327    0.00306564
1.0472     -2.51327    0.00763943
1.25664     -2.51327    0.00678913
1.46608     -2.51327    0.00511476
1.67552     -2.51327    0.00442933
1.88496     -2.51327    0.00278713
2.0944     -2.51327    0.00483574
2.30383     -2.51327    0.00697193
2.51327     -2.51327    0.00277012
2.72271     -2.51327    0.0169462
2.93215     -2.51327    0.00540503
3.14159     -2.51327    0.0100932

-3.14159     -2.30383    0.0299135
-2.93215     -2.30383    0.0219471
-2.72271     -2.30383    0.00866226
-2.51327     -2.30383    0.0016755
-2.30383     -2.30383    0.00139081
-2.0944     -2.30383    0.00517664
-1.88496     -2.30383    0.00604307
-1.67552     -2.30383    0.00799259
-1.46608     -2.30383    0.00315267
-1.25664     -2.30383    0.00313908
-1.0472     -2.30383    0.0123978
-0.837758     -2.30383    0.00718611
-0.628319     -2.30383    0.00322296
-0.418879     -2.30383    0.00152998
-0.20944     -2.30383    0.00668455
0     -2.30383    0.00620741
0.20944     -2.30383    0.00669379
0.418879     -2.30383    0.00146596
0.628319     -2.30383    0.00325782
0.837758     -2.30383    0.00713992
1.0472     -2.30383    0.0124277
1.25664     -2.30383    0.00313448
1.46608     -2.30383    0.00311737
1.67552     -2.30383    0.00800043
1.88496     -2.30383    0.00600594
2.0944     -2.30383    0.00518184
2.30383     -2.30383    0.00143887
2.51327     -2.30383    0.00185383
2.72271     -2.30383    0.00912312
2.93215     -2.30383    0.0219393
3.14159     -2.30383    0.0299545

-3.14159     -2.0944    0.0375012
-2.93215     -2.0944    0.0476267
-2.72271     -2.0944    0.0273159
-2.51327     -2.0944    0.013377
-2.30383     -2.0944    0.00180179
-2.0944     -2.0944    0.00334045
-1.88496     -2.0944    0.00363253
-1.67552     -2.0944    0.00338738
-1.46608     -2.0944    0.0143937
-1.25664     -2.0944    0.0100785
-1.0472     -2.0944    0.000428318
-0.837758     -2.0944    0.01124
-0.628319     -2.0944    0.00205775
-0.418879     -2.0944    0.000871623
-0.20944     -2.0944    0.0126447
0     -2.0944    0.00871751
0.20944     -2.0944    0.0125932
0.418879     -2.0944    0.000784175
0.628319     -2.0944    0.00207274
0.837758     -2.0944    0.0111985
1.0472     -2.0944    0.000463359
1.25664     -2.0944    0.0100943
1.46608     -2.0944    0.0144846
1.67552     -2.0944    0.00332544
1.88496     -2.0944    0.0035584
2.0944     -2.0944    0.00330332
2.30383     -2.0944    0.00184064
2.51327     -2.0944    0.0133016
2.72271     -2.0944    0.0273325
2.93215     -2.0944    0.0468273
3.14159     -2.0944    0.0365415

-3.14159     -1.88496    0.0506971
-2.93215     -1.88496    0.0337461
-2.72271     -1.88496    0.0293334
-2.51327     -1.88496    0.0062673
-2.30383     -1.88496    0.00982812
-2.0944     -1.88496    0.0117176
-1.88496     -1.88496    0.00365906
-1.67552     -1.88496    0.00589692
-1.46608     -1.88496    0.00608082
-1.25664     -1.88496    0.00634358
-1.0472     -1.88496    0.00243754
-0.837758     -1.88496    0.0100986
-0.628319     -1.88496    0.0029793
-0.418879     -1.88496    0.00947814
-0.20944     -1.88496    0.00785157
0     -1.88496    0.00337335
0.20944     -1.88496    0.00796162
0.418879     -1.88496    0.00933627
0.628319     -1.88496    0.00298955
0.837758     -1.88496    0.0101008
1.0472     -1.88496    0.00236581
1.25664     -1.88496    0.00637453
1.46608     -1.88496    0.00603819
1.67552     -1.88496    0.0059438
1.88496     -1.88496    0.00365648
2.0944     -1.88496    0.0117694
2.30383     -1.88496    0.00985884
2.51327     -1.88496    0.0063217
2.72271     -1.88496    0.029005
2.93215     -1.88496    0.0342673
3.14159     -1.88496    0.049842

-3.14159     -1.67552    0.0467536
-2.93215     -1.67552    0.0272766
-2.72271     -1.67552    0.029921
-2.51327     -1.67552    0.0100292
-2.30383     -1.67552    0.000775282
-2.0944     -1.67552    0.000583559
-1.88496     -1.67552    0.00034708
-1.67552     -1.67552    0.00266047
-1.46608     -1.67552    0.00728887
-1.25664     -1.67552    0.00918932
-1.0472     -1.67552    0.00626481
-0.837758     -1.67552    0.00370688
-0.628319     -1.67552    0.000759483
-0.418879     -1.67552    0.0153303
-0.20944     -1.67552    0.00883587
0     -1.67552    0.00962439
0.20944     -1.67552    0.00867994
0.418879     -1.67552    0.0153368
0.628319     -1.67552    0.000710738
0.837758     -1.67552    0.00390455
1.0472     -1.67552    0.00631057
1.25664     -1.67552    0.00911814
1.46608     -1.67552    0.00735069
1.67552     -1.67552    0.00262001
1.88496     -1.67552    0.000370054
2.0944     -1.67552    0.000537856
2.30383     -1.67552    0.000847882
2.51327     -1.67552    0.0101177
2.72271     -1.67552    0.0299149
2.93215     -1.67552    0.0273158
3.14159     -1.67552    0.045772

-3.14159     -1.46608    0.0348567
-2.93215     -1.46608    0.0277383
-2.72271     -1.46608    0.027007
-2.51327     -1.46608    0.0195462
-2.30383     -1.46608    0.0160026
-2.0944     -1.46608    0.00333057
-1.88496     -1.46608    0.00166385
-1.67552     -1.46608    0.000160351
-1.46608     -1.46608    0.000917503
-1.25664     -1.46608    0.00280005
-1.0472     -1.46608    0.000150251
-0.837758     -1.46608    0.0160391
-0.628319     -1.46608    0.00334833
-0.418879     -1.46608    0.0107393
-0.20944     -1.46608    0.00068514
0     -1.46608    0.00280568
0.20944     -1.46608    0.000855311
0.418879     -1.46608    0.0108162
0.628319     -1.46608    0.00320126
0.837758     -1.46608    0.0160806
1.0472     -1.46608    9.80807e-05
1.25664     -1.46608    0.00275149
1.46608     -1.46608    0.000782347
1.67552     -1.46608    0.000152163
1.88496     -1.46608    0.00165155
2.0944     -1.46608    0.0033369
2.30383     -1.46608    0.0159973
2.51327     -1.46608    0.0198105
2.72271     -1.46608    0.0271905
2.93215     -1.46608    0.0275289
3.14159     -1.46608    0.0341714

-3.14159     -1.25664    0.0252856
-2.93215     -1.25664    0.0117867
-2.72271     -1.25664    0.00187027
-2.51327     -1.25664    0.00413997
-2.30383     -1.25664    0.0282149
-2.0944     -1.25664    0.00972347
-1.88496     -1.25664    0.00816727
-1.67552     -1.25664    0.0111086
-1.46608     -1.25664    0.00791834
-1.25664     -1.25664    0.0153004
-1.0472     -1.25664    0.000727258
-0.837758     -1.25664    0.00289879
-0.628319     -1.25664    0.00810251
-0.418879     -1.25664    0.0128359
-0.20944     -1.25664    0.00542658
0     -1.25664    0.00321177
0.20944     -1.25664    0.00551462
0.418879     -1.25664    0.0127735
0.628319     -1.25664    0.00795938
0.837758     -1.25664    0.00278853
1.0472     -1.25664    0.000629302
1.25664     -1.25664    0.0154161
1.46608     -1.25664    0.00780506
1.67552     -1.25664    0.0112049
1.88496     -1.25664    0.00810203
2.0944     -1.25664    0.00974664
2.30383     -1.25664    0.0281764
2.51327     -1.25664    0.0041464
2.72271     -1.25664    0.0018719
2.93215     -1.25664    0.0117458
3.14159     -1.25664    0.0254772

-3.14159     -1.0472    0.00338872
-2.93215     -1.0472    0.00699303
-2.72271     -1.0472    0.0103995
-2.51327     -1.0472    0.00189939
-2.30383     -1.0472    0.000716455
-2.0944     -1.0472    0.00692546
-1.88496     -1.0472    0.00784756
-1.67552     -1.0472    0.00653382
-1.46608     -1.0472    0.00726482
-1.25664     -1.0472    0.00905435
-1.0472     -1.0472    0.0106047
-0.837758     -1.0472    0.0145018
-0.628319     -1.0472    0.00212846
-0.418879     -1.0472    0.00331186
-0.20944     -1.0472    0.00288554
0     -1.0472    0.00943349
0.20944     -1.0472    0.00285199
0.418879     -1.0472    0.00342654
0.628319     -1.0472    0.00201319
0.837758     -1.0472    0.0146028
1.0472     -1.0472    0.0106121
1.25664     -1.0472    0.00909509
1.46608     -1.0472    0.00730015
1.67552     -1.0472    0.00659008
1.88496     -1.0472    0.00786407
2.0944     -1.0472    0.00681076
2.30383     -1.0472    0.000764384
2.51327     -1.0472    0.00186056
2.72271     -1.0472    0.0103561
2.93215     -1.0472    0.00679137
3.14159     -1.0472    0.00322388

-3.14159     -0.837758    0.00111504
-2.93215     -0.837758    0.00412855
-2.72271     -0.837758    0.00975326
-2.51327     -0.837758    0.00107768
-2.30383     -0.837758    0.000842918
-2.0944     -0.837758    0.00516827
-1.88496     -0.837758    0.0123392
-1.67552     -0.837758    0.00134137
-1.46608     -0.837758    0.0093597
-1.25664     -0.837758    0.00593354
-1.0472     -0.837758    0.00629355
-0.837758     -0.837758    0.00176619
-0.628319     -0.837758    0.00512951
-0.418879     -0.837758    0.00512999
-0.20944     -0.837758    0.0118337
0     -0.837758    0.0118489
0.20944     -0.837758    0.0118784
0.418879     -0.837758    0.00509231
0.628319     -0.837758    0.00521438
0.837758     -0.837758    0.00169602
1.0472     -0.837758    0.00620039
1.25664     -0.837758    0.00597887
1.46608     -0.837758    0.00933318
1.67552     -0.837758    0.00134968
1.88496     -0.837758    0.0123888
2.0944     -0.837758    0.00513148
2.30383     -0.837758    0.00080555
2.51327     -0.837758    0.00112245
2.72271     -0.837758    0.00973122
2.93215     -0.837758    0.00404554
3.14159     -0.837758    0.00117944

-3.14159     -0.628319    0.00241458
-2.93215     -0.628319    0.00756646
-2.72271     -0.628319    0.00136933
-2.51327     -0.628319    0.00696739
-2.30383     -0.628319    0.00344104
-2.0944     -0.628319    0.00248188
-1.88496     -0.628319    0.00688364
-1.67552     -0.628319    0.0139081
-1.46608     -0.628319    0.00709777
-1.25664     -0.628319    0.00408904
-1.0472     -0.628319    0.00125806
-0.837758     -0.628319    0.00626056
-0.628319     -0.628319    0.0103803
-0.418879     -0.628319    0.0299976
-0.20944     -0.628319    0.0313949
0     -0.628319    0.00926011
0.20944     -0.628319    0.0314782
0.418879     -0.628319    0.0303379
0.628319     -0.628319    0.0101362
0.837758     -0.628319    0.00621981
1.0472     -0.628319    0.00122415
1.25664     -0.628319    0.00408763
1.46608     -0.628319    0.00709891
1.67552     -0.628319    0.0138602
1.88496     -0.628319    0.00690773
2.0944     -0.628319    0.00243526
2.30383     -0.628319    0.00341126
2.51327     -0.628319    0.00692992
2.72271     -0.628319    0.00147448
2.93215     -0.628319    0.00758029
3.14159     -0.628319    0.00249135

-3.14159     -0.418879    0.00161957
-2.93215     -0.418879    0.00676666
-2.72271     -0.418879    0.00516843
-2.51327     -0.418879    0.000818429
-2.30383     -0.418879    0.00805072
-2.0944     -0.418879    0.00570185
-1.88496     -0.418879    0.00254891
-1.67552     -0.418879    0.0126756
-1.46608     -0.418879    0.00956315
-1.25664     -0.418879    0.00156496
-1.0472     -0.418879    0.00537434
-0.837758     -0.418879    0.0103996
-0.628319     -0.418879    0.00762505
-0.418879     -0.418879    0.032414
-0.20944     -0.418879    0.0332716
0     -0.418879    0.0486376
0.20944     -0.418879    0.0336423
0.418879     -0.418879    0.0329303
0.628319     -0.418879    0.00768519
0.837758     -0.418879    0.0102499
1.0472     -0.418879    0.00538648
1.25664     -0.418879    0.00155475
1.46608     -0.418879    0.00961499
1.67552     -0.418879    0.0125661
1.88496     -0.418879    0.00255894
2.0944     -0.418879    0.00569217
2.30383     -0.418879    0.00805966
2.51327     -0.418879    0.000880079
2.72271     -0.418879    0.0051488
2.93215     -0.418879    0.00671164
3.14159     -0.418879    0.00162395

-3.14159     -0.20944    0.00405746
-2.93215     -0.20944    0.00456358
-2.72271     -0.20944    0.00684772
-2.51327     -0.20944    0.0125847
-2.30383     -0.20944    0.00829102
-2.0944     -0.20944    0.00941072
-1.88496     -0.20944    0.00573634
-1.67552     -0.20944    0.00609421
-1.46608     -0.20944    0.00880332
-1.25664     -0.20944    0.0105399
-1.0472     -0.20944    0.00666743
-0.837758     -0.20944    0.0124774
-0.628319     -0.20944    0.0202843
-0.418879     -0.20944    0.0324966
-0.20944     -0.20944    0.0435462
0     -0.20944    0.0481856
0.20944     -0.20944    0.0427757
0.418879     -0.20944    0.0330092
0.628319     -0.20944    0.0194066
0.837758     -0.20944    0.0125006
1.0472     -0.20944    0.00674904
1.25664     -0.20944    0.0106599
1.46608     -0.20944    0.0086745
1.67552     -0.20944    0.00600519
1.88496     -0.20944    0.00564887
2.0944     -0.20944    0.00945276
2.30383     -0.20944    0.00825739
2.51327     -0.20944    0.0125747
2.72271     -0.20944    0.00682343
2.93215     -0.20944    0.00457371
3.14159     -0.20944    0.00408233

-3.14159     0    0.00618473
-2.93215     0    0.00402731
-2.72271     0    0.00107125
-2.51327     0    0.00843831
-2.30383     0    0.00472131
-2.0944     0    0.00314844
-1.88496     0    0.00450867
-1.67552     0    0.0168898
-1.46608     0    7.13176e-05
-1.25664     0    0.00505312
-1.0472     0    0.0031391
-0.837758     0    0.0207173
-0.628319     0    0.0425323
-0.418879     0    0.0329728
-0.20944     0    0.06371
0     0    1.59091e-14
0.20944     0    0.06371
0.418879     0    0.0329728
0.628319     0    0.0425323
0.837758     0    0.0207173
1.0472     0    0.0031391
1.25664     0    0.00505312
1.46608     0    7.13176e-05
1.67552     0    0.0168898
1.88496     0    0.00450867
2.0944     0    0.00314844
2.30383     0    0.00472131
2.51327     0    0.00843831
2.72271     0    0.00107125
2.93215     0    0.00402731
3.14159     0    0.00618473

-3.14159     0.20944    0.00408233
-2.93215     0.20944    0.00457371
-2.72271     0.20944    0.00682343
-2.51327     0.20944    0.0125747
-2.30383     0.20944    0.00825739
-2.0944     0.20944    0.00945276
-1.88496     0.20944    0.00564887
-1.67552     0.20944    0.00600519
-1.46608     0.20944    0.0086745
-1.25664     0.20944    0.0106599
-1.0472     0.20944    0.00674904
-0.837758     0.20944    0.0125006
-0.628319     0.20944    0.0194066
-0.418879     0.20944    0.0330092
-0.20944     0.20944    0.0427757
0     0.20944    0.0481856
0.20944     0.20944    0.0435462
0.418879     0.20944    0.0324966
0.628319     0.20944    0.0202843
0.837758     0.20944    0.0124774
1.0472     0.20944    0.00666743
1.25664     0.20944    0.0105399
1.46608     0.20944    0.00880332
1.67552     0.20944    0.00609421
1.88496     0.20944    0.00573634
2.0944     0.20944    0.00941072
2.30383     0.20944    0.00829102
2.51327     0.20944    0.0125847
2.72271     0.20944    0.00684772
2.93215     0.20944    0.00456358
3.14159     0.20944    0.00405746

-3.14159     0.418879    0.00162395
-2.93215     0.418879    0.00671164
-2.72271     0.418879    0.0051488
-2.51327     0.418879    0.000880079
-2.30383     0.418879    0.00805966
-2.0944     0.418879    0.00569217
-1.88496     0.418879    0.00255894
-1.67552     0.418879    0.0125661
-1.46608     0.418879    0.00961499
-1.25664     0.418879    0.00155475
-1.0472     0.418879    0.00538648
-0.837758     0.418879    0.0102499
-0.628319     0.418879    0.00768519
-0.418879     0.418879    0.0329303
-0.20944     0.418879    0.0336423
0     0.418879    0.0486376
0.20944     0.418879    0.0332716
0.418879     0.418879    0.032414
0.628319     0.418879    0.00762505
0.837758     0.418879    0.0103996
1.0472     0.418879    0.00537434
1.25664     0.418879    0.00156496
1.46608     0.418879    0.00956315
1.67552     0.418879    0.0126756
1.88496     0.418879    0.00254891
2.0944     0.418879    0.00570185
2.30383     0.418879    0.00805072
2.51327     0.418879    0.000818429
2.72271     0.418879    0.00516843
2.93215     0.418879    0.00676666
3.14159     0.418879    0.00161957

-3.14159     0.628319    0.00249135
-2.93215     0.628319    0.00758029
-2.72271     0.628319    0.00147448
-2.51327     0.628319    0.00692992
-2.30383     0.628319    0.00341126
-2.0944     0.628319    0.00243526
-1.88496     0.628319    0.00690773
-1.67552     0.628319    0.0138602
-1.46608     0.628319    0.00709891
-1.25664     0.628319    0.00408763
-1.0472     0.628319    0.00122415
-0.837758     0.628319    0.00621981
-0.628319     0.628319    0.0101362
-0.418879     0.628319    0.0303379
-0.20944     0.628319    0.0314782
0     0.628319    0.00926011
0.20944     0.628319    0.0313949
0.418879     0.628319    0.0299976
0.628319     0.628319    0.0103803
0.837758     0.628319    0.00626056
1.0472     0.628319    0.00125806
1.25664     0.628319    0.00408904
1.46608     0.628319    0.00709777
1.67552     0.628319    0.0139081
1.88496     0.628319    0.00688364
2.0944     0.628319    0.00248188
2.30383     0.628319    0.00344104
2.51327     0.628319    0.00696739
2.72271     0.628319    0.00136933
2.93215     0.628319    0.00756646
3.14159     0.628319    0.00241458

-3.14159     0.837758    0.00117944
-2.93215     0.837758    0.00404554
-2.72271     0.837758    0.00973122
-2.51327     0.837758    0.00112245
-2.30383     0.837758    0.00080555
-2.0944     0.837758    0.00513148
-1.88496     0.837758    0.0123888
-1.67552     0.837758    0.00134968
-1.46608     0.837758    0.00933318
-1.25664     0.837758    0.00597887
-1.0472     0.837758    0.00620039
-0.837758     0.837758    0.00169602
-0.628319     0.837758    0.00521438
-0.418879     0.837758    0.00509231
-0.20944     0.837758    0.0118784
0     0.837758    0.0118489
0.20944     0.837758    0.0118337
0.418879     0.837758    0.00512999
0.628319     0.837758    0.00512951
0.837758     0.837758    0.00176619
1.0472     0.837758    0.00629355
1.25664     0.837758    0.00593354
1.46608     0.837758    0.0093597
1.67552     0.837758    0.00134137
1.88496     0.837758    0.0123392
2.0944     0.837758    0.00516827
2.30383     0.837758    0.000842918
2.51327     0.837758    0.00107768
2.72271     0.837758    0.00975326
2.93215     0.837758    0.00412855
3.14159     0.837758    0.00111504

-3.14159     1.0472    0.00322388
-2.93215     1.0472    0.00679137
-2.72271     1.0472    0.0103561
-2.51327     1.0472    0.00186056
-2.30383     1.0472    0.000764384
-2.0944     1.0472    0.00681076
-1.88496     1.0472    0.00786407
-1.67552     1.0472    0.00659008
-1.46608     1.0472    0.00730015
-1.25664     1.0472    0.00909509
-1.0472     1.0472    0.0106121
-0.837758     1.0472    0.0146028
-0.628319     1.0472    0.00201319
-0.418879     1.0472    0.00342654
-0.20944     1.0472    0.00285199
0     1.0472    0.00943349
0.20944     1.0472    0.00288554
0.418879     1.0472    0.00331186
0.628319     1.0472    0.00212846
0.837758     1.0472    0.0145018
1.0472     1.0472    0.0106047
1.25664     1.0472    0.00905435
1.46608     1.0472    0.00726482
1.67552     1.0472    0.00653382
1.88496     1.0472    0.00784756
2.0944     1.0472    0.00692546
2.30383     1.0472    0.000716455
2.51327     1.0472    0.00189939
2.72271     1.0472    0.0103995
2.93215     1.0472    0.00699303
3.14159     1.0472    0.00338872

-3.14159     1.25664    0.0254772
-2.93215     1.25664    0.0117458
-2.72271     1.25664    0.0018719
-2.51327     1.25664    0.0041464
-2.30383     1.25664    0.0281764
-2.0944     1.25664    0.00974664
-1.88496     1.25664    0.00810203
-1.67552     1.25664    0.0112049
-1.46608     1.25664    0.00780506
-1.25664     1.25664    0.0154161
-1.0472     1.25664    0.000629302
-0.837758     1.25664    0.00278853
-0.628319     1.25664    0.00795938
-0.418879     1.25664    0.0127735
-0.20944     1.25664    0.00551462
0     1.25664    0.00321177
0.20944     1.25664    0.00542658
0.418879     1.25664    0.0128359
0.628319     1.25664    0.00810251
0.837758     1.25664    0.00289879
1.0472     1.25664    0.000727258
1.25664     1.25664    0.0153004
1.46608     1.25664    0.00791834
1.67552     1.25664    0.0111086
1.88496     1.25664    0.00816727
2.0944     1.25664    0.00972347
2.30383     1.25664    0.0282149
2.51327     1.25664    0.00413997
2.72271     1.25664    0.00187027
2.93215     1.25664    0.0117867
3.14159     1.25664    0.0252856

-3.14159     1.46608    0.0341714
-2.93215     1.46608    0.0275289
-2.72271     1.46608    0.0271905
-2.51327     1.46608    0.0198105
-2.30383     1.46608    0.0159973
-2.0944     1.46608    0.0033369
-1.88496     1.46608    0.00165155
-1.67552     1.46608    0.000152163
-1.46608     1.46608    0.000782347
-1.25664     1.46608    0.00275149
-1.0472     1.46608    9.80807e-05
-0.837758     1.46608    0.0160806
-0.628319     1.46608    0.00320126
-0.418879     1.46608    0.0108162
-0.20944     1.46608    0.000855311
0     1.46608    0.00280568
0.20944     1.46608    0.00068514
0.418879     1.46608    0.0107393
0.628319     1.46608    0.00334833
0.837758     1.46608    0.0160391
1.0472     1.46608    0.000150251
1.25664     1.46608    0.00280005
1.46608     1.46608    0.000917503
1.67552     1.46608    0.000160351
1.88496     1.46608    0.00166385
2.0944     1.46608    0.00333057
2.30383     1.46608    0.0160026
2.51327     1.46608    0.0195462
2.72271     1.46608    0.027007
2.93215     1.46608    0.0277383
3.14159     1.46608    0.0348567

-3.14159     1.67552    0.045772
-2.93215     1.67552    0.0273158
-2.72271     1.67552    0.0299149
-2.51327     1.67552    0.0101177
-2.30383     1.67552    0.000847882
-2.0944     1.67552    0.000537856
-1.88496     1.67552    0.000370054
-1.67552     1.67552    0.00262001
-1.46608     1.67552    0.00735069
-1.25664     1.67552    0.00911814
-1.0472     1.67552    0.00631057
-0.837758     1.67552    0.00390455
-0.628319     1.67552    0.000710738
-0.418879     1.67552    0.0153368
-0.20944     1.67552    0.00867994
0     1.67552    0.00962439
0.20944     1.67552    0.00883587
0.418879     1.67552    0.0153303
0.628319     1.67552    0.000759483
0.837758     1.67552    0.00370688
1.0472     1.67552    0.00626481
1.25664     1.67552    0.00918932
1.46608     1.67552    0.00728887
1.67552     1.67552    0.00266047
1.88496     1.67552    0.00034708
2.0944     1.67552    0.000583559
2.30383     1.67552    0.000775282
2.51327     1.67552    0.0100292
2.72271     1.67552    0.029921
2.93215     1.67552    0.0272766
3.14159     1.67552    0.0467536

-3.14159     1.88496    0.049842
-2.93215     1.88496    0.0342673
-2.72271     1.88496    0.029005
-2.51327     1.88496    0.0063217
-2.30383     1.88496    0.00985884
-2.0944     1.88496    0.0117694
-1.88496     1.88496    0.00365648
-1.67552     1.88496    0.0059438
-1.46608     1.88496    0.00603819
-1.25664     1.88496    0.00637453
-1.0472     1.88496    0.00236581
-0.837758     1.88496    0.0101008
-0.628319     1.88496    0.00298955
-0.418879     1.88496    0.00933627
-0.20944     1.88496    0.00796162
0     1.88496    0.00337335
0.20944     1.88496    0.00785157
0.418879     1.88496    0.00947814
0.628319     1.88496    0.0029793
0.837758     1.88496    0.0100986
1.0472     1.88496    0.00243754
1.25664     1.88496    0.00634358
1.46608     1.88496    0.00608082
1.67552     1.88496    0.00589692
1.88496     1.88496    0.00365906
2.0944     1.88496    0.0117176
2.30383     1.88496    0.00982812
2.51327     1.88496    0.0062673
2.72271     1.88496    0.0293334
2.93215     1.88496    0.0337461
3.14159     1.88496    0.0506971

-3.14159     2.0944    0.0365415
-2.93215     2.0944    0.0468273
-2.72271     2.0944    0.0273325
-2.51327     2.0944    0.0133016
-2.30383     2.0944    0.00184064
-2.0944     2.0944    0.00330332
-1.88496     2.0944    0.0035584
-1.67552     2.0944    0.00332544
-1.46608     2.0944    0.0144846
-1.25664     2.0944    0.0100943
-1.0472     2.0944    0.000463359
-0.837758     2.0944    0.0111985
-0.628319     2.0944    0.00207274
-0.418879     2.0944    0.000784175
-0.20944     2.0944    0.0125932
0     2.0944    0.00871751
0.20944     2.0944    0.0126447
0.418879     2.0944    0.000871623
0.628319     2.0944    0.00205775
0.837758     2.0944    0.01124
1.0472     2.0944    0.000428318
1.25664     2.0944    0.0100785
1.46608     2.0944    0.0143937
1.67552     2.0944    0.00338738
1.88496     2.0944    0.00363253
2.0944     2.0944    0.00334045
2.30383     2.0944    0.00180179
2.51327     2.0944    0.013377
2.72271     2.0944    0.0273159
2.93215     2.0944    0.0476267
3.14159     2.0944    0.0375012

-3.14159     2.30383    0.0299545
-2.93215     2.30383    0.0219393
-2.72271     2.30383    0.00912312
-2.51327     2.30383    0.00185383
-2.30383     2.30383    0.00143887
-2.0944     2.30383    0.00518184
-1.88496     2.30383    0.00600594
-1.67552     2.30383    0.00800043
-1.46608     2.30383    0.00311737
-1.25664     2.30383    0.00313448
-1.0472     2.30383    0.0124277
-0.837758     2.30383    0.00713992
-0.628319     2.30383    0.00325782
-0.418879     2.30383    0.00146596
-0.20944     2.30383    0.00669379
0     2.30383    0.00620741
0.20944     2.30383    0.00668455
0.418879     2.30383    0.00152998
0.628319     2.30383    0.00322296
0.837758     2.30383    0.00718611
1.0472     2.30383    0.0123978
1.25664     2.30383    0.00313908
1.46608     2.30383    0.00315267
1.67552     2.30383    0.00799259
1.88496     2.30383    0.00604307
2.0944     2.30383    0.00517664
2.30383     2.30383    0.00139081
2.51327     2.30383    0.0016755
2.72271     2.30383    0.00866226
2.93215     2.30383    0.0219471
3.14159     2.30383    0.0299135

-3.14159     2.51327    0.0100932
-2.93215     2.51327    0.00540503
-2.72271     2.51327    0.0169462
-2.51327     2.51327    0.00277012
-2.30383     2.51327    0.00697193
-2.0944     2.51327    0.00483574
-1.88496     2.51327    0.00278713
-1.67552     2.51327    0.00442933
-1.46608     2.51327    0.00511476
-1.25664     2.51327    0.00678913
-1.0472     2.51327    0.00763943
-0.837758     2.51327    0.00306564
-0.628319     2.51327    0.00282145
-0.418879     2.51327    0.0027629
-0.20944     2.51327    0.00408462
0     2.51327    0.0209167
0.20944     2.51327    0.00399366
0.418879     2.51327    0.00276058
0.628319     2.51327    0.00280641
0.837758     2.51327    0.00325974
1.0472     2.51327    0.00765979
1.25664     2.51327    0.00678189
1.46608     2.51327    0.00516872
1.67552     2.51327    0.00438467
1.88496     2.51327    0.00278383
2.0944     2.51327    0.00485641
2.30383     2.51327    0.00697454
2.51327     2.51327    0.00260329
2.72271     2.51327    0.016623
2.93215     2.51327    0.00447306
3.14159     2.51327    0.0101063

-3.14159     2.72271    0.00245001
-2.93215     2.72271    0.00259343
-2.72271     2.72271    0.00577142
-2.51327     2.72271    0.0234889
-2.30383     2.72271    0.00169255
-2.0944     2.72271    0.00134212
-1.88496     2.72271    8.63916e-05
-1.67552     2.72271    0.00595639
-1.46608     2.72271    0.00502129
-1.25664     2.72271    0.00370014
-1.0472     2.72271    0.00554059
-0.837758     2.72271    0.00514133
-0.628319     2.72271    0.00953952
-0.418879     2.72271    0.00440698
-0.20944     2.72271    0.00320922
0     2.72271    0.0276338
0.20944     2.72271    0.00331097
0.418879     2.72271    0.00444171
0.628319     2.72271    0.00959419
0.837758     2.72271    0.00523874
1.0472     2.72271    0.00554603
1.25664     2.72271    0.00369763
1.46608     2.72271    0.00498475
1.67552     2.72271    0.00586304
1.88496     2.72271    9.23253e-05
2.0944     2.72271    0.00139174
2.30383     2.72271    0.00172068
2.51327     2.72271    0.0237381
2.72271     2.72271    0.00596018
2.93215     2.72271    0.00242027
3.14159     2.72271    0.00227585

-3.14159     2.93215    0.00246637
-2.93215     2.93215    0.0071029
-2.72271     2.93215    0.00870777
-2.51327     2.93215    0.0203957
-2.30383     2.93215    0.0119811
-2.0944     2.93215    0.0007857
-1.88496     2.93215    0.00228211
-1.67552     2.93215    0.00064113
-1.46608     2.93215    0.00115356
-1.25664     2.93215    0.00300871
-1.0472     2.93215    0.00197119
-0.837758     2.93215    0.00721836
-0.628319     2.93215    0.00699751
-0.418879     2.93215    0.00691252
-0.20944     2.93215    0.00350737
0     2.93215    0.0202411
0.20944     2.93215    0.00325598
0.418879     2.93215    0.00693452
0.628319     2.93215    0.00708633
0.837758     2.93215    0.00724442
1.0472     2.93215    0.00203093
1.25664     2.93215    0.00292734
1.46608     2.93215    0.00113913
1.67552     2.93215    0.000647257
1.88496     2.93215    0.00233389
2.0944     2.93215    0.000782391
2.30383     2.93215    0.0120204
2.51327     2.93215    0.0201481
2.72271     2.93215    0.00869622
2.93215     2.93215    0.00712935
3.14159     2.93215    0.00237662

-3.14159     3.14159    0.000317546
-2.93215     3.14159    0.00228125
-2.72271     3.14159    0.00929468
-2.51327     3.14159    0.0099413
-2.30383     3.14159    0.0033447
-2.0944     3.14159    0.00641783
-1.88496     3.14159    0.00891941
-1.67552     3.14159    0.00458819
-1.46608     3.14159    8.18635e-05
-1.25664     3.14159    0.00215685
-1.0472     3.14159    0.00137275
-0.837758     3.14159    0.00135169
-0.628319     3.14159    0.00353947
-0.418879     3.14159    0.00975296
-0.20944     3.14159    0.017758
0     3.14159    0.0331616
0.20944     3.14159    0.0180526
0.418879     3.14159    0.00978784
0.628319     3.14159    0.00317547
0.837758     3.14159    0.00133884
1.0472     3.14159    0.00135574
1.25664     3.14159    0.00226158
1.46608     3.14159    7.44198e-05
1.67552     3.14159    0.00464847
1.88496     3.14159    0.00903227
2.0944     3.14159    0.00651867
2.30383     3.14159    0.00333304
2.51327     3.14159    0.01007
2.72271     3.14159    0.0093929
2.93215     3.14159    0.00239583
3.14159     3.14159    0.00032451

