-3.14159     -3.14159    0.0302765
-2.93215     -3.14159    0.00116403
-2.72271     -3.14159    0.00103916
-2.51327     -3.14159    0.00187626
-2.30383     -3.14159    0.00388417
-2.0944     -3.14159    0.000603349
-1.88496     -3.14159    0.00183377
-1.67552     -3.14159    0.0047348
-1.46608     -3.14159    0.0149143
-1.25664     -3.14159    0.00162799
-1.0472     -3.14159    0.0316787
-0.837758     -3.14159    0.00657433
-0.628319     -3.14159    0.00255421
-0.418879     -3.14159    0.00177472
-0.20944     -3.14159    0.00700177
0     -3.14159    0.00519349
0.20944     -3.14159    0.00686773
0.418879     -3.14159    0.001686
0.628319     -3.14159    0.0026694
0.837758     -3.14159    0.00648549
1.0472     -3.14159    0.0317926
1.25664     -3.14159    0.00176149
1.46608     -3.14159    0.0147282
1.67552     -3.14159    0.00460764
1.88496     -3.14159    0.00172241
2.0944     -3.14159    0.000715109
2.30383     -3.14159    0.004084
2.51327     -3.14159    0.0014835
2.72271     -3.14159    0.000858504
2.93215     -3.14159    0.0013992
3.14159     -3.14159    0.0307416

-3.14159     -2.93215    0.0314817
-2.93215     -2.93215    0.0043874
-2.72271     -2.93215    0.00153172
-2.51327     -2.93215    0.0218049
-2.30383     -2.93215    0.000633896
-2.0944     -2.93215    0.00292096
-1.88496     -2.93215    0.0131012
-1.67552     -2.93215    0.0273763
-1.46608     -2.93215    0.0186847
-1.25664     -2.93215    0.00678793
-1.0472     -2.93215    0.0302133
-0.837758     -2.93215    0.0295038
-0.628319     -2.93215    0.00334975
-0.418879     -2.93215    0.00757957
-0.20944     -2.93215    0.0023166
0     -2.93215    0.00506834
0.20944     -2.93215    0.00246858
0.418879     -2.93215    0.0078066
0.628319     -2.93215    0.00367693
0.837758     -2.93215    0.0300465
1.0472     -2.93215    0.0301333
1.25664     -2.93215    0.00676375
1.46608     -2.93215    0.0184141
1.67552     -2.93215    0.0267365
1.88496     -2.93215    0.0135278
2.0944     -2.93215    0.00266685
2.30383     -2.93215    0.00076318
2.51327     -2.93215    0.0225742
2.72271     -2.93215    0.00152792
2.93215     -2.93215    0.00422502
3.14159     -2.93215    0.032503

-3.14159     -2.72271    0.000569749
-2.93215     -2.72271    0.00453629
-2.72271     -2.72271    0.0113926
-2.51327     -2.72271    0.013382
-2.30383     -2.72271    0.000286353
-2.0944     -2.72271    0.00190618
-1.88496     -2.72271    0.0192529
-1.67552     -2.72271    0.00607913
-1.46608     -2.72271    0.00335063
-1.25664     -2.72271    0.00769809
-1.0472     -2.72271    0.001101
-0.837758     -2.72271    0.00414518
-0.628319     -2.72271    0.00707174
-0.418879     -2.72271    0.00201216
-0.20944     -2.72271    0.00158644
0     -2.72271    0.00259952
0.20944     -2.72271    0.00177912
0.418879     -2.72271    0.00193208
0.628319     -2.72271    0.00699394
0.837758     -2.72271    0.00409403
1.0472     -2.72271    0.000881987
1.25664     -2.72271    0.00764902
1.46608     -2.72271    0.00318456
1.67552     -2.72271    0.00597514
1.88496     -2.72271    0.0194533
2.0944     -2.72271    0.00207673
2.30383     -2.72271    0.000432139
2.51327     -2.72271    0.0134845
2.72271     -2.72271    0.0116617
2.93215     -2.72271    0.00468552
3.14159     -2.72271    0.000420214

-3.14159     -2.51327    0.00282906
-2.93215     -2.51327    0.0128866
-2.72271     -2.51327    0.0221955
-2.51327     -2.51327    0.00387789
-2.30383     -2.51327    0.00633138
-2.0944     -2.51327    0.0220091
-1.88496     -2.51327    0.00370298
-1.67552     -2.51327    0.0106684
-1.46608     -2.51327    0.0121889
-1.25664     -2.51327    0.0354926
-1.0472     -2.51327    0.00191493
-0.837758     -2.51327    0.0132736
-0.628319     -2.51327    0.00302704
-0.418879     -2.51327    0.00563546
-0.20944     -2.51327    0.00324617
0     -2.51327    0.0137678
0.20944     -2.51327    0.00339996
0.418879     -2.51327    0.00550557
0.628319     -2.51327    0.00299716
0.837758     -2.51327    0.0129004
1.0472     -2.51327    0.00230571
1.25664     -2.51327    0.035273
1.46608     -2.51327    0.0121787
1.67552     -2.51327    0.0106178
1.88496     -2.51327    0.00384401
2.0944     -2.51327    0.0211892
2.30383     -2.51327    0.00628942
2.51327     -2.51327    0.00344582
2.72271     -2.51327    0.0221932
2.93215     -2.51327    0.0131692
3.14159     -2.51327    0.00318798

-3.14159     -2.30383    0.000324315
-2.93215     -2.30383    0.022488
-2.72271     -2.30383    0.0228489
-2.51327     -2.30383    0.00467063
-2.30383     -2.30383    0.00664409
-2.0944     -2.30383    0.0486238
-1.88496     -2.30383    0.0052875
-1.67552     -2.30383    0.0120053
-1.46608     -2.30383    0.0309148
-1.25664     -2.30383    0.0126254
-1.0472     -2.30383    0.00449263
-0.837758     -2.30383    0.0122559
-0.628319     -2.30383    0.000349043
-0.418879     -2.30383    0.00649157
-0.20944     -2.30383    0.0134133
0     -2.30383    0.0239558
0.20944     -2.30383    0.0132299
0.418879     -2.30383    0.00631389
0.628319     -2.30383    0.00037671
0.837758     -2.30383    0.0125131
1.0472     -2.30383    0.00465143
1.25664     -2.30383    0.0123165
1.46608     -2.30383    0.0305234
1.67552     -2.30383    0.0119863
1.88496     -2.30383    0.00516522
2.0944     -2.30383    0.0479656
2.30383     -2.30383    0.00643415
2.51327     -2.30383    0.00476416
2.72271     -2.30383    0.0224178
2.93215     -2.30383    0.0226311
3.14159     -2.30383    0.0002311

-3.14159     -2.0944    0.00122566
-2.93215     -2.0944    0.00886445
-2.72271     -2.0944    0.0034746
-2.51327     -2.0944    0.00202591
-2.30383     -2.0944    0.0029269
-2.0944     -2.0944    0.00939114
-1.88496     -2.0944    0.001247
-1.67552     -2.0944    0.00571957
-1.46608     -2.0944    0.00110549
-1.25664     -2.0944    0.0101054
-1.0472     -2.0944    0.0155465
-0.837758     -2.0944    0.0114341
-0.628319     -2.0944    0.000932145
-0.418879     -2.0944    0.00395249
-0.20944     -2.0944    0.00649595
0     -2.0944    0.00934803
0.20944     -2.0944    0.00662159
0.418879     -2.0944    0.00382266
0.628319     -2.0944    0.000929987
0.837758     -2.0944    0.0116216
1.0472     -2.0944    0.015369
1.25664     -2.0944    0.01028
1.46608     -2.0944    0.000821015
1.67552     -2.0944    0.00616497
1.88496     -2.0944    0.00131165
2.0944     -2.0944    0.00975195
2.30383     -2.0944    0.00289382
2.51327     -2.0944    0.00177629
2.72271     -2.0944    0.00321287
2.93215     -2.0944    0.00866776
3.14159     -2.0944    0.000953854

-3.14159     -1.88496    0.013487
-2.93215     -1.88496    0.0130987
-2.72271     -1.88496    0.00764003
-2.51327     -1.88496    0.00273033
-2.30383     -1.88496    0.00443032
-2.0944     -1.88496    0.00585737
-1.88496     -1.88496    0.00470398
-1.67552     -1.88496    0.0208192
-1.46608     -1.88496    0.00975717
-1.25664     -1.88496    0.0163094
-1.0472     -1.88496    0.0189773
-0.837758     -1.88496    0.0050811
-0.628319     -1.88496    0.00386809
-0.418879     -1.88496    0.0104368
-0.20944     -1.88496    0.000326633
0     -1.88496    0.00237109
0.20944     -1.88496    0.000114572
0.418879     -1.88496    0.0105024
0.628319     -1.88496    0.00372533
0.837758     -1.88496    0.00503648
1.0472     -1.88496    0.0193878
1.25664     -1.88496    0.016545
1.46608     -1.88496    0.00973547
1.67552     -1.88496    0.021113
1.88496     -1.88496    0.00460288
2.0944     -1.88496    0.00569588
2.30383     -1.88496    0.00458625
2.51327     -1.88496    0.00252465
2.72271     -1.88496    0.007672
2.93215     -1.88496    0.0131271
3.14159     -1.88496    0.0146186

-3.14159     -1.67552    0.0102638
-2.93215     -1.67552    0.0225197
-2.72271     -1.67552    0.00393542
-2.51327     -1.67552    0.0018029
-2.30383     -1.67552    0.00577822
-2.0944     -1.67552    0.00460177
-1.88496     -1.67552    0.00487425
-1.67552     -1.67552    0.0020579
-1.46608     -1.67552    0.0018509
-1.25664     -1.67552    0.00499835
-1.0472     -1.67552    0.000909556
-0.837758     -1.67552    0.00196296
-0.628319     -1.67552    0.00267354
-0.418879     -1.67552    0.0095644
-0.20944     -1.67552    0.0127452
0     -1.67552    0.000815296
0.20944     -1.67552    0.0129933
0.418879     -1.67552    0.00941148
0.628319     -1.67552    0.00252067
0.837758     -1.67552    0.00209393
1.0472     -1.67552    0.000717451
1.25664     -1.67552    0.00491023
1.46608     -1.67552    0.00172578
1.67552     -1.67552    0.00191872
1.88496     -1.67552    0.00492706
2.0944     -1.67552    0.00443614
2.30383     -1.67552    0.00584902
2.51327     -1.67552    0.00174567
2.72271     -1.67552    0.00401857
2.93215     -1.67552    0.0219632
3.14159     -1.67552    0.0109857

-3.14159     -1.46608    0.00146549
-2.93215     -1.46608    0.00602237
-2.72271     -1.46608    0.00627799
-2.51327     -1.46608    0.00349109
-2.30383     -1.46608    0.00108764
-2.0944     -1.46608    0.00559406
-1.88496     -1.46608    0.000248529
-1.67552     -1.46608    0.00385535
-1.46608     -1.46608    0.00366129
-1.25664     -1.46608    0.00350104
-1.0472     -1.46608    0.000176092
-0.837758     -1.46608    0.0285933
-0.628319     -1.46608    0.0054092
-0.418879     -1.46608    0.00874344
-0.20944     -1.46608    0.0135648
0     -1.46608    0.0070514
0.20944     -1.46608    0.014119
0.418879     -1.46608    0.00863238
0.628319     -1.46608    0.00533585
0.837758     -1.46608    0.0282643
1.0472     -1.46608    0.00013137
1.25664     -1.46608    0.0034225
1.46608     -1.46608    0.00352752
1.67552     -1.46608    0.00377784
1.88496     -1.46608    0.00038941
2.0944     -1.46608    0.00590768
2.30383     -1.46608    0.000837406
2.51327     -1.46608    0.00336765
2.72271     -1.46608    0.00622411
2.93215     -1.46608    0.00623124
3.14159     -1.46608    0.00192428

-3.14159     -1.25664    0.00216835
-2.93215     -1.25664    0.00162592
-2.72271     -1.25664    0.00293706
-2.51327     -1.25664    0.00172548
-2.30383     -1.25664    0.00086457
-2.0944     -1.25664    0.0178777
-1.88496     -1.25664    0.0190446
-1.67552     -1.25664    0.00480052
-1.46608     -1.25664    0.0139069
-1.25664     -1.25664    0.00834859
-1.0472     -1.25664    0.0105281
-0.837758     -1.25664    0.00820489
-0.628319     -1.25664    0.00243435
-0.418879     -1.25664    0.00273099
-0.20944     -1.25664    0.0129562
0     -1.25664    0.0123304
0.20944     -1.25664    0.0131676
0.418879     -1.25664    0.00293317
0.628319     -1.25664    0.00209701
0.837758     -1.25664    0.00799532
1.0472     -1.25664    0.0102835
1.25664     -1.25664    0.00821716
1.46608     -1.25664    0.0138618
1.67552     -1.25664    0.00473865
1.88496     -1.25664    0.01878
2.0944     -1.25664    0.0179635
2.30383     -1.25664    0.000696655
2.51327     -1.25664    0.00152446
2.72271     -1.25664    0.00285674
2.93215     -1.25664    0.00124938
3.14159     -1.25664    0.00243932

-3.14159     -1.0472    0.000559568
-2.93215     -1.0472    0.00886993
-2.72271     -1.0472    0.00574042
-2.51327     -1.0472    0.00252703
-2.30383     -1.0472    0.00647693
-2.0944     -1.0472    0.0219051
-1.88496     -1.0472    0.0115068
-1.67552     -1.0472    0.0034551
-1.46608     -1.0472    0.000225663
-1.25664     -1.0472    0.0086045
-1.0472     -1.0472    0.00444979
-0.837758     -1.0472    0.00773812
-0.628319     -1.0472    0.00485673
-0.418879     -1.0472    0.00376085
-0.20944     -1.0472    0.00741351
0     -1.0472    0.030057
0.20944     -1.0472    0.00697811
0.418879     -1.0472    0.00401042
0.628319     -1.0472    0.00518867
0.837758     -1.0472    0.00751468
1.0472     -1.0472    0.00445806
1.25664     -1.0472    0.00864793
1.46608     -1.0472    0.000350992
1.67552     -1.0472    0.00339317
1.88496     -1.0472    0.0114808
2.0944     -1.0472    0.0222279
2.30383     -1.0472    0.00654323
2.51327     -1.0472    0.00249349
2.72271     -1.0472    0.00564385
2.93215     -1.0472    0.00884602
3.14159     -1.0472    0.00065726

-3.14159     -0.837758    0.00730004
-2.93215     -0.837758    0.0185113
-2.72271     -0.837758    0.00658164
-2.51327     -0.837758    0.0120845
-2.30383     -0.837758    0.00469767
-2.0944     -0.837758    0.00212223
-1.88496     -0.837758    0.00359803
-1.67552     -0.837758    0.00513244
-1.46608     -0.837758    0.00052153
-1.25664     -0.837758    0.0138544
-1.0472     -0.837758    0.013676
-0.837758     -0.837758    0.00576983
-0.628319     -0.837758    0.00355058
-0.418879     -0.837758    0.0034543
-0.20944     -0.837758    0.00511981
0     -0.837758    0.0107029
0.20944     -0.837758    0.0049708
0.418879     -0.837758    0.00335558
0.628319     -0.837758    0.00342611
0.837758     -0.837758    0.00586336
1.0472     -0.837758    0.0132906
1.25664     -0.837758    0.0139048
1.46608     -0.837758    0.000561783
1.67552     -0.837758    0.00499406
1.88496     -0.837758    0.00399247
2.0944     -0.837758    0.00244973
2.30383     -0.837758    0.00444279
2.51327     -0.837758    0.0120287
2.72271     -0.837758    0.00659334
2.93215     -0.837758    0.0188465
3.14159     -0.837758    0.00742201

-3.14159     -0.628319    0.0392959
-2.93215     -0.628319    0.0202969
-2.72271     -0.628319    0.00345439
-2.51327     -0.628319    0.0111997
-2.30383     -0.628319    0.00114539
-2.0944     -0.628319    0.00214206
-1.88496     -0.628319    0.0118172
-1.67552     -0.628319    0.00399399
-1.46608     -0.628319    0.0156494
-1.25664     -0.628319    0.00866025
-1.0472     -0.628319    0.0163056
-0.837758     -0.628319    0.0202469
-0.628319     -0.628319    0.00493927
-0.418879     -0.628319    0.0106482
-0.20944     -0.628319    0.0156027
0     -0.628319    0.0070628
0.20944     -0.628319    0.015992
0.418879     -0.628319    0.0107648
0.628319     -0.628319    0.00506541
0.837758     -0.628319    0.0204538
1.0472     -0.628319    0.0157973
1.25664     -0.628319    0.00908036
1.46608     -0.628319    0.0158069
1.67552     -0.628319    0.00426568
1.88496     -0.628319    0.0119207
2.0944     -0.628319    0.002212
2.30383     -0.628319    0.00103719
2.51327     -0.628319    0.0110971
2.72271     -0.628319    0.00368168
2.93215     -0.628319    0.020549
3.14159     -0.628319    0.0404426

-3.14159     -0.418879    0.0165011
-2.93215     -0.418879    0.0057656
-2.72271     -0.418879    0.000272505
-2.51327     -0.418879    0.0144828
-2.30383     -0.418879    0.00710725
-2.0944     -0.418879    0.00349581
-1.88496     -0.418879    0.00591186
-1.67552     -0.418879    0.0133254
-1.46608     -0.418879    0.00261581
-1.25664     -0.418879    0.0113293
-1.0472     -0.418879    0.0116848
-0.837758     -0.418879    0.0252215
-0.628319     -0.418879    0.00331253
-0.418879     -0.418879    0.0132565
-0.20944     -0.418879    0.000779571
0     -0.418879    0.00313011
0.20944     -0.418879    0.000681575
0.418879     -0.418879    0.012766
0.628319     -0.418879    0.00352825
0.837758     -0.418879    0.0252813
1.0472     -0.418879    0.0114391
1.25664     -0.418879    0.0115704
1.46608     -0.418879    0.00269788
1.67552     -0.418879    0.0132904
1.88496     -0.418879    0.00602544
2.0944     -0.418879    0.00364135
2.30383     -0.418879    0.00706568
2.51327     -0.418879    0.0149788
2.72271     -0.418879    0.000291238
2.93215     -0.418879    0.0059546
3.14159     -0.418879    0.0165538

-3.14159     -0.20944    0.00627962
-2.93215     -0.20944    0.0162724
-2.72271     -0.20944    0.0180794
-2.51327     -0.20944    0.00487044
-2.30383     -0.20944    0.00808238
-2.0944     -0.20944    0.0027128
-1.88496     -0.20944    0.000484823
-1.67552     -0.20944    0.00203091
-1.46608     -0.20944    0.00674315
-1.25664     -0.20944    0.00432497
-1.0472     -0.20944    0.000539325
-0.837758     -0.20944    0.00349516
-0.628319     -0.20944    0.00596356
-0.418879     -0.20944    0.00328305
-0.20944     -0.20944    0.0117102
0     -0.20944    0.00694111
0.20944     -0.20944    0.0114189
0.418879     -0.20944    0.00311757
0.628319     -0.20944    0.00590109
0.837758     -0.20944    0.00347055
1.0472     -0.20944    0.000499875
1.25664     -0.20944    0.00433722
1.46608     -0.20944    0.00693201
1.67552     -0.20944    0.00174863
1.88496     -0.20944    0.000222834
2.0944     -0.20944    0.00237676
2.30383     -0.20944    0.00770256
2.51327     -0.20944    0.00486689
2.72271     -0.20944    0.0183967
2.93215     -0.20944    0.0164785
3.14159     -0.20944    0.00617254

-3.14159     0    0.00941765
-2.93215     0    0.00803165
-2.72271     0    0.0388842
-2.51327     0    0.00310383
-2.30383     0    0.0273036
-2.0944     0    0.0119587
-1.88496     0    0.000923826
-1.67552     0    0.0283918
-1.46608     0    0.00660208
-1.25664     0    0.00320619
-1.0472     0    0.00636681
-0.837758     0    0.00316678
-0.628319     0    0.0222279
-0.418879     0    0.00669659
-0.20944     0    0.00227423
0     0    1.44118e-15
0.20944     0    0.00227423
0.418879     0    0.00669659
0.628319     0    0.0222279
0.837758     0    0.00316678
1.0472     0    0.00636681
1.25664     0    0.00320619
1.46608     0    0.00660208
1.67552     0    0.0283918
1.88496     0    0.000923826
2.0944     0    0.0119587
2.30383     0    0.0273036
2.51327     0    0.00310383
2.72271     0    0.0388842
2.93215     0    0.00803165
3.14159     0    0.00941765

-3.14159     0.20944    0.00617254
-2.93215     0.20944    0.0164785
-2.72271     0.20944    0.0183967
-2.51327     0.20944    0.00486689
-2.30383     0.20944    0.00770256
-2.0944     0.20944    0.00237676
-1.88496     0.20944    0.000222834
-1.67552     0.20944    0.00174863
-1.46608     0.20944    0.00693201
-1.25664     0.20944    0.00433722
-1.0472     0.20944    0.000499875
-0.837758     0.20944    0.00347055
-0.628319     0.20944    0.00590109
-0.418879     0.20944    0.00311757
-0.20944     0.20944    0.0114189
0     0.20944    0.00694111
0.20944     0.20944    0.0117102
0.418879     0.20944    0.00328305
0.628319     0.20944    0.00596356
0.837758     0.20944    0.00349516
1.0472     0.20944    0.000539325
1.25664     0.20944    0.00432497
1.46608     0.20944    0.00674315
1.67552     0.20944    0.00203091
1.88496     0.20944    0.000484823
2.0944     0.20944    0.0027128
2.30383     0.20944    0.00808238
2.51327     0.20944    0.00487044
2.72271     0.20944    0.0180794
2.93215     0.20944    0.0162724
3.14159     0.20944    0.00627962

-3.14159     0.418879    0.0165538
-2.93215     0.418879    0.0059546
-2.72271     0.418879    0.000291238
-2.51327     0.418879    0.0149788
-2.30383     0.418879    0.00706568
-2.0944     0.418879    0.00364135
-1.88496     0.418879    0.00602544
-1.67552     0.418879    0.0132904
-1.46608     0.418879    0.00269788
-1.25664     0.418879    0.0115704
-1.0472     0.418879    0.0114391
-0.837758     0.418879    0.0252813
-0.628319     0.418879    0.00352825
-0.418879     0.418879    0.012766
-0.20944     0.418879    0.000681575
0     0.418879    0.00313011
0.20944     0.418879    0.000779571
0.418879     0.418879    0.0132565
0.628319     0.418879    0.00331253
0.837758     0.418879    0.0252215
1.0472     0.418879    0.0116848
1.25664     0.418879    0.0113293
1.46608     0.418879    0.00261581
1.67552     0.418879    0.0133254
1.88496     0.418879    0.00591186
2.0944     0.418879    0.00349581
2.30383     0.418879    0.00710725
2.51327     0.418879    0.0144828
2.72271     0.418879    0.000272505
2.93215     0.418879    0.0057656
3.14159     0.418879    0.0165011

-3.14159     0.628319    0.0404426
-2.93215     0.628319    0.020549
-2.72271     0.628319    0.00368168
-2.51327     0.628319    0.0110971
-2.30383     0.628319    0.00103719
-2.0944     0.628319    0.002212
-1.88496     0.628319    0.0119207
-1.67552     0.628319    0.00426568
-1.46608     0.628319    0.0158069
-1.25664     0.628319    0.00908036
-1.0472     0.628319    0.0157973
-0.837758     0.628319    0.0204538
-0.628319     0.628319    0.00506541
-0.418879     0.628319    0.0107648
-0.20944     0.628319    0.015992
0     0.628319    0.0070628
0.20944     0.628319    0.0156027
0.418879     0.628319    0.0106482
0.628319     0.628319    0.00493927
0.837758     0.628319    0.0202469
1.0472     0.628319    0.0163056
1.25664     0.628319    0.00866025
1.46608     0.628319    0.0156494
1.67552     0.628319    0.00399399
1.88496     0.628319    0.0118172
2.0944     0.628319    0.00214206
2.30383     0.628319    0.00114539
2.51327     0.628319    0.0111997
2.72271     0.628319    0.00345439
2.93215     0.628319    0.0202969
3.14159     0.628319    0.0392959

-3.14159     0.837758    0.00742201
-2.93215     0.837758    0.0188465
-2.72271     0.837758    0.00659334
-2.51327     0.837758    0.0120287
-2.30383     0.837758    0.00444279
-2.0944     0.837758    0.00244973
-1.88496     0.837758    0.00399247
-1.67552     0.837758    0.00499406
-1.46608     0.837758    0.000561783
-1.25664     0.837758    0.0139048
-1.0472     0.837758    0.0132906
-0.837758     0.837758    0.00586336
-0.628319     0.837758    0.00342611
-0.418879     0.837758    0.00335558
-0.20944     0.837758    0.0049708
0     0.837758    0.0107029
0.20944     0.837758    0.00511981
0.418879     0.837758    0.0034543
0.628319     0.837758    0.00355058
0.837758     0.837758    0.00576983
1.0472     0.837758    0.013676
1.25664     0.837758    0.0138544
1.46608     0.837758    0.00052153
1.67552     0.837758    0.00513244
1.88496     0.837758    0.00359803
2.0944     0.837758    0.00212223
2.30383     0.837758    0.00469767
2.51327     0.837758    0.0120845
2.72271     0.837758    0.00658164
2.93215     0.837758    0.0185113
3.14159     0.837758    0.00730004

-3.14159     1.0472    0.00065726
-2.93215     1.0472    0.00884602
-2.72271     1.0472    0.00564385
-2.51327     1.0472    0.00249349
-2.30383     1.0472    0.00654323
-2.0944     1.0472    0.0222279
-1.88496     1.0472    0.0114808
-1.67552     1.0472    0.00339317
-1.46608     1.0472    0.000350992
-1.25664     1.0472    0.00864793
-1.0472     1.0472    0.00445806
-0.837758     1.0472    0.00751468
-0.628319     1.0472    0.00518867
-0.418879     1.0472    0.00401042
-0.20944     1.0472    0.00697811
0     1.0472    0.030057
0.20944     1.0472    0.00741351
0.418879     1.0472    0.00376085
0.628319     1.0472    0.00485673
0.837758     1.0472    0.00773812
1.0472     1.0472    0.00444979
1.25664     1.0472    0.0086045
1.46608     1.0472    0.000225663
1.67552     1.0472    0.0034551
1.88496     1.0472    0.0115068
2.0944     1.0472    0.0219051
2.30383     1.0472    0.00647693
2.51327     1.0472    0.00252703
2.72271     1.0472    0.00574042
2.93215     1.0472    0.00886993
3.14159     1.0472    0.000559568

-3.14159     1.25664    0.00243932
-2.93215     1.25664    0.00124938
-2.72271     1.25664    0.00285674
-2.51327     1.25664    0.00152446
-2.30383     1.25664    0.000696655
-2.0944     1.25664    0.0179635
-1.88496     1.25664    0.01878
-1.67552     1.25664    0.00473865
-1.46608     1.25664    0.0138618
-1.25664     1.25664    0.00821716
-1.0472     1.25664    0.0102835
-0.837758     1.25664    0.00799532
-0.628319     1.25664    0.00209701
-0.418879     1.25664    0.00293317
-0.20944     1.25664    0.0131676
0     1.25664    0.0123304
0.20944     1.25664    0.0129562
0.418879     1.25664    0.00273099
0.628319     1.25664    0.00243435
0.837758     1.25664    0.00820489
1.0472     1.25664    0.0105281
1.25664     1.25664    0.00834859
1.46608     1.25664    0.0139069
1.67552     1.25664    0.00480052
1.88496     1.25664    0.0190446
2.0944     1.25664    0.0178777
2.30383     1.25664    0.00086457
2.51327     1.25664    0.00172548
2.72271     1.25664    0.00293706
2.93215     1.25664    0.00162592
3.14159     1.25664    0.00216835

-3.14159     1.46608    0.00192428
-2.93215     1.46608    0.00623124
-2.72271     1.46608    0.00622411
-2.51327     1.46608    0.00336765
-2.30383     1.46608    0.000837406
-2.0944     1.46608    0.00590768
-1.88496     1.46608    0.00038941
-1.67552     1.46608    0.00377784
-1.46608     1.46608    0.00352752
-1.25664     1.46608    0.0034225
-1.0472     1.46608    0.00013137
-0.837758     1.46608    0.0282643
-0.628319     1.46608    0.00533585
-0.418879     1.46608    0.00863238
-0.20944     1.46608    0.014119
0     1.46608    0.0070514
0.20944     1.46608    0.0135648
0.418879     1.46608    0.00874344
0.628319     1.46608    0.0054092
0.837758     1.46608    0.0285933
1.0472     1.46608    0.000176092
1.25664     1.46608    0.00350104
1.46608     1.46608    0.00366129
1.67552     1.46608    0.00385535
1.88496     1.46608    0.000248529
2.0944     1.46608    0.00559406
2.30383     1.46608    0.00108764
2.51327     1.46608    0.00349109
2.72271     1.46608    0.00627799
2.93215     1.46608    0.00602237
3.14159     1.46608    0.00146549

-3.14159     1.67552    0.0109857
-2.93215     1.67552    0.0219632
-2.72271     1.67552    0.00401857
-2.51327     1.67552    0.00174567
-2.30383     1.67552    0.00584902
-2.0944     1.67552    0.00443614
-1.88496     1.67552    0.00492706
-1.67552     1.67552    0.00191872
-1.46608     1.67552    0.00172578
-1.25664     1.67552    0.00491023
-1.0472     1.67552    0.000717451
-0.837758     1.67552    0.00209393
-0.628319     1.67552    0.00252067
-0.418879     1.67552    0.00941148
-0.20944     1.67552    0.0129933
0     1.67552    0.000815296
0.20944     1.67552    0.0127452
0.418879     1.67552    0.0095644
0.628319     1.67552    0.00267354
0.837758     1.67552    0.00196296
1.0472     1.67552    0.000909556
1.25664     1.67552    0.00499835
1.46608     1.67552    0.0018509
1.67552     1.67552    0.0020579
1.88496     1.67552    0.00487425
2.0944     1.67552    0.00460177
2.30383     1.67552    0.00577822
2.51327     1.67552    0.0018029
2.72271     1.67552    0.00393542
2.93215     1.67552    0.0225197
3.14159     1.67552    0.0102638

-3.14159     1.88496    0.0146186
-2.93215     1.88496    0.0131271
-2.72271     1.88496    0.007672
-2.51327     1.88496    0.00252465
-2.30383     1.88496    0.00458625
-2.0944     1.88496    0.00569588
-1.88496     1.88496    0.00460288
-1.67552     1.88496    0.021113
-1.46608     1.88496    0.00973547
-1.25664     1.88496    0.016545
-1.0472     1.88496    0.0193878
-0.837758     1.88496    0.00503648
-0.628319     1.88496    0.00372533
-0.418879     1.88496    0.0105024
-0.20944     1.88496    0.000114572
0     1.88496    0.00237109
0.20944     1.88496    0.000326633
0.418879     1.88496    0.0104368
0.628319     1.88496    0.00386809
0.837758     1.88496    0.0050811
1.0472     1.88496    0.0189773
1.25664     1.88496    0.0163094
1.46608     1.88496    0.00975717
1.67552     1.88496    0.0208192
1.88496     1.88496    0.00470398
2.0944     1.88496    0.00585737
2.30383     1.88496    0.00443032
2.51327     1.88496    0.00273033
2.72271     1.88496    0.00764003
2.93215     1.88496    0.0130987
3.14159     1.88496    0.013487

-3.14159     2.0944    0.000953854
-2.93215     2.0944    0.00866776
-2.72271     2.0944    0.00321287
-2.51327     2.0944    0.00177629
-2.30383     2.0944    0.00289382
-2.0944     2.0944    0.00975195
-1.88496     2.0944    0.00131165
-1.67552     2.0944    0.00616497
-1.46608     2.0944    0.000821015
-1.25664     2.0944    0.01028
-1.0472     2.0944    0.015369
-0.837758     2.0944    0.0116216
-0.628319     2.0944    0.000929987
-0.418879     2.0944    0.00382266
-0.20944     2.0944    0.00662159
0     2.0944    0.00934803
0.20944     2.0944    0.00649595
0.418879     2.0944    0.00395249
0.628319     2.0944    0.000932145
0.837758     2.0944    0.0114341
1.0472     2.0944    0.0155465
1.25664     2.0944    0.0101054
1.46608     2.0944    0.00110549
1.67552     2.0944    0.00571957
1.88496     2.0944    0.001247
2.0944     2.0944    0.00939114
2.30383     2.0944    0.0029269
2.51327     2.0944    0.00202591
2.72271     2.0944    0.0034746
2.93215     2.0944    0.00886445
3.14159     2.0944    0.00122566

-3.14159     2.30383    0.0002311
-2.93215     2.30383    0.0226311
-2.72271     2.30383    0.0224178
-2.51327     2.30383    0.00476416
-2.30383     2.30383    0.00643415
-2.0944     2.30383    0.0479656
-1.88496     2.30383    0.00516522
-1.67552     2.30383    0.0119863
-1.46608     2.30383    0.0305234
-1.25664     2.30383    0.0123165
-1.0472     2.30383    0.00465143
-0.837758     2.30383    0.0125131
-0.628319     2.30383    0.00037671
-0.418879     2.30383    0.00631389
-0.20944     2.30383    0.0132299
0     2.30383    0.0239558
0.20944     2.30383    0.0134133
0.418879     2.30383    0.00649157
0.628319     2.30383    0.000349043
0.837758     2.30383    0.0122559
1.0472     2.30383    0.00449263
1.25664     2.30383    0.0126254
1.46608     2.30383    0.0309148
1.67552     2.30383    0.0120053
1.88496     2.30383    0.0052875
2.0944     2.30383    0.0486238
2.30383     2.30383    0.00664409
2.51327     2.30383    0.00467063
2.72271     2.30383    0.0228489
2.93215     2.30383    0.022488
3.14159     2.30383    0.000324315

-3.14159     2.51327    0.00318798
-2.93215     2.51327    0.0131692
-2.72271     2.51327    0.0221932
-2.51327     2.51327    0.00344582
-2.30383     2.51327    0.00628942
-2.0944     2.51327    0.0211892
-1.88496     2.51327    0.00384401
-1.67552     2.51327    0.0106178
-1.46608     2.51327    0.0121787
-1.25664     2.51327    0.035273
-1.0472     2.51327    0.00230571
-0.837758     2.51327    0.0129004
-0.628319     2.51327    0.00299716
-0.418879     2.51327    0.00550557
-0.20944     2.51327    0.00339996
0     2.51327    0.0137678
0.20944     2.51327    0.00324617
0.418879     2.51327    0.00563546
0.628319     2.51327    0.00302704
0.837758     2.51327    0.0132736
1.0472     2.51327    0.00191493
1.25664     2.51327    0.0354926
1.46608     2.51327    0.0121889
1.67552     2.51327    0.0106684
1.88496     2.51327    0.00370298
2.0944     2.51327    0.0220091
2.30383     2.51327    0.00633138
2.51327     2.51327    0.00387789
2.72271     2.51327    0.0221955
2.93215     2.51327    0.0128866
3.14159     2.51327    0.00282906

-3.14159     2.72271    0.000420214
-2.93215     2.72271    0.00468552
-2.72271     2.72271    0.0116617
-2.51327     2.72271    0.0134845
-2.30383     2.72271    0.000432139
-2.0944     2.72271    0.00207673
-1.88496     2.72271    0.0194533
-1.67552     2.72271    0.00597514
-1.46608     2.72271    0.00318456
-1.25664     2.72271    0.00764902
-1.0472     2.72271    0.000881987
-0.837758     2.72271    0.00409403
-0.628319     2.72271    0.00699394
-0.418879     2.72271    0.00193208
-0.20944     2.72271    0.00177912
0     2.72271    0.00259952
0.20944     2.72271    0.00158644
0.418879     2.72271    0.00201216
0.628319     2.72271    0.00707174
0.837758     2.72271    0.00414518
1.0472     2.72271    0.001101
1.25664     2.72271    0.00769809
1.46608     2.72271    0.00335063
1.67552     2.72271    0.00607913
1.88496     2.72271    0.0192529
2.0944     2.72271    0.00190618
2.30383     2.72271    0.000286353
2.51327     2.72271    0.013382
2.72271     2.72271    0.0113926
2.93215     2.72271    0.00453629
3.14159     2.72271    0.000569749

-3.14159     2.93215    0.032503
-2.93215     2.93215    0.00422502
-2.72271     2.93215    0.00152792
-2.51327     2.93215    0.0225742
-2.30383     2.93215    0.00076318
-2.0944     2.93215    0.00266685
-1.88496     2.93215    0.0135278
-1.67552     2.93215    0.0267365
-1.46608     2.93215    0.0184141
-1.25664     2.93215    0.00676375
-1.0472     2.93215    0.0301333
-0.837758     2.93215    0.0300465
-0.628319     2.93215    0.00367693
-0.418879     2.93215    0.0078066
-0.20944     2.93215    0.00246858
0     2.93215    0.00506834
0.20944     2.93215    0.0023166
0.418879     2.93215    0.00757957
0.628319     2.93215    0.00334975
0.837758     2.93215    0.0295038
1.0472     2.93215    0.0302133
1.25664     2.93215    0.00678793
1.46608     2.93215    0.0186847
1.67552     2.93215    0.0273763
1.88496     2.93215    0.0131012
2.0944     2.93215    0.00292096
2.30383     2.93215    0.000633896
2.51327     2.93215    0.0218049
2.72271     2.93215    0.00153172
2.93215     2.93215    0.0043874
3.14159     2.93215    0.0314817

-3.14159     3.14159    0.0307416
-2.93215     3.14159    0.0013992
-2.72271     3.14159    0.000858504
-2.51327     3.14159    0.0014835
-2.30383     3.14159    0.004084
-2.0944     3.14159    0.000715109
-1.88496     3.14159    0.00172241
-1.67552     3.14159    0.00460764
-1.46608     3.14159    0.0147282
-1.25664     3.14159    0.00176149
-1.0472     3.14159    0.0317926
-0.837758     3.14159    0.00648549
-0.628319     3.14159    0.0026694
-0.418879     3.14159    0.001686
-0.20944     3.14159    0.00686773
0     3.14159    0.00519349
0.20944     3.14159    0.00700177
0.418879     3.14159    0.00177472
0.628319     3.14159    0.00255421
0.837758     3.14159    0.00657433
1.0472     3.14159    0.0316787
1.25664     3.14159    0.00162799
1.46608     3.14159    0.0149143
1.67552     3.14159    0.0047348
1.88496     3.14159    0.00183377
2.0944     3.14159    0.000603349
2.30383     3.14159    0.00388417
2.51327     3.14159    0.00187626
2.72271     3.14159    0.00103916
2.93215     3.14159    0.00116403
3.14159     3.14159    0.0302765

