-3.14159     -3.14159    0.0037904
-2.93215     -3.14159    0.00320973
-2.72271     -3.14159    0.00440714
-2.51327     -3.14159    0.00450327
-2.30383     -3.14159    0.00160043
-2.0944     -3.14159    0.000534075
-1.88496     -3.14159    0.00210669
-1.67552     -3.14159    7.60549e-05
-1.46608     -3.14159    0.00238715
-1.25664     -3.14159    0.00314454
-1.0472     -3.14159    0.00409424
-0.837758     -3.14159    0.000907847
-0.628319     -3.14159    0.00737522
-0.418879     -3.14159    0.00463559
-0.20944     -3.14159    0.00790046
0     -3.14159    0.0131556
0.20944     -3.14159    0.00799749
0.418879     -3.14159    0.00463241
0.628319     -3.14159    0.00722549
0.837758     -3.14159    0.000918076
1.0472     -3.14159    0.00407219
1.25664     -3.14159    0.00318569
1.46608     -3.14159    0.00237653
1.67552     -3.14159    8.01367e-05
1.88496     -3.14159    0.00213359
2.0944     -3.14159    0.000521082
2.30383     -3.14159    0.0016449
2.51327     -3.14159    0.00451569
2.72271     -3.14159    0.0044358
2.93215     -3.14159    0.00326756
3.14159     -3.14159    0.00382766

-3.14159     -2.93215    0.0047554
-2.93215     -2.93215    0.00102339
-2.72271     -2.93215    0.00232332
-2.51327     -2.93215    0.00288492
-2.30383     -2.93215    0.0053737
-2.0944     -2.93215    0.000956066
-1.88496     -2.93215    0.00226107
-1.67552     -2.93215    0.00503671
-1.46608     -2.93215    0.00271229
-1.25664     -2.93215    0.000409292
-1.0472     -2.93215    0.00421864
-0.837758     -2.93215    0.00379568
-0.628319     -2.93215    0.0058805
-0.418879     -2.93215    0.000693735
-0.20944     -2.93215    0.000179296
0     -2.93215    0.00823084
0.20944     -2.93215    0.000164152
0.418879     -2.93215    0.000716072
0.628319     -2.93215    0.005904
0.837758     -2.93215    0.00367747
1.0472     -2.93215    0.00420334
1.25664     -2.93215    0.000410483
1.46608     -2.93215    0.00272495
1.67552     -2.93215    0.00491191
1.88496     -2.93215    0.00232639
2.0944     -2.93215    0.000948286
2.30383     -2.93215    0.00532333
2.51327     -2.93215    0.00286604
2.72271     -2.93215    0.00226262
2.93215     -2.93215    0.000971939
3.14159     -2.93215    0.00474799

-3.14159     -2.72271    0.00320776
-2.93215     -2.72271    0.00268556
-2.72271     -2.72271    0.00030988
-2.51327     -2.72271    0.00256644
-2.30383     -2.72271    0.00366309
-2.0944     -2.72271    0.00311931
-1.88496     -2.72271    0.00294385
-1.67552     -2.72271    0.000674045
-1.46608     -2.72271    0.00108679
-1.25664     -2.72271    0.000572797
-1.0472     -2.72271    0.00270196
-0.837758     -2.72271    0.00327454
-0.628319     -2.72271    0.00586192
-0.418879     -2.72271    0.00258018
-0.20944     -2.72271    0.00101212
0     -2.72271    0.00372546
0.20944     -2.72271    0.00100219
0.418879     -2.72271    0.00261037
0.628319     -2.72271    0.00589475
0.837758     -2.72271    0.00323684
1.0472     -2.72271    0.00270156
1.25664     -2.72271    0.000623231
1.46608     -2.72271    0.001103
1.67552     -2.72271    0.000647409
1.88496     -2.72271    0.00304588
2.0944     -2.72271    0.0031487
2.30383     -2.72271    0.00363734
2.51327     -2.72271    0.0025923
2.72271     -2.72271    0.000306999
2.93215     -2.72271    0.00274632
3.14159     -2.72271    0.00325975

-3.14159     -2.51327    0.00877257
-2.93215     -2.51327    0.00655356
-2.72271     -2.51327    0.00460613
-2.51327     -2.51327    0.00366804
-2.30383     -2.51327    0.000209988
-2.0944     -2.51327    0.00147181
-1.88496     -2.51327    0.000903846
-1.67552     -2.51327    0.00109348
-1.46608     -2.51327    0.00344641
-1.25664     -2.51327    0.00672875
-1.0472     -2.51327    0.00285793
-0.837758     -2.51327    0.00150437
-0.628319     -2.51327    0.00239546
-0.418879     -2.51327    0.00329024
-0.20944     -2.51327    0.00312418
0     -2.51327    0.00170741
0.20944     -2.51327    0.00308583
0.418879     -2.51327    0.0033025
0.628319     -2.51327    0.00236632
0.837758     -2.51327    0.00161146
1.0472     -2.51327    0.00285741
1.25664     -2.51327    0.00674583
1.46608     -2.51327    0.00342052
1.67552     -2.51327    0.00105576
1.88496     -2.51327    0.000955482
2.0944     -2.51327    0.00139682
2.30383     -2.51327    0.000198874
2.51327     -2.51327    0.0036942
2.72271     -2.51327    0.00458521
2.93215     -2.51327    0.00636629
3.14159     -2.51327    0.00877158

-3.14159     -2.30383    0.0123252
-2.93215     -2.30383    0.0114364
-2.72271     -2.30383    0.0074054
-2.51327     -2.30383    0.00577206
-2.30383     -2.30383    0.000843956
-2.0944     -2.30383    0.00819871
-1.88496     -2.30383    0.00139209
-1.67552     -2.30383    0.000664856
-1.46608     -2.30383    0.00627829
-1.25664     -2.30383    0.0023711
-1.0472     -2.30383    0.00475207
-0.837758     -2.30383    0.00306449
-0.628319     -2.30383    0.000788072
-0.418879     -2.30383    0.00164948
-0.20944     -2.30383    0.00045336
0     -2.30383    0.00492702
0.20944     -2.30383    0.000461028
0.418879     -2.30383    0.00167638
0.628319     -2.30383    0.000775905
0.837758     -2.30383    0.00310932
1.0472     -2.30383    0.00473995
1.25664     -2.30383    0.00231382
1.46608     -2.30383    0.00632
1.67552     -2.30383    0.000688138
1.88496     -2.30383    0.00136906
2.0944     -2.30383    0.0081494
2.30383     -2.30383    0.00086791
2.51327     -2.30383    0.00577973
2.72271     -2.30383    0.00720658
2.93215     -2.30383    0.0113513
3.14159     -2.30383    0.0122847

-3.14159     -2.0944    0.0132162
-2.93215     -2.0944    0.0204463
-2.72271     -2.0944    0.011969
-2.51327     -2.0944    0.00863588
-2.30383     -2.0944    0.00591353
-2.0944     -2.0944    0.00158972
-1.88496     -2.0944    0.00355028
-1.67552     -2.0944    0.00325161
-1.46608     -2.0944    0.0028792
-1.25664     -2.0944    0.000721693
-1.0472     -2.0944    0.00139273
-0.837758     -2.0944    0.00790859
-0.628319     -2.0944    0.00190063
-0.418879     -2.0944    0.000378765
-0.20944     -2.0944    0.00172385
0     -2.0944    0.00218563
0.20944     -2.0944    0.00175272
0.418879     -2.0944    0.000389995
0.628319     -2.0944    0.00189891
0.837758     -2.0944    0.007885
1.0472     -2.0944    0.00142472
1.25664     -2.0944    0.000696001
1.46608     -2.0944    0.00294967
1.67552     -2.0944    0.00322219
1.88496     -2.0944    0.00350911
2.0944     -2.0944    0.00158752
2.30383     -2.0944    0.00592281
2.51327     -2.0944    0.00862835
2.72271     -2.0944    0.0119438
2.93215     -2.0944    0.0205968
3.14159     -2.0944    0.0132711

-3.14159     -1.88496    0.0133138
-2.93215     -1.88496    0.00967387
-2.72271     -1.88496    0.0113807
-2.51327     -1.88496    0.00316576
-2.30383     -1.88496    0.00293002
-2.0944     -1.88496    0.00572916
-1.88496     -1.88496    0.00362508
-1.67552     -1.88496    0.000811655
-1.46608     -1.88496    0.00820188
-1.25664     -1.88496    0.00172625
-1.0472     -1.88496    0.0016522
-0.837758     -1.88496    0.00639896
-0.628319     -1.88496    0.000157721
-0.418879     -1.88496    0.001272
-0.20944     -1.88496    0.00114487
0     -1.88496    0.00219121
0.20944     -1.88496    0.00115469
0.418879     -1.88496    0.00128278
0.628319     -1.88496    0.000178842
0.837758     -1.88496    0.00642771
1.0472     -1.88496    0.00161768
1.25664     -1.88496    0.00168428
1.46608     -1.88496    0.00822558
1.67552     -1.88496    0.000757569
1.88496     -1.88496    0.00364207
2.0944     -1.88496    0.00575757
2.30383     -1.88496    0.00291398
2.51327     -1.88496    0.00313663
2.72271     -1.88496    0.0114777
2.93215     -1.88496    0.00965539
3.14159     -1.88496    0.0133058

-3.14159     -1.67552    0.0132524
-2.93215     -1.67552    0.00710855
-2.72271     -1.67552    0.0125364
-2.51327     -1.67552    0.00347538
-2.30383     -1.67552    0.00154951
-2.0944     -1.67552    0.00325513
-1.88496     -1.67552    0.00223774
-1.67552     -1.67552    0.00100788
-1.46608     -1.67552    0.00368242
-1.25664     -1.67552    0.00614662
-1.0472     -1.67552    0.00525084
-0.837758     -1.67552    0.00597353
-0.628319     -1.67552    0.00198053
-0.418879     -1.67552    0.00622382
-0.20944     -1.67552    0.000714366
0     -1.67552    0.00104469
0.20944     -1.67552    0.000718368
0.418879     -1.67552    0.00622574
0.628319     -1.67552    0.00197508
0.837758     -1.67552    0.00596709
1.0472     -1.67552    0.00522651
1.25664     -1.67552    0.00616996
1.46608     -1.67552    0.00365583
1.67552     -1.67552    0.00105424
1.88496     -1.67552    0.00224039
2.0944     -1.67552    0.0032868
2.30383     -1.67552    0.00151764
2.51327     -1.67552    0.00347336
2.72271     -1.67552    0.0125531
2.93215     -1.67552    0.00714082
3.14159     -1.67552    0.0132744

-3.14159     -1.46608    0.0131725
-2.93215     -1.46608    0.0115624
-2.72271     -1.46608    0.0103152
-2.51327     -1.46608    0.00708876
-2.30383     -1.46608    0.00168059
-2.0944     -1.46608    0.00358608
-1.88496     -1.46608    0.00206819
-1.67552     -1.46608    0.000807215
-1.46608     -1.46608    0.00079838
-1.25664     -1.46608    0.000373365
-1.0472     -1.46608    0.00492552
-0.837758     -1.46608    0.00305836
-0.628319     -1.46608    0.00370707
-0.418879     -1.46608    0.00636579
-0.20944     -1.46608    0.00213365
0     -1.46608    0.000443288
0.20944     -1.46608    0.00210946
0.418879     -1.46608    0.0063578
0.628319     -1.46608    0.00371666
0.837758     -1.46608    0.00302542
1.0472     -1.46608    0.00489843
1.25664     -1.46608    0.000373197
1.46608     -1.46608    0.000804529
1.67552     -1.46608    0.000779288
1.88496     -1.46608    0.00211065
2.0944     -1.46608    0.0035745
2.30383     -1.46608    0.00169969
2.51327     -1.46608    0.00705391
2.72271     -1.46608    0.0103637
2.93215     -1.46608    0.0115182
3.14159     -1.46608    0.0132051

-3.14159     -1.25664    0.0114182
-2.93215     -1.25664    0.00480437
-2.72271     -1.25664    8.28036e-05
-2.51327     -1.25664    0.000878411
-2.30383     -1.25664    0.00298251
-2.0944     -1.25664    0.00213318
-1.88496     -1.25664    0.00220109
-1.67552     -1.25664    0.00155041
-1.46608     -1.25664    0.000222048
-1.25664     -1.25664    0.00474766
-1.0472     -1.25664    0.00401451
-0.837758     -1.25664    0.00168017
-0.628319     -1.25664    0.00460926
-0.418879     -1.25664    0.00467997
-0.20944     -1.25664    0.000618154
0     -1.25664    0.00131696
0.20944     -1.25664    0.00063558
0.418879     -1.25664    0.00470699
0.628319     -1.25664    0.00461254
0.837758     -1.25664    0.00170289
1.0472     -1.25664    0.00404077
1.25664     -1.25664    0.00472836
1.46608     -1.25664    0.000209475
1.67552     -1.25664    0.00153596
1.88496     -1.25664    0.00218236
2.0944     -1.25664    0.00213169
2.30383     -1.25664    0.0030183
2.51327     -1.25664    0.000879637
2.72271     -1.25664    0.000124731
2.93215     -1.25664    0.00479348
3.14159     -1.25664    0.0113678

-3.14159     -1.0472    0.00730694
-2.93215     -1.0472    0.00711196
-2.72271     -1.0472    0.00200638
-2.51327     -1.0472    0.000943547
-2.30383     -1.0472    0.00361355
-2.0944     -1.0472    0.00271335
-1.88496     -1.0472    0.00228566
-1.67552     -1.0472    0.00249563
-1.46608     -1.0472    0.000595543
-1.25664     -1.0472    0.00456479
-1.0472     -1.0472    0.00600812
-0.837758     -1.0472    0.00634278
-0.628319     -1.0472    0.00766019
-0.418879     -1.0472    0.00400694
-0.20944     -1.0472    0.000932123
0     -1.0472    0.00475874
0.20944     -1.0472    0.000892833
0.418879     -1.0472    0.00402994
0.628319     -1.0472    0.00766969
0.837758     -1.0472    0.00632769
1.0472     -1.0472    0.00599107
1.25664     -1.0472    0.00457909
1.46608     -1.0472    0.000582516
1.67552     -1.0472    0.00245713
1.88496     -1.0472    0.00227544
2.0944     -1.0472    0.00269989
2.30383     -1.0472    0.00359711
2.51327     -1.0472    0.000925102
2.72271     -1.0472    0.0020135
2.93215     -1.0472    0.00718352
3.14159     -1.0472    0.00733695

-3.14159     -0.837758    0.000619531
-2.93215     -0.837758    0.000551831
-2.72271     -0.837758    0.00607953
-2.51327     -0.837758    0.00524178
-2.30383     -0.837758    0.00232258
-2.0944     -0.837758    0.00174651
-1.88496     -0.837758    0.00220431
-1.67552     -0.837758    0.000695787
-1.46608     -0.837758    0.00123801
-1.25664     -0.837758    0.000855799
-1.0472     -0.837758    9.2041e-05
-0.837758     -0.837758    0.00166988
-0.628319     -0.837758    0.00453655
-0.418879     -0.837758    0.00721051
-0.20944     -0.837758    0.00474012
0     -0.837758    0.00865606
0.20944     -0.837758    0.00469458
0.418879     -0.837758    0.00716793
0.628319     -0.837758    0.0045547
0.837758     -0.837758    0.00166897
1.0472     -0.837758    4.32234e-05
1.25664     -0.837758    0.000818506
1.46608     -0.837758    0.00122487
1.67552     -0.837758    0.000723117
1.88496     -0.837758    0.00221499
2.0944     -0.837758    0.00176186
2.30383     -0.837758    0.00230206
2.51327     -0.837758    0.00518292
2.72271     -0.837758    0.00614054
2.93215     -0.837758    0.000488778
3.14159     -0.837758    0.000661983

-3.14159     -0.628319    0.00597813
-2.93215     -0.628319    0.00227149
-2.72271     -0.628319    0.00398598
-2.51327     -0.628319    0.000476931
-2.30383     -0.628319    0.000462267
-2.0944     -0.628319    0.000625241
-1.88496     -0.628319    0.000783562
-1.67552     -0.628319    0.00261429
-1.46608     -0.628319    0.00162231
-1.25664     -0.628319    0.000772819
-1.0472     -0.628319    0.00241685
-0.837758     -0.628319    0.00104493
-0.628319     -0.628319    0.00401825
-0.418879     -0.628319    0.0089244
-0.20944     -0.628319    0.0077071
0     -0.628319    0.0088637
0.20944     -0.628319    0.00771288
0.418879     -0.628319    0.00881523
0.628319     -0.628319    0.00402828
0.837758     -0.628319    0.00108678
1.0472     -0.628319    0.00243543
1.25664     -0.628319    0.000754384
1.46608     -0.628319    0.00162182
1.67552     -0.628319    0.00263499
1.88496     -0.628319    0.000778751
2.0944     -0.628319    0.00061118
2.30383     -0.628319    0.000506656
2.51327     -0.628319    0.00048865
2.72271     -0.628319    0.00398438
2.93215     -0.628319    0.00224572
3.14159     -0.628319    0.00598843

-3.14159     -0.418879    0.00128785
-2.93215     -0.418879    0.00157567
-2.72271     -0.418879    0.0037066
-2.51327     -0.418879    0.00189167
-2.30383     -0.418879    0.0062587
-2.0944     -0.418879    0.00401253
-1.88496     -0.418879    0.000612735
-1.67552     -0.418879    0.00654979
-1.46608     -0.418879    0.00545777
-1.25664     -0.418879    0.00099582
-1.0472     -0.418879    0.000379005
-0.837758     -0.418879    0.000879391
-0.628319     -0.418879    0.010104
-0.418879     -0.418879    0.00818262
-0.20944     -0.418879    0.0113695
0     -0.418879    0.0147785
0.20944     -0.418879    0.0113753
0.418879     -0.418879    0.00816789
0.628319     -0.418879    0.0101948
0.837758     -0.418879    0.000786562
1.0472     -0.418879    0.000408077
1.25664     -0.418879    0.00100331
1.46608     -0.418879    0.005416
1.67552     -0.418879    0.00656713
1.88496     -0.418879    0.000600949
2.0944     -0.418879    0.0040023
2.30383     -0.418879    0.00625917
2.51327     -0.418879    0.00184435
2.72271     -0.418879    0.00373512
2.93215     -0.418879    0.00156693
3.14159     -0.418879    0.00132245

-3.14159     -0.20944    0.00210855
-2.93215     -0.20944    0.00237083
-2.72271     -0.20944    0.00247491
-2.51327     -0.20944    0.00433138
-2.30383     -0.20944    0.00406735
-2.0944     -0.20944    0.00562301
-1.88496     -0.20944    0.00419716
-1.67552     -0.20944    0.00221398
-1.46608     -0.20944    0.00550678
-1.25664     -0.20944    0.00512488
-1.0472     -0.20944    0.00281911
-0.837758     -0.20944    0.00559903
-0.628319     -0.20944    0.00980342
-0.418879     -0.20944    0.0109849
-0.20944     -0.20944    0.0165362
0     -0.20944    0.0165688
0.20944     -0.20944    0.0165489
0.418879     -0.20944    0.0110145
0.628319     -0.20944    0.00985067
0.837758     -0.20944    0.00562768
1.0472     -0.20944    0.00285042
1.25664     -0.20944    0.00509142
1.46608     -0.20944    0.00555579
1.67552     -0.20944    0.00215506
1.88496     -0.20944    0.0042037
2.0944     -0.20944    0.00566069
2.30383     -0.20944    0.00410607
2.51327     -0.20944    0.00440207
2.72271     -0.20944    0.00253529
2.93215     -0.20944    0.00237447
3.14159     -0.20944    0.00214256

-3.14159     0    0.000932057
-2.93215     0    0.00254209
-2.72271     0    0.00845217
-2.51327     0    0.000234192
-2.30383     0    0.00273017
-2.0944     0    0.000335281
-1.88496     0    0.00772457
-1.67552     0    0.00326613
-1.46608     0    0.00262841
-1.25664     0    0.00740405
-1.0472     0    0.00602677
-0.837758     0    0.008876
-0.628319     0    0.00687344
-0.418879     0    0.0124955
-0.20944     0    0.0201787
0     0    3.3098e-15
0.20944     0    0.0201787
0.418879     0    0.0124955
0.628319     0    0.00687344
0.837758     0    0.008876
1.0472     0    0.00602677
1.25664     0    0.00740405
1.46608     0    0.00262841
1.67552     0    0.00326613
1.88496     0    0.00772457
2.0944     0    0.000335281
2.30383     0    0.00273017
2.51327     0    0.000234192
2.72271     0    0.00845217
2.93215     0    0.00254209
3.14159     0    0.000932057

-3.14159     0.20944    0.00214256
-2.93215     0.20944    0.00237447
-2.72271     0.20944    0.00253529
-2.51327     0.20944    0.00440207
-2.30383     0.20944    0.00410607
-2.0944     0.20944    0.00566069
-1.88496     0.20944    0.0042037
-1.67552     0.20944    0.00215506
-1.46608     0.20944    0.00555579
-1.25664     0.20944    0.00509142
-1.0472     0.20944    0.00285042
-0.837758     0.20944    0.00562768
-0.628319     0.20944    0.00985067
-0.418879     0.20944    0.0110145
-0.20944     0.20944    0.0165489
0     0.20944    0.0165688
0.20944     0.20944    0.0165362
0.418879     0.20944    0.0109849
0.628319     0.20944    0.00980342
0.837758     0.20944    0.00559903
1.0472     0.20944    0.00281911
1.25664     0.20944    0.00512488
1.46608     0.20944    0.00550678
1.67552     0.20944    0.00221398
1.88496     0.20944    0.00419716
2.0944     0.20944    0.00562301
2.30383     0.20944    0.00406735
2.51327     0.20944    0.00433138
2.72271     0.20944    0.00247491
2.93215     0.20944    0.00237083
3.14159     0.20944    0.00210855

-3.14159     0.418879    0.00132245
-2.93215     0.418879    0.00156693
-2.72271     0.418879    0.00373512
-2.51327     0.418879    0.00184435
-2.30383     0.418879    0.00625917
-2.0944     0.418879    0.0040023
-1.88496     0.418879    0.000600949
-1.67552     0.418879    0.00656713
-1.46608     0.418879    0.005416
-1.25664     0.418879    0.00100331
-1.0472     0.418879    0.000408077
-0.837758     0.418879    0.000786562
-0.628319     0.418879    0.0101948
-0.418879     0.418879    0.00816789
-0.20944     0.418879    0.0113753
0     0.418879    0.0147785
0.20944     0.418879    0.0113695
0.418879     0.418879    0.00818262
0.628319     0.418879    0.010104
0.837758     0.418879    0.000879391
1.0472     0.418879    0.000379005
1.25664     0.418879    0.00099582
1.46608     0.418879    0.00545777
1.67552     0.418879    0.00654979
1.88496     0.418879    0.000612735
2.0944     0.418879    0.00401253
2.30383     0.418879    0.0062587
2.51327     0.418879    0.00189167
2.72271     0.418879    0.0037066
2.93215     0.418879    0.00157567
3.14159     0.418879    0.00128785

-3.14159     0.628319    0.00598843
-2.93215     0.628319    0.00224572
-2.72271     0.628319    0.00398438
-2.51327     0.628319    0.00048865
-2.30383     0.628319    0.000506656
-2.0944     0.628319    0.00061118
-1.88496     0.628319    0.000778751
-1.67552     0.628319    0.00263499
-1.46608     0.628319    0.00162182
-1.25664     0.628319    0.000754384
-1.0472     0.628319    0.00243543
-0.837758     0.628319    0.00108678
-0.628319     0.628319    0.00402828
-0.418879     0.628319    0.00881523
-0.20944     0.628319    0.00771288
0     0.628319    0.0088637
0.20944     0.628319    0.0077071
0.418879     0.628319    0.0089244
0.628319     0.628319    0.00401825
0.837758     0.628319    0.00104493
1.0472     0.628319    0.00241685
1.25664     0.628319    0.000772819
1.46608     0.628319    0.00162231
1.67552     0.628319    0.00261429
1.88496     0.628319    0.000783562
2.0944     0.628319    0.000625241
2.30383     0.628319    0.000462267
2.51327     0.628319    0.000476931
2.72271     0.628319    0.00398598
2.93215     0.628319    0.00227149
3.14159     0.628319    0.00597813

-3.14159     0.837758    0.000661983
-2.93215     0.837758    0.000488778
-2.72271     0.837758    0.00614054
-2.51327     0.837758    0.00518292
-2.30383     0.837758    0.00230206
-2.0944     0.837758    0.00176186
-1.88496     0.837758    0.00221499
-1.67552     0.837758    0.000723117
-1.46608     0.837758    0.00122487
-1.25664     0.837758    0.000818506
-1.0472     0.837758    4.32234e-05
-0.837758     0.837758    0.00166897
-0.628319     0.837758    0.0045547
-0.418879     0.837758    0.00716793
-0.20944     0.837758    0.00469458
0     0.837758    0.00865606
0.20944     0.837758    0.00474012
0.418879     0.837758    0.00721051
0.628319     0.837758    0.00453655
0.837758     0.837758    0.00166988
1.0472     0.837758    9.2041e-05
1.25664     0.837758    0.000855799
1.46608     0.837758    0.00123801
1.67552     0.837758    0.000695787
1.88496     0.837758    0.00220431
2.0944     0.837758    0.00174651
2.30383     0.837758    0.00232258
2.51327     0.837758    0.00524178
2.72271     0.837758    0.00607953
2.93215     0.837758    0.000551831
3.14159     0.837758    0.000619531

-3.14159     1.0472    0.00733695
-2.93215     1.0472    0.00718352
-2.72271     1.0472    0.0020135
-2.51327     1.0472    0.000925102
-2.30383     1.0472    0.00359711
-2.0944     1.0472    0.00269989
-1.88496     1.0472    0.00227544
-1.67552     1.0472    0.00245713
-1.46608     1.0472    0.000582516
-1.25664     1.0472    0.00457909
-1.0472     1.0472    0.00599107
-0.837758     1.0472    0.00632769
-0.628319     1.0472    0.00766969
-0.418879     1.0472    0.00402994
-0.20944     1.0472    0.000892833
0     1.0472    0.00475874
0.20944     1.0472    0.000932123
0.418879     1.0472    0.00400694
0.628319     1.0472    0.00766019
0.837758     1.0472    0.00634278
1.0472     1.0472    0.00600812
1.25664     1.0472    0.00456479
1.46608     1.0472    0.000595543
1.67552     1.0472    0.00249563
1.88496     1.0472    0.00228566
2.0944     1.0472    0.00271335
2.30383     1.0472    0.00361355
2.51327     1.0472    0.000943547
2.72271     1.0472    0.00200638
2.93215     1.0472    0.00711196
3.14159     1.0472    0.00730694

-3.14159     1.25664    0.0113678
-2.93215     1.25664    0.00479348
-2.72271     1.25664    0.000124731
-2.51327     1.25664    0.000879637
-2.30383     1.25664    0.0030183
-2.0944     1.25664    0.00213169
-1.88496     1.25664    0.00218236
-1.67552     1.25664    0.00153596
-1.46608     1.25664    0.000209475
-1.25664     1.25664    0.00472836
-1.0472     1.25664    0.00404077
-0.837758     1.25664    0.00170289
-0.628319     1.25664    0.00461254
-0.418879     1.25664    0.00470699
-0.20944     1.25664    0.00063558
0     1.25664    0.00131696
0.20944     1.25664    0.000618154
0.418879     1.25664    0.00467997
0.628319     1.25664    0.00460926
0.837758     1.25664    0.00168017
1.0472     1.25664    0.00401451
1.25664     1.25664    0.00474766
1.46608     1.25664    0.000222048
1.67552     1.25664    0.00155041
1.88496     1.25664    0.00220109
2.0944     1.25664    0.00213318
2.30383     1.25664    0.00298251
2.51327     1.25664    0.000878411
2.72271     1.25664    8.28036e-05
2.93215     1.25664    0.00480437
3.14159     1.25664    0.0114182

-3.14159     1.46608    0.0132051
-2.93215     1.46608    0.0115182
-2.72271     1.46608    0.0103637
-2.51327     1.46608    0.00705391
-2.30383     1.46608    0.00169969
-2.0944     1.46608    0.0035745
-1.88496     1.46608    0.00211065
-1.67552     1.46608    0.000779288
-1.46608     1.46608    0.000804529
-1.25664     1.46608    0.000373197
-1.0472     1.46608    0.00489843
-0.837758     1.46608    0.00302542
-0.628319     1.46608    0.00371666
-0.418879     1.46608    0.0063578
-0.20944     1.46608    0.00210946
0     1.46608    0.000443288
0.20944     1.46608    0.00213365
0.418879     1.46608    0.00636579
0.628319     1.46608    0.00370707
0.837758     1.46608    0.00305836
1.0472     1.46608    0.00492552
1.25664     1.46608    0.000373365
1.46608     1.46608    0.00079838
1.67552     1.46608    0.000807215
1.88496     1.46608    0.00206819
2.0944     1.46608    0.00358608
2.30383     1.46608    0.00168059
2.51327     1.46608    0.00708876
2.72271     1.46608    0.0103152
2.93215     1.46608    0.0115624
3.14159     1.46608    0.0131725

-3.14159     1.67552    0.0132744
-2.93215     1.67552    0.00714082
-2.72271     1.67552    0.0125531
-2.51327     1.67552    0.00347336
-2.30383     1.67552    0.00151764
-2.0944     1.67552    0.0032868
-1.88496     1.67552    0.00224039
-1.67552     1.67552    0.00105424
-1.46608     1.67552    0.00365583
-1.25664     1.67552    0.00616996
-1.0472     1.67552    0.00522651
-0.837758     1.67552    0.00596709
-0.628319     1.67552    0.00197508
-0.418879     1.67552    0.00622574
-0.20944     1.67552    0.000718368
0     1.67552    0.00104469
0.20944     1.67552    0.000714366
0.418879     1.67552    0.00622382
0.628319     1.67552    0.00198053
0.837758     1.67552    0.00597353
1.0472     1.67552    0.00525084
1.25664     1.67552    0.00614662
1.46608     1.67552    0.00368242
1.67552     1.67552    0.00100788
1.88496     1.67552    0.00223774
2.0944     1.67552    0.00325513
2.30383     1.67552    0.00154951
2.51327     1.67552    0.00347538
2.72271     1.67552    0.0125364
2.93215     1.67552    0.00710855
3.14159     1.67552    0.0132524

-3.14159     1.88496    0.0133058
-2.93215     1.88496    0.00965539
-2.72271     1.88496    0.0114777
-2.51327     1.88496    0.00313663
-2.30383     1.88496    0.00291398
-2.0944     1.88496    0.00575757
-1.88496     1.88496    0.00364207
-1.67552     1.88496    0.000757569
-1.46608     1.88496    0.00822558
-1.25664     1.88496    0.00168428
-1.0472     1.88496    0.00161768
-0.837758     1.88496    0.00642771
-0.628319     1.88496    0.000178842
-0.418879     1.88496    0.00128278
-0.20944     1.88496    0.00115469
0     1.88496    0.00219121
0.20944     1.88496    0.00114487
0.418879     1.88496    0.001272
0.628319     1.88496    0.000157721
0.837758     1.88496    0.00639896
1.0472     1.88496    0.0016522
1.25664     1.88496    0.00172625
1.46608     1.88496    0.00820188
1.67552     1.88496    0.000811655
1.88496     1.88496    0.00362508
2.0944     1.88496    0.00572916
2.30383     1.88496    0.00293002
2.51327     1.88496    0.00316576
2.72271     1.88496    0.0113807
2.93215     1.88496    0.00967387
3.14159     1.88496    0.0133138

-3.14159     2.0944    0.0132711
-2.93215     2.0944    0.0205968
-2.72271     2.0944    0.0119438
-2.51327     2.0944    0.00862835
-2.30383     2.0944    0.00592281
-2.0944     2.0944    0.00158752
-1.88496     2.0944    0.00350911
-1.67552     2.0944    0.00322219
-1.46608     2.0944    0.00294967
-1.25664     2.0944    0.000696001
-1.0472     2.0944    0.00142472
-0.837758     2.0944    0.007885
-0.628319     2.0944    0.00189891
-0.418879     2.0944    0.000389995
-0.20944     2.0944    0.00175272
0     2.0944    0.00218563
0.20944     2.0944    0.00172385
0.418879     2.0944    0.000378765
0.628319     2.0944    0.00190063
0.837758     2.0944    0.00790859
1.0472     2.0944    0.00139273
1.25664     2.0944    0.000721693
1.46608     2.0944    0.0028792
1.67552     2.0944    0.00325161
1.88496     2.0944    0.00355028
2.0944     2.0944    0.00158972
2.30383     2.0944    0.00591353
2.51327     2.0944    0.00863588
2.72271     2.0944    0.011969
2.93215     2.0944    0.0204463
3.14159     2.0944    0.0132162

-3.14159     2.30383    0.0122847
-2.93215     2.30383    0.0113513
-2.72271     2.30383    0.00720658
-2.51327     2.30383    0.00577973
-2.30383     2.30383    0.00086791
-2.0944     2.30383    0.0081494
-1.88496     2.30383    0.00136906
-1.67552     2.30383    0.000688138
-1.46608     2.30383    0.00632
-1.25664     2.30383    0.00231382
-1.0472     2.30383    0.00473995
-0.837758     2.30383    0.00310932
-0.628319     2.30383    0.000775905
-0.418879     2.30383    0.00167638
-0.20944     2.30383    0.000461028
0     2.30383    0.00492702
0.20944     2.30383    0.00045336
0.418879     2.30383    0.00164948
0.628319     2.30383    0.000788072
0.837758     2.30383    0.00306449
1.0472     2.30383    0.00475207
1.25664     2.30383    0.0023711
1.46608     2.30383    0.00627829
1.67552     2.30383    0.000664856
1.88496     2.30383    0.00139209
2.0944     2.30383    0.00819871
2.30383     2.30383    0.000843956
2.51327     2.30383    0.00577206
2.72271     2.30383    0.0074054
2.93215     2.30383    0.0114364
3.14159     2.30383    0.0123252

-3.14159     2.51327    0.00877158
-2.93215     2.51327    0.00636629
-2.72271     2.51327    0.00458521
-2.51327     2.51327    0.0036942
-2.30383     2.51327    0.000198874
-2.0944     2.51327    0.00139682
-1.88496     2.51327    0.000955482
-1.67552     2.51327    0.00105576
-1.46608     2.51327    0.00342052
-1.25664     2.51327    0.00674583
-1.0472     2.51327    0.00285741
-0.837758     2.51327    0.00161146
-0.628319     2.51327    0.00236632
-0.418879     2.51327    0.0033025
-0.20944     2.51327    0.00308583
0     2.51327    0.00170741
0.20944     2.51327    0.00312418
0.418879     2.51327    0.00329024
0.628319     2.51327    0.00239546
0.837758     2.51327    0.00150437
1.0472     2.51327    0.00285793
1.25664     2.51327    0.00672875
1.46608     2.51327    0.00344641
1.67552     2.51327    0.00109348
1.88496     2.51327    0.000903846
2.0944     2.51327    0.00147181
2.30383     2.51327    0.000209988
2.51327     2.51327    0.00366804
2.72271     2.51327    0.00460613
2.93215     2.51327    0.00655356
3.14159     2.51327    0.00877257

-3.14159     2.72271    0.00325975
-2.93215     2.72271    0.00274632
-2.72271     2.72271    0.000306999
-2.51327     2.72271    0.0025923
-2.30383     2.72271    0.00363734
-2.0944     2.72271    0.0031487
-1.88496     2.72271    0.00304588
-1.67552     2.72271    0.000647409
-1.46608     2.72271    0.001103
-1.25664     2.72271    0.000623231
-1.0472     2.72271    0.00270156
-0.837758     2.72271    0.00323684
-0.628319     2.72271    0.00589475
-0.418879     2.72271    0.00261037
-0.20944     2.72271    0.00100219
0     2.72271    0.00372546
0.20944     2.72271    0.00101212
0.418879     2.72271    0.00258018
0.628319     2.72271    0.00586192
0.837758     2.72271    0.00327454
1.0472     2.72271    0.00270196
1.25664     2.72271    0.000572797
1.46608     2.72271    0.00108679
1.67552     2.72271    0.000674045
1.88496     2.72271    0.00294385
2.0944     2.72271    0.00311931
2.30383     2.72271    0.00366309
2.51327     2.72271    0.00256644
2.72271     2.72271    0.00030988
2.93215     2.72271    0.00268556
3.14159     2.72271    0.00320776

-3.14159     2.93215    0.00474799
-2.93215     2.93215    0.000971939
-2.72271     2.93215    0.00226262
-2.51327     2.93215    0.00286604
-2.30383     2.93215    0.00532333
-2.0944     2.93215    0.000948286
-1.88496     2.93215    0.00232639
-1.67552     2.93215    0.00491191
-1.46608     2.93215    0.00272495
-1.25664     2.93215    0.000410483
-1.0472     2.93215    0.00420334
-0.837758     2.93215    0.00367747
-0.628319     2.93215    0.005904
-0.418879     2.93215    0.000716072
-0.20944     2.93215    0.000164152
0     2.93215    0.00823084
0.20944     2.93215    0.000179296
0.418879     2.93215    0.000693735
0.628319     2.93215    0.0058805
0.837758     2.93215    0.00379568
1.0472     2.93215    0.00421864
1.25664     2.93215    0.000409292
1.46608     2.93215    0.00271229
1.67552     2.93215    0.00503671
1.88496     2.93215    0.00226107
2.0944     2.93215    0.000956066
2.30383     2.93215    0.0053737
2.51327     2.93215    0.00288492
2.72271     2.93215    0.00232332
2.93215     2.93215    0.00102339
3.14159     2.93215    0.0047554

-3.14159     3.14159    0.00382766
-2.93215     3.14159    0.00326756
-2.72271     3.14159    0.0044358
-2.51327     3.14159    0.00451569
-2.30383     3.14159    0.0016449
-2.0944     3.14159    0.000521082
-1.88496     3.14159    0.00213359
-1.67552     3.14159    8.01367e-05
-1.46608     3.14159    0.00237653
-1.25664     3.14159    0.00318569
-1.0472     3.14159    0.00407219
-0.837758     3.14159    0.000918076
-0.628319     3.14159    0.00722549
-0.418879     3.14159    0.00463241
-0.20944     3.14159    0.00799749
0     3.14159    0.0131556
0.20944     3.14159    0.00790046
0.418879     3.14159    0.00463559
0.628319     3.14159    0.00737522
0.837758     3.14159    0.000907847
1.0472     3.14159    0.00409424
1.25664     3.14159    0.00314454
1.46608     3.14159    0.00238715
1.67552     3.14159    7.60549e-05
1.88496     3.14159    0.00210669
2.0944     3.14159    0.000534075
2.30383     3.14159    0.00160043
2.51327     3.14159    0.00450327
2.72271     3.14159    0.00440714
2.93215     3.14159    0.00320973
3.14159     3.14159    0.0037904

