-3.14159     -3.14159    0.000383937
-2.93215     -3.14159    0.00163277
-2.72271     -3.14159    0.0106033
-2.51327     -3.14159    0.0114558
-2.30383     -3.14159    0.00319238
-2.0944     -3.14159    0.0100226
-1.88496     -3.14159    0.0113901
-1.67552     -3.14159    0.00615852
-1.46608     -3.14159    4.64627e-05
-1.25664     -3.14159    0.00147999
-1.0472     -3.14159    0.00227051
-0.837758     -3.14159    0.00256696
-0.628319     -3.14159    0.00161743
-0.418879     -3.14159    0.0124797
-0.20944     -3.14159    0.0228534
0     -3.14159    0.0400462
0.20944     -3.14159    0.0224583
0.418879     -3.14159    0.0124817
0.628319     -3.14159    0.00181463
0.837758     -3.14159    0.00256945
1.0472     -3.14159    0.00227123
1.25664     -3.14159    0.00141708
1.46608     -3.14159    7.38204e-05
1.67552     -3.14159    0.00607179
1.88496     -3.14159    0.0112747
2.0944     -3.14159    0.00987855
2.30383     -3.14159    0.00315522
2.51327     -3.14159    0.0113734
2.72271     -3.14159    0.0105371
2.93215     -3.14159    0.00152722
3.14159     -3.14159    0.000347648

-3.14159     -2.93215    0.00426343
-2.93215     -2.93215    0.011053
-2.72271     -2.93215    0.0137731
-2.51327     -2.93215    0.0294362
-2.30383     -2.93215    0.0138418
-2.0944     -2.93215    0.00193799
-1.88496     -2.93215    0.00340209
-1.67552     -2.93215    0.00129411
-1.46608     -2.93215    0.00180562
-1.25664     -2.93215    0.00483246
-1.0472     -2.93215    0.00247099
-0.837758     -2.93215    0.0102847
-0.628319     -2.93215    0.0082581
-0.418879     -2.93215    0.00978942
-0.20944     -2.93215    0.00554485
0     -2.93215    0.0245303
0.20944     -2.93215    0.00578827
0.418879     -2.93215    0.00978487
0.628319     -2.93215    0.00823903
0.837758     -2.93215    0.0102921
1.0472     -2.93215    0.00241468
1.25664     -2.93215    0.00486855
1.46608     -2.93215    0.00181985
1.67552     -2.93215    0.00126616
1.88496     -2.93215    0.00336015
2.0944     -2.93215    0.00194009
2.30383     -2.93215    0.0138285
2.51327     -2.93215    0.0296881
2.72271     -2.93215    0.0137823
2.93215     -2.93215    0.0110377
3.14159     -2.93215    0.00431803

-3.14159     -2.72271    0.00491429
-2.93215     -2.72271    0.00510882
-2.72271     -2.72271    0.010043
-2.51327     -2.72271    0.033886
-2.30383     -2.72271    0.00466029
-2.0944     -2.72271    0.00102689
-1.88496     -2.72271    3.44675e-05
-1.67552     -2.72271    0.00900368
-1.46608     -2.72271    0.00781995
-1.25664     -2.72271    0.00622991
-1.0472     -2.72271    0.00936217
-0.837758     -2.72271    0.00865571
-0.628319     -2.72271    0.0120028
-0.418879     -2.72271    0.0059192
-0.20944     -2.72271    0.00471717
0     -2.72271    0.0385645
0.20944     -2.72271    0.00460206
0.418879     -2.72271    0.00588453
0.628319     -2.72271    0.011882
0.837758     -2.72271    0.00855464
1.0472     -2.72271    0.00934457
1.25664     -2.72271    0.00622439
1.46608     -2.72271    0.00784011
1.67552     -2.72271    0.00908999
1.88496     -2.72271    2.97733e-05
2.0944     -2.72271    0.00103799
2.30383     -2.72271    0.00456778
2.51327     -2.72271    0.0336255
2.72271     -2.72271    0.00995814
2.93215     -2.72271    0.0052318
3.14159     -2.72271    0.00503704

-3.14159     -2.51327    0.00965725
-2.93215     -2.51327    0.0026161
-2.72271     -2.51327    0.0188548
-2.51327     -2.51327    0.00186252
-2.30383     -2.51327    0.0106054
-2.0944     -2.51327    0.00663247
-1.88496     -2.51327    0.00475638
-1.67552     -2.51327    0.00692983
-1.46608     -2.51327    0.00829881
-1.25664     -2.51327    0.0090232
-1.0472     -2.51327    0.0122688
-0.837758     -2.51327    0.00371588
-0.628319     -2.51327    0.00359077
-0.418879     -2.51327    0.00483859
-0.20944     -2.51327    0.004581
0     -2.51327    0.0295187
0.20944     -2.51327    0.00465742
0.418879     -2.51327    0.00480262
0.628319     -2.51327    0.00364348
0.837758     -2.51327    0.00352363
1.0472     -2.51327    0.0122434
1.25664     -2.51327    0.00903715
1.46608     -2.51327    0.00823677
1.67552     -2.51327    0.00691758
1.88496     -2.51327    0.00472686
2.0944     -2.51327    0.00656253
2.30383     -2.51327    0.0105994
2.51327     -2.51327    0.00193489
2.72271     -2.51327    0.0191504
2.93215     -2.51327    0.00338046
3.14159     -2.51327    0.00951265

-3.14159     -2.30383    0.0370857
-2.93215     -2.30383    0.0228536
-2.72271     -2.30383    0.00693576
-2.51327     -2.30383    0.00529517
-2.30383     -2.30383    0.00260084
-2.0944     -2.30383    0.00622392
-1.88496     -2.30383    0.00967653
-1.67552     -2.30383    0.0122631
-1.46608     -2.30383    0.00376093
-1.25664     -2.30383    0.00458633
-1.0472     -2.30383    0.0196492
-0.837758     -2.30383    0.00882392
-0.628319     -2.30383    0.0047097
-0.418879     -2.30383    0.00234081
-0.20944     -2.30383    0.00934435
0     -2.30383    0.00888683
0.20944     -2.30383    0.00936287
0.418879     -2.30383    0.00222541
0.628319     -2.30383    0.00475342
0.837758     -2.30383    0.0088585
1.0472     -2.30383    0.019688
1.25664     -2.30383    0.00458439
1.46608     -2.30383    0.00374517
1.67552     -2.30383    0.0122967
1.88496     -2.30383    0.00964513
2.0944     -2.30383    0.00624446
2.30383     -2.30383    0.0026347
2.51327     -2.30383    0.00548073
2.72271     -2.30383    0.00726648
2.93215     -2.30383    0.0228256
3.14159     -2.30383    0.0369635

-3.14159     -2.0944    0.04667
-2.93215     -2.0944    0.0569178
-2.72271     -2.0944    0.0331239
-2.51327     -2.0944    0.0147715
-2.30383     -2.0944    0.000554117
-2.0944     -2.0944    0.00588646
-1.88496     -2.0944    0.0065101
-1.67552     -2.0944    0.00616348
-1.46608     -2.0944    0.0222046
-1.25664     -2.0944    0.015256
-1.0472     -2.0944    0.00209485
-0.837758     -2.0944    0.0133365
-0.628319     -2.0944    0.00261611
-0.418879     -2.0944    0.00111933
-0.20944     -2.0944    0.0172214
0     -2.0944    0.0124856
0.20944     -2.0944    0.0171747
0.418879     -2.0944    0.0010575
0.628319     -2.0944    0.00261585
0.837758     -2.0944    0.0134047
1.0472     -2.0944    0.00216532
1.25664     -2.0944    0.015289
1.46608     -2.0944    0.0223205
1.67552     -2.0944    0.00607653
1.88496     -2.0944    0.00654367
2.0944     -2.0944    0.00590134
2.30383     -2.0944    0.000631845
2.51327     -2.0944    0.0147563
2.72271     -2.0944    0.0328139
2.93215     -2.0944    0.0563454
3.14159     -2.0944    0.0461439

-3.14159     -1.88496    0.0639469
-2.93215     -1.88496    0.042926
-2.72271     -1.88496    0.0372698
-2.51327     -1.88496    0.00863641
-2.30383     -1.88496    0.0131521
-2.0944     -1.88496    0.0152254
-1.88496     -1.88496    0.00431362
-1.67552     -1.88496    0.00802345
-1.46608     -1.88496    0.00589213
-1.25664     -1.88496    0.00761405
-1.0472     -1.88496    0.00317948
-0.837758     -1.88496    0.0122937
-0.628319     -1.88496    0.00459275
-0.418879     -1.88496    0.0127551
-0.20944     -1.88496    0.0109316
0     -1.88496    0.00402791
0.20944     -1.88496    0.0109863
0.418879     -1.88496    0.0126357
0.628319     -1.88496    0.00461763
0.837758     -1.88496    0.0123004
1.0472     -1.88496    0.00312084
1.25664     -1.88496    0.00760927
1.46608     -1.88496    0.00585271
1.67552     -1.88496    0.00815075
1.88496     -1.88496    0.0042986
2.0944     -1.88496    0.0151979
2.30383     -1.88496    0.0131739
2.51327     -1.88496    0.00867726
2.72271     -1.88496    0.0367643
2.93215     -1.88496    0.0433645
3.14159     -1.88496    0.0633562

-3.14159     -1.67552    0.058682
-2.93215     -1.67552    0.0339959
-2.72271     -1.67552    0.0357991
-2.51327     -1.67552    0.0135364
-2.30383     -1.67552    0.00023874
-2.0944     -1.67552    0.000339937
-1.88496     -1.67552    0.000853897
-1.67552     -1.67552    0.00389976
-1.46608     -1.67552    0.00931463
-1.25664     -1.67552    0.011143
-1.0472     -1.67552    0.00627984
-0.837758     -1.67552    0.00244336
-0.628319     -1.67552    0.000977965
-0.418879     -1.67552    0.0203851
-0.20944     -1.67552    0.0117264
0     -1.67552    0.0141604
0.20944     -1.67552    0.0116736
0.418879     -1.67552    0.0204213
0.628319     -1.67552    0.000895609
0.837758     -1.67552    0.0026135
1.0472     -1.67552    0.00636318
1.25664     -1.67552    0.0110657
1.46608     -1.67552    0.0093644
1.67552     -1.67552    0.00383587
1.88496     -1.67552    0.000831756
2.0944     -1.67552    0.000274501
2.30383     -1.67552    0.000296463
2.51327     -1.67552    0.0135772
2.72271     -1.67552    0.0355716
2.93215     -1.67552    0.0341276
3.14159     -1.67552    0.058072

-3.14159     -1.46608    0.0434429
-2.93215     -1.46608    0.0343215
-2.72271     -1.46608    0.0334582
-2.51327     -1.46608    0.0242851
-2.30383     -1.46608    0.0228746
-2.0944     -1.46608    0.00355759
-1.88496     -1.46608    0.00175133
-1.67552     -1.46608    0.000566267
-1.46608     -1.46608    0.00128049
-1.25664     -1.46608    0.00428827
-1.0472     -1.46608    0.00218693
-0.837758     -1.46608    0.0233539
-0.628319     -1.46608    0.0057749
-0.418879     -1.46608    0.0134256
-0.20944     -1.46608    0.000548442
0     -1.46608    0.00388794
0.20944     -1.46608    0.000428532
0.418879     -1.46608    0.0134465
0.628319     -1.46608    0.00564979
0.837758     -1.46608    0.0233959
1.0472     -1.46608    0.00205575
1.25664     -1.46608    0.00426211
1.46608     -1.46608    0.00115199
1.67552     -1.46608    0.000615232
1.88496     -1.46608    0.0017124
2.0944     -1.46608    0.00350616
2.30383     -1.46608    0.0227484
2.51327     -1.46608    0.0245012
2.72271     -1.46608    0.0333981
2.93215     -1.46608    0.0343215
3.14159     -1.46608    0.043043

-3.14159     -1.25664    0.0306401
-2.93215     -1.25664    0.0152323
-2.72271     -1.25664    0.00378853
-2.51327     -1.25664    0.00587345
-2.30383     -1.25664    0.0394746
-2.0944     -1.25664    0.0140643
-1.88496     -1.25664    0.0118777
-1.67552     -1.25664    0.0153782
-1.46608     -1.25664    0.0105957
-1.25664     -1.25664    0.0210766
-1.0472     -1.25664    0.000306622
-0.837758     -1.25664    0.00490965
-0.628319     -1.25664    0.00969009
-0.418879     -1.25664    0.0167156
-0.20944     -1.25664    0.00805988
0     -1.25664    0.00386395
0.20944     -1.25664    0.00813625
0.418879     -1.25664    0.0165275
0.628319     -1.25664    0.00947115
0.837758     -1.25664    0.00483993
1.0472     -1.25664    0.000218378
1.25664     -1.25664    0.0211516
1.46608     -1.25664    0.0105237
1.67552     -1.25664    0.0155025
1.88496     -1.25664    0.0118039
2.0944     -1.25664    0.0140748
2.30383     -1.25664    0.0392582
2.51327     -1.25664    0.00588142
2.72271     -1.25664    0.00379117
2.93215     -1.25664    0.0151742
3.14159     -1.25664    0.030567

-3.14159     -1.0472    0.000810004
-2.93215     -1.0472    0.00793797
-2.72271     -1.0472    0.0141004
-2.51327     -1.0472    0.00287692
-2.30383     -1.0472    0.00224366
-2.0944     -1.0472    0.0100349
-1.88496     -1.0472    0.0118746
-1.67552     -1.0472    0.00833315
-1.46608     -1.0472    0.0103833
-1.25664     -1.0472    0.0109431
-1.0472     -1.0472    0.0129699
-0.837758     -1.0472    0.0184933
-0.628319     -1.0472    0.000393543
-0.418879     -1.0472    0.0055298
-0.20944     -1.0472    0.00388407
0     -1.0472    0.014043
0.20944     -1.0472    0.00382471
0.418879     -1.0472    0.00553632
0.628319     -1.0472    0.000207602
0.837758     -1.0472    0.0185662
1.0472     -1.0472    0.0129674
1.25664     -1.0472    0.0109358
1.46608     -1.0472    0.0104507
1.67552     -1.0472    0.0083751
1.88496     -1.0472    0.011857
2.0944     -1.0472    0.00998229
2.30383     -1.0472    0.0022988
2.51327     -1.0472    0.00284102
2.72271     -1.0472    0.0140593
2.93215     -1.0472    0.00774805
3.14159     -1.0472    0.000635532

-3.14159     -0.837758    0.00212128
-2.93215     -0.837758    0.00683425
-2.72271     -0.837758    0.0122015
-2.51327     -0.837758    0.00110035
-2.30383     -0.837758    0.00165147
-2.0944     -0.837758    0.00729119
-1.88496     -0.837758    0.0167383
-1.67552     -0.837758    0.00193473
-1.46608     -0.837758    0.0135596
-1.25664     -0.837758    0.00804468
-1.0472     -0.837758    0.0096045
-0.837758     -0.837758    0.00235881
-0.628319     -0.837758    0.00850026
-0.418879     -0.837758    0.00445704
-0.20944     -0.837758    0.0151178
0     -0.837758    0.0119284
0.20944     -0.837758    0.0151375
0.418879     -0.837758    0.00433565
0.628319     -0.837758    0.00852397
0.837758     -0.837758    0.00227938
1.0472     -0.837758    0.00952092
1.25664     -0.837758    0.00808832
1.46608     -0.837758    0.0135517
1.67552     -0.837758    0.00195735
1.88496     -0.837758    0.0167531
2.0944     -0.837758    0.00725446
2.30383     -0.837758    0.0016028
2.51327     -0.837758    0.00105353
2.72271     -0.837758    0.0121742
2.93215     -0.837758    0.00677762
3.14159     -0.837758    0.00217152

-3.14159     -0.628319    0.00434834
-2.93215     -0.628319    0.0109097
-2.72271     -0.628319    0.00333116
-2.51327     -0.628319    0.00990549
-2.30383     -0.628319    0.00513479
-2.0944     -0.628319    0.00276074
-1.88496     -0.628319    0.00915099
-1.67552     -0.628319    0.0189732
-1.46608     -0.628319    0.00885204
-1.25664     -0.628319    0.00633363
-1.0472     -0.628319    0.00195034
-0.837758     -0.628319    0.00812726
-0.628319     -0.628319    0.0133891
-0.418879     -0.628319    0.0379282
-0.20944     -0.628319    0.0404539
0     -0.628319    0.0100306
0.20944     -0.628319    0.0407003
0.418879     -0.628319    0.0379834
0.628319     -0.628319    0.013155
0.837758     -0.628319    0.00810375
1.0472     -0.628319    0.00192686
1.25664     -0.628319    0.00635771
1.46608     -0.628319    0.00880171
1.67552     -0.628319    0.0189235
1.88496     -0.628319    0.00919231
2.0944     -0.628319    0.00269959
2.30383     -0.628319    0.00508824
2.51327     -0.628319    0.00984246
2.72271     -0.628319    0.0033791
2.93215     -0.628319    0.0109277
3.14159     -0.628319    0.0044098

-3.14159     -0.418879    0.00272319
-2.93215     -0.418879    0.0109117
-2.72271     -0.418879    0.00915634
-2.51327     -0.418879    0.00210497
-2.30383     -0.418879    0.00955573
-2.0944     -0.418879    0.00705556
-1.88496     -0.418879    0.00424616
-1.67552     -0.418879    0.0166697
-1.46608     -0.418879    0.0116415
-1.25664     -0.418879    0.00296274
-1.0472     -0.418879    0.00759175
-0.837758     -0.418879    0.0138471
-0.628319     -0.418879    0.00627381
-0.418879     -0.418879    0.0420016
-0.20944     -0.418879    0.0422632
0     -0.418879    0.0625597
0.20944     -0.418879    0.0425874
0.418879     -0.418879    0.0423987
0.628319     -0.418879    0.00621301
0.837758     -0.418879    0.0137543
1.0472     -0.418879    0.00756492
1.25664     -0.418879    0.00295641
1.46608     -0.418879    0.011683
1.67552     -0.418879    0.0165791
1.88496     -0.418879    0.00425059
2.0944     -0.418879    0.00705351
2.30383     -0.418879    0.00952683
2.51327     -0.418879    0.00212791
2.72271     -0.418879    0.0091197
2.93215     -0.418879    0.0108911
3.14159     -0.418879    0.00270352

-3.14159     -0.20944    0.00676762
-2.93215     -0.20944    0.00678231
-2.72271     -0.20944    0.00965194
-2.51327     -0.20944    0.0198058
-2.30383     -0.20944    0.00973957
-2.0944     -0.20944    0.0114917
-1.88496     -0.20944    0.00653242
-1.67552     -0.20944    0.00922976
-1.46608     -0.20944    0.0108229
-1.25664     -0.20944    0.0134788
-1.0472     -0.20944    0.0100986
-0.837758     -0.20944    0.0157404
-0.628319     -0.20944    0.0235139
-0.418879     -0.20944    0.0418332
-0.20944     -0.20944    0.0543532
0     -0.20944    0.0599929
0.20944     -0.20944    0.0540762
0.418879     -0.20944    0.0421896
0.628319     -0.20944    0.0228859
0.837758     -0.20944    0.0157174
1.0472     -0.20944    0.0101382
1.25664     -0.20944    0.0136192
1.46608     -0.20944    0.0107129
1.67552     -0.20944    0.00913477
1.88496     -0.20944    0.00645353
2.0944     -0.20944    0.0114949
2.30383     -0.20944    0.00968698
2.51327     -0.20944    0.019808
2.72271     -0.20944    0.00963018
2.93215     -0.20944    0.0067878
3.14159     -0.20944    0.00679919

-3.14159     0    0.0095005
-2.93215     0    0.00647337
-2.72271     0    0.000618908
-2.51327     0    0.0128724
-2.30383     0    0.00725207
-2.0944     0    0.00363912
-1.88496     0    0.00247872
-1.67552     0    0.0243766
-1.46608     0    0.0013448
-1.25664     0    0.00458122
-1.0472     0    0.00617675
-0.837758     0    0.0252052
-0.628319     0    0.0567458
-0.418879     0    0.0415721
-0.20944     0    0.0810459
0     0    9.85513e-15
0.20944     0    0.0810459
0.418879     0    0.0415721
0.628319     0    0.0567458
0.837758     0    0.0252052
1.0472     0    0.00617675
1.25664     0    0.00458122
1.46608     0    0.0013448
1.67552     0    0.0243766
1.88496     0    0.00247872
2.0944     0    0.00363912
2.30383     0    0.00725207
2.51327     0    0.0128724
2.72271     0    0.000618908
2.93215     0    0.00647337
3.14159     0    0.0095005

-3.14159     0.20944    0.00679919
-2.93215     0.20944    0.0067878
-2.72271     0.20944    0.00963018
-2.51327     0.20944    0.019808
-2.30383     0.20944    0.00968698
-2.0944     0.20944    0.0114949
-1.88496     0.20944    0.00645353
-1.67552     0.20944    0.00913477
-1.46608     0.20944    0.0107129
-1.25664     0.20944    0.0136192
-1.0472     0.20944    0.0101382
-0.837758     0.20944    0.0157174
-0.628319     0.20944    0.0228859
-0.418879     0.20944    0.0421896
-0.20944     0.20944    0.0540762
0     0.20944    0.0599929
0.20944     0.20944    0.0543532
0.418879     0.20944    0.0418332
0.628319     0.20944    0.0235139
0.837758     0.20944    0.0157404
1.0472     0.20944    0.0100986
1.25664     0.20944    0.0134788
1.46608     0.20944    0.0108229
1.67552     0.20944    0.00922976
1.88496     0.20944    0.00653242
2.0944     0.20944    0.0114917
2.30383     0.20944    0.00973957
2.51327     0.20944    0.0198058
2.72271     0.20944    0.00965194
2.93215     0.20944    0.00678231
3.14159     0.20944    0.00676762

-3.14159     0.418879    0.00270352
-2.93215     0.418879    0.0108911
-2.72271     0.418879    0.0091197
-2.51327     0.418879    0.00212791
-2.30383     0.418879    0.00952683
-2.0944     0.418879    0.00705351
-1.88496     0.418879    0.00425059
-1.67552     0.418879    0.0165791
-1.46608     0.418879    0.011683
-1.25664     0.418879    0.00295641
-1.0472     0.418879    0.00756492
-0.837758     0.418879    0.0137543
-0.628319     0.418879    0.00621301
-0.418879     0.418879    0.0423987
-0.20944     0.418879    0.0425874
0     0.418879    0.0625597
0.20944     0.418879    0.0422632
0.418879     0.418879    0.0420016
0.628319     0.418879    0.00627381
0.837758     0.418879    0.0138471
1.0472     0.418879    0.00759175
1.25664     0.418879    0.00296274
1.46608     0.418879    0.0116415
1.67552     0.418879    0.0166697
1.88496     0.418879    0.00424616
2.0944     0.418879    0.00705556
2.30383     0.418879    0.00955573
2.51327     0.418879    0.00210497
2.72271     0.418879    0.00915634
2.93215     0.418879    0.0109117
3.14159     0.418879    0.00272319

-3.14159     0.628319    0.0044098
-2.93215     0.628319    0.0109277
-2.72271     0.628319    0.0033791
-2.51327     0.628319    0.00984246
-2.30383     0.628319    0.00508824
-2.0944     0.628319    0.00269959
-1.88496     0.628319    0.00919231
-1.67552     0.628319    0.0189235
-1.46608     0.628319    0.00880171
-1.25664     0.628319    0.00635771
-1.0472     0.628319    0.00192686
-0.837758     0.628319    0.00810375
-0.628319     0.628319    0.013155
-0.418879     0.628319    0.0379834
-0.20944     0.628319    0.0407003
0     0.628319    0.0100306
0.20944     0.628319    0.0404539
0.418879     0.628319    0.0379282
0.628319     0.628319    0.0133891
0.837758     0.628319    0.00812726
1.0472     0.628319    0.00195034
1.25664     0.628319    0.00633363
1.46608     0.628319    0.00885204
1.67552     0.628319    0.0189732
1.88496     0.628319    0.00915099
2.0944     0.628319    0.00276074
2.30383     0.628319    0.00513479
2.51327     0.628319    0.00990549
2.72271     0.628319    0.00333116
2.93215     0.628319    0.0109097
3.14159     0.628319    0.00434834

-3.14159     0.837758    0.00217152
-2.93215     0.837758    0.00677762
-2.72271     0.837758    0.0121742
-2.51327     0.837758    0.00105353
-2.30383     0.837758    0.0016028
-2.0944     0.837758    0.00725446
-1.88496     0.837758    0.0167531
-1.67552     0.837758    0.00195735
-1.46608     0.837758    0.0135517
-1.25664     0.837758    0.00808832
-1.0472     0.837758    0.00952092
-0.837758     0.837758    0.00227938
-0.628319     0.837758    0.00852397
-0.418879     0.837758    0.00433565
-0.20944     0.837758    0.0151375
0     0.837758    0.0119284
0.20944     0.837758    0.0151178
0.418879     0.837758    0.00445704
0.628319     0.837758    0.00850026
0.837758     0.837758    0.00235881
1.0472     0.837758    0.0096045
1.25664     0.837758    0.00804468
1.46608     0.837758    0.0135596
1.67552     0.837758    0.00193473
1.88496     0.837758    0.0167383
2.0944     0.837758    0.00729119
2.30383     0.837758    0.00165147
2.51327     0.837758    0.00110035
2.72271     0.837758    0.0122015
2.93215     0.837758    0.00683425
3.14159     0.837758    0.00212128

-3.14159     1.0472    0.000635532
-2.93215     1.0472    0.00774805
-2.72271     1.0472    0.0140593
-2.51327     1.0472    0.00284102
-2.30383     1.0472    0.0022988
-2.0944     1.0472    0.00998229
-1.88496     1.0472    0.011857
-1.67552     1.0472    0.0083751
-1.46608     1.0472    0.0104507
-1.25664     1.0472    0.0109358
-1.0472     1.0472    0.0129674
-0.837758     1.0472    0.0185662
-0.628319     1.0472    0.000207602
-0.418879     1.0472    0.00553632
-0.20944     1.0472    0.00382471
0     1.0472    0.014043
0.20944     1.0472    0.00388407
0.418879     1.0472    0.0055298
0.628319     1.0472    0.000393543
0.837758     1.0472    0.0184933
1.0472     1.0472    0.0129699
1.25664     1.0472    0.0109431
1.46608     1.0472    0.0103833
1.67552     1.0472    0.00833315
1.88496     1.0472    0.0118746
2.0944     1.0472    0.0100349
2.30383     1.0472    0.00224366
2.51327     1.0472    0.00287692
2.72271     1.0472    0.0141004
2.93215     1.0472    0.00793797
3.14159     1.0472    0.000810004

-3.14159     1.25664    0.030567
-2.93215     1.25664    0.0151742
-2.72271     1.25664    0.00379117
-2.51327     1.25664    0.00588142
-2.30383     1.25664    0.0392582
-2.0944     1.25664    0.0140748
-1.88496     1.25664    0.0118039
-1.67552     1.25664    0.0155025
-1.46608     1.25664    0.0105237
-1.25664     1.25664    0.0211516
-1.0472     1.25664    0.000218378
-0.837758     1.25664    0.00483993
-0.628319     1.25664    0.00947115
-0.418879     1.25664    0.0165275
-0.20944     1.25664    0.00813625
0     1.25664    0.00386395
0.20944     1.25664    0.00805988
0.418879     1.25664    0.0167156
0.628319     1.25664    0.00969009
0.837758     1.25664    0.00490965
1.0472     1.25664    0.000306622
1.25664     1.25664    0.0210766
1.46608     1.25664    0.0105957
1.67552     1.25664    0.0153782
1.88496     1.25664    0.0118777
2.0944     1.25664    0.0140643
2.30383     1.25664    0.0394746
2.51327     1.25664    0.00587345
2.72271     1.25664    0.00378853
2.93215     1.25664    0.0152323
3.14159     1.25664    0.0306401

-3.14159     1.46608    0.043043
-2.93215     1.46608    0.0343215
-2.72271     1.46608    0.0333981
-2.51327     1.46608    0.0245012
-2.30383     1.46608    0.0227484
-2.0944     1.46608    0.00350616
-1.88496     1.46608    0.0017124
-1.67552     1.46608    0.000615232
-1.46608     1.46608    0.00115199
-1.25664     1.46608    0.00426211
-1.0472     1.46608    0.00205575
-0.837758     1.46608    0.0233959
-0.628319     1.46608    0.00564979
-0.418879     1.46608    0.0134465
-0.20944     1.46608    0.000428532
0     1.46608    0.00388794
0.20944     1.46608    0.000548442
0.418879     1.46608    0.0134256
0.628319     1.46608    0.0057749
0.837758     1.46608    0.0233539
1.0472     1.46608    0.00218693
1.25664     1.46608    0.00428827
1.46608     1.46608    0.00128049
1.67552     1.46608    0.000566267
1.88496     1.46608    0.00175133
2.0944     1.46608    0.00355759
2.30383     1.46608    0.0228746
2.51327     1.46608    0.0242851
2.72271     1.46608    0.0334582
2.93215     1.46608    0.0343215
3.14159     1.46608    0.0434429

-3.14159     1.67552    0.058072
-2.93215     1.67552    0.0341276
-2.72271     1.67552    0.0355716
-2.51327     1.67552    0.0135772
-2.30383     1.67552    0.000296463
-2.0944     1.67552    0.000274501
-1.88496     1.67552    0.000831756
-1.67552     1.67552    0.00383587
-1.46608     1.67552    0.0093644
-1.25664     1.67552    0.0110657
-1.0472     1.67552    0.00636318
-0.837758     1.67552    0.0026135
-0.628319     1.67552    0.000895609
-0.418879     1.67552    0.0204213
-0.20944     1.67552    0.0116736
0     1.67552    0.0141604
0.20944     1.67552    0.0117264
0.418879     1.67552    0.0203851
0.628319     1.67552    0.000977965
0.837758     1.67552    0.00244336
1.0472     1.67552    0.00627984
1.25664     1.67552    0.011143
1.46608     1.67552    0.00931463
1.67552     1.67552    0.00389976
1.88496     1.67552    0.000853897
2.0944     1.67552    0.000339937
2.30383     1.67552    0.00023874
2.51327     1.67552    0.0135364
2.72271     1.67552    0.0357991
2.93215     1.67552    0.0339959
3.14159     1.67552    0.058682

-3.14159     1.88496    0.0633562
-2.93215     1.88496    0.0433645
-2.72271     1.88496    0.0367643
-2.51327     1.88496    0.00867726
-2.30383     1.88496    0.0131739
-2.0944     1.88496    0.0151979
-1.88496     1.88496    0.0042986
-1.67552     1.88496    0.00815075
-1.46608     1.88496    0.00585271
-1.25664     1.88496    0.00760927
-1.0472     1.88496    0.00312084
-0.837758     1.88496    0.0123004
-0.628319     1.88496    0.00461763
-0.418879     1.88496    0.0126357
-0.20944     1.88496    0.0109863
0     1.88496    0.00402791
0.20944     1.88496    0.0109316
0.418879     1.88496    0.0127551
0.628319     1.88496    0.00459275
0.837758     1.88496    0.0122937
1.0472     1.88496    0.00317948
1.25664     1.88496    0.00761405
1.46608     1.88496    0.00589213
1.67552     1.88496    0.00802345
1.88496     1.88496    0.00431362
2.0944     1.88496    0.0152254
2.30383     1.88496    0.0131521
2.51327     1.88496    0.00863641
2.72271     1.88496    0.0372698
2.93215     1.88496    0.042926
3.14159     1.88496    0.0639469

-3.14159     2.0944    0.0461439
-2.93215     2.0944    0.0563454
-2.72271     2.0944    0.0328139
-2.51327     2.0944    0.0147563
-2.30383     2.0944    0.000631845
-2.0944     2.0944    0.00590134
-1.88496     2.0944    0.00654367
-1.67552     2.0944    0.00607653
-1.46608     2.0944    0.0223205
-1.25664     2.0944    0.015289
-1.0472     2.0944    0.00216532
-0.837758     2.0944    0.0134047
-0.628319     2.0944    0.00261585
-0.418879     2.0944    0.0010575
-0.20944     2.0944    0.0171747
0     2.0944    0.0124856
0.20944     2.0944    0.0172214
0.418879     2.0944    0.00111933
0.628319     2.0944    0.00261611
0.837758     2.0944    0.0133365
1.0472     2.0944    0.00209485
1.25664     2.0944    0.015256
1.46608     2.0944    0.0222046
1.67552     2.0944    0.00616348
1.88496     2.0944    0.0065101
2.0944     2.0944    0.00588646
2.30383     2.0944    0.000554117
2.51327     2.0944    0.0147715
2.72271     2.0944    0.0331239
2.93215     2.0944    0.0569178
3.14159     2.0944    0.04667

-3.14159     2.30383    0.0369635
-2.93215     2.30383    0.0228256
-2.72271     2.30383    0.00726648
-2.51327     2.30383    0.00548073
-2.30383     2.30383    0.0026347
-2.0944     2.30383    0.00624446
-1.88496     2.30383    0.00964513
-1.67552     2.30383    0.0122967
-1.46608     2.30383    0.00374517
-1.25664     2.30383    0.00458439
-1.0472     2.30383    0.019688
-0.837758     2.30383    0.0088585
-0.628319     2.30383    0.00475342
-0.418879     2.30383    0.00222541
-0.20944     2.30383    0.00936287
0     2.30383    0.00888683
0.20944     2.30383    0.00934435
0.418879     2.30383    0.00234081
0.628319     2.30383    0.0047097
0.837758     2.30383    0.00882392
1.0472     2.30383    0.0196492
1.25664     2.30383    0.00458633
1.46608     2.30383    0.00376093
1.67552     2.30383    0.0122631
1.88496     2.30383    0.00967653
2.0944     2.30383    0.00622392
2.30383     2.30383    0.00260084
2.51327     2.30383    0.00529517
2.72271     2.30383    0.00693576
2.93215     2.30383    0.0228536
3.14159     2.30383    0.0370857

-3.14159     2.51327    0.00951265
-2.93215     2.51327    0.00338046
-2.72271     2.51327    0.0191504
-2.51327     2.51327    0.00193489
-2.30383     2.51327    0.0105994
-2.0944     2.51327    0.00656253
-1.88496     2.51327    0.00472686
-1.67552     2.51327    0.00691758
-1.46608     2.51327    0.00823677
-1.25664     2.51327    0.00903715
-1.0472     2.51327    0.0122434
-0.837758     2.51327    0.00352363
-0.628319     2.51327    0.00364348
-0.418879     2.51327    0.00480262
-0.20944     2.51327    0.00465742
0     2.51327    0.0295187
0.20944     2.51327    0.004581
0.418879     2.51327    0.00483859
0.628319     2.51327    0.00359077
0.837758     2.51327    0.00371588
1.0472     2.51327    0.0122688
1.25664     2.51327    0.0090232
1.46608     2.51327    0.00829881
1.67552     2.51327    0.00692983
1.88496     2.51327    0.00475638
2.0944     2.51327    0.00663247
2.30383     2.51327    0.0106054
2.51327     2.51327    0.00186252
2.72271     2.51327    0.0188548
2.93215     2.51327    0.0026161
3.14159     2.51327    0.00965725

-3.14159     2.72271    0.00503704
-2.93215     2.72271    0.0052318
-2.72271     2.72271    0.00995814
-2.51327     2.72271    0.0336255
-2.30383     2.72271    0.00456778
-2.0944     2.72271    0.00103799
-1.88496     2.72271    2.97733e-05
-1.67552     2.72271    0.00908999
-1.46608     2.72271    0.00784011
-1.25664     2.72271    0.00622439
-1.0472     2.72271    0.00934457
-0.837758     2.72271    0.00855464
-0.628319     2.72271    0.011882
-0.418879     2.72271    0.00588453
-0.20944     2.72271    0.00460206
0     2.72271    0.0385645
0.20944     2.72271    0.00471717
0.418879     2.72271    0.0059192
0.628319     2.72271    0.0120028
0.837758     2.72271    0.00865571
1.0472     2.72271    0.00936217
1.25664     2.72271    0.00622991
1.46608     2.72271    0.00781995
1.67552     2.72271    0.00900368
1.88496     2.72271    3.44675e-05
2.0944     2.72271    0.00102689
2.30383     2.72271    0.00466029
2.51327     2.72271    0.033886
2.72271     2.72271    0.010043
2.93215     2.72271    0.00510882
3.14159     2.72271    0.00491429

-3.14159     2.93215    0.00431803
-2.93215     2.93215    0.0110377
-2.72271     2.93215    0.0137823
-2.51327     2.93215    0.0296881
-2.30383     2.93215    0.0138285
-2.0944     2.93215    0.00194009
-1.88496     2.93215    0.00336015
-1.67552     2.93215    0.00126616
-1.46608     2.93215    0.00181985
-1.25664     2.93215    0.00486855
-1.0472     2.93215    0.00241468
-0.837758     2.93215    0.0102921
-0.628319     2.93215    0.00823903
-0.418879     2.93215    0.00978487
-0.20944     2.93215    0.00578827
0     2.93215    0.0245303
0.20944     2.93215    0.00554485
0.418879     2.93215    0.00978942
0.628319     2.93215    0.0082581
0.837758     2.93215    0.0102847
1.0472     2.93215    0.00247099
1.25664     2.93215    0.00483246
1.46608     2.93215    0.00180562
1.67552     2.93215    0.00129411
1.88496     2.93215    0.00340209
2.0944     2.93215    0.00193799
2.30383     2.93215    0.0138418
2.51327     2.93215    0.0294362
2.72271     2.93215    0.0137731
2.93215     2.93215    0.011053
3.14159     2.93215    0.00426343

-3.14159     3.14159    0.000347648
-2.93215     3.14159    0.00152722
-2.72271     3.14159    0.0105371
-2.51327     3.14159    0.0113734
-2.30383     3.14159    0.00315522
-2.0944     3.14159    0.00987855
-1.88496     3.14159    0.0112747
-1.67552     3.14159    0.00607179
-1.46608     3.14159    7.38204e-05
-1.25664     3.14159    0.00141708
-1.0472     3.14159    0.00227123
-0.837758     3.14159    0.00256945
-0.628319     3.14159    0.00181463
-0.418879     3.14159    0.0124817
-0.20944     3.14159    0.0224583
0     3.14159    0.0400462
0.20944     3.14159    0.0228534
0.418879     3.14159    0.0124797
0.628319     3.14159    0.00161743
0.837758     3.14159    0.00256696
1.0472     3.14159    0.00227051
1.25664     3.14159    0.00147999
1.46608     3.14159    4.64627e-05
1.67552     3.14159    0.00615852
1.88496     3.14159    0.0113901
2.0944     3.14159    0.0100226
2.30383     3.14159    0.00319238
2.51327     3.14159    0.0114558
2.72271     3.14159    0.0106033
2.93215     3.14159    0.00163277
3.14159     3.14159    0.000383937

