-3.14159     -3.14159    0.0235835
-2.93215     -3.14159    0.0111391
-2.72271     -3.14159    0.00586571
-2.51327     -3.14159    0.00208081
-2.30383     -3.14159    0.00283615
-2.0944     -3.14159    0.00976141
-1.88496     -3.14159    0.0129251
-1.67552     -3.14159    0.0152672
-1.46608     -3.14159    0.0145652
-1.25664     -3.14159    0.0113407
-1.0472     -3.14159    0.0178889
-0.837758     -3.14159    0.00622861
-0.628319     -3.14159    0.00297582
-0.418879     -3.14159    0.0103164
-0.20944     -3.14159    0.00626128
0     -3.14159    0.00125509
0.20944     -3.14159    0.00608533
0.418879     -3.14159    0.0104563
0.628319     -3.14159    0.00319707
0.837758     -3.14159    0.0062609
1.0472     -3.14159    0.017736
1.25664     -3.14159    0.0112502
1.46608     -3.14159    0.0145946
1.67552     -3.14159    0.0154337
1.88496     -3.14159    0.0131088
2.0944     -3.14159    0.00979971
2.30383     -3.14159    0.00257939
2.51327     -3.14159    0.00177704
2.72271     -3.14159    0.00576228
2.93215     -3.14159    0.0110892
3.14159     -3.14159    0.0234073

-3.14159     -2.93215    0.0192521
-2.93215     -2.93215    0.00364033
-2.72271     -2.93215    0.00498798
-2.51327     -2.93215    0.00305929
-2.30383     -2.93215    0.00529923
-2.0944     -2.93215    0.0102223
-1.88496     -2.93215    0.0116239
-1.67552     -2.93215    0.00506805
-1.46608     -2.93215    0.00479823
-1.25664     -2.93215    0.0134791
-1.0472     -2.93215    0.0190098
-0.837758     -2.93215    0.00068034
-0.628319     -2.93215    0.0111331
-0.418879     -2.93215    0.0197474
-0.20944     -2.93215    0.0144056
0     -2.93215    0.011209
0.20944     -2.93215    0.0146109
0.418879     -2.93215    0.0198391
0.628319     -2.93215    0.0108174
0.837758     -2.93215    0.000660098
1.0472     -2.93215    0.0190147
1.25664     -2.93215    0.0135079
1.46608     -2.93215    0.00488474
1.67552     -2.93215    0.00515441
1.88496     -2.93215    0.0116079
2.0944     -2.93215    0.0102984
2.30383     -2.93215    0.00499118
2.51327     -2.93215    0.00304854
2.72271     -2.93215    0.00495239
2.93215     -2.93215    0.00370836
3.14159     -2.93215    0.0190173

-3.14159     -2.72271    0.00308987
-2.93215     -2.72271    0.00515604
-2.72271     -2.72271    0.00463484
-2.51327     -2.72271    0.00581053
-2.30383     -2.72271    0.00258211
-2.0944     -2.72271    0.00539211
-1.88496     -2.72271    0.0068634
-1.67552     -2.72271    0.00333566
-1.46608     -2.72271    0.00734586
-1.25664     -2.72271    0.00162089
-1.0472     -2.72271    0.00178462
-0.837758     -2.72271    0.00142079
-0.628319     -2.72271    0.0155801
-0.418879     -2.72271    0.0201217
-0.20944     -2.72271    0.00572465
0     -2.72271    0.0292939
0.20944     -2.72271    0.00584099
0.418879     -2.72271    0.0197904
0.628319     -2.72271    0.0153169
0.837758     -2.72271    0.00131049
1.0472     -2.72271    0.00191735
1.25664     -2.72271    0.00172982
1.46608     -2.72271    0.00738245
1.67552     -2.72271    0.0031706
1.88496     -2.72271    0.00685883
2.0944     -2.72271    0.00511038
2.30383     -2.72271    0.00295012
2.51327     -2.72271    0.00593195
2.72271     -2.72271    0.00474811
2.93215     -2.72271    0.00522989
3.14159     -2.72271    0.00322152

-3.14159     -2.51327    0.0016812
-2.93215     -2.51327    0.00233671
-2.72271     -2.51327    0.00359278
-2.51327     -2.51327    0.00539201
-2.30383     -2.51327    0.00412606
-2.0944     -2.51327    0.0257909
-1.88496     -2.51327    0.012398
-1.67552     -2.51327    0.00115539
-1.46608     -2.51327    0.031221
-1.25664     -2.51327    0.000774889
-1.0472     -2.51327    0.0130702
-0.837758     -2.51327    0.0127251
-0.628319     -2.51327    0.0064851
-0.418879     -2.51327    0.00348552
-0.20944     -2.51327    0.0017412
0     -2.51327    0.021351
0.20944     -2.51327    0.00190177
0.418879     -2.51327    0.00350615
0.628319     -2.51327    0.00655562
0.837758     -2.51327    0.0125957
1.0472     -2.51327    0.0128017
1.25664     -2.51327    0.000759401
1.46608     -2.51327    0.0311162
1.67552     -2.51327    0.00102002
1.88496     -2.51327    0.0121933
2.0944     -2.51327    0.0259518
2.30383     -2.51327    0.00397834
2.51327     -2.51327    0.00561356
2.72271     -2.51327    0.00366832
2.93215     -2.51327    0.00243502
3.14159     -2.51327    0.00181524

-3.14159     -2.30383    0.00772105
-2.93215     -2.30383    0.011736
-2.72271     -2.30383    0.00547789
-2.51327     -2.30383    0.00543976
-2.30383     -2.30383    0.00662293
-2.0944     -2.30383    0.0117333
-1.88496     -2.30383    0.00148262
-1.67552     -2.30383    0.00159367
-1.46608     -2.30383    0.00246739
-1.25664     -2.30383    0.00103465
-1.0472     -2.30383    0.0102898
-0.837758     -2.30383    0.0133274
-0.628319     -2.30383    0.00855761
-0.418879     -2.30383    0.0198183
-0.20944     -2.30383    0.00600598
0     -2.30383    0.00281705
0.20944     -2.30383    0.00592231
0.418879     -2.30383    0.020105
0.628319     -2.30383    0.00848602
0.837758     -2.30383    0.0133064
1.0472     -2.30383    0.0104236
1.25664     -2.30383    0.00093456
1.46608     -2.30383    0.00250794
1.67552     -2.30383    0.00141893
1.88496     -2.30383    0.00140054
2.0944     -2.30383    0.0120924
2.30383     -2.30383    0.00655828
2.51327     -2.30383    0.00562502
2.72271     -2.30383    0.00557612
2.93215     -2.30383    0.0118247
3.14159     -2.30383    0.00795389

-3.14159     -2.0944    0.0123494
-2.93215     -2.0944    0.0013062
-2.72271     -2.0944    0.00704734
-2.51327     -2.0944    0.000841823
-2.30383     -2.0944    0.00357387
-2.0944     -2.0944    0.000458903
-1.88496     -2.0944    0.00246859
-1.67552     -2.0944    0.0166718
-1.46608     -2.0944    0.00631292
-1.25664     -2.0944    0.00420955
-1.0472     -2.0944    0.00368678
-0.837758     -2.0944    0.0102083
-0.628319     -2.0944    0.0142946
-0.418879     -2.0944    0.0186585
-0.20944     -2.0944    0.00669319
0     -2.0944    0.00924003
0.20944     -2.0944    0.00645334
0.418879     -2.0944    0.0185165
0.628319     -2.0944    0.0141279
0.837758     -2.0944    0.0103355
1.0472     -2.0944    0.00371373
1.25664     -2.0944    0.00425742
1.46608     -2.0944    0.00640914
1.67552     -2.0944    0.0167278
1.88496     -2.0944    0.00234757
2.0944     -2.0944    0.000529546
2.30383     -2.0944    0.00380309
2.51327     -2.0944    0.000705536
2.72271     -2.0944    0.00694814
2.93215     -2.0944    0.00140339
3.14159     -2.0944    0.0126726

-3.14159     -1.88496    0.0070346
-2.93215     -1.88496    0.0141513
-2.72271     -1.88496    0.00328345
-2.51327     -1.88496    0.0143054
-2.30383     -1.88496    0.0223398
-2.0944     -1.88496    0.0193915
-1.88496     -1.88496    0.00887803
-1.67552     -1.88496    0.0117801
-1.46608     -1.88496    0.0129286
-1.25664     -1.88496    0.0112828
-1.0472     -1.88496    0.0223003
-0.837758     -1.88496    0.0136945
-0.628319     -1.88496    0.0140411
-0.418879     -1.88496    0.00465431
-0.20944     -1.88496    0.00553316
0     -1.88496    0.00209593
0.20944     -1.88496    0.00556125
0.418879     -1.88496    0.0043675
0.628319     -1.88496    0.0143285
0.837758     -1.88496    0.0138802
1.0472     -1.88496    0.0223144
1.25664     -1.88496    0.0112142
1.46608     -1.88496    0.0127209
1.67552     -1.88496    0.011853
1.88496     -1.88496    0.00881205
2.0944     -1.88496    0.0194078
2.30383     -1.88496    0.0223238
2.51327     -1.88496    0.0143748
2.72271     -1.88496    0.00322675
2.93215     -1.88496    0.0139183
3.14159     -1.88496    0.00672698

-3.14159     -1.67552    0.00897043
-2.93215     -1.67552    0.0114874
-2.72271     -1.67552    0.004537
-2.51327     -1.67552    0.0118562
-2.30383     -1.67552    0.0105462
-2.0944     -1.67552    0.00985253
-1.88496     -1.67552    0.00331384
-1.67552     -1.67552    0.00992359
-1.46608     -1.67552    0.00956081
-1.25664     -1.67552    0.0134765
-1.0472     -1.67552    0.00764232
-0.837758     -1.67552    0.00217314
-0.628319     -1.67552    0.0170669
-0.418879     -1.67552    0.0246514
-0.20944     -1.67552    0.00639667
0     -1.67552    0.0274134
0.20944     -1.67552    0.00634212
0.418879     -1.67552    0.0246621
0.628319     -1.67552    0.0170219
0.837758     -1.67552    0.00206992
1.0472     -1.67552    0.0080771
1.25664     -1.67552    0.0134396
1.46608     -1.67552    0.00962263
1.67552     -1.67552    0.0101163
1.88496     -1.67552    0.00341369
2.0944     -1.67552    0.0100224
2.30383     -1.67552    0.0106632
2.51327     -1.67552    0.0117721
2.72271     -1.67552    0.00452648
2.93215     -1.67552    0.0110904
3.14159     -1.67552    0.00886156

-3.14159     -1.46608    0.0120058
-2.93215     -1.46608    0.000739065
-2.72271     -1.46608    0.00570048
-2.51327     -1.46608    0.00692164
-2.30383     -1.46608    0.0205382
-2.0944     -1.46608    0.00127058
-1.88496     -1.46608    0.00454144
-1.67552     -1.46608    0.026396
-1.46608     -1.46608    0.0143297
-1.25664     -1.46608    0.0142311
-1.0472     -1.46608    0.00325163
-0.837758     -1.46608    0.00122268
-0.628319     -1.46608    0.0113742
-0.418879     -1.46608    0.0103402
-0.20944     -1.46608    0.00352115
0     -1.46608    0.00484156
0.20944     -1.46608    0.00341965
0.418879     -1.46608    0.0102243
0.628319     -1.46608    0.0114747
0.837758     -1.46608    0.00126079
1.0472     -1.46608    0.00342628
1.25664     -1.46608    0.0141862
1.46608     -1.46608    0.0143429
1.67552     -1.46608    0.0264374
1.88496     -1.46608    0.00438678
2.0944     -1.46608    0.00104887
2.30383     -1.46608    0.0200959
2.51327     -1.46608    0.0069755
2.72271     -1.46608    0.00546711
2.93215     -1.46608    0.000940459
3.14159     -1.46608    0.0123925

-3.14159     -1.25664    0.0053288
-2.93215     -1.25664    0.00679094
-2.72271     -1.25664    0.0168186
-2.51327     -1.25664    0.00435011
-2.30383     -1.25664    0.0317997
-2.0944     -1.25664    0.00759895
-1.88496     -1.25664    0.00700451
-1.67552     -1.25664    0.010529
-1.46608     -1.25664    0.00238967
-1.25664     -1.25664    0.0254626
-1.0472     -1.25664    0.0178918
-0.837758     -1.25664    0.0107059
-0.628319     -1.25664    0.0111593
-0.418879     -1.25664    0.00604016
-0.20944     -1.25664    0.00313819
0     -1.25664    0.0050704
0.20944     -1.25664    0.003008
0.418879     -1.25664    0.00581724
0.628319     -1.25664    0.0111663
0.837758     -1.25664    0.0104055
1.0472     -1.25664    0.0179067
1.25664     -1.25664    0.0255548
1.46608     -1.25664    0.00258053
1.67552     -1.25664    0.0104544
1.88496     -1.25664    0.00695068
2.0944     -1.25664    0.007607
2.30383     -1.25664    0.0315604
2.51327     -1.25664    0.00464283
2.72271     -1.25664    0.016746
2.93215     -1.25664    0.00669194
3.14159     -1.25664    0.00547156

-3.14159     -1.0472    0.00089068
-2.93215     -1.0472    0.0128331
-2.72271     -1.0472    0.0223754
-2.51327     -1.0472    0.0136981
-2.30383     -1.0472    0.00399683
-2.0944     -1.0472    0.00279119
-1.88496     -1.0472    0.00967107
-1.67552     -1.0472    0.000782946
-1.46608     -1.0472    0.0123181
-1.25664     -1.0472    0.00777846
-1.0472     -1.0472    0.00516319
-0.837758     -1.0472    0.00682556
-0.628319     -1.0472    0.0137491
-0.418879     -1.0472    0.0158735
-0.20944     -1.0472    0.0159149
0     -1.0472    0.0172606
0.20944     -1.0472    0.016159
0.418879     -1.0472    0.0157042
0.628319     -1.0472    0.0134851
0.837758     -1.0472    0.0067858
1.0472     -1.0472    0.0051595
1.25664     -1.0472    0.00790235
1.46608     -1.0472    0.0122832
1.67552     -1.0472    0.000834027
1.88496     -1.0472    0.00967916
2.0944     -1.0472    0.00268508
2.30383     -1.0472    0.00413053
2.51327     -1.0472    0.0136108
2.72271     -1.0472    0.0224647
2.93215     -1.0472    0.0125592
3.14159     -1.0472    0.00107366

-3.14159     -0.837758    0.00692346
-2.93215     -0.837758    0.00270095
-2.72271     -0.837758    0.0146347
-2.51327     -0.837758    0.00768186
-2.30383     -0.837758    0.00382657
-2.0944     -0.837758    0.0189923
-1.88496     -0.837758    0.00587943
-1.67552     -0.837758    0.00323977
-1.46608     -0.837758    0.0253016
-1.25664     -0.837758    0.000938873
-1.0472     -0.837758    0.00235384
-0.837758     -0.837758    0.0155222
-0.628319     -0.837758    0.0138428
-0.418879     -0.837758    0.00592579
-0.20944     -0.837758    0.0115121
0     -0.837758    0.0156078
0.20944     -0.837758    0.0114436
0.418879     -0.837758    0.00588086
0.628319     -0.837758    0.0140522
0.837758     -0.837758    0.0154766
1.0472     -0.837758    0.00245781
1.25664     -0.837758    0.00104308
1.46608     -0.837758    0.0252507
1.67552     -0.837758    0.00318271
1.88496     -0.837758    0.00560462
2.0944     -0.837758    0.0187529
2.30383     -0.837758    0.0034303
2.51327     -0.837758    0.00756991
2.72271     -0.837758    0.0145913
2.93215     -0.837758    0.00291513
3.14159     -0.837758    0.00694386

-3.14159     -0.628319    0.0240307
-2.93215     -0.628319    0.00388091
-2.72271     -0.628319    0.00466425
-2.51327     -0.628319    0.00987448
-2.30383     -0.628319    0.0097874
-2.0944     -0.628319    0.0246437
-1.88496     -0.628319    0.0023026
-1.67552     -0.628319    0.0129867
-1.46608     -0.628319    0.00338683
-1.25664     -0.628319    0.000644909
-1.0472     -0.628319    0.00187957
-0.837758     -0.628319    0.0104919
-0.628319     -0.628319    0.0133006
-0.418879     -0.628319    0.00269203
-0.20944     -0.628319    0.0180562
0     -0.628319    0.00764064
0.20944     -0.628319    0.0174956
0.418879     -0.628319    0.0027201
0.628319     -0.628319    0.013312
0.837758     -0.628319    0.0105109
1.0472     -0.628319    0.0017313
1.25664     -0.628319    0.000532716
1.46608     -0.628319    0.00348559
1.67552     -0.628319    0.0127696
1.88496     -0.628319    0.00237626
2.0944     -0.628319    0.0246836
2.30383     -0.628319    0.00991514
2.51327     -0.628319    0.0101446
2.72271     -0.628319    0.00457688
2.93215     -0.628319    0.0039121
3.14159     -0.628319    0.0237481

-3.14159     -0.418879    0.0182043
-2.93215     -0.418879    0.0038305
-2.72271     -0.418879    0.00971994
-2.51327     -0.418879    0.016198
-2.30383     -0.418879    0.0070954
-2.0944     -0.418879    0.0111268
-1.88496     -0.418879    0.0138552
-1.67552     -0.418879    0.0254877
-1.46608     -0.418879    0.00514695
-1.25664     -0.418879    0.000983632
-1.0472     -0.418879    0.012555
-0.837758     -0.418879    0.00872388
-0.628319     -0.418879    0.0099863
-0.418879     -0.418879    0.0275583
-0.20944     -0.418879    0.0102342
0     -0.418879    0.0314454
0.20944     -0.418879    0.010384
0.418879     -0.418879    0.0274313
0.628319     -0.418879    0.00990516
0.837758     -0.418879    0.00875702
1.0472     -0.418879    0.0124032
1.25664     -0.418879    0.000921089
1.46608     -0.418879    0.00526879
1.67552     -0.418879    0.0248278
1.88496     -0.418879    0.0140024
2.0944     -0.418879    0.0110641
2.30383     -0.418879    0.00712113
2.51327     -0.418879    0.0164427
2.72271     -0.418879    0.0096308
2.93215     -0.418879    0.00385262
3.14159     -0.418879    0.018128

-3.14159     -0.20944    5.55208e-05
-2.93215     -0.20944    0.00372222
-2.72271     -0.20944    0.0066436
-2.51327     -0.20944    0.00740513
-2.30383     -0.20944    0.0116522
-2.0944     -0.20944    0.0155695
-1.88496     -0.20944    0.00849627
-1.67552     -0.20944    0.0122121
-1.46608     -0.20944    0.012129
-1.25664     -0.20944    0.0104456
-1.0472     -0.20944    0.0166153
-0.837758     -0.20944    0.0102951
-0.628319     -0.20944    0.00127241
-0.418879     -0.20944    0.028749
-0.20944     -0.20944    0.0041988
0     -0.20944    0.00546792
0.20944     -0.20944    0.00331461
0.418879     -0.20944    0.0284777
0.628319     -0.20944    0.00104939
0.837758     -0.20944    0.0102611
1.0472     -0.20944    0.0169433
1.25664     -0.20944    0.0104981
1.46608     -0.20944    0.0120559
1.67552     -0.20944    0.0121285
1.88496     -0.20944    0.00789614
2.0944     -0.20944    0.0155953
2.30383     -0.20944    0.0118022
2.51327     -0.20944    0.00734772
2.72271     -0.20944    0.00671666
2.93215     -0.20944    0.0037905
3.14159     -0.20944    0.000118645

-3.14159     0    0.00275856
-2.93215     0    0.0318551
-2.72271     0    0.00158218
-2.51327     0    0.00390346
-2.30383     0    0.00231033
-2.0944     0    0.0214679
-1.88496     0    0.00548608
-1.67552     0    0.000202241
-1.46608     0    0.00765808
-1.25664     0    0.0132853
-1.0472     0    0.0109663
-0.837758     0    0.000157608
-0.628319     0    0.0307468
-0.418879     0    0.00619316
-0.20944     0    0.0132543
0     0    1.48144e-14
0.20944     0    0.0132543
0.418879     0    0.00619316
0.628319     0    0.0307468
0.837758     0    0.000157608
1.0472     0    0.0109663
1.25664     0    0.0132853
1.46608     0    0.00765808
1.67552     0    0.000202241
1.88496     0    0.00548608
2.0944     0    0.0214679
2.30383     0    0.00231033
2.51327     0    0.00390346
2.72271     0    0.00158218
2.93215     0    0.0318551
3.14159     0    0.00275856

-3.14159     0.20944    0.000118645
-2.93215     0.20944    0.0037905
-2.72271     0.20944    0.00671666
-2.51327     0.20944    0.00734772
-2.30383     0.20944    0.0118022
-2.0944     0.20944    0.0155953
-1.88496     0.20944    0.00789614
-1.67552     0.20944    0.0121285
-1.46608     0.20944    0.0120559
-1.25664     0.20944    0.0104981
-1.0472     0.20944    0.0169433
-0.837758     0.20944    0.0102611
-0.628319     0.20944    0.00104939
-0.418879     0.20944    0.0284777
-0.20944     0.20944    0.00331461
0     0.20944    0.00546792
0.20944     0.20944    0.0041988
0.418879     0.20944    0.028749
0.628319     0.20944    0.00127241
0.837758     0.20944    0.0102951
1.0472     0.20944    0.0166153
1.25664     0.20944    0.0104456
1.46608     0.20944    0.012129
1.67552     0.20944    0.0122121
1.88496     0.20944    0.00849627
2.0944     0.20944    0.0155695
2.30383     0.20944    0.0116522
2.51327     0.20944    0.00740513
2.72271     0.20944    0.0066436
2.93215     0.20944    0.00372222
3.14159     0.20944    5.55208e-05

-3.14159     0.418879    0.018128
-2.93215     0.418879    0.00385262
-2.72271     0.418879    0.0096308
-2.51327     0.418879    0.0164427
-2.30383     0.418879    0.00712113
-2.0944     0.418879    0.0110641
-1.88496     0.418879    0.0140024
-1.67552     0.418879    0.0248278
-1.46608     0.418879    0.00526879
-1.25664     0.418879    0.000921089
-1.0472     0.418879    0.0124032
-0.837758     0.418879    0.00875702
-0.628319     0.418879    0.00990516
-0.418879     0.418879    0.0274313
-0.20944     0.418879    0.010384
0     0.418879    0.0314454
0.20944     0.418879    0.0102342
0.418879     0.418879    0.0275583
0.628319     0.418879    0.0099863
0.837758     0.418879    0.00872388
1.0472     0.418879    0.012555
1.25664     0.418879    0.000983632
1.46608     0.418879    0.00514695
1.67552     0.418879    0.0254877
1.88496     0.418879    0.0138552
2.0944     0.418879    0.0111268
2.30383     0.418879    0.0070954
2.51327     0.418879    0.016198
2.72271     0.418879    0.00971994
2.93215     0.418879    0.0038305
3.14159     0.418879    0.0182043

-3.14159     0.628319    0.0237481
-2.93215     0.628319    0.0039121
-2.72271     0.628319    0.00457688
-2.51327     0.628319    0.0101446
-2.30383     0.628319    0.00991514
-2.0944     0.628319    0.0246836
-1.88496     0.628319    0.00237626
-1.67552     0.628319    0.0127696
-1.46608     0.628319    0.00348559
-1.25664     0.628319    0.000532716
-1.0472     0.628319    0.0017313
-0.837758     0.628319    0.0105109
-0.628319     0.628319    0.013312
-0.418879     0.628319    0.0027201
-0.20944     0.628319    0.0174956
0     0.628319    0.00764064
0.20944     0.628319    0.0180562
0.418879     0.628319    0.00269203
0.628319     0.628319    0.0133006
0.837758     0.628319    0.0104919
1.0472     0.628319    0.00187957
1.25664     0.628319    0.000644909
1.46608     0.628319    0.00338683
1.67552     0.628319    0.0129867
1.88496     0.628319    0.0023026
2.0944     0.628319    0.0246437
2.30383     0.628319    0.0097874
2.51327     0.628319    0.00987448
2.72271     0.628319    0.00466425
2.93215     0.628319    0.00388091
3.14159     0.628319    0.0240307

-3.14159     0.837758    0.00694386
-2.93215     0.837758    0.00291513
-2.72271     0.837758    0.0145913
-2.51327     0.837758    0.00756991
-2.30383     0.837758    0.0034303
-2.0944     0.837758    0.0187529
-1.88496     0.837758    0.00560462
-1.67552     0.837758    0.00318271
-1.46608     0.837758    0.0252507
-1.25664     0.837758    0.00104308
-1.0472     0.837758    0.00245781
-0.837758     0.837758    0.0154766
-0.628319     0.837758    0.0140522
-0.418879     0.837758    0.00588086
-0.20944     0.837758    0.0114436
0     0.837758    0.0156078
0.20944     0.837758    0.0115121
0.418879     0.837758    0.00592579
0.628319     0.837758    0.0138428
0.837758     0.837758    0.0155222
1.0472     0.837758    0.00235384
1.25664     0.837758    0.000938873
1.46608     0.837758    0.0253016
1.67552     0.837758    0.00323977
1.88496     0.837758    0.00587943
2.0944     0.837758    0.0189923
2.30383     0.837758    0.00382657
2.51327     0.837758    0.00768186
2.72271     0.837758    0.0146347
2.93215     0.837758    0.00270095
3.14159     0.837758    0.00692346

-3.14159     1.0472    0.00107366
-2.93215     1.0472    0.0125592
-2.72271     1.0472    0.0224647
-2.51327     1.0472    0.0136108
-2.30383     1.0472    0.00413053
-2.0944     1.0472    0.00268508
-1.88496     1.0472    0.00967916
-1.67552     1.0472    0.000834027
-1.46608     1.0472    0.0122832
-1.25664     1.0472    0.00790235
-1.0472     1.0472    0.0051595
-0.837758     1.0472    0.0067858
-0.628319     1.0472    0.0134851
-0.418879     1.0472    0.0157042
-0.20944     1.0472    0.016159
0     1.0472    0.0172606
0.20944     1.0472    0.0159149
0.418879     1.0472    0.0158735
0.628319     1.0472    0.0137491
0.837758     1.0472    0.00682556
1.0472     1.0472    0.00516319
1.25664     1.0472    0.00777846
1.46608     1.0472    0.0123181
1.67552     1.0472    0.000782946
1.88496     1.0472    0.00967107
2.0944     1.0472    0.00279119
2.30383     1.0472    0.00399683
2.51327     1.0472    0.0136981
2.72271     1.0472    0.0223754
2.93215     1.0472    0.0128331
3.14159     1.0472    0.00089068

-3.14159     1.25664    0.00547156
-2.93215     1.25664    0.00669194
-2.72271     1.25664    0.016746
-2.51327     1.25664    0.00464283
-2.30383     1.25664    0.0315604
-2.0944     1.25664    0.007607
-1.88496     1.25664    0.00695068
-1.67552     1.25664    0.0104544
-1.46608     1.25664    0.00258053
-1.25664     1.25664    0.0255548
-1.0472     1.25664    0.0179067
-0.837758     1.25664    0.0104055
-0.628319     1.25664    0.0111663
-0.418879     1.25664    0.00581724
-0.20944     1.25664    0.003008
0     1.25664    0.0050704
0.20944     1.25664    0.00313819
0.418879     1.25664    0.00604016
0.628319     1.25664    0.0111593
0.837758     1.25664    0.0107059
1.0472     1.25664    0.0178918
1.25664     1.25664    0.0254626
1.46608     1.25664    0.00238967
1.67552     1.25664    0.010529
1.88496     1.25664    0.00700451
2.0944     1.25664    0.00759895
2.30383     1.25664    0.0317997
2.51327     1.25664    0.00435011
2.72271     1.25664    0.0168186
2.93215     1.25664    0.00679094
3.14159     1.25664    0.0053288

-3.14159     1.46608    0.0123925
-2.93215     1.46608    0.000940459
-2.72271     1.46608    0.00546711
-2.51327     1.46608    0.0069755
-2.30383     1.46608    0.0200959
-2.0944     1.46608    0.00104887
-1.88496     1.46608    0.00438678
-1.67552     1.46608    0.0264374
-1.46608     1.46608    0.0143429
-1.25664     1.46608    0.0141862
-1.0472     1.46608    0.00342628
-0.837758     1.46608    0.00126079
-0.628319     1.46608    0.0114747
-0.418879     1.46608    0.0102243
-0.20944     1.46608    0.00341965
0     1.46608    0.00484156
0.20944     1.46608    0.00352115
0.418879     1.46608    0.0103402
0.628319     1.46608    0.0113742
0.837758     1.46608    0.00122268
1.0472     1.46608    0.00325163
1.25664     1.46608    0.0142311
1.46608     1.46608    0.0143297
1.67552     1.46608    0.026396
1.88496     1.46608    0.00454144
2.0944     1.46608    0.00127058
2.30383     1.46608    0.0205382
2.51327     1.46608    0.00692164
2.72271     1.46608    0.00570048
2.93215     1.46608    0.000739065
3.14159     1.46608    0.0120058

-3.14159     1.67552    0.00886156
-2.93215     1.67552    0.0110904
-2.72271     1.67552    0.00452648
-2.51327     1.67552    0.0117721
-2.30383     1.67552    0.0106632
-2.0944     1.67552    0.0100224
-1.88496     1.67552    0.00341369
-1.67552     1.67552    0.0101163
-1.46608     1.67552    0.00962263
-1.25664     1.67552    0.0134396
-1.0472     1.67552    0.0080771
-0.837758     1.67552    0.00206992
-0.628319     1.67552    0.0170219
-0.418879     1.67552    0.0246621
-0.20944     1.67552    0.00634212
0     1.67552    0.0274134
0.20944     1.67552    0.00639667
0.418879     1.67552    0.0246514
0.628319     1.67552    0.0170669
0.837758     1.67552    0.00217314
1.0472     1.67552    0.00764232
1.25664     1.67552    0.0134765
1.46608     1.67552    0.00956081
1.67552     1.67552    0.00992359
1.88496     1.67552    0.00331384
2.0944     1.67552    0.00985253
2.30383     1.67552    0.0105462
2.51327     1.67552    0.0118562
2.72271     1.67552    0.004537
2.93215     1.67552    0.0114874
3.14159     1.67552    0.00897043

-3.14159     1.88496    0.00672698
-2.93215     1.88496    0.0139183
-2.72271     1.88496    0.00322675
-2.51327     1.88496    0.0143748
-2.30383     1.88496    0.0223238
-2.0944     1.88496    0.0194078
-1.88496     1.88496    0.00881205
-1.67552     1.88496    0.011853
-1.46608     1.88496    0.0127209
-1.25664     1.88496    0.0112142
-1.0472     1.88496    0.0223144
-0.837758     1.88496    0.0138802
-0.628319     1.88496    0.0143285
-0.418879     1.88496    0.0043675
-0.20944     1.88496    0.00556125
0     1.88496    0.00209593
0.20944     1.88496    0.00553316
0.418879     1.88496    0.00465431
0.628319     1.88496    0.0140411
0.837758     1.88496    0.0136945
1.0472     1.88496    0.0223003
1.25664     1.88496    0.0112828
1.46608     1.88496    0.0129286
1.67552     1.88496    0.0117801
1.88496     1.88496    0.00887803
2.0944     1.88496    0.0193915
2.30383     1.88496    0.0223398
2.51327     1.88496    0.0143054
2.72271     1.88496    0.00328345
2.93215     1.88496    0.0141513
3.14159     1.88496    0.0070346

-3.14159     2.0944    0.0126726
-2.93215     2.0944    0.00140339
-2.72271     2.0944    0.00694814
-2.51327     2.0944    0.000705536
-2.30383     2.0944    0.00380309
-2.0944     2.0944    0.000529546
-1.88496     2.0944    0.00234757
-1.67552     2.0944    0.0167278
-1.46608     2.0944    0.00640914
-1.25664     2.0944    0.00425742
-1.0472     2.0944    0.00371373
-0.837758     2.0944    0.0103355
-0.628319     2.0944    0.0141279
-0.418879     2.0944    0.0185165
-0.20944     2.0944    0.00645334
0     2.0944    0.00924003
0.20944     2.0944    0.00669319
0.418879     2.0944    0.0186585
0.628319     2.0944    0.0142946
0.837758     2.0944    0.0102083
1.0472     2.0944    0.00368678
1.25664     2.0944    0.00420955
1.46608     2.0944    0.00631292
1.67552     2.0944    0.0166718
1.88496     2.0944    0.00246859
2.0944     2.0944    0.000458903
2.30383     2.0944    0.00357387
2.51327     2.0944    0.000841823
2.72271     2.0944    0.00704734
2.93215     2.0944    0.0013062
3.14159     2.0944    0.0123494

-3.14159     2.30383    0.00795389
-2.93215     2.30383    0.0118247
-2.72271     2.30383    0.00557612
-2.51327     2.30383    0.00562502
-2.30383     2.30383    0.00655828
-2.0944     2.30383    0.0120924
-1.88496     2.30383    0.00140054
-1.67552     2.30383    0.00141893
-1.46608     2.30383    0.00250794
-1.25664     2.30383    0.00093456
-1.0472     2.30383    0.0104236
-0.837758     2.30383    0.0133064
-0.628319     2.30383    0.00848602
-0.418879     2.30383    0.020105
-0.20944     2.30383    0.00592231
0     2.30383    0.00281705
0.20944     2.30383    0.00600598
0.418879     2.30383    0.0198183
0.628319     2.30383    0.00855761
0.837758     2.30383    0.0133274
1.0472     2.30383    0.0102898
1.25664     2.30383    0.00103465
1.46608     2.30383    0.00246739
1.67552     2.30383    0.00159367
1.88496     2.30383    0.00148262
2.0944     2.30383    0.0117333
2.30383     2.30383    0.00662293
2.51327     2.30383    0.00543976
2.72271     2.30383    0.00547789
2.93215     2.30383    0.011736
3.14159     2.30383    0.00772105

-3.14159     2.51327    0.00181524
-2.93215     2.51327    0.00243502
-2.72271     2.51327    0.00366832
-2.51327     2.51327    0.00561356
-2.30383     2.51327    0.00397834
-2.0944     2.51327    0.0259518
-1.88496     2.51327    0.0121933
-1.67552     2.51327    0.00102002
-1.46608     2.51327    0.0311162
-1.25664     2.51327    0.000759401
-1.0472     2.51327    0.0128017
-0.837758     2.51327    0.0125957
-0.628319     2.51327    0.00655562
-0.418879     2.51327    0.00350615
-0.20944     2.51327    0.00190177
0     2.51327    0.021351
0.20944     2.51327    0.0017412
0.418879     2.51327    0.00348552
0.628319     2.51327    0.0064851
0.837758     2.51327    0.0127251
1.0472     2.51327    0.0130702
1.25664     2.51327    0.000774889
1.46608     2.51327    0.031221
1.67552     2.51327    0.00115539
1.88496     2.51327    0.012398
2.0944     2.51327    0.0257909
2.30383     2.51327    0.00412606
2.51327     2.51327    0.00539201
2.72271     2.51327    0.00359278
2.93215     2.51327    0.00233671
3.14159     2.51327    0.0016812

-3.14159     2.72271    0.00322152
-2.93215     2.72271    0.00522989
-2.72271     2.72271    0.00474811
-2.51327     2.72271    0.00593195
-2.30383     2.72271    0.00295012
-2.0944     2.72271    0.00511038
-1.88496     2.72271    0.00685883
-1.67552     2.72271    0.0031706
-1.46608     2.72271    0.00738245
-1.25664     2.72271    0.00172982
-1.0472     2.72271    0.00191735
-0.837758     2.72271    0.00131049
-0.628319     2.72271    0.0153169
-0.418879     2.72271    0.0197904
-0.20944     2.72271    0.00584099
0     2.72271    0.0292939
0.20944     2.72271    0.00572465
0.418879     2.72271    0.0201217
0.628319     2.72271    0.0155801
0.837758     2.72271    0.00142079
1.0472     2.72271    0.00178462
1.25664     2.72271    0.00162089
1.46608     2.72271    0.00734586
1.67552     2.72271    0.00333566
1.88496     2.72271    0.0068634
2.0944     2.72271    0.00539211
2.30383     2.72271    0.00258211
2.51327     2.72271    0.00581053
2.72271     2.72271    0.00463484
2.93215     2.72271    0.00515604
3.14159     2.72271    0.00308987

-3.14159     2.93215    0.0190173
-2.93215     2.93215    0.00370836
-2.72271     2.93215    0.00495239
-2.51327     2.93215    0.00304854
-2.30383     2.93215    0.00499118
-2.0944     2.93215    0.0102984
-1.88496     2.93215    0.0116079
-1.67552     2.93215    0.00515441
-1.46608     2.93215    0.00488474
-1.25664     2.93215    0.0135079
-1.0472     2.93215    0.0190147
-0.837758     2.93215    0.000660098
-0.628319     2.93215    0.0108174
-0.418879     2.93215    0.0198391
-0.20944     2.93215    0.0146109
0     2.93215    0.011209
0.20944     2.93215    0.0144056
0.418879     2.93215    0.0197474
0.628319     2.93215    0.0111331
0.837758     2.93215    0.00068034
1.0472     2.93215    0.0190098
1.25664     2.93215    0.0134791
1.46608     2.93215    0.00479823
1.67552     2.93215    0.00506805
1.88496     2.93215    0.0116239
2.0944     2.93215    0.0102223
2.30383     2.93215    0.00529923
2.51327     2.93215    0.00305929
2.72271     2.93215    0.00498798
2.93215     2.93215    0.00364033
3.14159     2.93215    0.0192521

-3.14159     3.14159    0.0234073
-2.93215     3.14159    0.0110892
-2.72271     3.14159    0.00576228
-2.51327     3.14159    0.00177704
-2.30383     3.14159    0.00257939
-2.0944     3.14159    0.00979971
-1.88496     3.14159    0.0131088
-1.67552     3.14159    0.0154337
-1.46608     3.14159    0.0145946
-1.25664     3.14159    0.0112502
-1.0472     3.14159    0.017736
-0.837758     3.14159    0.0062609
-0.628319     3.14159    0.00319707
-0.418879     3.14159    0.0104563
-0.20944     3.14159    0.00608533
0     3.14159    0.00125509
0.20944     3.14159    0.00626128
0.418879     3.14159    0.0103164
0.628319     3.14159    0.00297582
0.837758     3.14159    0.00622861
1.0472     3.14159    0.0178889
1.25664     3.14159    0.0113407
1.46608     3.14159    0.0145652
1.67552     3.14159    0.0152672
1.88496     3.14159    0.0129251
2.0944     3.14159    0.00976141
2.30383     3.14159    0.00283615
2.51327     3.14159    0.00208081
2.72271     3.14159    0.00586571
2.93215     3.14159    0.0111391
3.14159     3.14159    0.0235835

