-3.14159     -3.14159    0.00139037
-2.93215     -3.14159    0.00115081
-2.72271     -3.14159    0.00591473
-2.51327     -3.14159    0.00579204
-2.30383     -3.14159    0.00149765
-2.0944     -3.14159    0.00443503
-1.88496     -3.14159    0.0053595
-1.67552     -3.14159    0.00240995
-1.46608     -3.14159    0.000828619
-1.25664     -3.14159    0.00104883
-1.0472     -3.14159    0.000391846
-0.837758     -3.14159    0.00115167
-0.628319     -3.14159    0.00272403
-0.418879     -3.14159    0.00629075
-0.20944     -3.14159    0.0123202
0     -3.14159    0.0258209
0.20944     -3.14159    0.0121633
0.418879     -3.14159    0.00629039
0.628319     -3.14159    0.00292972
0.837758     -3.14159    0.00115605
1.0472     -3.14159    0.000366685
1.25664     -3.14159    0.000965548
1.46608     -3.14159    0.000834163
1.67552     -3.14159    0.00239073
1.88496     -3.14159    0.00527748
2.0944     -3.14159    0.00437218
2.30383     -3.14159    0.00149267
2.51327     -3.14159    0.00571156
2.72271     -3.14159    0.00584873
2.93215     -3.14159    0.00108745
3.14159     -3.14159    0.00135613

-3.14159     -2.93215    0.000151241
-2.93215     -2.93215    0.00481893
-2.72271     -2.93215    0.00623678
-2.51327     -2.93215    0.0138743
-2.30383     -2.93215    0.0070548
-2.0944     -2.93215    0.00083182
-1.88496     -2.93215    0.00068405
-1.67552     -2.93215    0.000943622
-1.46608     -2.93215    0.00152582
-1.25664     -2.93215    0.00232179
-1.0472     -2.93215    0.00249571
-0.837758     -2.93215    0.00556228
-0.628319     -2.93215    0.00446514
-0.418879     -2.93215    0.00413793
-0.20944     -2.93215    0.00189472
0     -2.93215    0.0150895
0.20944     -2.93215    0.00200655
0.418879     -2.93215    0.00411624
0.628319     -2.93215    0.00440597
0.837758     -2.93215    0.00556378
1.0472     -2.93215    0.00246376
1.25664     -2.93215    0.00238058
1.46608     -2.93215    0.00154023
1.67552     -2.93215    0.000977572
1.88496     -2.93215    0.000679802
2.0944     -2.93215    0.000825819
2.30383     -2.93215    0.00705664
2.51327     -2.93215    0.0139779
2.72271     -2.93215    0.00621496
2.93215     -2.93215    0.00476498
3.14159     -2.93215    0.000195982

-3.14159     -2.72271    0.00124697
-2.93215     -2.72271    0.00182297
-2.72271     -2.72271    0.0040222
-2.51327     -2.72271    0.015626
-2.30383     -2.72271    0.00132192
-2.0944     -2.72271    0.000578765
-1.88496     -2.72271    0.000938429
-1.67552     -2.72271    0.00409223
-1.46608     -2.72271    0.00327296
-1.25664     -2.72271    0.00280261
-1.0472     -2.72271    0.00360172
-0.837758     -2.72271    0.00340038
-0.628319     -2.72271    0.00650934
-0.418879     -2.72271    0.00288795
-0.20944     -2.72271    0.00228119
0     -2.72271    0.01732
0.20944     -2.72271    0.00224738
0.418879     -2.72271    0.00285309
0.628319     -2.72271    0.00647452
0.837758     -2.72271    0.00333753
1.0472     -2.72271    0.00360122
1.25664     -2.72271    0.00281358
1.46608     -2.72271    0.0033193
1.67552     -2.72271    0.00416711
1.88496     -2.72271    0.000912331
2.0944     -2.72271    0.000564206
2.30383     -2.72271    0.00130169
2.51327     -2.72271    0.015503
2.72271     -2.72271    0.00392562
2.93215     -2.72271    0.00194815
3.14159     -2.72271    0.00136955

-3.14159     -2.51327    0.00798892
-2.93215     -2.51327    0.00307055
-2.72271     -2.51327    0.010909
-2.51327     -2.51327    0.00114829
-2.30383     -2.51327    0.00473613
-2.0944     -2.51327    0.00211344
-1.88496     -2.51327    0.00210108
-1.67552     -2.51327    0.00335359
-1.46608     -2.51327    0.0024687
-1.25664     -2.51327    0.00573974
-1.0472     -2.51327    0.00496794
-0.837758     -2.51327    0.00171992
-0.628319     -2.51327    0.0019469
-0.418879     -2.51327    0.00140939
-0.20944     -2.51327    0.00276885
0     -2.51327    0.0124964
0.20944     -2.51327    0.00282034
0.418879     -2.51327    0.00143162
0.628319     -2.51327    0.00196243
0.837758     -2.51327    0.00157911
1.0472     -2.51327    0.00495617
1.25664     -2.51327    0.00574151
1.46608     -2.51327    0.00241614
1.67552     -2.51327    0.00340904
1.88496     -2.51327    0.00213992
2.0944     -2.51327    0.0020913
2.30383     -2.51327    0.00473832
2.51327     -2.51327    0.0011813
2.72271     -2.51327    0.0110794
2.93215     -2.51327    0.00357154
3.14159     -2.51327    0.007969

-3.14159     -2.30383    0.0210904
-2.93215     -2.30383    0.0172122
-2.72271     -2.30383    0.00674571
-2.51327     -2.30383    0.000730161
-2.30383     -2.30383    0.00117824
-2.0944     -2.30383    0.00497318
-1.88496     -2.30383    0.00409057
-1.67552     -2.30383    0.00558645
-1.46608     -2.30383    0.00331941
-1.25664     -2.30383    0.00266446
-1.0472     -2.30383    0.00768978
-0.837758     -2.30383    0.00410357
-0.628319     -2.30383    0.00206771
-0.418879     -2.30383    0.00111814
-0.20944     -2.30383    0.00379677
0     -2.30383    0.00391974
0.20944     -2.30383    0.00381605
0.418879     -2.30383    0.00108065
0.628319     -2.30383    0.0020913
0.837758     -2.30383    0.00405341
1.0472     -2.30383    0.00770698
1.25664     -2.30383    0.00267994
1.46608     -2.30383    0.00327037
1.67552     -2.30383    0.00558827
1.88496     -2.30383    0.00405815
2.0944     -2.30383    0.00496916
2.30383     -2.30383    0.0012211
2.51327     -2.30383    0.000775481
2.72271     -2.30383    0.00710382
2.93215     -2.30383    0.017207
3.14159     -2.30383    0.0211421

-3.14159     -2.0944    0.025765
-2.93215     -2.0944    0.0341752
-2.72271     -2.0944    0.0196316
-2.51327     -2.0944    0.00988623
-2.30383     -2.0944    0.00122928
-2.0944     -2.0944    0.00232189
-1.88496     -2.0944    0.00226924
-1.67552     -2.0944    0.00242327
-1.46608     -2.0944    0.00917664
-1.25664     -2.0944    0.00688155
-1.0472     -2.0944    0.000939852
-0.837758     -2.0944    0.00761518
-0.628319     -2.0944    0.00140939
-0.418879     -2.0944    0.00058208
-0.20944     -2.0944    0.0077135
0     -2.0944    0.0052735
0.20944     -2.0944    0.00769022
0.418879     -2.0944    0.000534645
0.628319     -2.0944    0.00141151
0.837758     -2.0944    0.00761196
1.0472     -2.0944    0.000965146
1.25664     -2.0944    0.00690827
1.46608     -2.0944    0.00924015
1.67552     -2.0944    0.0023703
1.88496     -2.0944    0.00221414
2.0944     -2.0944    0.00230099
2.30383     -2.0944    0.00124978
2.51327     -2.0944    0.00985152
2.72271     -2.0944    0.0197075
2.93215     -2.0944    0.0337425
3.14159     -2.0944    0.0252876

-3.14159     -1.88496    0.0342031
-2.93215     -1.88496    0.023102
-2.72271     -1.88496    0.0197598
-2.51327     -1.88496    0.0037239
-2.30383     -1.88496    0.00599568
-2.0944     -1.88496    0.00772171
-1.88496     -1.88496    0.0025371
-1.67552     -1.88496    0.00288192
-1.46608     -1.88496    0.00430538
-1.25664     -1.88496    0.00324185
-1.0472     -1.88496    0.000479354
-0.837758     -1.88496    0.00643496
-0.628319     -1.88496    0.00175842
-0.418879     -1.88496    0.00586803
-0.20944     -1.88496    0.0048097
0     -1.88496    0.00248665
0.20944     -1.88496    0.00485654
0.418879     -1.88496    0.00578771
0.628319     -1.88496    0.00176431
0.837758     -1.88496    0.00642203
1.0472     -1.88496    0.000431905
1.25664     -1.88496    0.00329258
1.46608     -1.88496    0.00427377
1.67552     -1.88496    0.00289682
1.88496     -1.88496    0.0025231
2.0944     -1.88496    0.00772781
2.30383     -1.88496    0.00601872
2.51327     -1.88496    0.00374765
2.72271     -1.88496    0.0195934
2.93215     -1.88496    0.0233874
3.14159     -1.88496    0.0337943

-3.14159     -1.67552    0.0316582
-2.93215     -1.67552    0.019914
-2.72271     -1.67552    0.0228847
-2.51327     -1.67552    0.00664554
-2.30383     -1.67552    0.000556887
-2.0944     -1.67552    0.000622273
-1.88496     -1.67552    0.000102481
-1.67552     -1.67552    0.00181506
-1.46608     -1.67552    0.00468673
-1.25664     -1.67552    0.00596612
-1.0472     -1.67552    0.00373396
-0.837758     -1.67552    0.00230795
-0.628319     -1.67552    0.000707966
-0.418879     -1.67552    0.0100094
-0.20944     -1.67552    0.00516148
0     -1.67552    0.00599521
0.20944     -1.67552    0.00507227
0.418879     -1.67552    0.00999934
0.628319     -1.67552    0.000681968
0.837758     -1.67552    0.00240524
1.0472     -1.67552    0.00374341
1.25664     -1.67552    0.00592477
1.46608     -1.67552    0.0047329
1.67552     -1.67552    0.00177326
1.88496     -1.67552    7.82244e-05
2.0944     -1.67552    0.000585303
2.30383     -1.67552    0.000602889
2.51327     -1.67552    0.00669538
2.72271     -1.67552    0.0229208
2.93215     -1.67552    0.0199181
3.14159     -1.67552    0.0311765

-3.14159     -1.46608    0.024139
-2.93215     -1.46608    0.0193828
-2.72271     -1.46608    0.0205546
-2.51327     -1.46608    0.0141284
-2.30383     -1.46608    0.00993982
-2.0944     -1.46608    0.00245442
-1.88496     -1.46608    0.00109775
-1.67552     -1.46608    0.000160317
-1.46608     -1.46608    0.000634184
-1.25664     -1.46608    0.00172138
-1.0472     -1.46608    3.52424e-05
-0.837758     -1.46608    0.0112507
-0.628319     -1.46608    0.0019625
-0.418879     -1.46608    0.00719309
-0.20944     -1.46608    6.59836e-05
0     -1.46608    0.00147989
0.20944     -1.46608    1.32848e-05
0.418879     -1.46608    0.00723628
0.628319     -1.46608    0.001879
0.837758     -1.46608    0.0112495
1.0472     -1.46608    0.000105155
1.25664     -1.46608    0.00168795
1.46608     -1.46608    0.000555611
1.67552     -1.46608    0.00019186
1.88496     -1.46608    0.00108968
2.0944     -1.46608    0.00247532
2.30383     -1.46608    0.00993809
2.51327     -1.46608    0.0142855
2.72271     -1.46608    0.0206507
2.93215     -1.46608    0.0193064
3.14159     -1.46608    0.0238085

-3.14159     -1.25664    0.0180906
-2.93215     -1.25664    0.00756275
-2.72271     -1.25664    0.000222327
-2.51327     -1.25664    0.00299143
-2.30383     -1.25664    0.0174537
-2.0944     -1.25664    0.00541692
-1.88496     -1.25664    0.00451518
-1.67552     -1.25664    0.00677197
-1.46608     -1.25664    0.0047232
-1.25664     -1.25664    0.00991564
-1.0472     -1.25664    0.000878054
-0.837758     -1.25664    0.00226613
-0.628319     -1.25664    0.00497211
-0.418879     -1.25664    0.00801819
-0.20944     -1.25664    0.00358851
0     -1.25664    0.00220762
0.20944     -1.25664    0.00361228
0.418879     -1.25664    0.00799795
0.628319     -1.25664    0.00491354
0.837758     -1.25664    0.0022217
1.0472     -1.25664    0.000804797
1.25664     -1.25664    0.00998148
1.46608     -1.25664    0.00467015
1.67552     -1.25664    0.00682626
1.88496     -1.25664    0.00450047
2.0944     -1.25664    0.00541689
2.30383     -1.25664    0.0174203
2.51327     -1.25664    0.00300162
2.72271     -1.25664    0.000231601
2.93215     -1.25664    0.00755625
3.14159     -1.25664    0.018212

-3.14159     -1.0472    0.00336137
-2.93215     -1.0472    0.00478132
-2.72271     -1.0472    0.00673823
-2.51327     -1.0472    0.00104762
-2.30383     -1.0472    2.23637e-05
-2.0944     -1.0472    0.00356477
-1.88496     -1.0472    0.00441785
-1.67552     -1.0472    0.00408804
-1.46608     -1.0472    0.00445458
-1.25664     -1.0472    0.00553132
-1.0472     -1.0472    0.00699475
-0.837758     -1.0472    0.00920933
-0.628319     -1.0472    0.00187899
-0.418879     -1.0472    0.00211836
-0.20944     -1.0472    0.00148537
0     -1.0472    0.00450825
0.20944     -1.0472    0.001486
0.418879     -1.0472    0.00218448
0.628319     -1.0472    0.00181945
0.837758     -1.0472    0.00926373
1.0472     -1.0472    0.00701216
1.25664     -1.0472    0.00554152
1.46608     -1.0472    0.00447274
1.67552     -1.0472    0.00412568
1.88496     -1.0472    0.00442366
2.0944     -1.0472    0.00349341
2.30383     -1.0472    3.29698e-05
2.51327     -1.0472    0.00104373
2.72271     -1.0472    0.00670388
2.93215     -1.0472    0.00465837
3.14159     -1.0472    0.00324873

-3.14159     -0.837758    0.00106281
-2.93215     -0.837758    0.00331765
-2.72271     -0.837758    0.00647241
-2.51327     -0.837758    0.00127663
-2.30383     -0.837758    0.000283509
-2.0944     -0.837758    0.00333448
-1.88496     -0.837758    0.00759173
-1.67552     -0.837758    0.000821167
-1.46608     -0.837758    0.00589685
-1.25664     -0.837758    0.00313801
-1.0472     -0.837758    0.00428905
-0.837758     -0.837758    0.00108966
-0.628319     -0.837758    0.00298567
-0.418879     -0.837758    0.00418304
-0.20944     -0.837758    0.0074771
0     -0.837758    0.00883064
0.20944     -0.837758    0.00751628
0.418879     -0.837758    0.00417023
0.628319     -0.837758    0.0030418
0.837758     -0.837758    0.00108682
1.0472     -0.837758    0.0041962
1.25664     -0.837758    0.00318852
1.46608     -0.837758    0.00587816
1.67552     -0.837758    0.000822648
1.88496     -0.837758    0.00760662
2.0944     -0.837758    0.0033168
2.30383     -0.837758    0.000257858
2.51327     -0.837758    0.00133469
2.72271     -0.837758    0.00642871
2.93215     -0.837758    0.00325995
3.14159     -0.837758    0.00112013

-3.14159     -0.628319    5.58551e-05
-2.93215     -0.628319    0.00542969
-2.72271     -0.628319    0.00088844
-2.51327     -0.628319    0.00391135
-2.30383     -0.628319    0.00216085
-2.0944     -0.628319    0.00156968
-1.88496     -0.628319    0.00421009
-1.67552     -0.628319    0.00861338
-1.46608     -0.628319    0.00393178
-1.25664     -0.628319    0.00272543
-1.0472     -0.628319    0.00012551
-0.837758     -0.628319    0.00349199
-0.628319     -0.628319    0.00641589
-0.418879     -0.628319    0.0206562
-0.20944     -0.628319    0.0214353
0     -0.628319    0.00702761
0.20944     -0.628319    0.021476
0.418879     -0.628319    0.0208555
0.628319     -0.628319    0.00627328
0.837758     -0.628319    0.00345569
1.0472     -0.628319    0.000112159
1.25664     -0.628319    0.0027016
1.46608     -0.628319    0.00394077
1.67552     -0.628319    0.00857709
1.88496     -0.628319    0.00422036
2.0944     -0.628319    0.00156104
2.30383     -0.628319    0.00212444
2.51327     -0.628319    0.00391752
2.72271     -0.628319    0.000954838
2.93215     -0.628319    0.00543588
3.14159     -0.628319    2.51242e-05

-3.14159     -0.418879    0.0017863
-2.93215     -0.418879    0.00461661
-2.72271     -0.418879    0.00307391
-2.51327     -0.418879    0.00103723
-2.30383     -0.418879    0.00548348
-2.0944     -0.418879    0.00378704
-1.88496     -0.418879    0.00153821
-1.67552     -0.418879    0.00851846
-1.46608     -0.418879    0.00619056
-1.25664     -0.418879    0.00139031
-1.0472     -0.418879    0.00298182
-0.837758     -0.418879    0.00537355
-0.628319     -0.418879    0.00627362
-0.418879     -0.418879    0.0221109
-0.20944     -0.418879    0.0226543
0     -0.418879    0.0337614
0.20944     -0.418879    0.0228033
0.418879     -0.418879    0.0223826
0.628319     -0.418879    0.00629676
0.837758     -0.418879    0.00529326
1.0472     -0.418879    0.00300974
1.25664     -0.418879    0.00135984
1.46608     -0.418879    0.00624293
1.67552     -0.418879    0.00847269
1.88496     -0.418879    0.00154171
2.0944     -0.418879    0.00379438
2.30383     -0.418879    0.00549359
2.51327     -0.418879    0.00103189
2.72271     -0.418879    0.00308224
2.93215     -0.418879    0.00458028
3.14159     -0.418879    0.00175983

-3.14159     -0.20944    0.00262275
-2.93215     -0.20944    0.00368872
-2.72271     -0.20944    0.00544267
-2.51327     -0.20944    0.0078105
-2.30383     -0.20944    0.00485512
-2.0944     -0.20944    0.00593768
-1.88496     -0.20944    0.00357728
-1.67552     -0.20944    0.00377027
-1.46608     -0.20944    0.00582569
-1.25664     -0.20944    0.00662039
-1.0472     -0.20944    0.00406155
-0.837758     -0.20944    0.00814968
-0.628319     -0.20944    0.0147793
-0.418879     -0.20944    0.022172
-0.20944     -0.20944    0.0308834
0     -0.20944    0.034828
0.20944     -0.20944    0.0305141
0.418879     -0.20944    0.0224123
0.628319     -0.20944    0.0142984
0.837758     -0.20944    0.00816245
1.0472     -0.20944    0.00408836
1.25664     -0.20944    0.00669973
1.46608     -0.20944    0.00574977
1.67552     -0.20944    0.00371121
1.88496     -0.20944    0.00353116
2.0944     -0.20944    0.00594627
2.30383     -0.20944    0.00482592
2.51327     -0.20944    0.00780433
2.72271     -0.20944    0.00539148
2.93215     -0.20944    0.00369357
3.14159     -0.20944    0.00264516

-3.14159     0    0.00434251
-2.93215     0    0.00189504
-2.72271     0    0.00199214
-2.51327     0    0.00563596
-2.30383     0    0.00414613
-2.0944     0    0.00118419
-1.88496     0    0.00283892
-1.67552     0    0.0118022
-1.46608     0    0.000464873
-1.25664     0    0.00362518
-1.0472     0    0.00164177
-0.837758     0    0.0145331
-0.628319     0    0.0282251
-0.418879     0    0.0225263
-0.20944     0    0.0462324
0     0    9.74901e-16
0.20944     0    0.0462324
0.418879     0    0.0225263
0.628319     0    0.0282251
0.837758     0    0.0145331
1.0472     0    0.00164177
1.25664     0    0.00362518
1.46608     0    0.000464873
1.67552     0    0.0118022
1.88496     0    0.00283892
2.0944     0    0.00118419
2.30383     0    0.00414613
2.51327     0    0.00563596
2.72271     0    0.00199214
2.93215     0    0.00189504
3.14159     0    0.00434251

-3.14159     0.20944    0.00264516
-2.93215     0.20944    0.00369357
-2.72271     0.20944    0.00539148
-2.51327     0.20944    0.00780433
-2.30383     0.20944    0.00482592
-2.0944     0.20944    0.00594627
-1.88496     0.20944    0.00353116
-1.67552     0.20944    0.00371121
-1.46608     0.20944    0.00574977
-1.25664     0.20944    0.00669973
-1.0472     0.20944    0.00408836
-0.837758     0.20944    0.00816245
-0.628319     0.20944    0.0142984
-0.418879     0.20944    0.0224123
-0.20944     0.20944    0.0305141
0     0.20944    0.034828
0.20944     0.20944    0.0308834
0.418879     0.20944    0.022172
0.628319     0.20944    0.0147793
0.837758     0.20944    0.00814968
1.0472     0.20944    0.00406155
1.25664     0.20944    0.00662039
1.46608     0.20944    0.00582569
1.67552     0.20944    0.00377027
1.88496     0.20944    0.00357728
2.0944     0.20944    0.00593768
2.30383     0.20944    0.00485512
2.51327     0.20944    0.0078105
2.72271     0.20944    0.00544267
2.93215     0.20944    0.00368872
3.14159     0.20944    0.00262275

-3.14159     0.418879    0.00175983
-2.93215     0.418879    0.00458028
-2.72271     0.418879    0.00308224
-2.51327     0.418879    0.00103189
-2.30383     0.418879    0.00549359
-2.0944     0.418879    0.00379438
-1.88496     0.418879    0.00154171
-1.67552     0.418879    0.00847269
-1.46608     0.418879    0.00624293
-1.25664     0.418879    0.00135984
-1.0472     0.418879    0.00300974
-0.837758     0.418879    0.00529326
-0.628319     0.418879    0.00629676
-0.418879     0.418879    0.0223826
-0.20944     0.418879    0.0228033
0     0.418879    0.0337614
0.20944     0.418879    0.0226543
0.418879     0.418879    0.0221109
0.628319     0.418879    0.00627362
0.837758     0.418879    0.00537355
1.0472     0.418879    0.00298182
1.25664     0.418879    0.00139031
1.46608     0.418879    0.00619056
1.67552     0.418879    0.00851846
1.88496     0.418879    0.00153821
2.0944     0.418879    0.00378704
2.30383     0.418879    0.00548348
2.51327     0.418879    0.00103723
2.72271     0.418879    0.00307391
2.93215     0.418879    0.00461661
3.14159     0.418879    0.0017863

-3.14159     0.628319    2.51242e-05
-2.93215     0.628319    0.00543588
-2.72271     0.628319    0.000954838
-2.51327     0.628319    0.00391752
-2.30383     0.628319    0.00212444
-2.0944     0.628319    0.00156104
-1.88496     0.628319    0.00422036
-1.67552     0.628319    0.00857709
-1.46608     0.628319    0.00394077
-1.25664     0.628319    0.0027016
-1.0472     0.628319    0.000112159
-0.837758     0.628319    0.00345569
-0.628319     0.628319    0.00627328
-0.418879     0.628319    0.0208555
-0.20944     0.628319    0.021476
0     0.628319    0.00702761
0.20944     0.628319    0.0214353
0.418879     0.628319    0.0206562
0.628319     0.628319    0.00641589
0.837758     0.628319    0.00349199
1.0472     0.628319    0.00012551
1.25664     0.628319    0.00272543
1.46608     0.628319    0.00393178
1.67552     0.628319    0.00861338
1.88496     0.628319    0.00421009
2.0944     0.628319    0.00156968
2.30383     0.628319    0.00216085
2.51327     0.628319    0.00391135
2.72271     0.628319    0.00088844
2.93215     0.628319    0.00542969
3.14159     0.628319    5.58551e-05

-3.14159     0.837758    0.00112013
-2.93215     0.837758    0.00325995
-2.72271     0.837758    0.00642871
-2.51327     0.837758    0.00133469
-2.30383     0.837758    0.000257858
-2.0944     0.837758    0.0033168
-1.88496     0.837758    0.00760662
-1.67552     0.837758    0.000822648
-1.46608     0.837758    0.00587816
-1.25664     0.837758    0.00318852
-1.0472     0.837758    0.0041962
-0.837758     0.837758    0.00108682
-0.628319     0.837758    0.0030418
-0.418879     0.837758    0.00417023
-0.20944     0.837758    0.00751628
0     0.837758    0.00883064
0.20944     0.837758    0.0074771
0.418879     0.837758    0.00418304
0.628319     0.837758    0.00298567
0.837758     0.837758    0.00108966
1.0472     0.837758    0.00428905
1.25664     0.837758    0.00313801
1.46608     0.837758    0.00589685
1.67552     0.837758    0.000821167
1.88496     0.837758    0.00759173
2.0944     0.837758    0.00333448
2.30383     0.837758    0.000283509
2.51327     0.837758    0.00127663
2.72271     0.837758    0.00647241
2.93215     0.837758    0.00331765
3.14159     0.837758    0.00106281

-3.14159     1.0472    0.00324873
-2.93215     1.0472    0.00465837
-2.72271     1.0472    0.00670388
-2.51327     1.0472    0.00104373
-2.30383     1.0472    3.29698e-05
-2.0944     1.0472    0.00349341
-1.88496     1.0472    0.00442366
-1.67552     1.0472    0.00412568
-1.46608     1.0472    0.00447274
-1.25664     1.0472    0.00554152
-1.0472     1.0472    0.00701216
-0.837758     1.0472    0.00926373
-0.628319     1.0472    0.00181945
-0.418879     1.0472    0.00218448
-0.20944     1.0472    0.001486
0     1.0472    0.00450825
0.20944     1.0472    0.00148537
0.418879     1.0472    0.00211836
0.628319     1.0472    0.00187899
0.837758     1.0472    0.00920933
1.0472     1.0472    0.00699475
1.25664     1.0472    0.00553132
1.46608     1.0472    0.00445458
1.67552     1.0472    0.00408804
1.88496     1.0472    0.00441785
2.0944     1.0472    0.00356477
2.30383     1.0472    2.23637e-05
2.51327     1.0472    0.00104762
2.72271     1.0472    0.00673823
2.93215     1.0472    0.00478132
3.14159     1.0472    0.00336137

-3.14159     1.25664    0.018212
-2.93215     1.25664    0.00755625
-2.72271     1.25664    0.000231601
-2.51327     1.25664    0.00300162
-2.30383     1.25664    0.0174203
-2.0944     1.25664    0.00541689
-1.88496     1.25664    0.00450047
-1.67552     1.25664    0.00682626
-1.46608     1.25664    0.00467015
-1.25664     1.25664    0.00998148
-1.0472     1.25664    0.000804797
-0.837758     1.25664    0.0022217
-0.628319     1.25664    0.00491354
-0.418879     1.25664    0.00799795
-0.20944     1.25664    0.00361228
0     1.25664    0.00220762
0.20944     1.25664    0.00358851
0.418879     1.25664    0.00801819
0.628319     1.25664    0.00497211
0.837758     1.25664    0.00226613
1.0472     1.25664    0.000878054
1.25664     1.25664    0.00991564
1.46608     1.25664    0.0047232
1.67552     1.25664    0.00677197
1.88496     1.25664    0.00451518
2.0944     1.25664    0.00541692
2.30383     1.25664    0.0174537
2.51327     1.25664    0.00299143
2.72271     1.25664    0.000222327
2.93215     1.25664    0.00756275
3.14159     1.25664    0.0180906

-3.14159     1.46608    0.0238085
-2.93215     1.46608    0.0193064
-2.72271     1.46608    0.0206507
-2.51327     1.46608    0.0142855
-2.30383     1.46608    0.00993809
-2.0944     1.46608    0.00247532
-1.88496     1.46608    0.00108968
-1.67552     1.46608    0.00019186
-1.46608     1.46608    0.000555611
-1.25664     1.46608    0.00168795
-1.0472     1.46608    0.000105155
-0.837758     1.46608    0.0112495
-0.628319     1.46608    0.001879
-0.418879     1.46608    0.00723628
-0.20944     1.46608    1.32848e-05
0     1.46608    0.00147989
0.20944     1.46608    6.59836e-05
0.418879     1.46608    0.00719309
0.628319     1.46608    0.0019625
0.837758     1.46608    0.0112507
1.0472     1.46608    3.52424e-05
1.25664     1.46608    0.00172138
1.46608     1.46608    0.000634184
1.67552     1.46608    0.000160317
1.88496     1.46608    0.00109775
2.0944     1.46608    0.00245442
2.30383     1.46608    0.00993982
2.51327     1.46608    0.0141284
2.72271     1.46608    0.0205546
2.93215     1.46608    0.0193828
3.14159     1.46608    0.024139

-3.14159     1.67552    0.0311765
-2.93215     1.67552    0.0199181
-2.72271     1.67552    0.0229208
-2.51327     1.67552    0.00669538
-2.30383     1.67552    0.000602889
-2.0944     1.67552    0.000585303
-1.88496     1.67552    7.82244e-05
-1.67552     1.67552    0.00177326
-1.46608     1.67552    0.0047329
-1.25664     1.67552    0.00592477
-1.0472     1.67552    0.00374341
-0.837758     1.67552    0.00240524
-0.628319     1.67552    0.000681968
-0.418879     1.67552    0.00999934
-0.20944     1.67552    0.00507227
0     1.67552    0.00599521
0.20944     1.67552    0.00516148
0.418879     1.67552    0.0100094
0.628319     1.67552    0.000707966
0.837758     1.67552    0.00230795
1.0472     1.67552    0.00373396
1.25664     1.67552    0.00596612
1.46608     1.67552    0.00468673
1.67552     1.67552    0.00181506
1.88496     1.67552    0.000102481
2.0944     1.67552    0.000622273
2.30383     1.67552    0.000556887
2.51327     1.67552    0.00664554
2.72271     1.67552    0.0228847
2.93215     1.67552    0.019914
3.14159     1.67552    0.0316582

-3.14159     1.88496    0.0337943
-2.93215     1.88496    0.0233874
-2.72271     1.88496    0.0195934
-2.51327     1.88496    0.00374765
-2.30383     1.88496    0.00601872
-2.0944     1.88496    0.00772781
-1.88496     1.88496    0.0025231
-1.67552     1.88496    0.00289682
-1.46608     1.88496    0.00427377
-1.25664     1.88496    0.00329258
-1.0472     1.88496    0.000431905
-0.837758     1.88496    0.00642203
-0.628319     1.88496    0.00176431
-0.418879     1.88496    0.00578771
-0.20944     1.88496    0.00485654
0     1.88496    0.00248665
0.20944     1.88496    0.0048097
0.418879     1.88496    0.00586803
0.628319     1.88496    0.00175842
0.837758     1.88496    0.00643496
1.0472     1.88496    0.000479354
1.25664     1.88496    0.00324185
1.46608     1.88496    0.00430538
1.67552     1.88496    0.00288192
1.88496     1.88496    0.0025371
2.0944     1.88496    0.00772171
2.30383     1.88496    0.00599568
2.51327     1.88496    0.0037239
2.72271     1.88496    0.0197598
2.93215     1.88496    0.023102
3.14159     1.88496    0.0342031

-3.14159     2.0944    0.0252876
-2.93215     2.0944    0.0337425
-2.72271     2.0944    0.0197075
-2.51327     2.0944    0.00985152
-2.30383     2.0944    0.00124978
-2.0944     2.0944    0.00230099
-1.88496     2.0944    0.00221414
-1.67552     2.0944    0.0023703
-1.46608     2.0944    0.00924015
-1.25664     2.0944    0.00690827
-1.0472     2.0944    0.000965146
-0.837758     2.0944    0.00761196
-0.628319     2.0944    0.00141151
-0.418879     2.0944    0.000534645
-0.20944     2.0944    0.00769022
0     2.0944    0.0052735
0.20944     2.0944    0.0077135
0.418879     2.0944    0.00058208
0.628319     2.0944    0.00140939
0.837758     2.0944    0.00761518
1.0472     2.0944    0.000939852
1.25664     2.0944    0.00688155
1.46608     2.0944    0.00917664
1.67552     2.0944    0.00242327
1.88496     2.0944    0.00226924
2.0944     2.0944    0.00232189
2.30383     2.0944    0.00122928
2.51327     2.0944    0.00988623
2.72271     2.0944    0.0196316
2.93215     2.0944    0.0341752
3.14159     2.0944    0.025765

-3.14159     2.30383    0.0211421
-2.93215     2.30383    0.017207
-2.72271     2.30383    0.00710382
-2.51327     2.30383    0.000775481
-2.30383     2.30383    0.0012211
-2.0944     2.30383    0.00496916
-1.88496     2.30383    0.00405815
-1.67552     2.30383    0.00558827
-1.46608     2.30383    0.00327037
-1.25664     2.30383    0.00267994
-1.0472     2.30383    0.00770698
-0.837758     2.30383    0.00405341
-0.628319     2.30383    0.0020913
-0.418879     2.30383    0.00108065
-0.20944     2.30383    0.00381605
0     2.30383    0.00391974
0.20944     2.30383    0.00379677
0.418879     2.30383    0.00111814
0.628319     2.30383    0.00206771
0.837758     2.30383    0.00410357
1.0472     2.30383    0.00768978
1.25664     2.30383    0.00266446
1.46608     2.30383    0.00331941
1.67552     2.30383    0.00558645
1.88496     2.30383    0.00409057
2.0944     2.30383    0.00497318
2.30383     2.30383    0.00117824
2.51327     2.30383    0.000730161
2.72271     2.30383    0.00674571
2.93215     2.30383    0.0172122
3.14159     2.30383    0.0210904

-3.14159     2.51327    0.007969
-2.93215     2.51327    0.00357154
-2.72271     2.51327    0.0110794
-2.51327     2.51327    0.0011813
-2.30383     2.51327    0.00473832
-2.0944     2.51327    0.0020913
-1.88496     2.51327    0.00213992
-1.67552     2.51327    0.00340904
-1.46608     2.51327    0.00241614
-1.25664     2.51327    0.00574151
-1.0472     2.51327    0.00495617
-0.837758     2.51327    0.00157911
-0.628319     2.51327    0.00196243
-0.418879     2.51327    0.00143162
-0.20944     2.51327    0.00282034
0     2.51327    0.0124964
0.20944     2.51327    0.00276885
0.418879     2.51327    0.00140939
0.628319     2.51327    0.0019469
0.837758     2.51327    0.00171992
1.0472     2.51327    0.00496794
1.25664     2.51327    0.00573974
1.46608     2.51327    0.0024687
1.67552     2.51327    0.00335359
1.88496     2.51327    0.00210108
2.0944     2.51327    0.00211344
2.30383     2.51327    0.00473613
2.51327     2.51327    0.00114829
2.72271     2.51327    0.010909
2.93215     2.51327    0.00307055
3.14159     2.51327    0.00798892

-3.14159     2.72271    0.00136955
-2.93215     2.72271    0.00194815
-2.72271     2.72271    0.00392562
-2.51327     2.72271    0.015503
-2.30383     2.72271    0.00130169
-2.0944     2.72271    0.000564206
-1.88496     2.72271    0.000912331
-1.67552     2.72271    0.00416711
-1.46608     2.72271    0.0033193
-1.25664     2.72271    0.00281358
-1.0472     2.72271    0.00360122
-0.837758     2.72271    0.00333753
-0.628319     2.72271    0.00647452
-0.418879     2.72271    0.00285309
-0.20944     2.72271    0.00224738
0     2.72271    0.01732
0.20944     2.72271    0.00228119
0.418879     2.72271    0.00288795
0.628319     2.72271    0.00650934
0.837758     2.72271    0.00340038
1.0472     2.72271    0.00360172
1.25664     2.72271    0.00280261
1.46608     2.72271    0.00327296
1.67552     2.72271    0.00409223
1.88496     2.72271    0.000938429
2.0944     2.72271    0.000578765
2.30383     2.72271    0.00132192
2.51327     2.72271    0.015626
2.72271     2.72271    0.0040222
2.93215     2.72271    0.00182297
3.14159     2.72271    0.00124697

-3.14159     2.93215    0.000195982
-2.93215     2.93215    0.00476498
-2.72271     2.93215    0.00621496
-2.51327     2.93215    0.0139779
-2.30383     2.93215    0.00705664
-2.0944     2.93215    0.000825819
-1.88496     2.93215    0.000679802
-1.67552     2.93215    0.000977572
-1.46608     2.93215    0.00154023
-1.25664     2.93215    0.00238058
-1.0472     2.93215    0.00246376
-0.837758     2.93215    0.00556378
-0.628319     2.93215    0.00440597
-0.418879     2.93215    0.00411624
-0.20944     2.93215    0.00200655
0     2.93215    0.0150895
0.20944     2.93215    0.00189472
0.418879     2.93215    0.00413793
0.628319     2.93215    0.00446514
0.837758     2.93215    0.00556228
1.0472     2.93215    0.00249571
1.25664     2.93215    0.00232179
1.46608     2.93215    0.00152582
1.67552     2.93215    0.000943622
1.88496     2.93215    0.00068405
2.0944     2.93215    0.00083182
2.30383     2.93215    0.0070548
2.51327     2.93215    0.0138743
2.72271     2.93215    0.00623678
2.93215     2.93215    0.00481893
3.14159     2.93215    0.000151241

-3.14159     3.14159    0.00135613
-2.93215     3.14159    0.00108745
-2.72271     3.14159    0.00584873
-2.51327     3.14159    0.00571156
-2.30383     3.14159    0.00149267
-2.0944     3.14159    0.00437218
-1.88496     3.14159    0.00527748
-1.67552     3.14159    0.00239073
-1.46608     3.14159    0.000834163
-1.25664     3.14159    0.000965548
-1.0472     3.14159    0.000366685
-0.837758     3.14159    0.00115605
-0.628319     3.14159    0.00292972
-0.418879     3.14159    0.00629039
-0.20944     3.14159    0.0121633
0     3.14159    0.0258209
0.20944     3.14159    0.0123202
0.418879     3.14159    0.00629075
0.628319     3.14159    0.00272403
0.837758     3.14159    0.00115167
1.0472     3.14159    0.000391846
1.25664     3.14159    0.00104883
1.46608     3.14159    0.000828619
1.67552     3.14159    0.00240995
1.88496     3.14159    0.0053595
2.0944     3.14159    0.00443503
2.30383     3.14159    0.00149765
2.51327     3.14159    0.00579204
2.72271     3.14159    0.00591473
2.93215     3.14159    0.00115081
3.14159     3.14159    0.00139037

