-3.14159     -3.14159    0.0218571
-2.93215     -3.14159    0.00341028
-2.72271     -3.14159    0.00181729
-2.51327     -3.14159    0.000417828
-2.30383     -3.14159    0.00366615
-2.0944     -3.14159    0.00369605
-1.88496     -3.14159    0.0057162
-1.67552     -3.14159    0.0068975
-1.46608     -3.14159    0.0127759
-1.25664     -3.14159    0.00328959
-1.0472     -3.14159    0.023414
-0.837758     -3.14159    0.00180186
-0.628319     -3.14159    0.0153024
-0.418879     -3.14159    0.00428887
-0.20944     -3.14159    0.00823665
0     -3.14159    0.000481819
0.20944     -3.14159    0.00832993
0.418879     -3.14159    0.00432294
0.628319     -3.14159    0.0152451
0.837758     -3.14159    0.00183612
1.0472     -3.14159    0.0233984
1.25664     -3.14159    0.00327634
1.46608     -3.14159    0.0127772
1.67552     -3.14159    0.00697044
1.88496     -3.14159    0.00607947
2.0944     -3.14159    0.00379846
2.30383     -3.14159    0.00362474
2.51327     -3.14159    0.000341221
2.72271     -3.14159    0.00185496
2.93215     -3.14159    0.00347906
3.14159     -3.14159    0.0215497

-3.14159     -2.93215    0.0268634
-2.93215     -2.93215    0.00375509
-2.72271     -2.93215    0.00920946
-2.51327     -2.93215    0.0122024
-2.30383     -2.93215    9.734e-05
-2.0944     -2.93215    0.00194018
-1.88496     -2.93215    0.0128753
-1.67552     -2.93215    0.00980468
-1.46608     -2.93215    0.0139455
-1.25664     -2.93215    0.00416869
-1.0472     -2.93215    0.0205375
-0.837758     -2.93215    0.00122963
-0.628319     -2.93215    0.0114134
-0.418879     -2.93215    0.00849246
-0.20944     -2.93215    0.00281305
0     -2.93215    0.00289083
0.20944     -2.93215    0.00277884
0.418879     -2.93215    0.00848969
0.628319     -2.93215    0.0113193
0.837758     -2.93215    0.00123562
1.0472     -2.93215    0.0205401
1.25664     -2.93215    0.0041304
1.46608     -2.93215    0.013912
1.67552     -2.93215    0.0104295
1.88496     -2.93215    0.0126213
2.0944     -2.93215    0.00200254
2.30383     -2.93215    0.000119982
2.51327     -2.93215    0.0122073
2.72271     -2.93215    0.00919251
2.93215     -2.93215    0.00369379
3.14159     -2.93215    0.0263615

-3.14159     -2.72271    0.00701067
-2.93215     -2.72271    0.00418069
-2.72271     -2.72271    0.00532831
-2.51327     -2.72271    0.00789619
-2.30383     -2.72271    0.00632393
-2.0944     -2.72271    0.00618897
-1.88496     -2.72271    0.0170161
-1.67552     -2.72271    0.00233843
-1.46608     -2.72271    0.00560117
-1.25664     -2.72271    0.00404015
-1.0472     -2.72271    0.00816656
-0.837758     -2.72271    0.0128353
-0.628319     -2.72271    0.010411
-0.418879     -2.72271    0.00308124
-0.20944     -2.72271    0.000133348
0     -2.72271    0.013492
0.20944     -2.72271    8.83083e-05
0.418879     -2.72271    0.00305006
0.628319     -2.72271    0.0103669
0.837758     -2.72271    0.0127636
1.0472     -2.72271    0.00810685
1.25664     -2.72271    0.00391206
1.46608     -2.72271    0.00565315
1.67552     -2.72271    0.00216378
1.88496     -2.72271    0.0167344
2.0944     -2.72271    0.00618899
2.30383     -2.72271    0.00656216
2.51327     -2.72271    0.00799071
2.72271     -2.72271    0.00515513
2.93215     -2.72271    0.00424401
3.14159     -2.72271    0.00694871

-3.14159     -2.51327    0.00901279
-2.93215     -2.51327    0.00329799
-2.72271     -2.51327    0.0198571
-2.51327     -2.51327    0.00095178
-2.30383     -2.51327    0.000653366
-2.0944     -2.51327    0.0196224
-1.88496     -2.51327    0.00189744
-1.67552     -2.51327    0.000995045
-1.46608     -2.51327    0.0185877
-1.25664     -2.51327    0.0205798
-1.0472     -2.51327    0.0100257
-0.837758     -2.51327    0.00501485
-0.628319     -2.51327    0.00511634
-0.418879     -2.51327    0.0132643
-0.20944     -2.51327    0.00578179
0     -2.51327    0.0131061
0.20944     -2.51327    0.00576533
0.418879     -2.51327    0.0132458
0.628319     -2.51327    0.00517153
0.837758     -2.51327    0.00462567
1.0472     -2.51327    0.0101544
1.25664     -2.51327    0.0206989
1.46608     -2.51327    0.0186571
1.67552     -2.51327    0.000913138
1.88496     -2.51327    0.00178765
2.0944     -2.51327    0.0200459
2.30383     -2.51327    0.000658253
2.51327     -2.51327    0.000815485
2.72271     -2.51327    0.019832
2.93215     -2.51327    0.0033223
3.14159     -2.51327    0.00909174

-3.14159     -2.30383    0.00155372
-2.93215     -2.30383    0.00376314
-2.72271     -2.30383    0.00289453
-2.51327     -2.30383    0.0128161
-2.30383     -2.30383    0.00205783
-2.0944     -2.30383    0.024401
-1.88496     -2.30383    0.00391906
-1.67552     -2.30383    0.0030579
-1.46608     -2.30383    0.026274
-1.25664     -2.30383    0.0140539
-1.0472     -2.30383    0.0212481
-0.837758     -2.30383    0.00934889
-0.628319     -2.30383    0.000751886
-0.418879     -2.30383    0.00499605
-0.20944     -2.30383    0.00974328
0     -2.30383    0.0137947
0.20944     -2.30383    0.00978607
0.418879     -2.30383    0.00494033
0.628319     -2.30383    0.000743829
0.837758     -2.30383    0.00924365
1.0472     -2.30383    0.0211381
1.25664     -2.30383    0.0139819
1.46608     -2.30383    0.0264738
1.67552     -2.30383    0.00292403
1.88496     -2.30383    0.00385071
2.0944     -2.30383    0.0248126
2.30383     -2.30383    0.00205806
2.51327     -2.30383    0.0128878
2.72271     -2.30383    0.00297102
2.93215     -2.30383    0.00375916
3.14159     -2.30383    0.00148196

-3.14159     -2.0944    0.000466952
-2.93215     -2.0944    0.00510166
-2.72271     -2.0944    0.00120979
-2.51327     -2.0944    0.00706709
-2.30383     -2.0944    0.0147793
-2.0944     -2.0944    0.0132026
-1.88496     -2.0944    0.0107871
-1.67552     -2.0944    0.0107858
-1.46608     -2.0944    0.0160574
-1.25664     -2.0944    0.00441689
-1.0472     -2.0944    0.00251057
-0.837758     -2.0944    0.0114716
-0.628319     -2.0944    0.00379896
-0.418879     -2.0944    0.000959817
-0.20944     -2.0944    0.00704648
0     -2.0944    0.0197993
0.20944     -2.0944    0.00708692
0.418879     -2.0944    0.000866016
0.628319     -2.0944    0.00379991
0.837758     -2.0944    0.0114468
1.0472     -2.0944    0.00265513
1.25664     -2.0944    0.00443662
1.46608     -2.0944    0.016029
1.67552     -2.0944    0.0108791
1.88496     -2.0944    0.0107607
2.0944     -2.0944    0.0134244
2.30383     -2.0944    0.0147339
2.51327     -2.0944    0.00697488
2.72271     -2.0944    0.00111407
2.93215     -2.0944    0.00494587
3.14159     -2.0944    0.000635824

-3.14159     -1.88496    0.0215849
-2.93215     -1.88496    0.00742582
-2.72271     -1.88496    0.00644213
-2.51327     -1.88496    0.0046184
-2.30383     -1.88496    0.00345021
-2.0944     -1.88496    0.00750246
-1.88496     -1.88496    0.00816979
-1.67552     -1.88496    0.00187793
-1.46608     -1.88496    0.0191385
-1.25664     -1.88496    0.00857788
-1.0472     -1.88496    0.0155215
-0.837758     -1.88496    0.00950104
-0.628319     -1.88496    0.00316786
-0.418879     -1.88496    0.00697175
-0.20944     -1.88496    0.00392808
0     -1.88496    0.00500832
0.20944     -1.88496    0.00389525
0.418879     -1.88496    0.00702464
0.628319     -1.88496    0.00321008
0.837758     -1.88496    0.00959529
1.0472     -1.88496    0.0154322
1.25664     -1.88496    0.00849653
1.46608     -1.88496    0.0192104
1.67552     -1.88496    0.00210901
1.88496     -1.88496    0.00816464
2.0944     -1.88496    0.00759577
2.30383     -1.88496    0.00347949
2.51327     -1.88496    0.00461559
2.72271     -1.88496    0.00631857
2.93215     -1.88496    0.00732483
3.14159     -1.88496    0.0214748

-3.14159     -1.67552    0.0151547
-2.93215     -1.67552    0.00244125
-2.72271     -1.67552    0.00285649
-2.51327     -1.67552    0.00237822
-2.30383     -1.67552    0.00690433
-2.0944     -1.67552    0.00987578
-1.88496     -1.67552    0.00760599
-1.67552     -1.67552    0.000288312
-1.46608     -1.67552    0.00427626
-1.25664     -1.67552    0.0103431
-1.0472     -1.67552    0.00469694
-0.837758     -1.67552    0.00950836
-0.628319     -1.67552    0.00532882
-0.418879     -1.67552    0.00880372
-0.20944     -1.67552    0.00938283
0     -1.67552    0.004961
0.20944     -1.67552    0.00929861
0.418879     -1.67552    0.00880914
0.628319     -1.67552    0.00536064
0.837758     -1.67552    0.00947029
1.0472     -1.67552    0.00466915
1.25664     -1.67552    0.0103822
1.46608     -1.67552    0.00434269
1.67552     -1.67552    0.00021767
1.88496     -1.67552    0.00746718
2.0944     -1.67552    0.00991713
2.30383     -1.67552    0.00699834
2.51327     -1.67552    0.00235516
2.72271     -1.67552    0.00275948
2.93215     -1.67552    0.00233563
3.14159     -1.67552    0.0151213

-3.14159     -1.46608    0.00250114
-2.93215     -1.46608    0.00727514
-2.72271     -1.46608    0.00194471
-2.51327     -1.46608    0.00178659
-2.30383     -1.46608    0.00733472
-2.0944     -1.46608    0.0077011
-1.88496     -1.46608    0.00512495
-1.67552     -1.46608    0.00348379
-1.46608     -1.46608    0.000849922
-1.25664     -1.46608    0.00231542
-1.0472     -1.46608    0.0114952
-0.837758     -1.46608    0.00454677
-0.628319     -1.46608    0.0126138
-0.418879     -1.46608    0.0110147
-0.20944     -1.46608    0.000811319
0     -1.46608    0.00859181
0.20944     -1.46608    0.00100329
0.418879     -1.46608    0.0110405
0.628319     -1.46608    0.0127754
0.837758     -1.46608    0.00415172
1.0472     -1.46608    0.01145
1.25664     -1.46608    0.0023456
1.46608     -1.46608    0.00075282
1.67552     -1.46608    0.00347576
1.88496     -1.46608    0.0049366
2.0944     -1.46608    0.00753856
2.30383     -1.46608    0.00717586
2.51327     -1.46608    0.00179173
2.72271     -1.46608    0.00199285
2.93215     -1.46608    0.00717559
3.14159     -1.46608    0.00229392

-3.14159     -1.25664    0.00176962
-2.93215     -1.25664    0.00301022
-2.72271     -1.25664    0.000716286
-2.51327     -1.25664    0.00226501
-2.30383     -1.25664    0.0159409
-2.0944     -1.25664    0.00661621
-1.88496     -1.25664    0.0183392
-1.67552     -1.25664    0.00458557
-1.46608     -1.25664    0.00962995
-1.25664     -1.25664    0.00380922
-1.0472     -1.25664    0.0129607
-0.837758     -1.25664    0.00428032
-0.628319     -1.25664    0.00299966
-0.418879     -1.25664    0.00107001
-0.20944     -1.25664    0.0030383
0     -1.25664    0.0115909
0.20944     -1.25664    0.00297722
0.418879     -1.25664    0.000998089
0.628319     -1.25664    0.0028663
0.837758     -1.25664    0.00438897
1.0472     -1.25664    0.0129357
1.25664     -1.25664    0.00383554
1.46608     -1.25664    0.009752
1.67552     -1.25664    0.00464487
1.88496     -1.25664    0.0186356
2.0944     -1.25664    0.00691229
2.30383     -1.25664    0.0158455
2.51327     -1.25664    0.00225089
2.72271     -1.25664    0.000740023
2.93215     -1.25664    0.00299772
3.14159     -1.25664    0.00180231

-3.14159     -1.0472    0.0125795
-2.93215     -1.0472    0.012989
-2.72271     -1.0472    0.00826185
-2.51327     -1.0472    0.00273333
-2.30383     -1.0472    0.0119928
-2.0944     -1.0472    0.0133703
-1.88496     -1.0472    0.0195494
-1.67552     -1.0472    0.000941351
-1.46608     -1.0472    0.00506838
-1.25664     -1.0472    0.00547648
-1.0472     -1.0472    0.00858052
-0.837758     -1.0472    0.00410312
-0.628319     -1.0472    0.0192474
-0.418879     -1.0472    0.0153389
-0.20944     -1.0472    0.00272251
0     -1.0472    0.0164839
0.20944     -1.0472    0.00290265
0.418879     -1.0472    0.0152795
0.628319     -1.0472    0.0190099
0.837758     -1.0472    0.00418318
1.0472     -1.0472    0.0086555
1.25664     -1.0472    0.00550431
1.46608     -1.0472    0.0050596
1.67552     -1.0472    0.000983578
1.88496     -1.0472    0.0195875
2.0944     -1.0472    0.0133597
2.30383     -1.0472    0.0119536
2.51327     -1.0472    0.00266127
2.72271     -1.0472    0.00826662
2.93215     -1.0472    0.0130044
3.14159     -1.0472    0.0125768

-3.14159     -0.837758    0.00307372
-2.93215     -0.837758    0.00814317
-2.72271     -0.837758    0.0106867
-2.51327     -0.837758    0.0134109
-2.30383     -0.837758    0.00828321
-2.0944     -0.837758    0.00429208
-1.88496     -0.837758    0.00483349
-1.67552     -0.837758    0.00354482
-1.46608     -0.837758    0.00348211
-1.25664     -0.837758    0.0136689
-1.0472     -0.837758    0.000106743
-0.837758     -0.837758    0.000684376
-0.628319     -0.837758    0.0165524
-0.418879     -0.837758    0.0105493
-0.20944     -0.837758    0.00096352
0     -0.837758    0.0154139
0.20944     -0.837758    0.000941841
0.418879     -0.837758    0.0106414
0.628319     -0.837758    0.0166482
0.837758     -0.837758    0.000789298
1.0472     -0.837758    0.000185214
1.25664     -0.837758    0.0136482
1.46608     -0.837758    0.00355457
1.67552     -0.837758    0.00353701
1.88496     -0.837758    0.0046854
2.0944     -0.837758    0.00423647
2.30383     -0.837758    0.00839156
2.51327     -0.837758    0.0133328
2.72271     -0.837758    0.0106804
2.93215     -0.837758    0.00829224
3.14159     -0.837758    0.00300126

-3.14159     -0.628319    0.0318777
-2.93215     -0.628319    0.000620922
-2.72271     -0.628319    0.0123472
-2.51327     -0.628319    0.000866812
-2.30383     -0.628319    0.00194582
-2.0944     -0.628319    0.0044906
-1.88496     -0.628319    0.0061283
-1.67552     -0.628319    0.00444917
-1.46608     -0.628319    0.00567635
-1.25664     -0.628319    0.00391484
-1.0472     -0.628319    0.0144032
-0.837758     -0.628319    0.00686621
-0.628319     -0.628319    0.000575204
-0.418879     -0.628319    0.00925773
-0.20944     -0.628319    0.0131058
0     -0.628319    0.0115937
0.20944     -0.628319    0.0131033
0.418879     -0.628319    0.00921338
0.628319     -0.628319    0.00061742
0.837758     -0.628319    0.00694681
1.0472     -0.628319    0.0145367
1.25664     -0.628319    0.00387733
1.46608     -0.628319    0.00567029
1.67552     -0.628319    0.00449561
1.88496     -0.628319    0.00613475
2.0944     -0.628319    0.00447958
2.30383     -0.628319    0.00199962
2.51327     -0.628319    0.000894212
2.72271     -0.628319    0.012211
2.93215     -0.628319    0.000766005
3.14159     -0.628319    0.0312977

-3.14159     -0.418879    0.0114649
-2.93215     -0.418879    0.00546849
-2.72271     -0.418879    0.0102105
-2.51327     -0.418879    0.0121605
-2.30383     -0.418879    0.0123846
-2.0944     -0.418879    0.00729759
-1.88496     -0.418879    0.00564464
-1.67552     -0.418879    0.0118383
-1.46608     -0.418879    0.00745656
-1.25664     -0.418879    0.00308213
-1.0472     -0.418879    0.0105225
-0.837758     -0.418879    0.00292855
-0.628319     -0.418879    0.0182619
-0.418879     -0.418879    0.0122786
-0.20944     -0.418879    0.000772175
0     -0.418879    0.00600318
0.20944     -0.418879    0.000850549
0.418879     -0.418879    0.0122533
0.628319     -0.418879    0.0180277
0.837758     -0.418879    0.00325495
1.0472     -0.418879    0.0104578
1.25664     -0.418879    0.00299319
1.46608     -0.418879    0.00746702
1.67552     -0.418879    0.0118773
1.88496     -0.418879    0.00567884
2.0944     -0.418879    0.00723746
2.30383     -0.418879    0.0125031
2.51327     -0.418879    0.012402
2.72271     -0.418879    0.010266
2.93215     -0.418879    0.00542611
3.14159     -0.418879    0.0113515

-3.14159     -0.20944    0.00560238
-2.93215     -0.20944    0.00334819
-2.72271     -0.20944    0.0083348
-2.51327     -0.20944    0.0191387
-2.30383     -0.20944    0.000451584
-2.0944     -0.20944    0.00730478
-1.88496     -0.20944    0.00548007
-1.67552     -0.20944    0.0111199
-1.46608     -0.20944    0.00869076
-1.25664     -0.20944    0.00512383
-1.0472     -0.20944    0.0119362
-0.837758     -0.20944    0.00124415
-0.628319     -0.20944    0.00359563
-0.418879     -0.20944    0.00167334
-0.20944     -0.20944    0.00620358
0     -0.20944    0.00124742
0.20944     -0.20944    0.00668697
0.418879     -0.20944    0.00147465
0.628319     -0.20944    0.00345371
0.837758     -0.20944    0.00135855
1.0472     -0.20944    0.0118856
1.25664     -0.20944    0.00517514
1.46608     -0.20944    0.00862602
1.67552     -0.20944    0.0110314
1.88496     -0.20944    0.00555904
2.0944     -0.20944    0.00741576
2.30383     -0.20944    0.000222729
2.51327     -0.20944    0.0191785
2.72271     -0.20944    0.00849317
2.93215     -0.20944    0.00332498
3.14159     -0.20944    0.0056454

-3.14159     0    0.000589339
-2.93215     0    0.0140982
-2.72271     0    0.0373071
-2.51327     0    0.00300548
-2.30383     0    0.014034
-2.0944     0    0.00917459
-1.88496     0    0.0125783
-1.67552     0    0.00366501
-1.46608     0    0.00174291
-1.25664     0    0.0148195
-1.0472     0    0.0199815
-0.837758     0    0.00115255
-0.628319     0    0.0250829
-0.418879     0    0.00633736
-0.20944     0    0.00854755
0     0    1.31956e-14
0.20944     0    0.00854755
0.418879     0    0.00633736
0.628319     0    0.0250829
0.837758     0    0.00115255
1.0472     0    0.0199815
1.25664     0    0.0148195
1.46608     0    0.00174291
1.67552     0    0.00366501
1.88496     0    0.0125783
2.0944     0    0.00917459
2.30383     0    0.014034
2.51327     0    0.00300548
2.72271     0    0.0373071
2.93215     0    0.0140982
3.14159     0    0.000589339

-3.14159     0.20944    0.0056454
-2.93215     0.20944    0.00332498
-2.72271     0.20944    0.00849317
-2.51327     0.20944    0.0191785
-2.30383     0.20944    0.000222729
-2.0944     0.20944    0.00741576
-1.88496     0.20944    0.00555904
-1.67552     0.20944    0.0110314
-1.46608     0.20944    0.00862602
-1.25664     0.20944    0.00517514
-1.0472     0.20944    0.0118856
-0.837758     0.20944    0.00135855
-0.628319     0.20944    0.00345371
-0.418879     0.20944    0.00147465
-0.20944     0.20944    0.00668697
0     0.20944    0.00124742
0.20944     0.20944    0.00620358
0.418879     0.20944    0.00167334
0.628319     0.20944    0.00359563
0.837758     0.20944    0.00124415
1.0472     0.20944    0.0119362
1.25664     0.20944    0.00512383
1.46608     0.20944    0.00869076
1.67552     0.20944    0.0111199
1.88496     0.20944    0.00548007
2.0944     0.20944    0.00730478
2.30383     0.20944    0.000451584
2.51327     0.20944    0.0191387
2.72271     0.20944    0.0083348
2.93215     0.20944    0.00334819
3.14159     0.20944    0.00560238

-3.14159     0.418879    0.0113515
-2.93215     0.418879    0.00542611
-2.72271     0.418879    0.010266
-2.51327     0.418879    0.012402
-2.30383     0.418879    0.0125031
-2.0944     0.418879    0.00723746
-1.88496     0.418879    0.00567884
-1.67552     0.418879    0.0118773
-1.46608     0.418879    0.00746702
-1.25664     0.418879    0.00299319
-1.0472     0.418879    0.0104578
-0.837758     0.418879    0.00325495
-0.628319     0.418879    0.0180277
-0.418879     0.418879    0.0122533
-0.20944     0.418879    0.000850549
0     0.418879    0.00600318
0.20944     0.418879    0.000772175
0.418879     0.418879    0.0122786
0.628319     0.418879    0.0182619
0.837758     0.418879    0.00292855
1.0472     0.418879    0.0105225
1.25664     0.418879    0.00308213
1.46608     0.418879    0.00745656
1.67552     0.418879    0.0118383
1.88496     0.418879    0.00564464
2.0944     0.418879    0.00729759
2.30383     0.418879    0.0123846
2.51327     0.418879    0.0121605
2.72271     0.418879    0.0102105
2.93215     0.418879    0.00546849
3.14159     0.418879    0.0114649

-3.14159     0.628319    0.0312977
-2.93215     0.628319    0.000766005
-2.72271     0.628319    0.012211
-2.51327     0.628319    0.000894212
-2.30383     0.628319    0.00199962
-2.0944     0.628319    0.00447958
-1.88496     0.628319    0.00613475
-1.67552     0.628319    0.00449561
-1.46608     0.628319    0.00567029
-1.25664     0.628319    0.00387733
-1.0472     0.628319    0.0145367
-0.837758     0.628319    0.00694681
-0.628319     0.628319    0.00061742
-0.418879     0.628319    0.00921338
-0.20944     0.628319    0.0131033
0     0.628319    0.0115937
0.20944     0.628319    0.0131058
0.418879     0.628319    0.00925773
0.628319     0.628319    0.000575204
0.837758     0.628319    0.00686621
1.0472     0.628319    0.0144032
1.25664     0.628319    0.00391484
1.46608     0.628319    0.00567635
1.67552     0.628319    0.00444917
1.88496     0.628319    0.0061283
2.0944     0.628319    0.0044906
2.30383     0.628319    0.00194582
2.51327     0.628319    0.000866812
2.72271     0.628319    0.0123472
2.93215     0.628319    0.000620922
3.14159     0.628319    0.0318777

-3.14159     0.837758    0.00300126
-2.93215     0.837758    0.00829224
-2.72271     0.837758    0.0106804
-2.51327     0.837758    0.0133328
-2.30383     0.837758    0.00839156
-2.0944     0.837758    0.00423647
-1.88496     0.837758    0.0046854
-1.67552     0.837758    0.00353701
-1.46608     0.837758    0.00355457
-1.25664     0.837758    0.0136482
-1.0472     0.837758    0.000185214
-0.837758     0.837758    0.000789298
-0.628319     0.837758    0.0166482
-0.418879     0.837758    0.0106414
-0.20944     0.837758    0.000941841
0     0.837758    0.0154139
0.20944     0.837758    0.00096352
0.418879     0.837758    0.0105493
0.628319     0.837758    0.0165524
0.837758     0.837758    0.000684376
1.0472     0.837758    0.000106743
1.25664     0.837758    0.0136689
1.46608     0.837758    0.00348211
1.67552     0.837758    0.00354482
1.88496     0.837758    0.00483349
2.0944     0.837758    0.00429208
2.30383     0.837758    0.00828321
2.51327     0.837758    0.0134109
2.72271     0.837758    0.0106867
2.93215     0.837758    0.00814317
3.14159     0.837758    0.00307372

-3.14159     1.0472    0.0125768
-2.93215     1.0472    0.0130044
-2.72271     1.0472    0.00826662
-2.51327     1.0472    0.00266127
-2.30383     1.0472    0.0119536
-2.0944     1.0472    0.0133597
-1.88496     1.0472    0.0195875
-1.67552     1.0472    0.000983578
-1.46608     1.0472    0.0050596
-1.25664     1.0472    0.00550431
-1.0472     1.0472    0.0086555
-0.837758     1.0472    0.00418318
-0.628319     1.0472    0.0190099
-0.418879     1.0472    0.0152795
-0.20944     1.0472    0.00290265
0     1.0472    0.0164839
0.20944     1.0472    0.00272251
0.418879     1.0472    0.0153389
0.628319     1.0472    0.0192474
0.837758     1.0472    0.00410312
1.0472     1.0472    0.00858052
1.25664     1.0472    0.00547648
1.46608     1.0472    0.00506838
1.67552     1.0472    0.000941351
1.88496     1.0472    0.0195494
2.0944     1.0472    0.0133703
2.30383     1.0472    0.0119928
2.51327     1.0472    0.00273333
2.72271     1.0472    0.00826185
2.93215     1.0472    0.012989
3.14159     1.0472    0.0125795

-3.14159     1.25664    0.00180231
-2.93215     1.25664    0.00299772
-2.72271     1.25664    0.000740023
-2.51327     1.25664    0.00225089
-2.30383     1.25664    0.0158455
-2.0944     1.25664    0.00691229
-1.88496     1.25664    0.0186356
-1.67552     1.25664    0.00464487
-1.46608     1.25664    0.009752
-1.25664     1.25664    0.00383554
-1.0472     1.25664    0.0129357
-0.837758     1.25664    0.00438897
-0.628319     1.25664    0.0028663
-0.418879     1.25664    0.000998089
-0.20944     1.25664    0.00297722
0     1.25664    0.0115909
0.20944     1.25664    0.0030383
0.418879     1.25664    0.00107001
0.628319     1.25664    0.00299966
0.837758     1.25664    0.00428032
1.0472     1.25664    0.0129607
1.25664     1.25664    0.00380922
1.46608     1.25664    0.00962995
1.67552     1.25664    0.00458557
1.88496     1.25664    0.0183392
2.0944     1.25664    0.00661621
2.30383     1.25664    0.0159409
2.51327     1.25664    0.00226501
2.72271     1.25664    0.000716286
2.93215     1.25664    0.00301022
3.14159     1.25664    0.00176962

-3.14159     1.46608    0.00229392
-2.93215     1.46608    0.00717559
-2.72271     1.46608    0.00199285
-2.51327     1.46608    0.00179173
-2.30383     1.46608    0.00717586
-2.0944     1.46608    0.00753856
-1.88496     1.46608    0.0049366
-1.67552     1.46608    0.00347576
-1.46608     1.46608    0.00075282
-1.25664     1.46608    0.0023456
-1.0472     1.46608    0.01145
-0.837758     1.46608    0.00415172
-0.628319     1.46608    0.0127754
-0.418879     1.46608    0.0110405
-0.20944     1.46608    0.00100329
0     1.46608    0.00859181
0.20944     1.46608    0.000811319
0.418879     1.46608    0.0110147
0.628319     1.46608    0.0126138
0.837758     1.46608    0.00454677
1.0472     1.46608    0.0114952
1.25664     1.46608    0.00231542
1.46608     1.46608    0.000849922
1.67552     1.46608    0.00348379
1.88496     1.46608    0.00512495
2.0944     1.46608    0.0077011
2.30383     1.46608    0.00733472
2.51327     1.46608    0.00178659
2.72271     1.46608    0.00194471
2.93215     1.46608    0.00727514
3.14159     1.46608    0.00250114

-3.14159     1.67552    0.0151213
-2.93215     1.67552    0.00233563
-2.72271     1.67552    0.00275948
-2.51327     1.67552    0.00235516
-2.30383     1.67552    0.00699834
-2.0944     1.67552    0.00991713
-1.88496     1.67552    0.00746718
-1.67552     1.67552    0.00021767
-1.46608     1.67552    0.00434269
-1.25664     1.67552    0.0103822
-1.0472     1.67552    0.00466915
-0.837758     1.67552    0.00947029
-0.628319     1.67552    0.00536064
-0.418879     1.67552    0.00880914
-0.20944     1.67552    0.00929861
0     1.67552    0.004961
0.20944     1.67552    0.00938283
0.418879     1.67552    0.00880372
0.628319     1.67552    0.00532882
0.837758     1.67552    0.00950836
1.0472     1.67552    0.00469694
1.25664     1.67552    0.0103431
1.46608     1.67552    0.00427626
1.67552     1.67552    0.000288312
1.88496     1.67552    0.00760599
2.0944     1.67552    0.00987578
2.30383     1.67552    0.00690433
2.51327     1.67552    0.00237822
2.72271     1.67552    0.00285649
2.93215     1.67552    0.00244125
3.14159     1.67552    0.0151547

-3.14159     1.88496    0.0214748
-2.93215     1.88496    0.00732483
-2.72271     1.88496    0.00631857
-2.51327     1.88496    0.00461559
-2.30383     1.88496    0.00347949
-2.0944     1.88496    0.00759577
-1.88496     1.88496    0.00816464
-1.67552     1.88496    0.00210901
-1.46608     1.88496    0.0192104
-1.25664     1.88496    0.00849653
-1.0472     1.88496    0.0154322
-0.837758     1.88496    0.00959529
-0.628319     1.88496    0.00321008
-0.418879     1.88496    0.00702464
-0.20944     1.88496    0.00389525
0     1.88496    0.00500832
0.20944     1.88496    0.00392808
0.418879     1.88496    0.00697175
0.628319     1.88496    0.00316786
0.837758     1.88496    0.00950104
1.0472     1.88496    0.0155215
1.25664     1.88496    0.00857788
1.46608     1.88496    0.0191385
1.67552     1.88496    0.00187793
1.88496     1.88496    0.00816979
2.0944     1.88496    0.00750246
2.30383     1.88496    0.00345021
2.51327     1.88496    0.0046184
2.72271     1.88496    0.00644213
2.93215     1.88496    0.00742582
3.14159     1.88496    0.0215849

-3.14159     2.0944    0.000635824
-2.93215     2.0944    0.00494587
-2.72271     2.0944    0.00111407
-2.51327     2.0944    0.00697488
-2.30383     2.0944    0.0147339
-2.0944     2.0944    0.0134244
-1.88496     2.0944    0.0107607
-1.67552     2.0944    0.0108791
-1.46608     2.0944    0.016029
-1.25664     2.0944    0.00443662
-1.0472     2.0944    0.00265513
-0.837758     2.0944    0.0114468
-0.628319     2.0944    0.00379991
-0.418879     2.0944    0.000866016
-0.20944     2.0944    0.00708692
0     2.0944    0.0197993
0.20944     2.0944    0.00704648
0.418879     2.0944    0.000959817
0.628319     2.0944    0.00379896
0.837758     2.0944    0.0114716
1.0472     2.0944    0.00251057
1.25664     2.0944    0.00441689
1.46608     2.0944    0.0160574
1.67552     2.0944    0.0107858
1.88496     2.0944    0.0107871
2.0944     2.0944    0.0132026
2.30383     2.0944    0.0147793
2.51327     2.0944    0.00706709
2.72271     2.0944    0.00120979
2.93215     2.0944    0.00510166
3.14159     2.0944    0.000466952

-3.14159     2.30383    0.00148196
-2.93215     2.30383    0.00375916
-2.72271     2.30383    0.00297102
-2.51327     2.30383    0.0128878
-2.30383     2.30383    0.00205806
-2.0944     2.30383    0.0248126
-1.88496     2.30383    0.00385071
-1.67552     2.30383    0.00292403
-1.46608     2.30383    0.0264738
-1.25664     2.30383    0.0139819
-1.0472     2.30383    0.0211381
-0.837758     2.30383    0.00924365
-0.628319     2.30383    0.000743829
-0.418879     2.30383    0.00494033
-0.20944     2.30383    0.00978607
0     2.30383    0.0137947
0.20944     2.30383    0.00974328
0.418879     2.30383    0.00499605
0.628319     2.30383    0.000751886
0.837758     2.30383    0.00934889
1.0472     2.30383    0.0212481
1.25664     2.30383    0.0140539
1.46608     2.30383    0.026274
1.67552     2.30383    0.0030579
1.88496     2.30383    0.00391906
2.0944     2.30383    0.024401
2.30383     2.30383    0.00205783
2.51327     2.30383    0.0128161
2.72271     2.30383    0.00289453
2.93215     2.30383    0.00376314
3.14159     2.30383    0.00155372

-3.14159     2.51327    0.00909174
-2.93215     2.51327    0.0033223
-2.72271     2.51327    0.019832
-2.51327     2.51327    0.000815485
-2.30383     2.51327    0.000658253
-2.0944     2.51327    0.0200459
-1.88496     2.51327    0.00178765
-1.67552     2.51327    0.000913138
-1.46608     2.51327    0.0186571
-1.25664     2.51327    0.0206989
-1.0472     2.51327    0.0101544
-0.837758     2.51327    0.00462567
-0.628319     2.51327    0.00517153
-0.418879     2.51327    0.0132458
-0.20944     2.51327    0.00576533
0     2.51327    0.0131061
0.20944     2.51327    0.00578179
0.418879     2.51327    0.0132643
0.628319     2.51327    0.00511634
0.837758     2.51327    0.00501485
1.0472     2.51327    0.0100257
1.25664     2.51327    0.0205798
1.46608     2.51327    0.0185877
1.67552     2.51327    0.000995045
1.88496     2.51327    0.00189744
2.0944     2.51327    0.0196224
2.30383     2.51327    0.000653366
2.51327     2.51327    0.00095178
2.72271     2.51327    0.0198571
2.93215     2.51327    0.00329799
3.14159     2.51327    0.00901279

-3.14159     2.72271    0.00694871
-2.93215     2.72271    0.00424401
-2.72271     2.72271    0.00515513
-2.51327     2.72271    0.00799071
-2.30383     2.72271    0.00656216
-2.0944     2.72271    0.00618899
-1.88496     2.72271    0.0167344
-1.67552     2.72271    0.00216378
-1.46608     2.72271    0.00565315
-1.25664     2.72271    0.00391206
-1.0472     2.72271    0.00810685
-0.837758     2.72271    0.0127636
-0.628319     2.72271    0.0103669
-0.418879     2.72271    0.00305006
-0.20944     2.72271    8.83083e-05
0     2.72271    0.013492
0.20944     2.72271    0.000133348
0.418879     2.72271    0.00308124
0.628319     2.72271    0.010411
0.837758     2.72271    0.0128353
1.0472     2.72271    0.00816656
1.25664     2.72271    0.00404015
1.46608     2.72271    0.00560117
1.67552     2.72271    0.00233843
1.88496     2.72271    0.0170161
2.0944     2.72271    0.00618897
2.30383     2.72271    0.00632393
2.51327     2.72271    0.00789619
2.72271     2.72271    0.00532831
2.93215     2.72271    0.00418069
3.14159     2.72271    0.00701067

-3.14159     2.93215    0.0263615
-2.93215     2.93215    0.00369379
-2.72271     2.93215    0.00919251
-2.51327     2.93215    0.0122073
-2.30383     2.93215    0.000119982
-2.0944     2.93215    0.00200254
-1.88496     2.93215    0.0126213
-1.67552     2.93215    0.0104295
-1.46608     2.93215    0.013912
-1.25664     2.93215    0.0041304
-1.0472     2.93215    0.0205401
-0.837758     2.93215    0.00123562
-0.628319     2.93215    0.0113193
-0.418879     2.93215    0.00848969
-0.20944     2.93215    0.00277884
0     2.93215    0.00289083
0.20944     2.93215    0.00281305
0.418879     2.93215    0.00849246
0.628319     2.93215    0.0114134
0.837758     2.93215    0.00122963
1.0472     2.93215    0.0205375
1.25664     2.93215    0.00416869
1.46608     2.93215    0.0139455
1.67552     2.93215    0.00980468
1.88496     2.93215    0.0128753
2.0944     2.93215    0.00194018
2.30383     2.93215    9.734e-05
2.51327     2.93215    0.0122024
2.72271     2.93215    0.00920946
2.93215     2.93215    0.00375509
3.14159     2.93215    0.0268634

-3.14159     3.14159    0.0215497
-2.93215     3.14159    0.00347906
-2.72271     3.14159    0.00185496
-2.51327     3.14159    0.000341221
-2.30383     3.14159    0.00362474
-2.0944     3.14159    0.00379846
-1.88496     3.14159    0.00607947
-1.67552     3.14159    0.00697044
-1.46608     3.14159    0.0127772
-1.25664     3.14159    0.00327634
-1.0472     3.14159    0.0233984
-0.837758     3.14159    0.00183612
-0.628319     3.14159    0.0152451
-0.418879     3.14159    0.00432294
-0.20944     3.14159    0.00832993
0     3.14159    0.000481819
0.20944     3.14159    0.00823665
0.418879     3.14159    0.00428887
0.628319     3.14159    0.0153024
0.837758     3.14159    0.00180186
1.0472     3.14159    0.023414
1.25664     3.14159    0.00328959
1.46608     3.14159    0.0127759
1.67552     3.14159    0.0068975
1.88496     3.14159    0.0057162
2.0944     3.14159    0.00369605
2.30383     3.14159    0.00366615
2.51327     3.14159    0.000417828
2.72271     3.14159    0.00181729
2.93215     3.14159    0.00341028
3.14159     3.14159    0.0218571

