-3.14159     -3.14159    4.3423e-05
-2.93215     -3.14159    5.15915e-05
-2.72271     -3.14159    5.70038e-05
-2.51327     -3.14159    5.85338e-05
-2.30383     -3.14159    5.74537e-05
-2.0944     -3.14159    5.59599e-05
-1.88496     -3.14159    5.55103e-05
-1.67552     -3.14159    5.60122e-05
-1.46608     -3.14159    5.56406e-05
-1.25664     -3.14159    5.15752e-05
-1.0472     -3.14159    4.3771e-05
-0.837758     -3.14159    3.53968e-05
-0.628319     -3.14159    2.8368e-05
-0.418879     -3.14159    2.32946e-05
-0.20944     -3.14159    2.0368e-05
0     -3.14159    1.94003e-05
0.20944     -3.14159    2.03572e-05
0.418879     -3.14159    2.32951e-05
0.628319     -3.14159    2.83681e-05
0.837758     -3.14159    3.53964e-05
1.0472     -3.14159    4.37715e-05
1.25664     -3.14159    5.15747e-05
1.46608     -3.14159    5.56406e-05
1.67552     -3.14159    5.60117e-05
1.88496     -3.14159    5.55104e-05
2.0944     -3.14159    5.59601e-05
2.30383     -3.14159    5.7452e-05
2.51327     -3.14159    5.85328e-05
2.72271     -3.14159    5.70026e-05
2.93215     -3.14159    5.15915e-05
3.14159     -3.14159    4.34233e-05

-3.14159     -2.93215    3.81866e-05
-2.93215     -2.93215    4.79234e-05
-2.72271     -2.93215    5.48353e-05
-2.51327     -2.93215    5.7934e-05
-2.30383     -2.93215    5.83814e-05
-2.0944     -2.93215    5.73559e-05
-1.88496     -2.93215    5.57252e-05
-1.67552     -2.93215    5.4196e-05
-1.46608     -2.93215    5.20606e-05
-1.25664     -2.93215    4.69413e-05
-1.0472     -2.93215    3.80444e-05
-0.837758     -2.93215    2.85548e-05
-0.628319     -2.93215    2.10524e-05
-0.418879     -2.93215    1.60529e-05
-0.20944     -2.93215    1.33073e-05
0     -2.93215    1.24804e-05
0.20944     -2.93215    1.33223e-05
0.418879     -2.93215    1.6058e-05
0.628319     -2.93215    2.10522e-05
0.837758     -2.93215    2.85549e-05
1.0472     -2.93215    3.80442e-05
1.25664     -2.93215    4.69415e-05
1.46608     -2.93215    5.20602e-05
1.67552     -2.93215    5.41953e-05
1.88496     -2.93215    5.57247e-05
2.0944     -2.93215    5.7356e-05
2.30383     -2.93215    5.8381e-05
2.51327     -2.93215    5.79337e-05
2.72271     -2.93215    5.48344e-05
2.93215     -2.93215    4.79229e-05
3.14159     -2.93215    3.8187e-05

-3.14159     -2.72271    3.47605e-05
-2.93215     -2.72271    4.47334e-05
-2.72271     -2.72271    5.12961e-05
-2.51327     -2.72271    5.40331e-05
-2.30383     -2.72271    5.44264e-05
-2.0944     -2.72271    5.3748e-05
-1.88496     -2.72271    5.23822e-05
-1.67552     -2.72271    5.06452e-05
-1.46608     -2.72271    4.8211e-05
-1.25664     -2.72271    4.31959e-05
-1.0472     -2.72271    3.43033e-05
-0.837758     -2.72271    2.43827e-05
-0.628319     -2.72271    1.67915e-05
-0.418879     -2.72271    1.20812e-05
-0.20944     -2.72271    9.61946e-06
0     -2.72271    8.79998e-06
0.20944     -2.72271    9.60472e-06
0.418879     -2.72271    1.20731e-05
0.628319     -2.72271    1.67918e-05
0.837758     -2.72271    2.43824e-05
1.0472     -2.72271    3.43032e-05
1.25664     -2.72271    4.31965e-05
1.46608     -2.72271    4.82114e-05
1.67552     -2.72271    5.06456e-05
1.88496     -2.72271    5.23831e-05
2.0944     -2.72271    5.37479e-05
2.30383     -2.72271    5.44253e-05
2.51327     -2.72271    5.40333e-05
2.72271     -2.72271    5.1295e-05
2.93215     -2.72271    4.47329e-05
3.14159     -2.72271    3.47603e-05

-3.14159     -2.51327    3.3489e-05
-2.93215     -2.51327    4.24692e-05
-2.72271     -2.51327    4.70724e-05
-2.51327     -2.51327    4.76031e-05
-2.30383     -2.51327    4.62074e-05
-2.0944     -2.51327    4.51836e-05
-1.88496     -2.51327    4.52592e-05
-1.67552     -2.51327    4.53879e-05
-1.46608     -2.51327    4.42785e-05
-1.25664     -2.51327    4.03943e-05
-1.0472     -2.51327    3.23601e-05
-0.837758     -2.51327    2.25513e-05
-0.628319     -2.51327    1.48792e-05
-0.418879     -2.51327    1.03207e-05
-0.20944     -2.51327    8.044e-06
0     -2.51327    7.49072e-06
0.20944     -2.51327    8.05212e-06
0.418879     -2.51327    1.03315e-05
0.628319     -2.51327    1.48793e-05
0.837758     -2.51327    2.25522e-05
1.0472     -2.51327    3.23605e-05
1.25664     -2.51327    4.03945e-05
1.46608     -2.51327    4.42793e-05
1.67552     -2.51327    4.53877e-05
1.88496     -2.51327    4.52588e-05
2.0944     -2.51327    4.51836e-05
2.30383     -2.51327    4.62075e-05
2.51327     -2.51327    4.76024e-05
2.72271     -2.51327    4.70718e-05
2.93215     -2.51327    4.24691e-05
3.14159     -2.51327    3.34888e-05

-3.14159     -2.30383    3.3794e-05
-2.93215     -2.30383    4.03057e-05
-2.72271     -2.30383    4.17035e-05
-2.51327     -2.30383    3.91955e-05
-2.30383     -2.30383    3.5808e-05
-2.0944     -2.30383    3.42745e-05
-1.88496     -2.30383    3.5449e-05
-1.67552     -2.30383    3.79497e-05
-1.46608     -2.30383    3.93473e-05
-1.25664     -2.30383    3.7523e-05
-1.0472     -2.30383    3.12509e-05
-0.837758     -2.30383    2.21961e-05
-0.628319     -2.30383    1.44973e-05
-0.418879     -2.30383    9.86714e-06
-0.20944     -2.30383    7.58876e-06
0     -2.30383    6.76837e-06
0.20944     -2.30383    7.59214e-06
0.418879     -2.30383    9.85484e-06
0.628319     -2.30383    1.44979e-05
0.837758     -2.30383    2.21964e-05
1.0472     -2.30383    3.12513e-05
1.25664     -2.30383    3.75237e-05
1.46608     -2.30383    3.93477e-05
1.67552     -2.30383    3.79502e-05
1.88496     -2.30383    3.54488e-05
2.0944     -2.30383    3.42743e-05
2.30383     -2.30383    3.58077e-05
2.51327     -2.30383    3.91951e-05
2.72271     -2.30383    4.17029e-05
2.93215     -2.30383    4.03051e-05
3.14159     -2.30383    3.37936e-05

-3.14159     -2.0944    3.47599e-05
-2.93215     -2.0944    3.75982e-05
-2.72271     -2.0944    3.51171e-05
-2.51327     -2.0944    2.99141e-05
-2.30383     -2.0944    2.55712e-05
-2.0944     -2.0944    2.39589e-05
-1.88496     -2.0944    2.53349e-05
-1.67552     -2.0944    2.89218e-05
-1.46608     -2.0944    3.26268e-05
-1.25664     -2.0944    3.35617e-05
-1.0472     -2.0944    2.9876e-05
-0.837758     -2.0944    2.24363e-05
-0.628319     -2.0944    1.50099e-05
-0.418879     -2.0944    1.01563e-05
-0.20944     -2.0944    7.75122e-06
0     -2.0944    7.20166e-06
0.20944     -2.0944    7.73341e-06
0.418879     -2.0944    1.01659e-05
0.628319     -2.0944    1.50099e-05
0.837758     -2.0944    2.24375e-05
1.0472     -2.0944    2.98766e-05
1.25664     -2.0944    3.35623e-05
1.46608     -2.0944    3.26269e-05
1.67552     -2.0944    2.89212e-05
1.88496     -2.0944    2.53352e-05
2.0944     -2.0944    2.39589e-05
2.30383     -2.0944    2.55712e-05
2.51327     -2.0944    2.99142e-05
2.72271     -2.0944    3.51163e-05
2.93215     -2.0944    3.75972e-05
3.14159     -2.0944    3.47588e-05

-3.14159     -1.88496    3.54457e-05
-2.93215     -1.88496    3.40038e-05
-2.72271     -1.88496    2.81072e-05
-2.51327     -1.88496    2.15909e-05
-2.30383     -1.88496    1.74286e-05
-2.0944     -1.88496    1.60961e-05
-1.88496     -1.88496    1.71619e-05
-1.67552     -1.88496    2.03971e-05
-1.46608     -1.88496    2.48667e-05
-1.25664     -1.88496    2.81126e-05
-1.0472     -1.88496    2.74202e-05
-0.837758     -1.88496    2.24166e-05
-0.628319     -1.88496    1.58777e-05
-0.418879     -1.88496    1.09263e-05
-0.20944     -1.88496    8.26705e-06
0     -1.88496    7.34548e-06
0.20944     -1.88496    8.30301e-06
0.418879     -1.88496    1.09181e-05
0.628319     -1.88496    1.58771e-05
0.837758     -1.88496    2.2416e-05
1.0472     -1.88496    2.74213e-05
1.25664     -1.88496    2.81129e-05
1.46608     -1.88496    2.48673e-05
1.67552     -1.88496    2.03973e-05
1.88496     -1.88496    1.71614e-05
2.0944     -1.88496    1.60959e-05
2.30383     -1.88496    1.74285e-05
2.51327     -1.88496    2.15905e-05
2.72271     -1.88496    2.81069e-05
2.93215     -1.88496    3.40038e-05
3.14159     -1.88496    3.54448e-05

-3.14159     -1.67552    3.53011e-05
-2.93215     -1.67552    2.98646e-05
-2.72271     -1.67552    2.19071e-05
-2.51327     -1.67552    1.55157e-05
-2.30383     -1.67552    1.20802e-05
-2.0944     -1.67552    1.10489e-05
-1.88496     -1.67552    1.176e-05
-1.67552     -1.67552    1.40771e-05
-1.46608     -1.67552    1.79028e-05
-1.25664     -1.67552    2.19884e-05
-1.0472     -1.67552    2.37186e-05
-0.837758     -1.67552    2.1458e-05
-0.628319     -1.67552    1.65376e-05
-0.418879     -1.67552    1.19007e-05
-0.20944     -1.67552    9.10992e-06
0     -1.67552    8.25701e-06
0.20944     -1.67552    9.05519e-06
0.418879     -1.67552    1.1904e-05
0.628319     -1.67552    1.65379e-05
0.837758     -1.67552    2.14582e-05
1.0472     -1.67552    2.37185e-05
1.25664     -1.67552    2.19883e-05
1.46608     -1.67552    1.79023e-05
1.67552     -1.67552    1.4077e-05
1.88496     -1.67552    1.17604e-05
2.0944     -1.67552    1.10488e-05
2.30383     -1.67552    1.20795e-05
2.51327     -1.67552    1.55155e-05
2.72271     -1.67552    2.1906e-05
2.93215     -1.67552    2.98649e-05
3.14159     -1.67552    3.53e-05

-3.14159     -1.46608    3.4441e-05
-2.93215     -1.46608    2.60733e-05
-2.72271     -1.46608    1.75747e-05
-2.51327     -1.46608    1.19278e-05
-2.30383     -1.46608    9.16365e-06
-2.0944     -1.46608    8.29357e-06
-1.88496     -1.46608    8.68701e-06
-1.67552     -1.46608    1.01741e-05
-1.46608     -1.46608    1.28891e-05
-1.25664     -1.46608    1.65011e-05
-1.0472     -1.46608    1.93472e-05
-0.837758     -1.46608    1.93576e-05
-0.628319     -1.46608    1.64444e-05
-0.418879     -1.46608    1.26762e-05
-0.20944     -1.46608    1.00095e-05
0     -1.46608    9.11675e-06
0.20944     -1.46608    1.00815e-05
0.418879     -1.46608    1.268e-05
0.628319     -1.46608    1.64427e-05
0.837758     -1.46608    1.93587e-05
1.0472     -1.46608    1.93481e-05
1.25664     -1.46608    1.65e-05
1.46608     -1.46608    1.28902e-05
1.67552     -1.46608    1.01724e-05
1.88496     -1.46608    8.68632e-06
2.0944     -1.46608    8.29287e-06
2.30383     -1.46608    9.16333e-06
2.51327     -1.46608    1.19278e-05
2.72271     -1.46608    1.75737e-05
2.93215     -1.46608    2.60735e-05
3.14159     -1.46608    3.444e-05

-3.14159     -1.25664    3.35744e-05
-2.93215     -1.25664    2.36659e-05
-2.72271     -1.25664    1.54162e-05
-2.51327     -1.25664    1.04591e-05
-2.30383     -1.25664    8.03306e-06
-2.0944     -1.25664    7.16276e-06
-1.88496     -1.25664    7.22447e-06
-1.67552     -1.25664    8.09686e-06
-1.46608     -1.25664    9.84218e-06
-1.25664     -1.25664    1.24912e-05
-1.0472     -1.25664    1.52643e-05
-0.837758     -1.25664    1.65264e-05
-0.628319     -1.25664    1.53965e-05
-0.418879     -1.25664    1.28484e-05
-0.20944     -1.25664    1.07191e-05
0     -1.25664    9.5979e-06
0.20944     -1.25664    1.06524e-05
0.418879     -1.25664    1.28429e-05
0.628319     -1.25664    1.53962e-05
0.837758     -1.25664    1.65248e-05
1.0472     -1.25664    1.52644e-05
1.25664     -1.25664    1.24917e-05
1.46608     -1.25664    9.84452e-06
1.67552     -1.25664    8.09797e-06
1.88496     -1.25664    7.22424e-06
2.0944     -1.25664    7.16218e-06
2.30383     -1.25664    8.03327e-06
2.51327     -1.25664    1.04591e-05
2.72271     -1.25664    1.54164e-05
2.93215     -1.25664    2.3666e-05
3.14159     -1.25664    3.35742e-05

-3.14159     -1.0472    3.36911e-05
-2.93215     -1.0472    2.33498e-05
-2.72271     -1.0472    1.54949e-05
-2.51327     -1.0472    1.07726e-05
-2.30383     -1.0472    8.33386e-06
-2.0944     -1.0472    7.23746e-06
-1.88496     -1.0472    6.97241e-06
-1.67552     -1.0472    7.34048e-06
-1.46608     -1.0472    8.33368e-06
-1.25664     -1.0472    1.01164e-05
-1.0472     -1.0472    1.22154e-05
-0.837758     -1.0472    1.37294e-05
-0.628319     -1.0472    1.3666e-05
-0.418879     -1.0472    1.22681e-05
-0.20944     -1.0472    1.06926e-05
0     -1.0472    1.06151e-05
0.20944     -1.0472    1.07426e-05
0.418879     -1.0472    1.22818e-05
0.628319     -1.0472    1.36648e-05
0.837758     -1.0472    1.37312e-05
1.0472     -1.0472    1.22155e-05
1.25664     -1.0472    1.01163e-05
1.46608     -1.0472    8.33164e-06
1.67552     -1.0472    7.34054e-06
1.88496     -1.0472    6.9726e-06
2.0944     -1.0472    7.23709e-06
2.30383     -1.0472    8.33419e-06
2.51327     -1.0472    1.07726e-05
2.72271     -1.0472    1.54951e-05
2.93215     -1.0472    2.33494e-05
3.14159     -1.0472    3.36908e-05

-3.14159     -0.837758    3.56059e-05
-2.93215     -0.837758    2.55084e-05
-2.72271     -0.837758    1.78456e-05
-2.51327     -0.837758    1.29504e-05
-2.30383     -0.837758    1.0106e-05
-2.0944     -0.837758    8.58949e-06
-1.88496     -0.837758    7.88541e-06
-1.67552     -0.837758    7.74889e-06
-1.46608     -0.837758    8.1436e-06
-1.25664     -0.837758    9.08001e-06
-1.0472     -0.837758    1.04719e-05
-0.837758     -0.837758    1.15403e-05
-0.628319     -0.837758    1.17179e-05
-0.418879     -0.837758    1.08021e-05
-0.20944     -0.837758    9.66788e-06
0     -0.837758    8.56851e-06
0.20944     -0.837758    9.65559e-06
0.418879     -0.837758    1.07771e-05
0.628319     -0.837758    1.17188e-05
0.837758     -0.837758    1.15409e-05
1.0472     -0.837758    1.04743e-05
1.25664     -0.837758    9.08031e-06
1.46608     -0.837758    8.14376e-06
1.67552     -0.837758    7.74905e-06
1.88496     -0.837758    7.88508e-06
2.0944     -0.837758    8.58831e-06
2.30383     -0.837758    1.01057e-05
2.51327     -0.837758    1.29502e-05
2.72271     -0.837758    1.78453e-05
2.93215     -0.837758    2.55081e-05
3.14159     -0.837758    3.56058e-05

-3.14159     -0.628319    3.97479e-05
-2.93215     -0.628319    3.04071e-05
-2.72271     -0.628319    2.28711e-05
-2.51327     -0.628319    1.74609e-05
-2.30383     -0.628319    1.39047e-05
-2.0944     -0.628319    1.16593e-05
-1.88496     -0.628319    1.03177e-05
-1.67552     -0.628319    9.57435e-06
-1.46608     -0.628319    9.3376e-06
-1.25664     -0.628319    9.48457e-06
-1.0472     -0.628319    9.96887e-06
-0.837758     -0.628319    1.03531e-05
-0.628319     -0.628319    9.9177e-06
-0.418879     -0.628319    8.74704e-06
-0.20944     -0.628319    7.26142e-06
0     -0.628319    7.67566e-06
0.20944     -0.628319    7.20859e-06
0.418879     -0.628319    8.77532e-06
0.628319     -0.628319    9.91826e-06
0.837758     -0.628319    1.03528e-05
1.0472     -0.628319    9.9669e-06
1.25664     -0.628319    9.48439e-06
1.46608     -0.628319    9.34054e-06
1.67552     -0.628319    9.57561e-06
1.88496     -0.628319    1.03179e-05
2.0944     -0.628319    1.16587e-05
2.30383     -0.628319    1.3905e-05
2.51327     -0.628319    1.74608e-05
2.72271     -0.628319    2.2871e-05
2.93215     -0.628319    3.04067e-05
3.14159     -0.628319    3.97485e-05

-3.14159     -0.418879    4.50898e-05
-2.93215     -0.418879    3.73275e-05
-2.72271     -0.418879    3.04267e-05
-2.51327     -0.418879    2.47354e-05
-2.30383     -0.418879    2.0321e-05
-2.0944     -0.418879    1.70658e-05
-1.88496     -0.418879    1.47185e-05
-1.67552     -0.418879    1.30556e-05
-1.46608     -0.418879    1.18781e-05
-1.25664     -0.418879    1.11076e-05
-1.0472     -0.418879    1.05197e-05
-0.837758     -0.418879    9.86981e-06
-0.628319     -0.418879    8.47772e-06
-0.418879     -0.418879    5.9651e-06
-0.20944     -0.418879    3.56663e-06
0     -0.418879    1.11096e-06
0.20944     -0.418879    3.41158e-06
0.418879     -0.418879    5.88887e-06
0.628319     -0.418879    8.4735e-06
0.837758     -0.418879    9.87218e-06
1.0472     -0.418879    1.05201e-05
1.25664     -0.418879    1.11059e-05
1.46608     -0.418879    1.18775e-05
1.67552     -0.418879    1.30541e-05
1.88496     -0.418879    1.47182e-05
2.0944     -0.418879    1.70657e-05
2.30383     -0.418879    2.03206e-05
2.51327     -0.418879    2.47353e-05
2.72271     -0.418879    3.04268e-05
2.93215     -0.418879    3.73275e-05
3.14159     -0.418879    4.50899e-05

-3.14159     -0.20944    4.86497e-05
-2.93215     -0.20944    4.29381e-05
-2.72271     -0.20944    3.73857e-05
-2.51327     -0.20944    3.21856e-05
-2.30383     -0.20944    2.74287e-05
-2.0944     -0.20944    2.33579e-05
-1.88496     -0.20944    1.99618e-05
-1.67552     -0.20944    1.71899e-05
-1.46608     -0.20944    1.49224e-05
-1.25664     -0.20944    1.30701e-05
-1.0472     -0.20944    1.14922e-05
-0.837758     -0.20944    9.7338e-06
-0.628319     -0.20944    7.26451e-06
-0.418879     -0.20944    3.54676e-06
-0.20944     -0.20944    7.22793e-07
0     -0.20944    3.25517e-06
0.20944     -0.20944    1.64599e-06
0.418879     -0.20944    3.31514e-06
0.628319     -0.20944    7.27056e-06
0.837758     -0.20944    9.73169e-06
1.0472     -0.20944    1.14999e-05
1.25664     -0.20944    1.30745e-05
1.46608     -0.20944    1.49216e-05
1.67552     -0.20944    1.71894e-05
1.88496     -0.20944    1.99612e-05
2.0944     -0.20944    2.3358e-05
2.30383     -0.20944    2.74284e-05
2.51327     -0.20944    3.21856e-05
2.72271     -0.20944    3.73856e-05
2.93215     -0.20944    4.29381e-05
3.14159     -0.20944    4.86498e-05

-3.14159     0    4.95394e-05
-2.93215     0    4.47972e-05
-2.72271     0    4.00881e-05
-2.51327     0    3.52942e-05
-2.30383     0    3.0647e-05
-2.0944     0    2.62885e-05
-1.88496     0    2.2473e-05
-1.67552     0    1.91702e-05
-1.46608     0    1.63836e-05
-1.25664     0    1.40353e-05
-1.0472     0    1.19604e-05
-0.837758     0    9.77879e-06
-0.628319     0    6.67951e-06
-0.418879     0    2.70674e-06
-0.20944     0    3.16952e-06
0     0    8.94627e-18
0.20944     0    3.16952e-06
0.418879     0    2.70674e-06
0.628319     0    6.67951e-06
0.837758     0    9.77879e-06
1.0472     0    1.19604e-05
1.25664     0    1.40353e-05
1.46608     0    1.63836e-05
1.67552     0    1.91702e-05
1.88496     0    2.2473e-05
2.0944     0    2.62885e-05
2.30383     0    3.0647e-05
2.51327     0    3.52942e-05
2.72271     0    4.00881e-05
2.93215     0    4.47972e-05
3.14159     0    4.95394e-05

-3.14159     0.20944    4.86498e-05
-2.93215     0.20944    4.29381e-05
-2.72271     0.20944    3.73856e-05
-2.51327     0.20944    3.21856e-05
-2.30383     0.20944    2.74284e-05
-2.0944     0.20944    2.3358e-05
-1.88496     0.20944    1.99612e-05
-1.67552     0.20944    1.71894e-05
-1.46608     0.20944    1.49216e-05
-1.25664     0.20944    1.30745e-05
-1.0472     0.20944    1.14999e-05
-0.837758     0.20944    9.73169e-06
-0.628319     0.20944    7.27056e-06
-0.418879     0.20944    3.31514e-06
-0.20944     0.20944    1.64599e-06
0     0.20944    3.25517e-06
0.20944     0.20944    7.22793e-07
0.418879     0.20944    3.54676e-06
0.628319     0.20944    7.26451e-06
0.837758     0.20944    9.7338e-06
1.0472     0.20944    1.14922e-05
1.25664     0.20944    1.30701e-05
1.46608     0.20944    1.49224e-05
1.67552     0.20944    1.71899e-05
1.88496     0.20944    1.99618e-05
2.0944     0.20944    2.33579e-05
2.30383     0.20944    2.74287e-05
2.51327     0.20944    3.21856e-05
2.72271     0.20944    3.73857e-05
2.93215     0.20944    4.29381e-05
3.14159     0.20944    4.86497e-05

-3.14159     0.418879    4.50899e-05
-2.93215     0.418879    3.73275e-05
-2.72271     0.418879    3.04268e-05
-2.51327     0.418879    2.47353e-05
-2.30383     0.418879    2.03206e-05
-2.0944     0.418879    1.70657e-05
-1.88496     0.418879    1.47182e-05
-1.67552     0.418879    1.30541e-05
-1.46608     0.418879    1.18775e-05
-1.25664     0.418879    1.11059e-05
-1.0472     0.418879    1.05201e-05
-0.837758     0.418879    9.87218e-06
-0.628319     0.418879    8.4735e-06
-0.418879     0.418879    5.88887e-06
-0.20944     0.418879    3.41158e-06
0     0.418879    1.11096e-06
0.20944     0.418879    3.56663e-06
0.418879     0.418879    5.9651e-06
0.628319     0.418879    8.47772e-06
0.837758     0.418879    9.86981e-06
1.0472     0.418879    1.05197e-05
1.25664     0.418879    1.11076e-05
1.46608     0.418879    1.18781e-05
1.67552     0.418879    1.30556e-05
1.88496     0.418879    1.47185e-05
2.0944     0.418879    1.70658e-05
2.30383     0.418879    2.0321e-05
2.51327     0.418879    2.47354e-05
2.72271     0.418879    3.04267e-05
2.93215     0.418879    3.73275e-05
3.14159     0.418879    4.50898e-05

-3.14159     0.628319    3.97485e-05
-2.93215     0.628319    3.04067e-05
-2.72271     0.628319    2.2871e-05
-2.51327     0.628319    1.74608e-05
-2.30383     0.628319    1.3905e-05
-2.0944     0.628319    1.16587e-05
-1.88496     0.628319    1.03179e-05
-1.67552     0.628319    9.57561e-06
-1.46608     0.628319    9.34054e-06
-1.25664     0.628319    9.48439e-06
-1.0472     0.628319    9.9669e-06
-0.837758     0.628319    1.03528e-05
-0.628319     0.628319    9.91826e-06
-0.418879     0.628319    8.77532e-06
-0.20944     0.628319    7.20859e-06
0     0.628319    7.67566e-06
0.20944     0.628319    7.26142e-06
0.418879     0.628319    8.74704e-06
0.628319     0.628319    9.9177e-06
0.837758     0.628319    1.03531e-05
1.0472     0.628319    9.96887e-06
1.25664     0.628319    9.48457e-06
1.46608     0.628319    9.3376e-06
1.67552     0.628319    9.57435e-06
1.88496     0.628319    1.03177e-05
2.0944     0.628319    1.16593e-05
2.30383     0.628319    1.39047e-05
2.51327     0.628319    1.74609e-05
2.72271     0.628319    2.28711e-05
2.93215     0.628319    3.04071e-05
3.14159     0.628319    3.97479e-05

-3.14159     0.837758    3.56058e-05
-2.93215     0.837758    2.55081e-05
-2.72271     0.837758    1.78453e-05
-2.51327     0.837758    1.29502e-05
-2.30383     0.837758    1.01057e-05
-2.0944     0.837758    8.58831e-06
-1.88496     0.837758    7.88508e-06
-1.67552     0.837758    7.74905e-06
-1.46608     0.837758    8.14376e-06
-1.25664     0.837758    9.08031e-06
-1.0472     0.837758    1.04743e-05
-0.837758     0.837758    1.15409e-05
-0.628319     0.837758    1.17188e-05
-0.418879     0.837758    1.07771e-05
-0.20944     0.837758    9.65559e-06
0     0.837758    8.56851e-06
0.20944     0.837758    9.66788e-06
0.418879     0.837758    1.08021e-05
0.628319     0.837758    1.17179e-05
0.837758     0.837758    1.15403e-05
1.0472     0.837758    1.04719e-05
1.25664     0.837758    9.08001e-06
1.46608     0.837758    8.1436e-06
1.67552     0.837758    7.74889e-06
1.88496     0.837758    7.88541e-06
2.0944     0.837758    8.58949e-06
2.30383     0.837758    1.0106e-05
2.51327     0.837758    1.29504e-05
2.72271     0.837758    1.78456e-05
2.93215     0.837758    2.55084e-05
3.14159     0.837758    3.56059e-05

-3.14159     1.0472    3.36908e-05
-2.93215     1.0472    2.33494e-05
-2.72271     1.0472    1.54951e-05
-2.51327     1.0472    1.07726e-05
-2.30383     1.0472    8.33419e-06
-2.0944     1.0472    7.23709e-06
-1.88496     1.0472    6.9726e-06
-1.67552     1.0472    7.34054e-06
-1.46608     1.0472    8.33164e-06
-1.25664     1.0472    1.01163e-05
-1.0472     1.0472    1.22155e-05
-0.837758     1.0472    1.37312e-05
-0.628319     1.0472    1.36648e-05
-0.418879     1.0472    1.22818e-05
-0.20944     1.0472    1.07426e-05
0     1.0472    1.06151e-05
0.20944     1.0472    1.06926e-05
0.418879     1.0472    1.22681e-05
0.628319     1.0472    1.3666e-05
0.837758     1.0472    1.37294e-05
1.0472     1.0472    1.22154e-05
1.25664     1.0472    1.01164e-05
1.46608     1.0472    8.33368e-06
1.67552     1.0472    7.34048e-06
1.88496     1.0472    6.97241e-06
2.0944     1.0472    7.23746e-06
2.30383     1.0472    8.33386e-06
2.51327     1.0472    1.07726e-05
2.72271     1.0472    1.54949e-05
2.93215     1.0472    2.33498e-05
3.14159     1.0472    3.36911e-05

-3.14159     1.25664    3.35742e-05
-2.93215     1.25664    2.3666e-05
-2.72271     1.25664    1.54164e-05
-2.51327     1.25664    1.04591e-05
-2.30383     1.25664    8.03327e-06
-2.0944     1.25664    7.16218e-06
-1.88496     1.25664    7.22424e-06
-1.67552     1.25664    8.09797e-06
-1.46608     1.25664    9.84452e-06
-1.25664     1.25664    1.24917e-05
-1.0472     1.25664    1.52644e-05
-0.837758     1.25664    1.65248e-05
-0.628319     1.25664    1.53962e-05
-0.418879     1.25664    1.28429e-05
-0.20944     1.25664    1.06524e-05
0     1.25664    9.5979e-06
0.20944     1.25664    1.07191e-05
0.418879     1.25664    1.28484e-05
0.628319     1.25664    1.53965e-05
0.837758     1.25664    1.65264e-05
1.0472     1.25664    1.52643e-05
1.25664     1.25664    1.24912e-05
1.46608     1.25664    9.84218e-06
1.67552     1.25664    8.09686e-06
1.88496     1.25664    7.22447e-06
2.0944     1.25664    7.16276e-06
2.30383     1.25664    8.03306e-06
2.51327     1.25664    1.04591e-05
2.72271     1.25664    1.54162e-05
2.93215     1.25664    2.36659e-05
3.14159     1.25664    3.35744e-05

-3.14159     1.46608    3.444e-05
-2.93215     1.46608    2.60735e-05
-2.72271     1.46608    1.75737e-05
-2.51327     1.46608    1.19278e-05
-2.30383     1.46608    9.16333e-06
-2.0944     1.46608    8.29287e-06
-1.88496     1.46608    8.68632e-06
-1.67552     1.46608    1.01724e-05
-1.46608     1.46608    1.28902e-05
-1.25664     1.46608    1.65e-05
-1.0472     1.46608    1.93481e-05
-0.837758     1.46608    1.93587e-05
-0.628319     1.46608    1.64427e-05
-0.418879     1.46608    1.268e-05
-0.20944     1.46608    1.00815e-05
0     1.46608    9.11675e-06
0.20944     1.46608    1.00095e-05
0.418879     1.46608    1.26762e-05
0.628319     1.46608    1.64444e-05
0.837758     1.46608    1.93576e-05
1.0472     1.46608    1.93472e-05
1.25664     1.46608    1.65011e-05
1.46608     1.46608    1.28891e-05
1.67552     1.46608    1.01741e-05
1.88496     1.46608    8.68701e-06
2.0944     1.46608    8.29357e-06
2.30383     1.46608    9.16365e-06
2.51327     1.46608    1.19278e-05
2.72271     1.46608    1.75747e-05
2.93215     1.46608    2.60733e-05
3.14159     1.46608    3.4441e-05

-3.14159     1.67552    3.53e-05
-2.93215     1.67552    2.98649e-05
-2.72271     1.67552    2.1906e-05
-2.51327     1.67552    1.55155e-05
-2.30383     1.67552    1.20795e-05
-2.0944     1.67552    1.10488e-05
-1.88496     1.67552    1.17604e-05
-1.67552     1.67552    1.4077e-05
-1.46608     1.67552    1.79023e-05
-1.25664     1.67552    2.19883e-05
-1.0472     1.67552    2.37185e-05
-0.837758     1.67552    2.14582e-05
-0.628319     1.67552    1.65379e-05
-0.418879     1.67552    1.1904e-05
-0.20944     1.67552    9.05519e-06
0     1.67552    8.25701e-06
0.20944     1.67552    9.10992e-06
0.418879     1.67552    1.19007e-05
0.628319     1.67552    1.65376e-05
0.837758     1.67552    2.1458e-05
1.0472     1.67552    2.37186e-05
1.25664     1.67552    2.19884e-05
1.46608     1.67552    1.79028e-05
1.67552     1.67552    1.40771e-05
1.88496     1.67552    1.176e-05
2.0944     1.67552    1.10489e-05
2.30383     1.67552    1.20802e-05
2.51327     1.67552    1.55157e-05
2.72271     1.67552    2.19071e-05
2.93215     1.67552    2.98646e-05
3.14159     1.67552    3.53011e-05

-3.14159     1.88496    3.54448e-05
-2.93215     1.88496    3.40038e-05
-2.72271     1.88496    2.81069e-05
-2.51327     1.88496    2.15905e-05
-2.30383     1.88496    1.74285e-05
-2.0944     1.88496    1.60959e-05
-1.88496     1.88496    1.71614e-05
-1.67552     1.88496    2.03973e-05
-1.46608     1.88496    2.48673e-05
-1.25664     1.88496    2.81129e-05
-1.0472     1.88496    2.74213e-05
-0.837758     1.88496    2.2416e-05
-0.628319     1.88496    1.58771e-05
-0.418879     1.88496    1.09181e-05
-0.20944     1.88496    8.30301e-06
0     1.88496    7.34548e-06
0.20944     1.88496    8.26705e-06
0.418879     1.88496    1.09263e-05
0.628319     1.88496    1.58777e-05
0.837758     1.88496    2.24166e-05
1.0472     1.88496    2.74202e-05
1.25664     1.88496    2.81126e-05
1.46608     1.88496    2.48667e-05
1.67552     1.88496    2.03971e-05
1.88496     1.88496    1.71619e-05
2.0944     1.88496    1.60961e-05
2.30383     1.88496    1.74286e-05
2.51327     1.88496    2.15909e-05
2.72271     1.88496    2.81072e-05
2.93215     1.88496    3.40038e-05
3.14159     1.88496    3.54457e-05

-3.14159     2.0944    3.47588e-05
-2.93215     2.0944    3.75972e-05
-2.72271     2.0944    3.51163e-05
-2.51327     2.0944    2.99142e-05
-2.30383     2.0944    2.55712e-05
-2.0944     2.0944    2.39589e-05
-1.88496     2.0944    2.53352e-05
-1.67552     2.0944    2.89212e-05
-1.46608     2.0944    3.26269e-05
-1.25664     2.0944    3.35623e-05
-1.0472     2.0944    2.98766e-05
-0.837758     2.0944    2.24375e-05
-0.628319     2.0944    1.50099e-05
-0.418879     2.0944    1.01659e-05
-0.20944     2.0944    7.73341e-06
0     2.0944    7.20166e-06
0.20944     2.0944    7.75122e-06
0.418879     2.0944    1.01563e-05
0.628319     2.0944    1.50099e-05
0.837758     2.0944    2.24363e-05
1.0472     2.0944    2.9876e-05
1.25664     2.0944    3.35617e-05
1.46608     2.0944    3.26268e-05
1.67552     2.0944    2.89218e-05
1.88496     2.0944    2.53349e-05
2.0944     2.0944    2.39589e-05
2.30383     2.0944    2.55712e-05
2.51327     2.0944    2.99141e-05
2.72271     2.0944    3.51171e-05
2.93215     2.0944    3.75982e-05
3.14159     2.0944    3.47599e-05

-3.14159     2.30383    3.37936e-05
-2.93215     2.30383    4.03051e-05
-2.72271     2.30383    4.17029e-05
-2.51327     2.30383    3.91951e-05
-2.30383     2.30383    3.58077e-05
-2.0944     2.30383    3.42743e-05
-1.88496     2.30383    3.54488e-05
-1.67552     2.30383    3.79502e-05
-1.46608     2.30383    3.93477e-05
-1.25664     2.30383    3.75237e-05
-1.0472     2.30383    3.12513e-05
-0.837758     2.30383    2.21964e-05
-0.628319     2.30383    1.44979e-05
-0.418879     2.30383    9.85484e-06
-0.20944     2.30383    7.59214e-06
0     2.30383    6.76837e-06
0.20944     2.30383    7.58876e-06
0.418879     2.30383    9.86714e-06
0.628319     2.30383    1.44973e-05
0.837758     2.30383    2.21961e-05
1.0472     2.30383    3.12509e-05
1.25664     2.30383    3.7523e-05
1.46608     2.30383    3.93473e-05
1.67552     2.30383    3.79497e-05
1.88496     2.30383    3.5449e-05
2.0944     2.30383    3.42745e-05
2.30383     2.30383    3.5808e-05
2.51327     2.30383    3.91955e-05
2.72271     2.30383    4.17035e-05
2.93215     2.30383    4.03057e-05
3.14159     2.30383    3.3794e-05

-3.14159     2.51327    3.34888e-05
-2.93215     2.51327    4.24691e-05
-2.72271     2.51327    4.70718e-05
-2.51327     2.51327    4.76024e-05
-2.30383     2.51327    4.62075e-05
-2.0944     2.51327    4.51836e-05
-1.88496     2.51327    4.52588e-05
-1.67552     2.51327    4.53877e-05
-1.46608     2.51327    4.42793e-05
-1.25664     2.51327    4.03945e-05
-1.0472     2.51327    3.23605e-05
-0.837758     2.51327    2.25522e-05
-0.628319     2.51327    1.48793e-05
-0.418879     2.51327    1.03315e-05
-0.20944     2.51327    8.05212e-06
0     2.51327    7.49072e-06
0.20944     2.51327    8.044e-06
0.418879     2.51327    1.03207e-05
0.628319     2.51327    1.48792e-05
0.837758     2.51327    2.25513e-05
1.0472     2.51327    3.23601e-05
1.25664     2.51327    4.03943e-05
1.46608     2.51327    4.42785e-05
1.67552     2.51327    4.53879e-05
1.88496     2.51327    4.52592e-05
2.0944     2.51327    4.51836e-05
2.30383     2.51327    4.62074e-05
2.51327     2.51327    4.76031e-05
2.72271     2.51327    4.70724e-05
2.93215     2.51327    4.24692e-05
3.14159     2.51327    3.3489e-05

-3.14159     2.72271    3.47603e-05
-2.93215     2.72271    4.47329e-05
-2.72271     2.72271    5.1295e-05
-2.51327     2.72271    5.40333e-05
-2.30383     2.72271    5.44253e-05
-2.0944     2.72271    5.37479e-05
-1.88496     2.72271    5.23831e-05
-1.67552     2.72271    5.06456e-05
-1.46608     2.72271    4.82114e-05
-1.25664     2.72271    4.31965e-05
-1.0472     2.72271    3.43032e-05
-0.837758     2.72271    2.43824e-05
-0.628319     2.72271    1.67918e-05
-0.418879     2.72271    1.20731e-05
-0.20944     2.72271    9.60472e-06
0     2.72271    8.79998e-06
0.20944     2.72271    9.61946e-06
0.418879     2.72271    1.20812e-05
0.628319     2.72271    1.67915e-05
0.837758     2.72271    2.43827e-05
1.0472     2.72271    3.43033e-05
1.25664     2.72271    4.31959e-05
1.46608     2.72271    4.8211e-05
1.67552     2.72271    5.06452e-05
1.88496     2.72271    5.23822e-05
2.0944     2.72271    5.3748e-05
2.30383     2.72271    5.44264e-05
2.51327     2.72271    5.40331e-05
2.72271     2.72271    5.12961e-05
2.93215     2.72271    4.47334e-05
3.14159     2.72271    3.47605e-05

-3.14159     2.93215    3.8187e-05
-2.93215     2.93215    4.79229e-05
-2.72271     2.93215    5.48344e-05
-2.51327     2.93215    5.79337e-05
-2.30383     2.93215    5.8381e-05
-2.0944     2.93215    5.7356e-05
-1.88496     2.93215    5.57247e-05
-1.67552     2.93215    5.41953e-05
-1.46608     2.93215    5.20602e-05
-1.25664     2.93215    4.69415e-05
-1.0472     2.93215    3.80442e-05
-0.837758     2.93215    2.85549e-05
-0.628319     2.93215    2.10522e-05
-0.418879     2.93215    1.6058e-05
-0.20944     2.93215    1.33223e-05
0     2.93215    1.24804e-05
0.20944     2.93215    1.33073e-05
0.418879     2.93215    1.60529e-05
0.628319     2.93215    2.10524e-05
0.837758     2.93215    2.85548e-05
1.0472     2.93215    3.80444e-05
1.25664     2.93215    4.69413e-05
1.46608     2.93215    5.20606e-05
1.67552     2.93215    5.4196e-05
1.88496     2.93215    5.57252e-05
2.0944     2.93215    5.73559e-05
2.30383     2.93215    5.83814e-05
2.51327     2.93215    5.7934e-05
2.72271     2.93215    5.48353e-05
2.93215     2.93215    4.79234e-05
3.14159     2.93215    3.81866e-05

-3.14159     3.14159    4.34233e-05
-2.93215     3.14159    5.15915e-05
-2.72271     3.14159    5.70026e-05
-2.51327     3.14159    5.85328e-05
-2.30383     3.14159    5.7452e-05
-2.0944     3.14159    5.59601e-05
-1.88496     3.14159    5.55104e-05
-1.67552     3.14159    5.60117e-05
-1.46608     3.14159    5.56406e-05
-1.25664     3.14159    5.15747e-05
-1.0472     3.14159    4.37715e-05
-0.837758     3.14159    3.53964e-05
-0.628319     3.14159    2.83681e-05
-0.418879     3.14159    2.32951e-05
-0.20944     3.14159    2.03572e-05
0     3.14159    1.94003e-05
0.20944     3.14159    2.0368e-05
0.418879     3.14159    2.32946e-05
0.628319     3.14159    2.8368e-05
0.837758     3.14159    3.53968e-05
1.0472     3.14159    4.3771e-05
1.25664     3.14159    5.15752e-05
1.46608     3.14159    5.56406e-05
1.67552     3.14159    5.60122e-05
1.88496     3.14159    5.55103e-05
2.0944     3.14159    5.59599e-05
2.30383     3.14159    5.74537e-05
2.51327     3.14159    5.85338e-05
2.72271     3.14159    5.70038e-05
2.93215     3.14159    5.15915e-05
3.14159     3.14159    4.3423e-05

