-3.14159     -3.14159    0.000481464
-2.93215     -3.14159    0.000621668
-2.72271     -3.14159    0.000781499
-2.51327     -3.14159    0.000937275
-2.30383     -3.14159    0.000993081
-2.0944     -3.14159    0.000938645
-1.88496     -3.14159    0.000903185
-1.67552     -3.14159    0.000865283
-1.46608     -3.14159    0.000792293
-1.25664     -3.14159    0.000620833
-1.0472     -3.14159    0.000585126
-0.837758     -3.14159    0.000504333
-0.628319     -3.14159    0.000460259
-0.418879     -3.14159    0.00039931
-0.20944     -3.14159    0.00037937
0     -3.14159    0.000372696
0.20944     -3.14159    0.000379297
0.418879     -3.14159    0.000399308
0.628319     -3.14159    0.000460257
0.837758     -3.14159    0.000504329
1.0472     -3.14159    0.000585125
1.25664     -3.14159    0.000620835
1.46608     -3.14159    0.000792292
1.67552     -3.14159    0.000865282
1.88496     -3.14159    0.000903185
2.0944     -3.14159    0.000938646
2.30383     -3.14159    0.000993082
2.51327     -3.14159    0.000937273
2.72271     -3.14159    0.000781495
2.93215     -3.14159    0.000621666
3.14159     -3.14159    0.000481458

-3.14159     -2.93215    0.000503035
-2.93215     -2.93215    0.000650959
-2.72271     -2.93215    0.000741459
-2.51327     -2.93215    0.00079798
-2.30383     -2.93215    0.000858222
-2.0944     -2.93215    0.000875592
-1.88496     -2.93215    0.000829471
-1.67552     -2.93215    0.000767983
-1.46608     -2.93215    0.000671015
-1.25664     -2.93215    0.000495403
-1.0472     -2.93215    0.00042565
-0.837758     -2.93215    0.000360539
-0.628319     -2.93215    0.000296802
-0.418879     -2.93215    0.000255186
-0.20944     -2.93215    0.000228387
0     -2.93215    0.000228541
0.20944     -2.93215    0.000228481
0.418879     -2.93215    0.000255181
0.628319     -2.93215    0.000296803
0.837758     -2.93215    0.000360533
1.0472     -2.93215    0.00042565
1.25664     -2.93215    0.000495406
1.46608     -2.93215    0.000671016
1.67552     -2.93215    0.000767983
1.88496     -2.93215    0.000829474
2.0944     -2.93215    0.000875596
2.30383     -2.93215    0.000858226
2.51327     -2.93215    0.000797978
2.72271     -2.93215    0.000741457
2.93215     -2.93215    0.000650958
3.14159     -2.93215    0.000503033

-3.14159     -2.72271    0.000513076
-2.93215     -2.72271    0.000705615
-2.72271     -2.72271    0.000803968
-2.51327     -2.72271    0.000776408
-2.30383     -2.72271    0.000709479
-2.0944     -2.72271    0.000680189
-1.88496     -2.72271    0.000666819
-1.67552     -2.72271    0.000639448
-1.46608     -2.72271    0.000574837
-1.25664     -2.72271    0.000410617
-1.0472     -2.72271    0.000290417
-0.837758     -2.72271    0.000218017
-0.628319     -2.72271    0.00015226
-0.418879     -2.72271    0.000134989
-0.20944     -2.72271    0.000130954
0     -2.72271    0.000127285
0.20944     -2.72271    0.000130855
0.418879     -2.72271    0.000134992
0.628319     -2.72271    0.000152255
0.837758     -2.72271    0.000218015
1.0472     -2.72271    0.00029042
1.25664     -2.72271    0.000410614
1.46608     -2.72271    0.000574837
1.67552     -2.72271    0.000639452
1.88496     -2.72271    0.000666825
2.0944     -2.72271    0.000680197
2.30383     -2.72271    0.000709483
2.51327     -2.72271    0.000776411
2.72271     -2.72271    0.000803971
2.93215     -2.72271    0.000705614
3.14159     -2.72271    0.000513077

-3.14159     -2.51327    0.000567684
-2.93215     -2.51327    0.000718536
-2.72271     -2.51327    0.000780734
-2.51327     -2.51327    0.000770879
-2.30383     -2.51327    0.000651669
-2.0944     -2.51327    0.000535067
-1.88496     -2.51327    0.000456334
-1.67552     -2.51327    0.000481941
-1.46608     -2.51327    0.000497722
-1.25664     -2.51327    0.000372277
-1.0472     -2.51327    0.000206825
-0.837758     -2.51327    0.000136881
-0.628319     -2.51327    6.50699e-05
-0.418879     -2.51327    6.18907e-05
-0.20944     -2.51327    6.34102e-05
0     -2.51327    0.000113204
0.20944     -2.51327    6.34614e-05
0.418879     -2.51327    6.18813e-05
0.628319     -2.51327    6.50669e-05
0.837758     -2.51327    0.000136877
1.0472     -2.51327    0.000206827
1.25664     -2.51327    0.000372281
1.46608     -2.51327    0.000497723
1.67552     -2.51327    0.000481946
1.88496     -2.51327    0.000456343
2.0944     -2.51327    0.000535076
2.30383     -2.51327    0.000651678
2.51327     -2.51327    0.000770885
2.72271     -2.51327    0.000780738
2.93215     -2.51327    0.000718536
3.14159     -2.51327    0.000567684

-3.14159     -2.30383    0.000622942
-2.93215     -2.30383    0.000720818
-2.72271     -2.30383    0.000726248
-2.51327     -2.30383    0.000628902
-2.30383     -2.30383    0.000510974
-2.0944     -2.30383    0.000436353
-1.88496     -2.30383    0.000324111
-1.67552     -2.30383    0.00030128
-1.46608     -2.30383    0.000349776
-1.25664     -2.30383    0.000288256
-1.0472     -2.30383    0.000115656
-0.837758     -2.30383    6.43988e-05
-0.628319     -2.30383    1.36823e-05
-0.418879     -2.30383    8.98474e-06
-0.20944     -2.30383    2.73375e-05
0     -2.30383    5.8581e-05
0.20944     -2.30383    2.73512e-05
0.418879     -2.30383    9.00126e-06
0.628319     -2.30383    1.36779e-05
0.837758     -2.30383    6.44015e-05
1.0472     -2.30383    0.000115652
1.25664     -2.30383    0.000288249
1.46608     -2.30383    0.000349778
1.67552     -2.30383    0.000301288
1.88496     -2.30383    0.000324124
2.0944     -2.30383    0.000436365
2.30383     -2.30383    0.000510984
2.51327     -2.30383    0.000628909
2.72271     -2.30383    0.000726253
2.93215     -2.30383    0.00072082
3.14159     -2.30383    0.000622945

-3.14159     -2.0944    0.00065859
-2.93215     -2.0944    0.000682428
-2.72271     -2.0944    0.000644253
-2.51327     -2.0944    0.000515227
-2.30383     -2.0944    0.000385234
-2.0944     -2.0944    0.00027882
-1.88496     -2.0944    0.00020779
-1.67552     -2.0944    0.000176776
-1.46608     -2.0944    0.000145405
-1.25664     -2.0944    0.000137575
-1.0472     -2.0944    2.53852e-05
-0.837758     -2.0944    5.05545e-05
-0.628319     -2.0944    5.5472e-05
-0.418879     -2.0944    6.60042e-05
-0.20944     -2.0944    4.01023e-05
0     -2.0944    5.25568e-05
0.20944     -2.0944    4.02378e-05
0.418879     -2.0944    6.60105e-05
0.628319     -2.0944    5.54806e-05
0.837758     -2.0944    5.05614e-05
1.0472     -2.0944    2.53816e-05
1.25664     -2.0944    0.000137582
1.46608     -2.0944    0.000145411
1.67552     -2.0944    0.000176789
1.88496     -2.0944    0.000207806
2.0944     -2.0944    0.000278834
2.30383     -2.0944    0.000385244
2.51327     -2.0944    0.000515236
2.72271     -2.0944    0.000644261
2.93215     -2.0944    0.00068243
3.14159     -2.0944    0.000658593

-3.14159     -1.88496    0.00066651
-2.93215     -1.88496    0.000657067
-2.72271     -1.88496    0.000536625
-2.51327     -1.88496    0.000365676
-2.30383     -1.88496    0.000277186
-2.0944     -1.88496    0.000167248
-1.88496     -1.88496    9.63826e-05
-1.67552     -1.88496    9.09933e-05
-1.46608     -1.88496    1.56706e-05
-1.25664     -1.88496    2.75462e-05
-1.0472     -1.88496    7.16222e-05
-0.837758     -1.88496    0.000140534
-0.628319     -1.88496    0.000140823
-0.418879     -1.88496    0.000131486
-0.20944     -1.88496    9.95257e-05
0     -1.88496    0.000120381
0.20944     -1.88496    9.92814e-05
0.418879     -1.88496    0.000131488
0.628319     -1.88496    0.000140824
0.837758     -1.88496    0.000140538
1.0472     -1.88496    7.16283e-05
1.25664     -1.88496    2.75428e-05
1.46608     -1.88496    1.56812e-05
1.67552     -1.88496    9.10091e-05
1.88496     -1.88496    9.63978e-05
2.0944     -1.88496    0.000167264
2.30383     -1.88496    0.000277201
2.51327     -1.88496    0.000365687
2.72271     -1.88496    0.000536632
2.93215     -1.88496    0.000657072
3.14159     -1.88496    0.000666512

-3.14159     -1.67552    0.000666223
-2.93215     -1.67552    0.000610135
-2.72271     -1.67552    0.000431528
-2.51327     -1.67552    0.000278128
-2.30383     -1.67552    0.000179945
-2.0944     -1.67552    0.000101619
-1.88496     -1.67552    4.73777e-05
-1.67552     -1.67552    5.88373e-06
-1.46608     -1.67552    4.15176e-05
-1.25664     -1.67552    0.000125838
-1.0472     -1.67552    0.000164279
-0.837758     -1.67552    0.000201298
-0.628319     -1.67552    0.000216794
-0.418879     -1.67552    0.000212415
-0.20944     -1.67552    0.000158712
0     -1.67552    0.000151342
0.20944     -1.67552    0.00015909
0.418879     -1.67552    0.000212421
0.628319     -1.67552    0.000216801
0.837758     -1.67552    0.000201304
1.0472     -1.67552    0.000164276
1.25664     -1.67552    0.000125832
1.46608     -1.67552    4.15102e-05
1.67552     -1.67552    5.89864e-06
1.88496     -1.67552    4.73898e-05
2.0944     -1.67552    0.000101637
2.30383     -1.67552    0.000179961
2.51327     -1.67552    0.000278142
2.72271     -1.67552    0.000431538
2.93215     -1.67552    0.000610142
3.14159     -1.67552    0.000666226

-3.14159     -1.46608    0.000649982
-2.93215     -1.46608    0.000510109
-2.72271     -1.46608    0.00032358
-2.51327     -1.46608    0.000214019
-2.30383     -1.46608    0.000139942
-2.0944     -1.46608    7.03167e-05
-1.88496     -1.46608    3.36743e-05
-1.67552     -1.46608    3.96879e-05
-1.46608     -1.46608    9.77744e-05
-1.25664     -1.46608    0.000166169
-1.0472     -1.46608    0.000222666
-0.837758     -1.46608    0.000240089
-0.628319     -1.46608    0.000268176
-0.418879     -1.46608    0.00027289
-0.20944     -1.46608    0.000222435
0     -1.46608    0.000187049
0.20944     -1.46608    0.000221965
0.418879     -1.46608    0.000272902
0.628319     -1.46608    0.000268182
0.837758     -1.46608    0.00024008
1.0472     -1.46608    0.000222661
1.25664     -1.46608    0.000166166
1.46608     -1.46608    9.77665e-05
1.67552     -1.46608    3.96746e-05
1.88496     -1.46608    3.36874e-05
2.0944     -1.46608    7.03336e-05
2.30383     -1.46608    0.000139956
2.51327     -1.46608    0.000214032
2.72271     -1.46608    0.000323588
2.93215     -1.46608    0.000510114
3.14159     -1.46608    0.000649986

-3.14159     -1.25664    0.000607185
-2.93215     -1.25664    0.000415078
-2.72271     -1.25664    0.000269155
-2.51327     -1.25664    0.000159757
-2.30383     -1.25664    9.62937e-05
-2.0944     -1.25664    5.59131e-05
-1.88496     -1.25664    1.92782e-05
-1.67552     -1.25664    5.0979e-05
-1.46608     -1.25664    0.000112781
-1.25664     -1.25664    0.000203117
-1.0472     -1.25664    0.000254483
-0.837758     -1.25664    0.000292948
-0.628319     -1.25664    0.000323765
-0.418879     -1.25664    0.000334977
-0.20944     -1.25664    0.000295493
0     -1.25664    0.000282034
0.20944     -1.25664    0.000295942
0.418879     -1.25664    0.000334995
0.628319     -1.25664    0.000323777
0.837758     -1.25664    0.000292944
1.0472     -1.25664    0.000254466
1.25664     -1.25664    0.00020311
1.46608     -1.25664    0.000112777
1.67552     -1.25664    5.09656e-05
1.88496     -1.25664    1.92835e-05
2.0944     -1.25664    5.59192e-05
2.30383     -1.25664    9.63028e-05
2.51327     -1.25664    0.000159767
2.72271     -1.25664    0.000269161
2.93215     -1.25664    0.00041508
3.14159     -1.25664    0.000607187

-3.14159     -1.0472    0.000547387
-2.93215     -1.0472    0.000374898
-2.72271     -1.0472    0.000228054
-2.51327     -1.0472    0.00013406
-2.30383     -1.0472    6.39313e-05
-2.0944     -1.0472    4.40064e-05
-1.88496     -1.0472    1.18833e-05
-1.67552     -1.0472    6.16543e-05
-1.46608     -1.0472    0.00012318
-1.25664     -1.0472    0.000198847
-1.0472     -1.0472    0.000281319
-0.837758     -1.0472    0.000328206
-0.628319     -1.0472    0.000392086
-0.418879     -1.0472    0.000400473
-0.20944     -1.0472    0.000393814
0     -1.0472    0.00022096
0.20944     -1.0472    0.000393468
0.418879     -1.0472    0.000400425
0.628319     -1.0472    0.000392072
0.837758     -1.0472    0.000328206
1.0472     -1.0472    0.000281314
1.25664     -1.0472    0.000198831
1.46608     -1.0472    0.000123169
1.67552     -1.0472    6.1657e-05
1.88496     -1.0472    1.18807e-05
2.0944     -1.0472    4.40081e-05
2.30383     -1.0472    6.39296e-05
2.51327     -1.0472    0.000134063
2.72271     -1.0472    0.000228058
2.93215     -1.0472    0.000374901
3.14159     -1.0472    0.000547387

-3.14159     -0.837758    0.000505601
-2.93215     -0.837758    0.000353109
-2.72271     -0.837758    0.000187459
-2.51327     -0.837758    6.64745e-05
-2.30383     -0.837758    3.79102e-05
-2.0944     -0.837758    1.61799e-05
-1.88496     -0.837758    5.49143e-05
-1.67552     -0.837758    8.68531e-05
-1.46608     -0.837758    0.000159836
-1.25664     -0.837758    0.000189151
-1.0472     -0.837758    0.000264159
-0.837758     -0.837758    0.000376261
-0.628319     -0.837758    0.000440594
-0.418879     -0.837758    0.000501761
-0.20944     -0.837758    0.000503109
0     -0.837758    0.000618241
0.20944     -0.837758    0.000503172
0.418879     -0.837758    0.000501779
0.628319     -0.837758    0.000440601
0.837758     -0.837758    0.000376224
1.0472     -0.837758    0.000264167
1.25664     -0.837758    0.000189152
1.46608     -0.837758    0.000159836
1.67552     -0.837758    8.68608e-05
1.88496     -0.837758    5.49127e-05
2.0944     -0.837758    1.61814e-05
2.30383     -0.837758    3.79084e-05
2.51327     -0.837758    6.64725e-05
2.72271     -0.837758    0.000187456
2.93215     -0.837758    0.000353109
3.14159     -0.837758    0.000505602

-3.14159     -0.628319    0.000500156
-2.93215     -0.628319    0.000329842
-2.72271     -0.628319    0.000183981
-2.51327     -0.628319    9.85767e-05
-2.30383     -0.628319    1.42048e-05
-2.0944     -0.628319    5.17284e-05
-1.88496     -0.628319    0.000106719
-1.67552     -0.628319    0.000153668
-1.46608     -0.628319    0.000186047
-1.25664     -0.628319    0.00022273
-1.0472     -0.628319    0.000236602
-0.837758     -0.628319    0.000356194
-0.628319     -0.628319    0.000490679
-0.418879     -0.628319    0.00055876
-0.20944     -0.628319    0.000638337
0     -0.628319    0.000507321
0.20944     -0.628319    0.000638879
0.418879     -0.628319    0.000558851
0.628319     -0.628319    0.000490678
0.837758     -0.628319    0.000356162
1.0472     -0.628319    0.000236625
1.25664     -0.628319    0.00022273
1.46608     -0.628319    0.000186073
1.67552     -0.628319    0.000153675
1.88496     -0.628319    0.000106729
2.0944     -0.628319    5.17334e-05
2.30383     -0.628319    1.42035e-05
2.51327     -0.628319    9.85751e-05
2.72271     -0.628319    0.000183976
2.93215     -0.628319    0.000329836
3.14159     -0.628319    0.000500153

-3.14159     -0.418879    0.00047552
-2.93215     -0.418879    0.000326209
-2.72271     -0.418879    0.000200897
-2.51327     -0.418879    0.000103351
-2.30383     -0.418879    3.68736e-06
-2.0944     -0.418879    8.67966e-05
-1.88496     -0.418879    0.0001581
-1.67552     -0.418879    0.000223905
-1.46608     -0.418879    0.000256576
-1.25664     -0.418879    0.000288932
-1.0472     -0.418879    0.000337532
-0.837758     -0.418879    0.000392995
-0.628319     -0.418879    0.000563766
-0.418879     -0.418879    0.00072432
-0.20944     -0.418879    0.000817722
0     -0.418879    0.0012164
0.20944     -0.418879    0.000815863
0.418879     -0.418879    0.000724228
0.628319     -0.418879    0.000563713
0.837758     -0.418879    0.000392978
1.0472     -0.418879    0.000337557
1.25664     -0.418879    0.000288953
1.46608     -0.418879    0.000256584
1.67552     -0.418879    0.000223922
1.88496     -0.418879    0.000158107
2.0944     -0.418879    8.68001e-05
2.30383     -0.418879    3.69308e-06
2.51327     -0.418879    0.00010335
2.72271     -0.418879    0.000200895
2.93215     -0.418879    0.000326204
3.14159     -0.418879    0.000475514

-3.14159     -0.20944    0.00054311
-2.93215     -0.20944    0.000418869
-2.72271     -0.20944    0.000294863
-2.51327     -0.20944    0.00012571
-2.30383     -0.20944    8.00299e-07
-2.0944     -0.20944    0.000121431
-1.88496     -0.20944    0.000190644
-1.67552     -0.20944    0.000245045
-1.46608     -0.20944    0.000304815
-1.25664     -0.20944    0.000355535
-1.0472     -0.20944    0.000434244
-0.837758     -0.20944    0.000510801
-0.628319     -0.20944    0.000634439
-0.418879     -0.20944    0.000895879
-0.20944     -0.20944    0.00118362
0     -0.20944    0.00116769
0.20944     -0.20944    0.0011871
0.418879     -0.20944    0.000895817
0.628319     -0.20944    0.000634486
0.837758     -0.20944    0.000510806
1.0472     -0.20944    0.000434193
1.25664     -0.20944    0.000355551
1.46608     -0.20944    0.000304816
1.67552     -0.20944    0.000245051
1.88496     -0.20944    0.00019065
2.0944     -0.20944    0.000121432
2.30383     -0.20944    8.0398e-07
2.51327     -0.20944    0.000125711
2.72271     -0.20944    0.000294861
2.93215     -0.20944    0.000418866
3.14159     -0.20944    0.000543106

-3.14159     0    0.000633892
-2.93215     0    0.000509488
-2.72271     0    0.000374753
-2.51327     0    0.000202262
-2.30383     0    1.56079e-05
-2.0944     0    0.000105632
-1.88496     0    0.000201477
-1.67552     0    0.000243723
-1.46608     0    0.00029567
-1.25664     0    0.000379604
-1.0472     0    0.000435618
-0.837758     0    0.000534245
-0.628319     0    0.000665367
-0.418879     0    0.000895012
-0.20944     0    0.00144773
0     0    2.41643e-16
0.20944     0    0.00144773
0.418879     0    0.000895012
0.628319     0    0.000665367
0.837758     0    0.000534245
1.0472     0    0.000435618
1.25664     0    0.000379604
1.46608     0    0.00029567
1.67552     0    0.000243723
1.88496     0    0.000201477
2.0944     0    0.000105632
2.30383     0    1.56079e-05
2.51327     0    0.000202262
2.72271     0    0.000374753
2.93215     0    0.000509488
3.14159     0    0.000633892

-3.14159     0.20944    0.000543106
-2.93215     0.20944    0.000418866
-2.72271     0.20944    0.000294861
-2.51327     0.20944    0.000125711
-2.30383     0.20944    8.0398e-07
-2.0944     0.20944    0.000121432
-1.88496     0.20944    0.00019065
-1.67552     0.20944    0.000245051
-1.46608     0.20944    0.000304816
-1.25664     0.20944    0.000355551
-1.0472     0.20944    0.000434193
-0.837758     0.20944    0.000510806
-0.628319     0.20944    0.000634486
-0.418879     0.20944    0.000895817
-0.20944     0.20944    0.0011871
0     0.20944    0.00116769
0.20944     0.20944    0.00118362
0.418879     0.20944    0.000895879
0.628319     0.20944    0.000634439
0.837758     0.20944    0.000510801
1.0472     0.20944    0.000434244
1.25664     0.20944    0.000355535
1.46608     0.20944    0.000304815
1.67552     0.20944    0.000245045
1.88496     0.20944    0.000190644
2.0944     0.20944    0.000121431
2.30383     0.20944    8.00299e-07
2.51327     0.20944    0.00012571
2.72271     0.20944    0.000294863
2.93215     0.20944    0.000418869
3.14159     0.20944    0.00054311

-3.14159     0.418879    0.000475514
-2.93215     0.418879    0.000326204
-2.72271     0.418879    0.000200895
-2.51327     0.418879    0.00010335
-2.30383     0.418879    3.69308e-06
-2.0944     0.418879    8.68001e-05
-1.88496     0.418879    0.000158107
-1.67552     0.418879    0.000223922
-1.46608     0.418879    0.000256584
-1.25664     0.418879    0.000288953
-1.0472     0.418879    0.000337557
-0.837758     0.418879    0.000392978
-0.628319     0.418879    0.000563713
-0.418879     0.418879    0.000724228
-0.20944     0.418879    0.000815863
0     0.418879    0.0012164
0.20944     0.418879    0.000817722
0.418879     0.418879    0.00072432
0.628319     0.418879    0.000563766
0.837758     0.418879    0.000392995
1.0472     0.418879    0.000337532
1.25664     0.418879    0.000288932
1.46608     0.418879    0.000256576
1.67552     0.418879    0.000223905
1.88496     0.418879    0.0001581
2.0944     0.418879    8.67966e-05
2.30383     0.418879    3.68736e-06
2.51327     0.418879    0.000103351
2.72271     0.418879    0.000200897
2.93215     0.418879    0.000326209
3.14159     0.418879    0.00047552

-3.14159     0.628319    0.000500153
-2.93215     0.628319    0.000329836
-2.72271     0.628319    0.000183976
-2.51327     0.628319    9.85751e-05
-2.30383     0.628319    1.42035e-05
-2.0944     0.628319    5.17334e-05
-1.88496     0.628319    0.000106729
-1.67552     0.628319    0.000153675
-1.46608     0.628319    0.000186073
-1.25664     0.628319    0.00022273
-1.0472     0.628319    0.000236625
-0.837758     0.628319    0.000356162
-0.628319     0.628319    0.000490678
-0.418879     0.628319    0.000558851
-0.20944     0.628319    0.000638879
0     0.628319    0.000507321
0.20944     0.628319    0.000638337
0.418879     0.628319    0.00055876
0.628319     0.628319    0.000490679
0.837758     0.628319    0.000356194
1.0472     0.628319    0.000236602
1.25664     0.628319    0.00022273
1.46608     0.628319    0.000186047
1.67552     0.628319    0.000153668
1.88496     0.628319    0.000106719
2.0944     0.628319    5.17284e-05
2.30383     0.628319    1.42048e-05
2.51327     0.628319    9.85767e-05
2.72271     0.628319    0.000183981
2.93215     0.628319    0.000329842
3.14159     0.628319    0.000500156

-3.14159     0.837758    0.000505602
-2.93215     0.837758    0.000353109
-2.72271     0.837758    0.000187456
-2.51327     0.837758    6.64725e-05
-2.30383     0.837758    3.79084e-05
-2.0944     0.837758    1.61814e-05
-1.88496     0.837758    5.49127e-05
-1.67552     0.837758    8.68608e-05
-1.46608     0.837758    0.000159836
-1.25664     0.837758    0.000189152
-1.0472     0.837758    0.000264167
-0.837758     0.837758    0.000376224
-0.628319     0.837758    0.000440601
-0.418879     0.837758    0.000501779
-0.20944     0.837758    0.000503172
0     0.837758    0.000618241
0.20944     0.837758    0.000503109
0.418879     0.837758    0.000501761
0.628319     0.837758    0.000440594
0.837758     0.837758    0.000376261
1.0472     0.837758    0.000264159
1.25664     0.837758    0.000189151
1.46608     0.837758    0.000159836
1.67552     0.837758    8.68531e-05
1.88496     0.837758    5.49143e-05
2.0944     0.837758    1.61799e-05
2.30383     0.837758    3.79102e-05
2.51327     0.837758    6.64745e-05
2.72271     0.837758    0.000187459
2.93215     0.837758    0.000353109
3.14159     0.837758    0.000505601

-3.14159     1.0472    0.000547387
-2.93215     1.0472    0.000374901
-2.72271     1.0472    0.000228058
-2.51327     1.0472    0.000134063
-2.30383     1.0472    6.39296e-05
-2.0944     1.0472    4.40081e-05
-1.88496     1.0472    1.18807e-05
-1.67552     1.0472    6.1657e-05
-1.46608     1.0472    0.000123169
-1.25664     1.0472    0.000198831
-1.0472     1.0472    0.000281314
-0.837758     1.0472    0.000328206
-0.628319     1.0472    0.000392072
-0.418879     1.0472    0.000400425
-0.20944     1.0472    0.000393468
0     1.0472    0.00022096
0.20944     1.0472    0.000393814
0.418879     1.0472    0.000400473
0.628319     1.0472    0.000392086
0.837758     1.0472    0.000328206
1.0472     1.0472    0.000281319
1.25664     1.0472    0.000198847
1.46608     1.0472    0.00012318
1.67552     1.0472    6.16543e-05
1.88496     1.0472    1.18833e-05
2.0944     1.0472    4.40064e-05
2.30383     1.0472    6.39313e-05
2.51327     1.0472    0.00013406
2.72271     1.0472    0.000228054
2.93215     1.0472    0.000374898
3.14159     1.0472    0.000547387

-3.14159     1.25664    0.000607187
-2.93215     1.25664    0.00041508
-2.72271     1.25664    0.000269161
-2.51327     1.25664    0.000159767
-2.30383     1.25664    9.63028e-05
-2.0944     1.25664    5.59192e-05
-1.88496     1.25664    1.92835e-05
-1.67552     1.25664    5.09656e-05
-1.46608     1.25664    0.000112777
-1.25664     1.25664    0.00020311
-1.0472     1.25664    0.000254466
-0.837758     1.25664    0.000292944
-0.628319     1.25664    0.000323777
-0.418879     1.25664    0.000334995
-0.20944     1.25664    0.000295942
0     1.25664    0.000282034
0.20944     1.25664    0.000295493
0.418879     1.25664    0.000334977
0.628319     1.25664    0.000323765
0.837758     1.25664    0.000292948
1.0472     1.25664    0.000254483
1.25664     1.25664    0.000203117
1.46608     1.25664    0.000112781
1.67552     1.25664    5.0979e-05
1.88496     1.25664    1.92782e-05
2.0944     1.25664    5.59131e-05
2.30383     1.25664    9.62937e-05
2.51327     1.25664    0.000159757
2.72271     1.25664    0.000269155
2.93215     1.25664    0.000415078
3.14159     1.25664    0.000607185

-3.14159     1.46608    0.000649986
-2.93215     1.46608    0.000510114
-2.72271     1.46608    0.000323588
-2.51327     1.46608    0.000214032
-2.30383     1.46608    0.000139956
-2.0944     1.46608    7.03336e-05
-1.88496     1.46608    3.36874e-05
-1.67552     1.46608    3.96746e-05
-1.46608     1.46608    9.77665e-05
-1.25664     1.46608    0.000166166
-1.0472     1.46608    0.000222661
-0.837758     1.46608    0.00024008
-0.628319     1.46608    0.000268182
-0.418879     1.46608    0.000272902
-0.20944     1.46608    0.000221965
0     1.46608    0.000187049
0.20944     1.46608    0.000222435
0.418879     1.46608    0.00027289
0.628319     1.46608    0.000268176
0.837758     1.46608    0.000240089
1.0472     1.46608    0.000222666
1.25664     1.46608    0.000166169
1.46608     1.46608    9.77744e-05
1.67552     1.46608    3.96879e-05
1.88496     1.46608    3.36743e-05
2.0944     1.46608    7.03167e-05
2.30383     1.46608    0.000139942
2.51327     1.46608    0.000214019
2.72271     1.46608    0.00032358
2.93215     1.46608    0.000510109
3.14159     1.46608    0.000649982

-3.14159     1.67552    0.000666226
-2.93215     1.67552    0.000610142
-2.72271     1.67552    0.000431538
-2.51327     1.67552    0.000278142
-2.30383     1.67552    0.000179961
-2.0944     1.67552    0.000101637
-1.88496     1.67552    4.73898e-05
-1.67552     1.67552    5.89864e-06
-1.46608     1.67552    4.15102e-05
-1.25664     1.67552    0.000125832
-1.0472     1.67552    0.000164276
-0.837758     1.67552    0.000201304
-0.628319     1.67552    0.000216801
-0.418879     1.67552    0.000212421
-0.20944     1.67552    0.00015909
0     1.67552    0.000151342
0.20944     1.67552    0.000158712
0.418879     1.67552    0.000212415
0.628319     1.67552    0.000216794
0.837758     1.67552    0.000201298
1.0472     1.67552    0.000164279
1.25664     1.67552    0.000125838
1.46608     1.67552    4.15176e-05
1.67552     1.67552    5.88373e-06
1.88496     1.67552    4.73777e-05
2.0944     1.67552    0.000101619
2.30383     1.67552    0.000179945
2.51327     1.67552    0.000278128
2.72271     1.67552    0.000431528
2.93215     1.67552    0.000610135
3.14159     1.67552    0.000666223

-3.14159     1.88496    0.000666512
-2.93215     1.88496    0.000657072
-2.72271     1.88496    0.000536632
-2.51327     1.88496    0.000365687
-2.30383     1.88496    0.000277201
-2.0944     1.88496    0.000167264
-1.88496     1.88496    9.63978e-05
-1.67552     1.88496    9.10091e-05
-1.46608     1.88496    1.56812e-05
-1.25664     1.88496    2.75428e-05
-1.0472     1.88496    7.16283e-05
-0.837758     1.88496    0.000140538
-0.628319     1.88496    0.000140824
-0.418879     1.88496    0.000131488
-0.20944     1.88496    9.92814e-05
0     1.88496    0.000120381
0.20944     1.88496    9.95257e-05
0.418879     1.88496    0.000131486
0.628319     1.88496    0.000140823
0.837758     1.88496    0.000140534
1.0472     1.88496    7.16222e-05
1.25664     1.88496    2.75462e-05
1.46608     1.88496    1.56706e-05
1.67552     1.88496    9.09933e-05
1.88496     1.88496    9.63826e-05
2.0944     1.88496    0.000167248
2.30383     1.88496    0.000277186
2.51327     1.88496    0.000365676
2.72271     1.88496    0.000536625
2.93215     1.88496    0.000657067
3.14159     1.88496    0.00066651

-3.14159     2.0944    0.000658593
-2.93215     2.0944    0.00068243
-2.72271     2.0944    0.000644261
-2.51327     2.0944    0.000515236
-2.30383     2.0944    0.000385244
-2.0944     2.0944    0.000278834
-1.88496     2.0944    0.000207806
-1.67552     2.0944    0.000176789
-1.46608     2.0944    0.000145411
-1.25664     2.0944    0.000137582
-1.0472     2.0944    2.53816e-05
-0.837758     2.0944    5.05614e-05
-0.628319     2.0944    5.54806e-05
-0.418879     2.0944    6.60105e-05
-0.20944     2.0944    4.02378e-05
0     2.0944    5.25568e-05
0.20944     2.0944    4.01023e-05
0.418879     2.0944    6.60042e-05
0.628319     2.0944    5.5472e-05
0.837758     2.0944    5.05545e-05
1.0472     2.0944    2.53852e-05
1.25664     2.0944    0.000137575
1.46608     2.0944    0.000145405
1.67552     2.0944    0.000176776
1.88496     2.0944    0.00020779
2.0944     2.0944    0.00027882
2.30383     2.0944    0.000385234
2.51327     2.0944    0.000515227
2.72271     2.0944    0.000644253
2.93215     2.0944    0.000682428
3.14159     2.0944    0.00065859

-3.14159     2.30383    0.000622945
-2.93215     2.30383    0.00072082
-2.72271     2.30383    0.000726253
-2.51327     2.30383    0.000628909
-2.30383     2.30383    0.000510984
-2.0944     2.30383    0.000436365
-1.88496     2.30383    0.000324124
-1.67552     2.30383    0.000301288
-1.46608     2.30383    0.000349778
-1.25664     2.30383    0.000288249
-1.0472     2.30383    0.000115652
-0.837758     2.30383    6.44015e-05
-0.628319     2.30383    1.36779e-05
-0.418879     2.30383    9.00126e-06
-0.20944     2.30383    2.73512e-05
0     2.30383    5.8581e-05
0.20944     2.30383    2.73375e-05
0.418879     2.30383    8.98474e-06
0.628319     2.30383    1.36823e-05
0.837758     2.30383    6.43988e-05
1.0472     2.30383    0.000115656
1.25664     2.30383    0.000288256
1.46608     2.30383    0.000349776
1.67552     2.30383    0.00030128
1.88496     2.30383    0.000324111
2.0944     2.30383    0.000436353
2.30383     2.30383    0.000510974
2.51327     2.30383    0.000628902
2.72271     2.30383    0.000726248
2.93215     2.30383    0.000720818
3.14159     2.30383    0.000622942

-3.14159     2.51327    0.000567684
-2.93215     2.51327    0.000718536
-2.72271     2.51327    0.000780738
-2.51327     2.51327    0.000770885
-2.30383     2.51327    0.000651678
-2.0944     2.51327    0.000535076
-1.88496     2.51327    0.000456343
-1.67552     2.51327    0.000481946
-1.46608     2.51327    0.000497723
-1.25664     2.51327    0.000372281
-1.0472     2.51327    0.000206827
-0.837758     2.51327    0.000136877
-0.628319     2.51327    6.50669e-05
-0.418879     2.51327    6.18813e-05
-0.20944     2.51327    6.34614e-05
0     2.51327    0.000113204
0.20944     2.51327    6.34102e-05
0.418879     2.51327    6.18907e-05
0.628319     2.51327    6.50699e-05
0.837758     2.51327    0.000136881
1.0472     2.51327    0.000206825
1.25664     2.51327    0.000372277
1.46608     2.51327    0.000497722
1.67552     2.51327    0.000481941
1.88496     2.51327    0.000456334
2.0944     2.51327    0.000535067
2.30383     2.51327    0.000651669
2.51327     2.51327    0.000770879
2.72271     2.51327    0.000780734
2.93215     2.51327    0.000718536
3.14159     2.51327    0.000567684

-3.14159     2.72271    0.000513077
-2.93215     2.72271    0.000705614
-2.72271     2.72271    0.000803971
-2.51327     2.72271    0.000776411
-2.30383     2.72271    0.000709483
-2.0944     2.72271    0.000680197
-1.88496     2.72271    0.000666825
-1.67552     2.72271    0.000639452
-1.46608     2.72271    0.000574837
-1.25664     2.72271    0.000410614
-1.0472     2.72271    0.00029042
-0.837758     2.72271    0.000218015
-0.628319     2.72271    0.000152255
-0.418879     2.72271    0.000134992
-0.20944     2.72271    0.000130855
0     2.72271    0.000127285
0.20944     2.72271    0.000130954
0.418879     2.72271    0.000134989
0.628319     2.72271    0.00015226
0.837758     2.72271    0.000218017
1.0472     2.72271    0.000290417
1.25664     2.72271    0.000410617
1.46608     2.72271    0.000574837
1.67552     2.72271    0.000639448
1.88496     2.72271    0.000666819
2.0944     2.72271    0.000680189
2.30383     2.72271    0.000709479
2.51327     2.72271    0.000776408
2.72271     2.72271    0.000803968
2.93215     2.72271    0.000705615
3.14159     2.72271    0.000513076

-3.14159     2.93215    0.000503033
-2.93215     2.93215    0.000650958
-2.72271     2.93215    0.000741457
-2.51327     2.93215    0.000797978
-2.30383     2.93215    0.000858226
-2.0944     2.93215    0.000875596
-1.88496     2.93215    0.000829474
-1.67552     2.93215    0.000767983
-1.46608     2.93215    0.000671016
-1.25664     2.93215    0.000495406
-1.0472     2.93215    0.00042565
-0.837758     2.93215    0.000360533
-0.628319     2.93215    0.000296803
-0.418879     2.93215    0.000255181
-0.20944     2.93215    0.000228481
0     2.93215    0.000228541
0.20944     2.93215    0.000228387
0.418879     2.93215    0.000255186
0.628319     2.93215    0.000296802
0.837758     2.93215    0.000360539
1.0472     2.93215    0.00042565
1.25664     2.93215    0.000495403
1.46608     2.93215    0.000671015
1.67552     2.93215    0.000767983
1.88496     2.93215    0.000829471
2.0944     2.93215    0.000875592
2.30383     2.93215    0.000858222
2.51327     2.93215    0.00079798
2.72271     2.93215    0.000741459
2.93215     2.93215    0.000650959
3.14159     2.93215    0.000503035

-3.14159     3.14159    0.000481458
-2.93215     3.14159    0.000621666
-2.72271     3.14159    0.000781495
-2.51327     3.14159    0.000937273
-2.30383     3.14159    0.000993082
-2.0944     3.14159    0.000938646
-1.88496     3.14159    0.000903185
-1.67552     3.14159    0.000865282
-1.46608     3.14159    0.000792292
-1.25664     3.14159    0.000620835
-1.0472     3.14159    0.000585125
-0.837758     3.14159    0.000504329
-0.628319     3.14159    0.000460257
-0.418879     3.14159    0.000399308
-0.20944     3.14159    0.000379297
0     3.14159    0.000372696
0.20944     3.14159    0.00037937
0.418879     3.14159    0.00039931
0.628319     3.14159    0.000460259
0.837758     3.14159    0.000504333
1.0472     3.14159    0.000585126
1.25664     3.14159    0.000620833
1.46608     3.14159    0.000792293
1.67552     3.14159    0.000865283
1.88496     3.14159    0.000903185
2.0944     3.14159    0.000938645
2.30383     3.14159    0.000993081
2.51327     3.14159    0.000937275
2.72271     3.14159    0.000781499
2.93215     3.14159    0.000621668
3.14159     3.14159    0.000481464

