-3.14159     -3.14159    6.943e-05
-2.93215     -3.14159    0.00011158
-2.72271     -3.14159    0.000158343
-2.51327     -3.14159    0.000195957
-2.30383     -3.14159    0.000199831
-2.0944     -3.14159    0.000178661
-1.88496     -3.14159    0.000164063
-1.67552     -3.14159    0.000158556
-1.46608     -3.14159    0.00015348
-1.25664     -3.14159    0.000111524
-1.0472     -3.14159    7.76653e-05
-0.837758     -3.14159    5.13918e-05
-0.628319     -3.14159    3.39129e-05
-0.418879     -3.14159    1.92283e-05
-0.20944     -3.14159    1.25376e-05
0     -3.14159    8.45754e-06
0.20944     -3.14159    1.25284e-05
0.418879     -3.14159    1.92319e-05
0.628319     -3.14159    3.39167e-05
0.837758     -3.14159    5.1393e-05
1.0472     -3.14159    7.76687e-05
1.25664     -3.14159    0.000111529
1.46608     -3.14159    0.000153482
1.67552     -3.14159    0.000158559
1.88496     -3.14159    0.000164068
2.0944     -3.14159    0.000178667
2.30383     -3.14159    0.000199836
2.51327     -3.14159    0.000195955
2.72271     -3.14159    0.000158341
2.93215     -3.14159    0.000111579
3.14159     -3.14159    6.94282e-05

-3.14159     -2.93215    5.36855e-05
-2.93215     -2.93215    0.000100455
-2.72271     -2.93215    0.000139091
-2.51327     -2.93215    0.000161249
-2.30383     -2.93215    0.000179533
-2.0944     -2.93215    0.000176659
-1.88496     -2.93215    0.000153138
-1.67552     -2.93215    0.000137183
-1.46608     -2.93215    0.000126022
-1.25664     -2.93215    8.72157e-05
-1.0472     -2.93215    4.70347e-05
-0.837758     -2.93215    2.07135e-05
-0.628319     -2.93215    1.10634e-06
-0.418879     -2.93215    1.09358e-05
-0.20944     -2.93215    1.6425e-05
0     -2.93215    1.57448e-05
0.20944     -2.93215    1.64089e-05
0.418879     -2.93215    1.09008e-05
0.628319     -2.93215    1.10612e-06
0.837758     -2.93215    2.0715e-05
1.0472     -2.93215    4.704e-05
1.25664     -2.93215    8.72217e-05
1.46608     -2.93215    0.00012603
1.67552     -2.93215    0.000137193
1.88496     -2.93215    0.000153147
2.0944     -2.93215    0.000176668
2.30383     -2.93215    0.000179538
2.51327     -2.93215    0.000161247
2.72271     -2.93215    0.000139088
2.93215     -2.93215    0.00010045
3.14159     -2.93215    5.36822e-05

-3.14159     -2.72271    5.27835e-05
-2.93215     -2.72271    0.000107392
-2.72271     -2.72271    0.000143128
-2.51327     -2.72271    0.000142616
-2.30383     -2.72271    0.000131599
-2.0944     -2.72271    0.000130344
-1.88496     -2.72271    0.000126293
-1.67552     -2.72271    0.000118131
-1.46608     -2.72271    0.000108084
-1.25664     -2.72271    7.90245e-05
-1.0472     -2.72271    3.0974e-05
-0.837758     -2.72271    2.11116e-06
-0.628319     -2.72271    1.92081e-05
-0.418879     -2.72271    2.42893e-05
-0.20944     -2.72271    2.67873e-05
0     -2.72271    2.96448e-05
0.20944     -2.72271    2.68023e-05
0.418879     -2.72271    2.43527e-05
0.628319     -2.72271    1.92083e-05
0.837758     -2.72271    2.11578e-06
1.0472     -2.72271    3.09787e-05
1.25664     -2.72271    7.90301e-05
1.46608     -2.72271    0.000108094
1.67552     -2.72271    0.000118143
1.88496     -2.72271    0.000126306
2.0944     -2.72271    0.000130352
2.30383     -2.72271    0.000131603
2.51327     -2.72271    0.000142617
2.72271     -2.72271    0.000143125
2.93215     -2.72271    0.000107388
3.14159     -2.72271    5.27825e-05

-3.14159     -2.51327    6.23118e-05
-2.93215     -2.51327    0.000113007
-2.72271     -2.51327    0.00013498
-2.51327     -2.51327    0.00012889
-2.30383     -2.51327    9.64445e-05
-2.0944     -2.51327    7.54802e-05
-1.88496     -2.51327    7.88414e-05
-1.67552     -2.51327    9.53966e-05
-1.46608     -2.51327    9.40973e-05
-1.25664     -2.51327    7.54467e-05
-1.0472     -2.51327    2.14805e-05
-0.837758     -2.51327    9.21093e-06
-0.628319     -2.51327    2.85919e-05
-0.418879     -2.51327    2.91201e-05
-0.20944     -2.51327    2.98122e-05
0     -2.51327    2.80216e-05
0.20944     -2.51327    2.9804e-05
0.418879     -2.51327    2.90349e-05
0.628319     -2.51327    2.85914e-05
0.837758     -2.51327    9.20953e-06
1.0472     -2.51327    2.14865e-05
1.25664     -2.51327    7.54559e-05
1.46608     -2.51327    9.41087e-05
1.67552     -2.51327    9.54118e-05
1.88496     -2.51327    7.88542e-05
2.0944     -2.51327    7.54897e-05
2.30383     -2.51327    9.64553e-05
2.51327     -2.51327    0.000128892
2.72271     -2.51327    0.000134978
2.93215     -2.51327    0.000113006
3.14159     -2.51327    6.23119e-05

-3.14159     -2.30383    8.0088e-05
-2.93215     -2.30383    0.000116579
-2.72271     -2.30383    0.000116322
-2.51327     -2.30383    8.31428e-05
-2.30383     -2.30383    5.3153e-05
-2.0944     -2.30383    3.96912e-05
-1.88496     -2.30383    3.54549e-05
-1.67552     -2.30383    5.20973e-05
-1.46608     -2.30383    7.23358e-05
-1.25664     -2.30383    6.32536e-05
-1.0472     -2.30383    1.5935e-05
-0.837758     -2.30383    1.6928e-05
-0.628319     -2.30383    3.23624e-05
-0.418879     -2.30383    3.62144e-05
-0.20944     -2.30383    3.10474e-05
0     -2.30383    3.37483e-05
0.20944     -2.30383    3.10459e-05
0.418879     -2.30383    3.63052e-05
0.628319     -2.30383    3.23605e-05
0.837758     -2.30383    1.6923e-05
1.0472     -2.30383    1.59409e-05
1.25664     -2.30383    6.32629e-05
1.46608     -2.30383    7.23474e-05
1.67552     -2.30383    5.21076e-05
1.88496     -2.30383    3.54681e-05
2.0944     -2.30383    3.97044e-05
2.30383     -2.30383    5.31641e-05
2.51327     -2.30383    8.3149e-05
2.72271     -2.30383    0.000116323
2.93215     -2.30383    0.000116577
3.14159     -2.30383    8.00872e-05

-3.14159     -2.0944    9.73525e-05
-2.93215     -2.0944    0.00010856
-2.72271     -2.0944    8.71603e-05
-2.51327     -2.0944    4.77404e-05
-2.30383     -2.0944    1.85917e-05
-2.0944     -2.0944    4.2556e-06
-1.88496     -2.0944    3.05875e-06
-1.67552     -2.0944    7.08595e-06
-1.46608     -2.0944    2.51458e-05
-1.25664     -2.0944    3.71466e-05
-1.0472     -2.0944    9.94599e-06
-0.837758     -2.0944    2.15641e-05
-0.628319     -2.0944    3.37583e-05
-0.418879     -2.0944    4.03366e-05
-0.20944     -2.0944    3.34446e-05
0     -2.0944    2.955e-05
0.20944     -2.0944    3.34636e-05
0.418879     -2.0944    4.0258e-05
0.628319     -2.0944    3.37573e-05
0.837758     -2.0944    2.15636e-05
1.0472     -2.0944    9.95107e-06
1.25664     -2.0944    3.71564e-05
1.46608     -2.0944    2.5157e-05
1.67552     -2.0944    7.0982e-06
1.88496     -2.0944    3.07221e-06
2.0944     -2.0944    4.26931e-06
2.30383     -2.0944    1.86042e-05
2.51327     -2.0944    4.77489e-05
2.72271     -2.0944    8.7164e-05
2.93215     -2.0944    0.000108561
3.14159     -2.0944    9.73534e-05

-3.14159     -1.88496    0.000105447
-2.93215     -1.88496    9.62387e-05
-2.72271     -1.88496    5.2477e-05
-2.51327     -1.88496    1.13634e-05
-2.30383     -1.88496    6.50578e-06
-2.0944     -1.88496    1.85269e-05
-1.88496     -1.88496    2.25875e-05
-1.67552     -1.88496    1.70602e-05
-1.46608     -1.88496    1.39316e-05
-1.25664     -1.88496    9.63077e-07
-1.0472     -1.88496    3.6927e-06
-0.837758     -1.88496    2.55252e-05
-0.628319     -1.88496    3.80431e-05
-0.418879     -1.88496    4.04405e-05
-0.20944     -1.88496    3.33314e-05
0     -1.88496    3.27331e-05
0.20944     -1.88496    3.32986e-05
0.418879     -1.88496    4.05023e-05
0.628319     -1.88496    3.8051e-05
0.837758     -1.88496    2.5525e-05
1.0472     -1.88496    3.68783e-06
1.25664     -1.88496    9.53014e-07
1.46608     -1.88496    1.39192e-05
1.67552     -1.88496    1.70476e-05
1.88496     -1.88496    2.25745e-05
2.0944     -1.88496    1.85121e-05
2.30383     -1.88496    6.49233e-06
2.51327     -1.88496    1.13737e-05
2.72271     -1.88496    5.24826e-05
2.93215     -1.88496    9.62405e-05
3.14159     -1.88496    0.000105447

-3.14159     -1.67552    0.000103967
-2.93215     -1.67552    7.25832e-05
-2.72271     -1.67552    2.18091e-05
-2.51327     -1.67552    7.69397e-06
-2.30383     -1.67552    2.21569e-05
-2.0944     -1.67552    2.6647e-05
-1.88496     -1.67552    3.19501e-05
-1.67552     -1.67552    3.35998e-05
-1.46608     -1.67552    2.81528e-05
-1.25664     -1.67552    2.58519e-05
-1.0472     -1.67552    1.78043e-05
-0.837758     -1.67552    2.41374e-05
-0.628319     -1.67552    4.01398e-05
-0.418879     -1.67552    4.36479e-05
-0.20944     -1.67552    2.98515e-05
0     -1.67552    3.09912e-05
0.20944     -1.67552    2.99038e-05
0.418879     -1.67552    4.36225e-05
0.628319     -1.67552    4.01362e-05
0.837758     -1.67552    2.41382e-05
1.0472     -1.67552    1.77932e-05
1.25664     -1.67552    2.5842e-05
1.46608     -1.67552    2.81402e-05
1.67552     -1.67552    3.35889e-05
1.88496     -1.67552    3.19377e-05
2.0944     -1.67552    2.66331e-05
2.30383     -1.67552    2.21445e-05
2.51327     -1.67552    7.68329e-06
2.72271     -1.67552    2.18164e-05
2.93215     -1.67552    7.25864e-05
3.14159     -1.67552    0.000103967

-3.14159     -1.46608    9.25887e-05
-2.93215     -1.46608    4.33529e-05
-2.72271     -1.46608    7.09428e-07
-2.51327     -1.46608    1.69424e-05
-2.30383     -1.46608    2.7111e-05
-2.0944     -1.46608    2.95128e-05
-1.88496     -1.46608    3.09022e-05
-1.67552     -1.46608    4.00548e-05
-1.46608     -1.46608    3.94837e-05
-1.25664     -1.46608    3.8751e-05
-1.0472     -1.46608    3.13944e-05
-0.837758     -1.46608    2.58687e-05
-0.628319     -1.46608    3.73265e-05
-0.418879     -1.46608    4.25142e-05
-0.20944     -1.46608    2.70398e-05
0     -1.46608    2.22401e-05
0.20944     -1.46608    2.69569e-05
0.418879     -1.46608    4.24835e-05
0.628319     -1.46608    3.73302e-05
0.837758     -1.46608    2.58587e-05
1.0472     -1.46608    3.13841e-05
1.25664     -1.46608    3.87393e-05
1.46608     -1.46608    3.9475e-05
1.67552     -1.46608    4.00424e-05
1.88496     -1.46608    3.08885e-05
2.0944     -1.46608    2.95017e-05
2.30383     -1.46608    2.71002e-05
2.51327     -1.46608    1.69351e-05
2.72271     -1.46608    7.02237e-07
2.93215     -1.46608    4.33571e-05
3.14159     -1.46608    9.25891e-05

-3.14159     -1.25664    7.38647e-05
-2.93215     -1.25664    2.3151e-05
-2.72271     -1.25664    8.84432e-06
-2.51327     -1.25664    2.5194e-05
-2.30383     -1.25664    3.07223e-05
-2.0944     -1.25664    2.92595e-05
-1.88496     -1.25664    3.16639e-05
-1.67552     -1.25664    3.50119e-05
-1.46608     -1.25664    3.73615e-05
-1.25664     -1.25664    4.50083e-05
-1.0472     -1.25664    4.09001e-05
-0.837758     -1.25664    3.85807e-05
-0.628319     -1.25664    4.32044e-05
-0.418879     -1.25664    4.53103e-05
-0.20944     -1.25664    3.28217e-05
0     -1.25664    2.08896e-05
0.20944     -1.25664    3.29021e-05
0.418879     -1.25664    4.53926e-05
0.628319     -1.25664    4.31954e-05
0.837758     -1.25664    3.85891e-05
1.0472     -1.25664    4.09019e-05
1.25664     -1.25664    4.49995e-05
1.46608     -1.25664    3.73506e-05
1.67552     -1.25664    3.50035e-05
1.88496     -1.25664    3.16546e-05
2.0944     -1.25664    2.92516e-05
2.30383     -1.25664    3.07188e-05
2.51327     -1.25664    2.5188e-05
2.72271     -1.25664    8.83887e-06
2.93215     -1.25664    2.31549e-05
3.14159     -1.25664    7.38638e-05

-3.14159     -1.0472    5.82032e-05
-2.93215     -1.0472    1.3325e-05
-2.72271     -1.0472    1.47213e-05
-2.51327     -1.0472    2.41541e-05
-2.30383     -1.0472    2.9389e-05
-2.0944     -1.0472    2.83568e-05
-1.88496     -1.0472    3.26561e-05
-1.67552     -1.0472    3.06085e-05
-1.46608     -1.0472    3.22852e-05
-1.25664     -1.0472    3.29375e-05
-1.0472     -1.0472    4.18365e-05
-0.837758     -1.0472    4.32958e-05
-0.628319     -1.0472    5.12341e-05
-0.418879     -1.0472    5.15667e-05
-0.20944     -1.0472    4.52355e-05
0     -1.0472    1.23807e-05
0.20944     -1.0472    4.51595e-05
0.418879     -1.0472    5.14563e-05
0.628319     -1.0472    5.12479e-05
0.837758     -1.0472    4.32858e-05
1.0472     -1.0472    4.18346e-05
1.25664     -1.0472    3.29319e-05
1.46608     -1.0472    3.22779e-05
1.67552     -1.0472    3.06019e-05
1.88496     -1.0472    3.26501e-05
2.0944     -1.0472    2.83553e-05
2.30383     -1.0472    2.93907e-05
2.51327     -1.0472    2.4153e-05
2.72271     -1.0472    1.47198e-05
2.93215     -1.0472    1.33269e-05
3.14159     -1.0472    5.82036e-05

-3.14159     -0.837758    5.17999e-05
-2.93215     -0.837758    1.61475e-05
-2.72271     -0.837758    1.4492e-05
-2.51327     -0.837758    2.99681e-05
-2.30383     -0.837758    3.18278e-05
-2.0944     -0.837758    3.75447e-05
-1.88496     -0.837758    3.38614e-05
-1.67552     -0.837758    2.96767e-05
-1.46608     -0.837758    3.21258e-05
-1.25664     -0.837758    2.35537e-05
-1.0472     -0.837758    2.87044e-05
-0.837758     -0.837758    4.97756e-05
-0.628319     -0.837758    5.52008e-05
-0.418879     -0.837758    6.05512e-05
-0.20944     -0.837758    5.6834e-05
0     -0.837758    5.29633e-05
0.20944     -0.837758    5.69061e-05
0.418879     -0.837758    6.07675e-05
0.628319     -0.837758    5.52279e-05
0.837758     -0.837758    4.97653e-05
1.0472     -0.837758    2.86992e-05
1.25664     -0.837758    2.3553e-05
1.46608     -0.837758    3.2123e-05
1.67552     -0.837758    2.9672e-05
1.88496     -0.837758    3.38589e-05
2.0944     -0.837758    3.75447e-05
2.30383     -0.837758    3.18275e-05
2.51327     -0.837758    2.99703e-05
2.72271     -0.837758    1.44945e-05
2.93215     -0.837758    1.61453e-05
3.14159     -0.837758    5.17977e-05

-3.14159     -0.628319    5.69135e-05
-2.93215     -0.628319    2.01495e-05
-2.72271     -0.628319    3.81849e-06
-2.51327     -0.628319    2.202e-05
-2.30383     -0.628319    3.28269e-05
-2.0944     -0.628319    3.8281e-05
-1.88496     -0.628319    3.92343e-05
-1.67552     -0.628319    3.68873e-05
-1.46608     -0.628319    2.76163e-05
-1.25664     -0.628319    2.34839e-05
-1.0472     -0.628319    1.51079e-05
-0.837758     -0.628319    3.14566e-05
-0.628319     -0.628319    5.67847e-05
-0.418879     -0.628319    6.42216e-05
-0.20944     -0.628319    6.93188e-05
0     -0.628319    4.93525e-05
0.20944     -0.628319    6.96382e-05
0.418879     -0.628319    6.39964e-05
0.628319     -0.628319    5.67724e-05
0.837758     -0.628319    3.14755e-05
1.0472     -0.628319    1.51153e-05
1.25664     -0.628319    2.34847e-05
1.46608     -0.628319    2.76111e-05
1.67552     -0.628319    3.6887e-05
1.88496     -0.628319    3.92369e-05
2.0944     -0.628319    3.82813e-05
2.30383     -0.628319    3.2826e-05
2.51327     -0.628319    2.20197e-05
2.72271     -0.628319    3.82093e-06
2.93215     -0.628319    2.01459e-05
3.14159     -0.628319    5.69105e-05

-3.14159     -0.418879    7.76141e-05
-2.93215     -0.418879    4.55081e-05
-2.72271     -0.418879    1.39724e-05
-2.51327     -0.418879    7.99548e-06
-2.30383     -0.418879    2.46898e-05
-2.0944     -0.418879    3.28336e-05
-1.88496     -0.418879    4.13808e-05
-1.67552     -0.418879    4.46948e-05
-1.46608     -0.418879    3.8785e-05
-1.25664     -0.418879    3.42093e-05
-1.0472     -0.418879    3.49882e-05
-0.837758     -0.418879    3.15725e-05
-0.628319     -0.418879    5.25683e-05
-0.418879     -0.418879    7.74202e-05
-0.20944     -0.418879    8.56758e-05
0     -0.418879    0.000126526
0.20944     -0.418879    8.54378e-05
0.418879     -0.418879    7.71655e-05
0.628319     -0.418879    5.25769e-05
0.837758     -0.418879    3.15405e-05
1.0472     -0.418879    3.4994e-05
1.25664     -0.418879    3.42059e-05
1.46608     -0.418879    3.87871e-05
1.67552     -0.418879    4.46955e-05
1.88496     -0.418879    4.13782e-05
2.0944     -0.418879    3.28338e-05
2.30383     -0.418879    2.46926e-05
2.51327     -0.418879    7.99849e-06
2.72271     -0.418879    1.39708e-05
2.93215     -0.418879    4.55043e-05
3.14159     -0.418879    7.76124e-05

-3.14159     -0.20944    0.000104612
-2.93215     -0.20944    8.29512e-05
-2.72271     -0.20944    5.39696e-05
-2.51327     -0.20944    2.2076e-05
-2.30383     -0.20944    2.51492e-06
-2.0944     -0.20944    2.18605e-05
-1.88496     -0.20944    3.02713e-05
-1.67552     -0.20944    3.62743e-05
-1.46608     -0.20944    4.40142e-05
-1.25664     -0.20944    4.78204e-05
-1.0472     -0.20944    5.4933e-05
-0.837758     -0.20944    5.92631e-05
-0.628319     -0.20944    6.30135e-05
-0.418879     -0.20944    9.30613e-05
-0.20944     -0.20944    0.00012533
0     -0.20944    0.000120612
0.20944     -0.20944    0.000125629
0.418879     -0.20944    9.35033e-05
0.628319     -0.20944    6.30016e-05
0.837758     -0.20944    5.9261e-05
1.0472     -0.20944    5.49285e-05
1.25664     -0.20944    4.78206e-05
1.46608     -0.20944    4.40164e-05
1.67552     -0.20944    3.62737e-05
1.88496     -0.20944    3.02707e-05
2.0944     -0.20944    2.18597e-05
2.30383     -0.20944    2.51616e-06
2.51327     -0.20944    2.20745e-05
2.72271     -0.20944    5.39678e-05
2.93215     -0.20944    8.29509e-05
3.14159     -0.20944    0.000104609

-3.14159     0    0.000116963
-2.93215     0    9.57496e-05
-2.72271     0    8.17102e-05
-2.51327     0    4.94917e-05
-2.30383     0    1.44151e-05
-2.0944     0    8.71479e-06
-1.88496     0    2.10068e-05
-1.67552     0    2.67055e-05
-1.46608     0    3.6538e-05
-1.25664     0    5.01443e-05
-1.0472     0    5.3698e-05
-0.837758     0    6.30525e-05
-0.628319     0    7.65026e-05
-0.418879     0    9.31706e-05
-0.20944     0    0.000155812
0     0    1.45136e-15
0.20944     0    0.000155812
0.418879     0    9.31706e-05
0.628319     0    7.65026e-05
0.837758     0    6.30525e-05
1.0472     0    5.3698e-05
1.25664     0    5.01443e-05
1.46608     0    3.6538e-05
1.67552     0    2.67055e-05
1.88496     0    2.10068e-05
2.0944     0    8.71479e-06
2.30383     0    1.44151e-05
2.51327     0    4.94917e-05
2.72271     0    8.17102e-05
2.93215     0    9.57496e-05
3.14159     0    0.000116963

-3.14159     0.20944    0.000104609
-2.93215     0.20944    8.29509e-05
-2.72271     0.20944    5.39678e-05
-2.51327     0.20944    2.20745e-05
-2.30383     0.20944    2.51616e-06
-2.0944     0.20944    2.18597e-05
-1.88496     0.20944    3.02707e-05
-1.67552     0.20944    3.62737e-05
-1.46608     0.20944    4.40164e-05
-1.25664     0.20944    4.78206e-05
-1.0472     0.20944    5.49285e-05
-0.837758     0.20944    5.9261e-05
-0.628319     0.20944    6.30016e-05
-0.418879     0.20944    9.35033e-05
-0.20944     0.20944    0.000125629
0     0.20944    0.000120612
0.20944     0.20944    0.00012533
0.418879     0.20944    9.30613e-05
0.628319     0.20944    6.30135e-05
0.837758     0.20944    5.92631e-05
1.0472     0.20944    5.4933e-05
1.25664     0.20944    4.78204e-05
1.46608     0.20944    4.40142e-05
1.67552     0.20944    3.62743e-05
1.88496     0.20944    3.02713e-05
2.0944     0.20944    2.18605e-05
2.30383     0.20944    2.51492e-06
2.51327     0.20944    2.2076e-05
2.72271     0.20944    5.39696e-05
2.93215     0.20944    8.29512e-05
3.14159     0.20944    0.000104612

-3.14159     0.418879    7.76124e-05
-2.93215     0.418879    4.55043e-05
-2.72271     0.418879    1.39708e-05
-2.51327     0.418879    7.99849e-06
-2.30383     0.418879    2.46926e-05
-2.0944     0.418879    3.28338e-05
-1.88496     0.418879    4.13782e-05
-1.67552     0.418879    4.46955e-05
-1.46608     0.418879    3.87871e-05
-1.25664     0.418879    3.42059e-05
-1.0472     0.418879    3.4994e-05
-0.837758     0.418879    3.15405e-05
-0.628319     0.418879    5.25769e-05
-0.418879     0.418879    7.71655e-05
-0.20944     0.418879    8.54378e-05
0     0.418879    0.000126526
0.20944     0.418879    8.56758e-05
0.418879     0.418879    7.74202e-05
0.628319     0.418879    5.25683e-05
0.837758     0.418879    3.15725e-05
1.0472     0.418879    3.49882e-05
1.25664     0.418879    3.42093e-05
1.46608     0.418879    3.8785e-05
1.67552     0.418879    4.46948e-05
1.88496     0.418879    4.13808e-05
2.0944     0.418879    3.28336e-05
2.30383     0.418879    2.46898e-05
2.51327     0.418879    7.99548e-06
2.72271     0.418879    1.39724e-05
2.93215     0.418879    4.55081e-05
3.14159     0.418879    7.76141e-05

-3.14159     0.628319    5.69105e-05
-2.93215     0.628319    2.01459e-05
-2.72271     0.628319    3.82093e-06
-2.51327     0.628319    2.20197e-05
-2.30383     0.628319    3.2826e-05
-2.0944     0.628319    3.82813e-05
-1.88496     0.628319    3.92369e-05
-1.67552     0.628319    3.6887e-05
-1.46608     0.628319    2.76111e-05
-1.25664     0.628319    2.34847e-05
-1.0472     0.628319    1.51153e-05
-0.837758     0.628319    3.14755e-05
-0.628319     0.628319    5.67724e-05
-0.418879     0.628319    6.39964e-05
-0.20944     0.628319    6.96382e-05
0     0.628319    4.93525e-05
0.20944     0.628319    6.93188e-05
0.418879     0.628319    6.42216e-05
0.628319     0.628319    5.67847e-05
0.837758     0.628319    3.14566e-05
1.0472     0.628319    1.51079e-05
1.25664     0.628319    2.34839e-05
1.46608     0.628319    2.76163e-05
1.67552     0.628319    3.68873e-05
1.88496     0.628319    3.92343e-05
2.0944     0.628319    3.8281e-05
2.30383     0.628319    3.28269e-05
2.51327     0.628319    2.202e-05
2.72271     0.628319    3.81849e-06
2.93215     0.628319    2.01495e-05
3.14159     0.628319    5.69135e-05

-3.14159     0.837758    5.17977e-05
-2.93215     0.837758    1.61453e-05
-2.72271     0.837758    1.44945e-05
-2.51327     0.837758    2.99703e-05
-2.30383     0.837758    3.18275e-05
-2.0944     0.837758    3.75447e-05
-1.88496     0.837758    3.38589e-05
-1.67552     0.837758    2.9672e-05
-1.46608     0.837758    3.2123e-05
-1.25664     0.837758    2.3553e-05
-1.0472     0.837758    2.86992e-05
-0.837758     0.837758    4.97653e-05
-0.628319     0.837758    5.52279e-05
-0.418879     0.837758    6.07675e-05
-0.20944     0.837758    5.69061e-05
0     0.837758    5.29633e-05
0.20944     0.837758    5.6834e-05
0.418879     0.837758    6.05512e-05
0.628319     0.837758    5.52008e-05
0.837758     0.837758    4.97756e-05
1.0472     0.837758    2.87044e-05
1.25664     0.837758    2.35537e-05
1.46608     0.837758    3.21258e-05
1.67552     0.837758    2.96767e-05
1.88496     0.837758    3.38614e-05
2.0944     0.837758    3.75447e-05
2.30383     0.837758    3.18278e-05
2.51327     0.837758    2.99681e-05
2.72271     0.837758    1.4492e-05
2.93215     0.837758    1.61475e-05
3.14159     0.837758    5.17999e-05

-3.14159     1.0472    5.82036e-05
-2.93215     1.0472    1.33269e-05
-2.72271     1.0472    1.47198e-05
-2.51327     1.0472    2.4153e-05
-2.30383     1.0472    2.93907e-05
-2.0944     1.0472    2.83553e-05
-1.88496     1.0472    3.26501e-05
-1.67552     1.0472    3.06019e-05
-1.46608     1.0472    3.22779e-05
-1.25664     1.0472    3.29319e-05
-1.0472     1.0472    4.18346e-05
-0.837758     1.0472    4.32858e-05
-0.628319     1.0472    5.12479e-05
-0.418879     1.0472    5.14563e-05
-0.20944     1.0472    4.51595e-05
0     1.0472    1.23807e-05
0.20944     1.0472    4.52355e-05
0.418879     1.0472    5.15667e-05
0.628319     1.0472    5.12341e-05
0.837758     1.0472    4.32958e-05
1.0472     1.0472    4.18365e-05
1.25664     1.0472    3.29375e-05
1.46608     1.0472    3.22852e-05
1.67552     1.0472    3.06085e-05
1.88496     1.0472    3.26561e-05
2.0944     1.0472    2.83568e-05
2.30383     1.0472    2.9389e-05
2.51327     1.0472    2.41541e-05
2.72271     1.0472    1.47213e-05
2.93215     1.0472    1.3325e-05
3.14159     1.0472    5.82032e-05

-3.14159     1.25664    7.38638e-05
-2.93215     1.25664    2.31549e-05
-2.72271     1.25664    8.83887e-06
-2.51327     1.25664    2.5188e-05
-2.30383     1.25664    3.07188e-05
-2.0944     1.25664    2.92516e-05
-1.88496     1.25664    3.16546e-05
-1.67552     1.25664    3.50035e-05
-1.46608     1.25664    3.73506e-05
-1.25664     1.25664    4.49995e-05
-1.0472     1.25664    4.09019e-05
-0.837758     1.25664    3.85891e-05
-0.628319     1.25664    4.31954e-05
-0.418879     1.25664    4.53926e-05
-0.20944     1.25664    3.29021e-05
0     1.25664    2.08896e-05
0.20944     1.25664    3.28217e-05
0.418879     1.25664    4.53103e-05
0.628319     1.25664    4.32044e-05
0.837758     1.25664    3.85807e-05
1.0472     1.25664    4.09001e-05
1.25664     1.25664    4.50083e-05
1.46608     1.25664    3.73615e-05
1.67552     1.25664    3.50119e-05
1.88496     1.25664    3.16639e-05
2.0944     1.25664    2.92595e-05
2.30383     1.25664    3.07223e-05
2.51327     1.25664    2.5194e-05
2.72271     1.25664    8.84432e-06
2.93215     1.25664    2.3151e-05
3.14159     1.25664    7.38647e-05

-3.14159     1.46608    9.25891e-05
-2.93215     1.46608    4.33571e-05
-2.72271     1.46608    7.02237e-07
-2.51327     1.46608    1.69351e-05
-2.30383     1.46608    2.71002e-05
-2.0944     1.46608    2.95017e-05
-1.88496     1.46608    3.08885e-05
-1.67552     1.46608    4.00424e-05
-1.46608     1.46608    3.9475e-05
-1.25664     1.46608    3.87393e-05
-1.0472     1.46608    3.13841e-05
-0.837758     1.46608    2.58587e-05
-0.628319     1.46608    3.73302e-05
-0.418879     1.46608    4.24835e-05
-0.20944     1.46608    2.69569e-05
0     1.46608    2.22401e-05
0.20944     1.46608    2.70398e-05
0.418879     1.46608    4.25142e-05
0.628319     1.46608    3.73265e-05
0.837758     1.46608    2.58687e-05
1.0472     1.46608    3.13944e-05
1.25664     1.46608    3.8751e-05
1.46608     1.46608    3.94837e-05
1.67552     1.46608    4.00548e-05
1.88496     1.46608    3.09022e-05
2.0944     1.46608    2.95128e-05
2.30383     1.46608    2.7111e-05
2.51327     1.46608    1.69424e-05
2.72271     1.46608    7.09428e-07
2.93215     1.46608    4.33529e-05
3.14159     1.46608    9.25887e-05

-3.14159     1.67552    0.000103967
-2.93215     1.67552    7.25864e-05
-2.72271     1.67552    2.18164e-05
-2.51327     1.67552    7.68329e-06
-2.30383     1.67552    2.21445e-05
-2.0944     1.67552    2.66331e-05
-1.88496     1.67552    3.19377e-05
-1.67552     1.67552    3.35889e-05
-1.46608     1.67552    2.81402e-05
-1.25664     1.67552    2.5842e-05
-1.0472     1.67552    1.77932e-05
-0.837758     1.67552    2.41382e-05
-0.628319     1.67552    4.01362e-05
-0.418879     1.67552    4.36225e-05
-0.20944     1.67552    2.99038e-05
0     1.67552    3.09912e-05
0.20944     1.67552    2.98515e-05
0.418879     1.67552    4.36479e-05
0.628319     1.67552    4.01398e-05
0.837758     1.67552    2.41374e-05
1.0472     1.67552    1.78043e-05
1.25664     1.67552    2.58519e-05
1.46608     1.67552    2.81528e-05
1.67552     1.67552    3.35998e-05
1.88496     1.67552    3.19501e-05
2.0944     1.67552    2.6647e-05
2.30383     1.67552    2.21569e-05
2.51327     1.67552    7.69397e-06
2.72271     1.67552    2.18091e-05
2.93215     1.67552    7.25832e-05
3.14159     1.67552    0.000103967

-3.14159     1.88496    0.000105447
-2.93215     1.88496    9.62405e-05
-2.72271     1.88496    5.24826e-05
-2.51327     1.88496    1.13737e-05
-2.30383     1.88496    6.49233e-06
-2.0944     1.88496    1.85121e-05
-1.88496     1.88496    2.25745e-05
-1.67552     1.88496    1.70476e-05
-1.46608     1.88496    1.39192e-05
-1.25664     1.88496    9.53014e-07
-1.0472     1.88496    3.68783e-06
-0.837758     1.88496    2.5525e-05
-0.628319     1.88496    3.8051e-05
-0.418879     1.88496    4.05023e-05
-0.20944     1.88496    3.32986e-05
0     1.88496    3.27331e-05
0.20944     1.88496    3.33314e-05
0.418879     1.88496    4.04405e-05
0.628319     1.88496    3.80431e-05
0.837758     1.88496    2.55252e-05
1.0472     1.88496    3.6927e-06
1.25664     1.88496    9.63077e-07
1.46608     1.88496    1.39316e-05
1.67552     1.88496    1.70602e-05
1.88496     1.88496    2.25875e-05
2.0944     1.88496    1.85269e-05
2.30383     1.88496    6.50578e-06
2.51327     1.88496    1.13634e-05
2.72271     1.88496    5.2477e-05
2.93215     1.88496    9.62387e-05
3.14159     1.88496    0.000105447

-3.14159     2.0944    9.73534e-05
-2.93215     2.0944    0.000108561
-2.72271     2.0944    8.7164e-05
-2.51327     2.0944    4.77489e-05
-2.30383     2.0944    1.86042e-05
-2.0944     2.0944    4.26931e-06
-1.88496     2.0944    3.07221e-06
-1.67552     2.0944    7.0982e-06
-1.46608     2.0944    2.5157e-05
-1.25664     2.0944    3.71564e-05
-1.0472     2.0944    9.95107e-06
-0.837758     2.0944    2.15636e-05
-0.628319     2.0944    3.37573e-05
-0.418879     2.0944    4.0258e-05
-0.20944     2.0944    3.34636e-05
0     2.0944    2.955e-05
0.20944     2.0944    3.34446e-05
0.418879     2.0944    4.03366e-05
0.628319     2.0944    3.37583e-05
0.837758     2.0944    2.15641e-05
1.0472     2.0944    9.94599e-06
1.25664     2.0944    3.71466e-05
1.46608     2.0944    2.51458e-05
1.67552     2.0944    7.08595e-06
1.88496     2.0944    3.05875e-06
2.0944     2.0944    4.2556e-06
2.30383     2.0944    1.85917e-05
2.51327     2.0944    4.77404e-05
2.72271     2.0944    8.71603e-05
2.93215     2.0944    0.00010856
3.14159     2.0944    9.73525e-05

-3.14159     2.30383    8.00872e-05
-2.93215     2.30383    0.000116577
-2.72271     2.30383    0.000116323
-2.51327     2.30383    8.3149e-05
-2.30383     2.30383    5.31641e-05
-2.0944     2.30383    3.97044e-05
-1.88496     2.30383    3.54681e-05
-1.67552     2.30383    5.21076e-05
-1.46608     2.30383    7.23474e-05
-1.25664     2.30383    6.32629e-05
-1.0472     2.30383    1.59409e-05
-0.837758     2.30383    1.6923e-05
-0.628319     2.30383    3.23605e-05
-0.418879     2.30383    3.63052e-05
-0.20944     2.30383    3.10459e-05
0     2.30383    3.37483e-05
0.20944     2.30383    3.10474e-05
0.418879     2.30383    3.62144e-05
0.628319     2.30383    3.23624e-05
0.837758     2.30383    1.6928e-05
1.0472     2.30383    1.5935e-05
1.25664     2.30383    6.32536e-05
1.46608     2.30383    7.23358e-05
1.67552     2.30383    5.20973e-05
1.88496     2.30383    3.54549e-05
2.0944     2.30383    3.96912e-05
2.30383     2.30383    5.3153e-05
2.51327     2.30383    8.31428e-05
2.72271     2.30383    0.000116322
2.93215     2.30383    0.000116579
3.14159     2.30383    8.0088e-05

-3.14159     2.51327    6.23119e-05
-2.93215     2.51327    0.000113006
-2.72271     2.51327    0.000134978
-2.51327     2.51327    0.000128892
-2.30383     2.51327    9.64553e-05
-2.0944     2.51327    7.54897e-05
-1.88496     2.51327    7.88542e-05
-1.67552     2.51327    9.54118e-05
-1.46608     2.51327    9.41087e-05
-1.25664     2.51327    7.54559e-05
-1.0472     2.51327    2.14865e-05
-0.837758     2.51327    9.20953e-06
-0.628319     2.51327    2.85914e-05
-0.418879     2.51327    2.90349e-05
-0.20944     2.51327    2.9804e-05
0     2.51327    2.80216e-05
0.20944     2.51327    2.98122e-05
0.418879     2.51327    2.91201e-05
0.628319     2.51327    2.85919e-05
0.837758     2.51327    9.21093e-06
1.0472     2.51327    2.14805e-05
1.25664     2.51327    7.54467e-05
1.46608     2.51327    9.40973e-05
1.67552     2.51327    9.53966e-05
1.88496     2.51327    7.88414e-05
2.0944     2.51327    7.54802e-05
2.30383     2.51327    9.64445e-05
2.51327     2.51327    0.00012889
2.72271     2.51327    0.00013498
2.93215     2.51327    0.000113007
3.14159     2.51327    6.23118e-05

-3.14159     2.72271    5.27825e-05
-2.93215     2.72271    0.000107388
-2.72271     2.72271    0.000143125
-2.51327     2.72271    0.000142617
-2.30383     2.72271    0.000131603
-2.0944     2.72271    0.000130352
-1.88496     2.72271    0.000126306
-1.67552     2.72271    0.000118143
-1.46608     2.72271    0.000108094
-1.25664     2.72271    7.90301e-05
-1.0472     2.72271    3.09787e-05
-0.837758     2.72271    2.11578e-06
-0.628319     2.72271    1.92083e-05
-0.418879     2.72271    2.43527e-05
-0.20944     2.72271    2.68023e-05
0     2.72271    2.96448e-05
0.20944     2.72271    2.67873e-05
0.418879     2.72271    2.42893e-05
0.628319     2.72271    1.92081e-05
0.837758     2.72271    2.11116e-06
1.0472     2.72271    3.0974e-05
1.25664     2.72271    7.90245e-05
1.46608     2.72271    0.000108084
1.67552     2.72271    0.000118131
1.88496     2.72271    0.000126293
2.0944     2.72271    0.000130344
2.30383     2.72271    0.000131599
2.51327     2.72271    0.000142616
2.72271     2.72271    0.000143128
2.93215     2.72271    0.000107392
3.14159     2.72271    5.27835e-05

-3.14159     2.93215    5.36822e-05
-2.93215     2.93215    0.00010045
-2.72271     2.93215    0.000139088
-2.51327     2.93215    0.000161247
-2.30383     2.93215    0.000179538
-2.0944     2.93215    0.000176668
-1.88496     2.93215    0.000153147
-1.67552     2.93215    0.000137193
-1.46608     2.93215    0.00012603
-1.25664     2.93215    8.72217e-05
-1.0472     2.93215    4.704e-05
-0.837758     2.93215    2.0715e-05
-0.628319     2.93215    1.10612e-06
-0.418879     2.93215    1.09008e-05
-0.20944     2.93215    1.64089e-05
0     2.93215    1.57448e-05
0.20944     2.93215    1.6425e-05
0.418879     2.93215    1.09358e-05
0.628319     2.93215    1.10634e-06
0.837758     2.93215    2.07135e-05
1.0472     2.93215    4.70347e-05
1.25664     2.93215    8.72157e-05
1.46608     2.93215    0.000126022
1.67552     2.93215    0.000137183
1.88496     2.93215    0.000153138
2.0944     2.93215    0.000176659
2.30383     2.93215    0.000179533
2.51327     2.93215    0.000161249
2.72271     2.93215    0.000139091
2.93215     2.93215    0.000100455
3.14159     2.93215    5.36855e-05

-3.14159     3.14159    6.94282e-05
-2.93215     3.14159    0.000111579
-2.72271     3.14159    0.000158341
-2.51327     3.14159    0.000195955
-2.30383     3.14159    0.000199836
-2.0944     3.14159    0.000178667
-1.88496     3.14159    0.000164068
-1.67552     3.14159    0.000158559
-1.46608     3.14159    0.000153482
-1.25664     3.14159    0.000111529
-1.0472     3.14159    7.76687e-05
-0.837758     3.14159    5.1393e-05
-0.628319     3.14159    3.39167e-05
-0.418879     3.14159    1.92319e-05
-0.20944     3.14159    1.25284e-05
0     3.14159    8.45754e-06
0.20944     3.14159    1.25376e-05
0.418879     3.14159    1.92283e-05
0.628319     3.14159    3.39129e-05
0.837758     3.14159    5.13918e-05
1.0472     3.14159    7.76653e-05
1.25664     3.14159    0.000111524
1.46608     3.14159    0.00015348
1.67552     3.14159    0.000158556
1.88496     3.14159    0.000164063
2.0944     3.14159    0.000178661
2.30383     3.14159    0.000199831
2.51327     3.14159    0.000195957
2.72271     3.14159    0.000158343
2.93215     3.14159    0.00011158
3.14159     3.14159    6.943e-05

