-3.14159     -3.14159    9.98748e-05
-2.93215     -3.14159    0.000191652
-2.72271     -3.14159    0.000280032
-2.51327     -3.14159    0.000348545
-2.30383     -3.14159    0.000341146
-2.0944     -3.14159    0.000289527
-1.88496     -3.14159    0.000257392
-1.67552     -3.14159    0.000254324
-1.46608     -3.14159    0.000266327
-1.25664     -3.14159    0.000191651
-1.0472     -3.14159    0.000106965
-0.837758     -3.14159    5.97567e-05
-0.628319     -3.14159    2.02964e-05
-0.418879     -3.14159    1.10092e-05
-0.20944     -3.14159    2.89546e-05
0     -3.14159    4.16009e-05
0.20944     -3.14159    2.89931e-05
0.418879     -3.14159    1.10084e-05
0.628319     -3.14159    2.03045e-05
0.837758     -3.14159    5.97608e-05
1.0472     -3.14159    0.000106962
1.25664     -3.14159    0.000191658
1.46608     -3.14159    0.00026634
1.67552     -3.14159    0.000254336
1.88496     -3.14159    0.000257415
2.0944     -3.14159    0.00028956
2.30383     -3.14159    0.000341175
2.51327     -3.14159    0.000348547
2.72271     -3.14159    0.000280036
2.93215     -3.14159    0.000191654
3.14159     -3.14159    9.98709e-05

-3.14159     -2.93215    5.70939e-05
-2.93215     -2.93215    0.000161055
-2.72271     -2.93215    0.000239991
-2.51327     -2.93215    0.000274795
-2.30383     -2.93215    0.000320552
-2.0944     -2.93215    0.000312983
-1.88496     -2.93215    0.000249886
-1.67552     -2.93215    0.000216795
-1.46608     -2.93215    0.000212782
-1.25664     -2.93215    0.000148429
-1.0472     -2.93215    4.91731e-05
-0.837758     -2.93215    8.21081e-06
-0.628319     -2.93215    5.09862e-05
-0.418879     -2.93215    8.4913e-05
-0.20944     -2.93215    0.000100754
0     -2.93215    9.77216e-05
0.20944     -2.93215    0.000100701
0.418879     -2.93215    8.49144e-05
0.628319     -2.93215    5.09972e-05
0.837758     -2.93215    8.19758e-06
1.0472     -2.93215    4.91837e-05
1.25664     -2.93215    0.000148444
1.46608     -2.93215    0.000212805
1.67552     -2.93215    0.000216826
1.88496     -2.93215    0.000249928
2.0944     -2.93215    0.000313034
2.30383     -2.93215    0.000320591
2.51327     -2.93215    0.000274822
2.72271     -2.93215    0.000240008
2.93215     -2.93215    0.000161054
3.14159     -2.93215    5.71086e-05

-3.14159     -2.72271    6.45038e-05
-2.93215     -2.72271    0.000178545
-2.72271     -2.72271    0.000252129
-2.51327     -2.72271    0.000245335
-2.30383     -2.72271    0.000223702
-2.0944     -2.72271    0.00023205
-1.88496     -2.72271    0.000217336
-1.67552     -2.72271    0.000193617
-1.46608     -2.72271    0.000177418
-1.25664     -2.72271    0.00013918
-1.0472     -2.72271    3.27904e-05
-0.837758     -2.72271    3.63172e-05
-0.628319     -2.72271    8.61337e-05
-0.418879     -2.72271    0.000106662
-0.20944     -2.72271    0.000124222
0     -2.72271    0.000140244
0.20944     -2.72271    0.000124278
0.418879     -2.72271    0.000106663
0.628319     -2.72271    8.61241e-05
0.837758     -2.72271    3.63119e-05
1.0472     -2.72271    3.28031e-05
1.25664     -2.72271    0.000139212
1.46608     -2.72271    0.00017746
1.67552     -2.72271    0.000193673
1.88496     -2.72271    0.00021739
2.0944     -2.72271    0.000232102
2.30383     -2.72271    0.000223747
2.51327     -2.72271    0.000245375
2.72271     -2.72271    0.000252131
2.93215     -2.72271    0.00017856
3.14159     -2.72271    6.45248e-05

-3.14159     -2.51327    8.42702e-05
-2.93215     -2.51327    0.000196739
-2.72271     -2.51327    0.000238411
-2.51327     -2.51327    0.000227206
-2.30383     -2.51327    0.000152508
-2.0944     -2.51327    0.000107023
-1.88496     -2.51327    0.000132989
-1.67552     -2.51327    0.000165777
-1.46608     -2.51327    0.000145743
-1.25664     -2.51327    0.00012603
-1.0472     -2.51327    1.57576e-05
-0.837758     -2.51327    5.99391e-05
-0.628319     -2.51327    0.000105668
-0.418879     -2.51327    0.000113417
-0.20944     -2.51327    0.000128108
0     -2.51327    0.000129116
0.20944     -2.51327    0.000128087
0.418879     -2.51327    0.000113419
0.628319     -2.51327    0.000105673
0.837758     -2.51327    5.99148e-05
1.0472     -2.51327    1.57856e-05
1.25664     -2.51327    0.000126085
1.46608     -2.51327    0.000145796
1.67552     -2.51327    0.000165831
1.88496     -2.51327    0.00013305
2.0944     -2.51327    0.000107078
2.30383     -2.51327    0.000152563
2.51327     -2.51327    0.000227247
2.72271     -2.51327    0.000238428
2.93215     -2.51327    0.000196758
3.14159     -2.51327    8.43031e-05

-3.14159     -2.30383    0.000126514
-2.93215     -2.30383    0.000207232
-2.72271     -2.30383    0.000204873
-2.51327     -2.30383    0.000128156
-2.30383     -2.30383    6.35352e-05
-2.0944     -2.30383    2.81404e-05
-1.88496     -2.30383    3.87119e-05
-1.67552     -2.30383    8.50364e-05
-1.46608     -2.30383    0.000117304
-1.25664     -2.30383    0.000102124
-1.0472     -2.30383    8.91515e-06
-0.837758     -2.30383    7.7704e-05
-0.628319     -2.30383    0.000120202
-0.418879     -2.30383    0.000136666
-0.20944     -2.30383    0.000136658
0     -2.30383    0.00015376
0.20944     -2.30383    0.000136651
0.418879     -2.30383    0.000136677
0.628319     -2.30383    0.000120205
0.837758     -2.30383    7.76969e-05
1.0472     -2.30383    8.93387e-06
1.25664     -2.30383    0.00010216
1.46608     -2.30383    0.00011736
1.67552     -2.30383    8.50912e-05
1.88496     -2.30383    3.87726e-05
2.0944     -2.30383    2.82063e-05
2.30383     -2.30383    6.35932e-05
2.51327     -2.30383    0.000128207
2.72271     -2.30383    0.000204906
2.93215     -2.30383    0.00020725
3.14159     -2.30383    0.000126546

-3.14159     -2.0944    0.000167203
-2.93215     -2.0944    0.00019306
-2.72271     -2.0944    0.000142434
-2.51327     -2.0944    5.34915e-05
-2.30383     -2.0944    1.32116e-05
-2.0944     -2.0944    3.97607e-05
-1.88496     -2.0944    3.10857e-05
-1.67552     -2.0944    2.0199e-05
-1.46608     -2.0944    2.89046e-05
-1.25664     -2.0944    5.7682e-05
-1.0472     -2.0944    1.56428e-06
-0.837758     -2.0944    7.29177e-05
-0.628319     -2.0944    0.00011793
-0.418879     -2.0944    0.000145495
-0.20944     -2.0944    0.000137887
0     -2.0944    0.000127665
0.20944     -2.0944    0.000137968
0.418879     -2.0944    0.00014547
0.628319     -2.0944    0.000117902
0.837758     -2.0944    7.29119e-05
1.0472     -2.0944    1.58934e-06
1.25664     -2.0944    5.77491e-05
1.46608     -2.0944    2.8988e-05
1.67552     -2.0944    2.01425e-05
1.88496     -2.0944    3.10217e-05
2.0944     -2.0944    3.97004e-05
2.30383     -2.0944    1.31574e-05
2.51327     -2.0944    5.35507e-05
2.72271     -2.0944    0.000142472
2.93215     -2.0944    0.000193087
3.14159     -2.0944    0.000167224

-3.14159     -1.88496    0.000186874
-2.93215     -1.88496    0.000164004
-2.72271     -1.88496    6.36037e-05
-2.51327     -1.88496    2.97947e-05
-2.30383     -1.88496    7.37758e-05
-2.0944     -1.88496    8.76166e-05
-1.88496     -1.88496    8.94392e-05
-1.67552     -1.88496    8.17371e-05
-1.46608     -1.88496    5.95996e-05
-1.25664     -1.88496    2.16257e-05
-1.0472     -1.88496    2.70304e-05
-0.837758     -1.88496    7.61924e-05
-0.628319     -1.88496    0.000120402
-0.418879     -1.88496    0.00013884
-0.20944     -1.88496    0.000131393
0     -1.88496    0.000139709
0.20944     -1.88496    0.00013126
0.418879     -1.88496    0.000138877
0.628319     -1.88496    0.00012044
0.837758     -1.88496    7.61777e-05
1.0472     -1.88496    2.69847e-05
1.25664     -1.88496    2.15676e-05
1.46608     -1.88496    5.95276e-05
1.67552     -1.88496    8.16788e-05
1.88496     -1.88496    8.9376e-05
2.0944     -1.88496    8.75476e-05
2.30383     -1.88496    7.37065e-05
2.51327     -1.88496    2.9734e-05
2.72271     -1.88496    6.36543e-05
2.93215     -1.88496    0.000164031
3.14159     -1.88496    0.000186898

-3.14159     -1.67552    0.000183006
-2.93215     -1.67552    0.000106125
-2.72271     -1.67552    1.02161e-05
-2.51327     -1.67552    7.83532e-05
-2.30383     -1.67552    0.000112362
-2.0944     -1.67552    0.000109404
-1.88496     -1.67552    0.000117978
-1.67552     -1.67552    0.000123583
-1.46608     -1.67552    9.88694e-05
-1.25664     -1.67552    7.80803e-05
-1.0472     -1.67552    5.53378e-05
-0.837758     -1.67552    6.98934e-05
-0.628319     -1.67552    0.000119365
-0.418879     -1.67552    0.000139085
-0.20944     -1.67552    0.000117642
0     -1.67552    0.000120518
0.20944     -1.67552    0.000117805
0.418879     -1.67552    0.000139111
0.628319     -1.67552    0.000119304
0.837758     -1.67552    6.98671e-05
1.0472     -1.67552    5.52887e-05
1.25664     -1.67552    7.80289e-05
1.46608     -1.67552    9.88255e-05
1.67552     -1.67552    0.000123519
1.88496     -1.67552    0.000117921
2.0944     -1.67552    0.000109336
2.30383     -1.67552    0.000112293
2.51327     -1.67552    7.82947e-05
2.72271     -1.67552    1.01584e-05
2.93215     -1.67552    0.000106161
3.14159     -1.67552    0.000183028

-3.14159     -1.46608    0.000156221
-2.93215     -1.46608    4.13752e-05
-2.72271     -1.46608    6.22786e-05
-2.51327     -1.46608    0.000102474
-2.30383     -1.46608    0.00012969
-2.0944     -1.46608    0.000126349
-1.88496     -1.46608    0.00012779
-1.67552     -1.46608    0.000145627
-1.46608     -1.46608    0.000134026
-1.25664     -1.46608    0.000119212
-1.0472     -1.46608    8.97243e-05
-0.837758     -1.46608    7.92083e-05
-0.628319     -1.46608    0.000111282
-0.418879     -1.46608    0.000135515
-0.20944     -1.46608    0.000106049
0     -1.46608    9.91472e-05
0.20944     -1.46608    0.00010578
0.418879     -1.46608    0.00013548
0.628319     -1.46608    0.000111341
0.837758     -1.46608    7.91713e-05
1.0472     -1.46608    8.97158e-05
1.25664     -1.46608    0.00011918
1.46608     -1.46608    0.000133972
1.67552     -1.46608    0.000145574
1.88496     -1.46608    0.000127726
2.0944     -1.46608    0.000126288
2.30383     -1.46608    0.000129636
2.51327     -1.46608    0.000102425
2.72271     -1.46608    6.22275e-05
2.93215     -1.46608    4.14207e-05
3.14159     -1.46608    0.000156245

-3.14159     -1.25664    0.000111276
-2.93215     -1.25664    1.74673e-06
-2.72271     -1.25664    8.11286e-05
-2.51327     -1.25664    0.000122571
-2.30383     -1.25664    0.000138765
-2.0944     -1.25664    0.000135045
-1.88496     -1.25664    0.000141132
-1.67552     -1.25664    0.000139196
-1.46608     -1.25664    0.000135822
-1.25664     -1.25664    0.000142108
-1.0472     -1.25664    0.000123402
-0.837758     -1.25664    0.000117306
-0.628319     -1.25664    0.000132703
-0.418879     -1.25664    0.000147096
-0.20944     -1.25664    0.000126882
0     -1.25664    0.000115499
0.20944     -1.25664    0.000127324
0.418879     -1.25664    0.000147173
0.628319     -1.25664    0.000132657
0.837758     -1.25664    0.000117298
1.0472     -1.25664    0.00012337
1.25664     -1.25664    0.000142068
1.46608     -1.25664    0.000135793
1.67552     -1.25664    0.000139156
1.88496     -1.25664    0.0001411
2.0944     -1.25664    0.000135014
2.30383     -1.25664    0.000138741
2.51327     -1.25664    0.000122537
2.72271     -1.25664    8.10929e-05
2.93215     -1.25664    1.70636e-06
3.14159     -1.25664    0.000111311

-3.14159     -1.0472    7.5857e-05
-2.93215     -1.0472    2.63048e-05
-2.72271     -1.0472    9.18177e-05
-2.51327     -1.0472    0.000110545
-2.30383     -1.0472    0.0001244
-2.0944     -1.0472    0.000133428
-1.88496     -1.0472    0.000141935
-1.67552     -1.0472    0.000131091
-1.46608     -1.0472    0.000128105
-1.25664     -1.0472    0.00011773
-1.0472     -1.0472    0.000135798
-0.837758     -1.0472    0.000138764
-0.628319     -1.0472    0.000157847
-0.418879     -1.0472    0.000171649
-0.20944     -1.0472    0.000164273
0     -1.0472    7.51986e-05
0.20944     -1.0472    0.000164021
0.418879     -1.0472    0.000171336
0.628319     -1.0472    0.000157898
0.837758     -1.0472    0.000138771
1.0472     -1.0472    0.000135779
1.25664     -1.0472    0.000117691
1.46608     -1.0472    0.000128067
1.67552     -1.0472    0.000131074
1.88496     -1.0472    0.000141923
2.0944     -1.0472    0.000133422
2.30383     -1.0472    0.000124404
2.51327     -1.0472    0.000110539
2.72271     -1.0472    9.17971e-05
2.93215     -1.0472    2.62698e-05
3.14159     -1.0472    7.58857e-05

-3.14159     -0.837758    6.02829e-05
-2.93215     -0.837758    1.76418e-05
-2.72271     -0.837758    7.80367e-05
-2.51327     -0.837758    0.000107688
-2.30383     -0.837758    0.000122954
-2.0944     -0.837758    0.000145345
-1.88496     -0.837758    0.000136944
-1.67552     -0.837758    0.000125881
-1.46608     -0.837758    0.00012584
-1.25664     -0.837758    0.000104077
-1.0472     -0.837758    0.000114476
-0.837758     -0.837758    0.000168342
-0.628319     -0.837758    0.000183393
-0.418879     -0.837758    0.000202201
-0.20944     -0.837758    0.000209663
0     -0.837758    0.00022405
0.20944     -0.837758    0.000209066
0.418879     -0.837758    0.00020252
0.628319     -0.837758    0.000183456
0.837758     -0.837758    0.000168342
1.0472     -0.837758    0.000114539
1.25664     -0.837758    0.000104081
1.46608     -0.837758    0.00012584
1.67552     -0.837758    0.000125874
1.88496     -0.837758    0.000136941
2.0944     -0.837758    0.000145342
2.30383     -0.837758    0.000122952
2.51327     -0.837758    0.000107694
2.72271     -0.837758    7.80391e-05
2.93215     -0.837758    1.76269e-05
3.14159     -0.837758    6.03019e-05

-3.14159     -0.628319    6.31018e-05
-2.93215     -0.628319    6.01015e-06
-2.72271     -0.628319    4.65498e-05
-2.51327     -0.628319    9.36336e-05
-2.30383     -0.628319    0.000122285
-2.0944     -0.628319    0.000137515
-1.88496     -0.628319    0.000139506
-1.67552     -0.628319    0.000133201
-1.46608     -0.628319    0.000109247
-1.25664     -0.628319    0.00010366
-1.0472     -0.628319    9.33699e-05
-0.837758     -0.628319    0.000133728
-0.628319     -0.628319    0.000207049
-0.418879     -0.628319    0.000239884
-0.20944     -0.628319    0.000266821
0     -0.628319    0.000178861
0.20944     -0.628319    0.000267664
0.418879     -0.628319    0.000240183
0.628319     -0.628319    0.000206758
0.837758     -0.628319    0.000133599
1.0472     -0.628319    9.34418e-05
1.25664     -0.628319    0.000103659
1.46608     -0.628319    0.000109287
1.67552     -0.628319    0.000133206
1.88496     -0.628319    0.000139527
2.0944     -0.628319    0.000137527
2.30383     -0.628319    0.000122286
2.51327     -0.628319    9.36243e-05
2.72271     -0.628319    4.65516e-05
2.93215     -0.628319    6.00539e-06
3.14159     -0.628319    6.31122e-05

-3.14159     -0.418879    0.000124889
-2.93215     -0.418879    6.66796e-05
-2.72271     -0.418879    1.71424e-06
-2.51327     -0.418879    5.55415e-05
-2.30383     -0.418879    9.01578e-05
-2.0944     -0.418879    0.00010765
-1.88496     -0.418879    0.000130455
-1.67552     -0.418879    0.000137469
-1.46608     -0.418879    0.000128926
-1.25664     -0.418879    0.000126527
-1.0472     -0.418879    0.000140104
-0.837758     -0.418879    0.000143841
-0.628319     -0.418879    0.00020315
-0.418879     -0.418879    0.000293883
-0.20944     -0.418879    0.000344567
0     -0.418879    0.000489859
0.20944     -0.418879    0.000345159
0.418879     -0.418879    0.000293672
0.628319     -0.418879    0.000203356
0.837758     -0.418879    0.00014368
1.0472     -0.418879    0.000140116
1.25664     -0.418879    0.000126555
1.46608     -0.418879    0.0001289
1.67552     -0.418879    0.000137488
1.88496     -0.418879    0.00013046
2.0944     -0.418879    0.00010765
2.30383     -0.418879    9.01563e-05
2.51327     -0.418879    5.55387e-05
2.72271     -0.418879    1.70336e-06
2.93215     -0.418879    6.6683e-05
3.14159     -0.418879    0.000124879

-3.14159     -0.20944    0.000182234
-2.93215     -0.20944    0.000143282
-2.72271     -0.20944    8.28251e-05
-2.51327     -0.20944    2.31424e-05
-2.30383     -0.20944    2.78374e-05
-2.0944     -0.20944    6.74684e-05
-1.88496     -0.20944    8.92848e-05
-1.67552     -0.20944    0.000107092
-1.46608     -0.20944    0.000133948
-1.25664     -0.20944    0.000154108
-1.0472     -0.20944    0.000182241
-0.837758     -0.20944    0.000213878
-0.628319     -0.20944    0.000244812
-0.418879     -0.20944    0.000353725
-0.20944     -0.20944    0.000496872
0     -0.20944    0.000483906
0.20944     -0.20944    0.000499168
0.418879     -0.20944    0.000355212
0.628319     -0.20944    0.000245063
0.837758     -0.20944    0.000213958
1.0472     -0.20944    0.000182143
1.25664     -0.20944    0.000154085
1.46608     -0.20944    0.000133963
1.67552     -0.20944    0.000107093
1.88496     -0.20944    8.9299e-05
2.0944     -0.20944    6.7466e-05
2.30383     -0.20944    2.78274e-05
2.51327     -0.20944    2.31206e-05
2.72271     -0.20944    8.28265e-05
2.93215     -0.20944    0.000143284
3.14159     -0.20944    0.00018222

-3.14159     0    0.000188203
-2.93215     0    0.00014851
-2.72271     0    0.000134819
-2.51327     0    8.02819e-05
-2.30383     0    1.25795e-05
-2.0944     0    3.71037e-05
-1.88496     0    5.9813e-05
-1.67552     0    8.18848e-05
-1.46608     0    0.000113044
-1.25664     0    0.00015383
-1.0472     0    0.000179208
-0.837758     0    0.000221667
-0.628319     0    0.000293033
-0.418879     0    0.000379145
-0.20944     0    0.000601548
0     0    8.10906e-16
0.20944     0    0.000601548
0.418879     0    0.000379145
0.628319     0    0.000293033
0.837758     0    0.000221667
1.0472     0    0.000179208
1.25664     0    0.00015383
1.46608     0    0.000113044
1.67552     0    8.18848e-05
1.88496     0    5.9813e-05
2.0944     0    3.71037e-05
2.30383     0    1.25795e-05
2.51327     0    8.02819e-05
2.72271     0    0.000134819
2.93215     0    0.00014851
3.14159     0    0.000188203

-3.14159     0.20944    0.00018222
-2.93215     0.20944    0.000143284
-2.72271     0.20944    8.28265e-05
-2.51327     0.20944    2.31206e-05
-2.30383     0.20944    2.78274e-05
-2.0944     0.20944    6.7466e-05
-1.88496     0.20944    8.9299e-05
-1.67552     0.20944    0.000107093
-1.46608     0.20944    0.000133963
-1.25664     0.20944    0.000154085
-1.0472     0.20944    0.000182143
-0.837758     0.20944    0.000213958
-0.628319     0.20944    0.000245063
-0.418879     0.20944    0.000355212
-0.20944     0.20944    0.000499168
0     0.20944    0.000483906
0.20944     0.20944    0.000496872
0.418879     0.20944    0.000353725
0.628319     0.20944    0.000244812
0.837758     0.20944    0.000213878
1.0472     0.20944    0.000182241
1.25664     0.20944    0.000154108
1.46608     0.20944    0.000133948
1.67552     0.20944    0.000107092
1.88496     0.20944    8.92848e-05
2.0944     0.20944    6.74684e-05
2.30383     0.20944    2.78374e-05
2.51327     0.20944    2.31424e-05
2.72271     0.20944    8.28251e-05
2.93215     0.20944    0.000143282
3.14159     0.20944    0.000182234

-3.14159     0.418879    0.000124879
-2.93215     0.418879    6.6683e-05
-2.72271     0.418879    1.70336e-06
-2.51327     0.418879    5.55387e-05
-2.30383     0.418879    9.01563e-05
-2.0944     0.418879    0.00010765
-1.88496     0.418879    0.00013046
-1.67552     0.418879    0.000137488
-1.46608     0.418879    0.0001289
-1.25664     0.418879    0.000126555
-1.0472     0.418879    0.000140116
-0.837758     0.418879    0.00014368
-0.628319     0.418879    0.000203356
-0.418879     0.418879    0.000293672
-0.20944     0.418879    0.000345159
0     0.418879    0.000489859
0.20944     0.418879    0.000344567
0.418879     0.418879    0.000293883
0.628319     0.418879    0.00020315
0.837758     0.418879    0.000143841
1.0472     0.418879    0.000140104
1.25664     0.418879    0.000126527
1.46608     0.418879    0.000128926
1.67552     0.418879    0.000137469
1.88496     0.418879    0.000130455
2.0944     0.418879    0.00010765
2.30383     0.418879    9.01578e-05
2.51327     0.418879    5.55415e-05
2.72271     0.418879    1.71424e-06
2.93215     0.418879    6.66796e-05
3.14159     0.418879    0.000124889

-3.14159     0.628319    6.31122e-05
-2.93215     0.628319    6.00539e-06
-2.72271     0.628319    4.65516e-05
-2.51327     0.628319    9.36243e-05
-2.30383     0.628319    0.000122286
-2.0944     0.628319    0.000137527
-1.88496     0.628319    0.000139527
-1.67552     0.628319    0.000133206
-1.46608     0.628319    0.000109287
-1.25664     0.628319    0.000103659
-1.0472     0.628319    9.34418e-05
-0.837758     0.628319    0.000133599
-0.628319     0.628319    0.000206758
-0.418879     0.628319    0.000240183
-0.20944     0.628319    0.000267664
0     0.628319    0.000178861
0.20944     0.628319    0.000266821
0.418879     0.628319    0.000239884
0.628319     0.628319    0.000207049
0.837758     0.628319    0.000133728
1.0472     0.628319    9.33699e-05
1.25664     0.628319    0.00010366
1.46608     0.628319    0.000109247
1.67552     0.628319    0.000133201
1.88496     0.628319    0.000139506
2.0944     0.628319    0.000137515
2.30383     0.628319    0.000122285
2.51327     0.628319    9.36336e-05
2.72271     0.628319    4.65498e-05
2.93215     0.628319    6.01015e-06
3.14159     0.628319    6.31018e-05

-3.14159     0.837758    6.03019e-05
-2.93215     0.837758    1.76269e-05
-2.72271     0.837758    7.80391e-05
-2.51327     0.837758    0.000107694
-2.30383     0.837758    0.000122952
-2.0944     0.837758    0.000145342
-1.88496     0.837758    0.000136941
-1.67552     0.837758    0.000125874
-1.46608     0.837758    0.00012584
-1.25664     0.837758    0.000104081
-1.0472     0.837758    0.000114539
-0.837758     0.837758    0.000168342
-0.628319     0.837758    0.000183456
-0.418879     0.837758    0.00020252
-0.20944     0.837758    0.000209066
0     0.837758    0.00022405
0.20944     0.837758    0.000209663
0.418879     0.837758    0.000202201
0.628319     0.837758    0.000183393
0.837758     0.837758    0.000168342
1.0472     0.837758    0.000114476
1.25664     0.837758    0.000104077
1.46608     0.837758    0.00012584
1.67552     0.837758    0.000125881
1.88496     0.837758    0.000136944
2.0944     0.837758    0.000145345
2.30383     0.837758    0.000122954
2.51327     0.837758    0.000107688
2.72271     0.837758    7.80367e-05
2.93215     0.837758    1.76418e-05
3.14159     0.837758    6.02829e-05

-3.14159     1.0472    7.58857e-05
-2.93215     1.0472    2.62698e-05
-2.72271     1.0472    9.17971e-05
-2.51327     1.0472    0.000110539
-2.30383     1.0472    0.000124404
-2.0944     1.0472    0.000133422
-1.88496     1.0472    0.000141923
-1.67552     1.0472    0.000131074
-1.46608     1.0472    0.000128067
-1.25664     1.0472    0.000117691
-1.0472     1.0472    0.000135779
-0.837758     1.0472    0.000138771
-0.628319     1.0472    0.000157898
-0.418879     1.0472    0.000171336
-0.20944     1.0472    0.000164021
0     1.0472    7.51986e-05
0.20944     1.0472    0.000164273
0.418879     1.0472    0.000171649
0.628319     1.0472    0.000157847
0.837758     1.0472    0.000138764
1.0472     1.0472    0.000135798
1.25664     1.0472    0.00011773
1.46608     1.0472    0.000128105
1.67552     1.0472    0.000131091
1.88496     1.0472    0.000141935
2.0944     1.0472    0.000133428
2.30383     1.0472    0.0001244
2.51327     1.0472    0.000110545
2.72271     1.0472    9.18177e-05
2.93215     1.0472    2.63048e-05
3.14159     1.0472    7.5857e-05

-3.14159     1.25664    0.000111311
-2.93215     1.25664    1.70636e-06
-2.72271     1.25664    8.10929e-05
-2.51327     1.25664    0.000122537
-2.30383     1.25664    0.000138741
-2.0944     1.25664    0.000135014
-1.88496     1.25664    0.0001411
-1.67552     1.25664    0.000139156
-1.46608     1.25664    0.000135793
-1.25664     1.25664    0.000142068
-1.0472     1.25664    0.00012337
-0.837758     1.25664    0.000117298
-0.628319     1.25664    0.000132657
-0.418879     1.25664    0.000147173
-0.20944     1.25664    0.000127324
0     1.25664    0.000115499
0.20944     1.25664    0.000126882
0.418879     1.25664    0.000147096
0.628319     1.25664    0.000132703
0.837758     1.25664    0.000117306
1.0472     1.25664    0.000123402
1.25664     1.25664    0.000142108
1.46608     1.25664    0.000135822
1.67552     1.25664    0.000139196
1.88496     1.25664    0.000141132
2.0944     1.25664    0.000135045
2.30383     1.25664    0.000138765
2.51327     1.25664    0.000122571
2.72271     1.25664    8.11286e-05
2.93215     1.25664    1.74673e-06
3.14159     1.25664    0.000111276

-3.14159     1.46608    0.000156245
-2.93215     1.46608    4.14207e-05
-2.72271     1.46608    6.22275e-05
-2.51327     1.46608    0.000102425
-2.30383     1.46608    0.000129636
-2.0944     1.46608    0.000126288
-1.88496     1.46608    0.000127726
-1.67552     1.46608    0.000145574
-1.46608     1.46608    0.000133972
-1.25664     1.46608    0.00011918
-1.0472     1.46608    8.97158e-05
-0.837758     1.46608    7.91713e-05
-0.628319     1.46608    0.000111341
-0.418879     1.46608    0.00013548
-0.20944     1.46608    0.00010578
0     1.46608    9.91472e-05
0.20944     1.46608    0.000106049
0.418879     1.46608    0.000135515
0.628319     1.46608    0.000111282
0.837758     1.46608    7.92083e-05
1.0472     1.46608    8.97243e-05
1.25664     1.46608    0.000119212
1.46608     1.46608    0.000134026
1.67552     1.46608    0.000145627
1.88496     1.46608    0.00012779
2.0944     1.46608    0.000126349
2.30383     1.46608    0.00012969
2.51327     1.46608    0.000102474
2.72271     1.46608    6.22786e-05
2.93215     1.46608    4.13752e-05
3.14159     1.46608    0.000156221

-3.14159     1.67552    0.000183028
-2.93215     1.67552    0.000106161
-2.72271     1.67552    1.01584e-05
-2.51327     1.67552    7.82947e-05
-2.30383     1.67552    0.000112293
-2.0944     1.67552    0.000109336
-1.88496     1.67552    0.000117921
-1.67552     1.67552    0.000123519
-1.46608     1.67552    9.88255e-05
-1.25664     1.67552    7.80289e-05
-1.0472     1.67552    5.52887e-05
-0.837758     1.67552    6.98671e-05
-0.628319     1.67552    0.000119304
-0.418879     1.67552    0.000139111
-0.20944     1.67552    0.000117805
0     1.67552    0.000120518
0.20944     1.67552    0.000117642
0.418879     1.67552    0.000139085
0.628319     1.67552    0.000119365
0.837758     1.67552    6.98934e-05
1.0472     1.67552    5.53378e-05
1.25664     1.67552    7.80803e-05
1.46608     1.67552    9.88694e-05
1.67552     1.67552    0.000123583
1.88496     1.67552    0.000117978
2.0944     1.67552    0.000109404
2.30383     1.67552    0.000112362
2.51327     1.67552    7.83532e-05
2.72271     1.67552    1.02161e-05
2.93215     1.67552    0.000106125
3.14159     1.67552    0.000183006

-3.14159     1.88496    0.000186898
-2.93215     1.88496    0.000164031
-2.72271     1.88496    6.36543e-05
-2.51327     1.88496    2.9734e-05
-2.30383     1.88496    7.37065e-05
-2.0944     1.88496    8.75476e-05
-1.88496     1.88496    8.9376e-05
-1.67552     1.88496    8.16788e-05
-1.46608     1.88496    5.95276e-05
-1.25664     1.88496    2.15676e-05
-1.0472     1.88496    2.69847e-05
-0.837758     1.88496    7.61777e-05
-0.628319     1.88496    0.00012044
-0.418879     1.88496    0.000138877
-0.20944     1.88496    0.00013126
0     1.88496    0.000139709
0.20944     1.88496    0.000131393
0.418879     1.88496    0.00013884
0.628319     1.88496    0.000120402
0.837758     1.88496    7.61924e-05
1.0472     1.88496    2.70304e-05
1.25664     1.88496    2.16257e-05
1.46608     1.88496    5.95996e-05
1.67552     1.88496    8.17371e-05
1.88496     1.88496    8.94392e-05
2.0944     1.88496    8.76166e-05
2.30383     1.88496    7.37758e-05
2.51327     1.88496    2.97947e-05
2.72271     1.88496    6.36037e-05
2.93215     1.88496    0.000164004
3.14159     1.88496    0.000186874

-3.14159     2.0944    0.000167224
-2.93215     2.0944    0.000193087
-2.72271     2.0944    0.000142472
-2.51327     2.0944    5.35507e-05
-2.30383     2.0944    1.31574e-05
-2.0944     2.0944    3.97004e-05
-1.88496     2.0944    3.10217e-05
-1.67552     2.0944    2.01425e-05
-1.46608     2.0944    2.8988e-05
-1.25664     2.0944    5.77491e-05
-1.0472     2.0944    1.58934e-06
-0.837758     2.0944    7.29119e-05
-0.628319     2.0944    0.000117902
-0.418879     2.0944    0.00014547
-0.20944     2.0944    0.000137968
0     2.0944    0.000127665
0.20944     2.0944    0.000137887
0.418879     2.0944    0.000145495
0.628319     2.0944    0.00011793
0.837758     2.0944    7.29177e-05
1.0472     2.0944    1.56428e-06
1.25664     2.0944    5.7682e-05
1.46608     2.0944    2.89046e-05
1.67552     2.0944    2.0199e-05
1.88496     2.0944    3.10857e-05
2.0944     2.0944    3.97607e-05
2.30383     2.0944    1.32116e-05
2.51327     2.0944    5.34915e-05
2.72271     2.0944    0.000142434
2.93215     2.0944    0.00019306
3.14159     2.0944    0.000167203

-3.14159     2.30383    0.000126546
-2.93215     2.30383    0.00020725
-2.72271     2.30383    0.000204906
-2.51327     2.30383    0.000128207
-2.30383     2.30383    6.35932e-05
-2.0944     2.30383    2.82063e-05
-1.88496     2.30383    3.87726e-05
-1.67552     2.30383    8.50912e-05
-1.46608     2.30383    0.00011736
-1.25664     2.30383    0.00010216
-1.0472     2.30383    8.93387e-06
-0.837758     2.30383    7.76969e-05
-0.628319     2.30383    0.000120205
-0.418879     2.30383    0.000136677
-0.20944     2.30383    0.000136651
0     2.30383    0.00015376
0.20944     2.30383    0.000136658
0.418879     2.30383    0.000136666
0.628319     2.30383    0.000120202
0.837758     2.30383    7.7704e-05
1.0472     2.30383    8.91515e-06
1.25664     2.30383    0.000102124
1.46608     2.30383    0.000117304
1.67552     2.30383    8.50364e-05
1.88496     2.30383    3.87119e-05
2.0944     2.30383    2.81404e-05
2.30383     2.30383    6.35352e-05
2.51327     2.30383    0.000128156
2.72271     2.30383    0.000204873
2.93215     2.30383    0.000207232
3.14159     2.30383    0.000126514

-3.14159     2.51327    8.43031e-05
-2.93215     2.51327    0.000196758
-2.72271     2.51327    0.000238428
-2.51327     2.51327    0.000227247
-2.30383     2.51327    0.000152563
-2.0944     2.51327    0.000107078
-1.88496     2.51327    0.00013305
-1.67552     2.51327    0.000165831
-1.46608     2.51327    0.000145796
-1.25664     2.51327    0.000126085
-1.0472     2.51327    1.57856e-05
-0.837758     2.51327    5.99148e-05
-0.628319     2.51327    0.000105673
-0.418879     2.51327    0.000113419
-0.20944     2.51327    0.000128087
0     2.51327    0.000129116
0.20944     2.51327    0.000128108
0.418879     2.51327    0.000113417
0.628319     2.51327    0.000105668
0.837758     2.51327    5.99391e-05
1.0472     2.51327    1.57576e-05
1.25664     2.51327    0.00012603
1.46608     2.51327    0.000145743
1.67552     2.51327    0.000165777
1.88496     2.51327    0.000132989
2.0944     2.51327    0.000107023
2.30383     2.51327    0.000152508
2.51327     2.51327    0.000227206
2.72271     2.51327    0.000238411
2.93215     2.51327    0.000196739
3.14159     2.51327    8.42702e-05

-3.14159     2.72271    6.45248e-05
-2.93215     2.72271    0.00017856
-2.72271     2.72271    0.000252131
-2.51327     2.72271    0.000245375
-2.30383     2.72271    0.000223747
-2.0944     2.72271    0.000232102
-1.88496     2.72271    0.00021739
-1.67552     2.72271    0.000193673
-1.46608     2.72271    0.00017746
-1.25664     2.72271    0.000139212
-1.0472     2.72271    3.28031e-05
-0.837758     2.72271    3.63119e-05
-0.628319     2.72271    8.61241e-05
-0.418879     2.72271    0.000106663
-0.20944     2.72271    0.000124278
0     2.72271    0.000140244
0.20944     2.72271    0.000124222
0.418879     2.72271    0.000106662
0.628319     2.72271    8.61337e-05
0.837758     2.72271    3.63172e-05
1.0472     2.72271    3.27904e-05
1.25664     2.72271    0.00013918
1.46608     2.72271    0.000177418
1.67552     2.72271    0.000193617
1.88496     2.72271    0.000217336
2.0944     2.72271    0.00023205
2.30383     2.72271    0.000223702
2.51327     2.72271    0.000245335
2.72271     2.72271    0.000252129
2.93215     2.72271    0.000178545
3.14159     2.72271    6.45038e-05

-3.14159     2.93215    5.71086e-05
-2.93215     2.93215    0.000161054
-2.72271     2.93215    0.000240008
-2.51327     2.93215    0.000274822
-2.30383     2.93215    0.000320591
-2.0944     2.93215    0.000313034
-1.88496     2.93215    0.000249928
-1.67552     2.93215    0.000216826
-1.46608     2.93215    0.000212805
-1.25664     2.93215    0.000148444
-1.0472     2.93215    4.91837e-05
-0.837758     2.93215    8.19758e-06
-0.628319     2.93215    5.09972e-05
-0.418879     2.93215    8.49144e-05
-0.20944     2.93215    0.000100701
0     2.93215    9.77216e-05
0.20944     2.93215    0.000100754
0.418879     2.93215    8.4913e-05
0.628319     2.93215    5.09862e-05
0.837758     2.93215    8.21081e-06
1.0472     2.93215    4.91731e-05
1.25664     2.93215    0.000148429
1.46608     2.93215    0.000212782
1.67552     2.93215    0.000216795
1.88496     2.93215    0.000249886
2.0944     2.93215    0.000312983
2.30383     2.93215    0.000320552
2.51327     2.93215    0.000274795
2.72271     2.93215    0.000239991
2.93215     2.93215    0.000161055
3.14159     2.93215    5.70939e-05

-3.14159     3.14159    9.98709e-05
-2.93215     3.14159    0.000191654
-2.72271     3.14159    0.000280036
-2.51327     3.14159    0.000348547
-2.30383     3.14159    0.000341175
-2.0944     3.14159    0.00028956
-1.88496     3.14159    0.000257415
-1.67552     3.14159    0.000254336
-1.46608     3.14159    0.00026634
-1.25664     3.14159    0.000191658
-1.0472     3.14159    0.000106962
-0.837758     3.14159    5.97608e-05
-0.628319     3.14159    2.03045e-05
-0.418879     3.14159    1.10084e-05
-0.20944     3.14159    2.89931e-05
0     3.14159    4.16009e-05
0.20944     3.14159    2.89546e-05
0.418879     3.14159    1.10092e-05
0.628319     3.14159    2.02964e-05
0.837758     3.14159    5.97567e-05
1.0472     3.14159    0.000106965
1.25664     3.14159    0.000191651
1.46608     3.14159    0.000266327
1.67552     3.14159    0.000254324
1.88496     3.14159    0.000257392
2.0944     3.14159    0.000289527
2.30383     3.14159    0.000341146
2.51327     3.14159    0.000348545
2.72271     3.14159    0.000280032
2.93215     3.14159    0.000191652
3.14159     3.14159    9.98748e-05

