-3.14159     -3.14159    1.90404e-06
-2.93215     -3.14159    5.71642e-06
-2.72271     -3.14159    1.3156e-05
-2.51327     -3.14159    1.83841e-05
-2.30383     -3.14159    2.0863e-05
-2.0944     -3.14159    2.14192e-05
-1.88496     -3.14159    2.08379e-05
-1.67552     -3.14159    1.88644e-05
-1.46608     -3.14159    1.40586e-05
-1.25664     -3.14159    5.74603e-06
-1.0472     -3.14159    3.51441e-06
-0.837758     -3.14159    1.10089e-05
-0.628319     -3.14159    1.60278e-05
-0.418879     -3.14159    1.89279e-05
-0.20944     -3.14159    2.02783e-05
0     -3.14159    2.07016e-05
0.20944     -3.14159    2.02179e-05
0.418879     -3.14159    1.89277e-05
0.628319     -3.14159    1.60262e-05
0.837758     -3.14159    1.10096e-05
1.0472     -3.14159    3.51427e-06
1.25664     -3.14159    5.74584e-06
1.46608     -3.14159    1.40582e-05
1.67552     -3.14159    1.88655e-05
1.88496     -3.14159    2.08362e-05
2.0944     -3.14159    2.14177e-05
2.30383     -3.14159    2.08672e-05
2.51327     -3.14159    1.83851e-05
2.72271     -3.14159    1.31567e-05
2.93215     -3.14159    5.71652e-06
3.14159     -3.14159    1.90474e-06

-3.14159     -2.93215    7.9084e-06
-2.93215     -2.93215    2.9358e-07
-2.72271     -2.93215    7.24837e-06
-2.51327     -2.93215    1.2679e-05
-2.30383     -2.93215    1.57158e-05
-2.0944     -2.93215    1.69671e-05
-1.88496     -2.93215    1.67696e-05
-1.67552     -2.93215    1.4957e-05
-1.46608     -2.93215    1.04501e-05
-1.25664     -2.93215    2.45568e-06
-1.0472     -2.93215    6.70578e-06
-0.837758     -2.93215    1.37803e-05
-0.628319     -2.93215    1.79709e-05
-0.418879     -2.93215    1.99663e-05
-0.20944     -2.93215    2.07415e-05
0     -2.93215    2.09505e-05
0.20944     -2.93215    2.08215e-05
0.418879     -2.93215    1.99697e-05
0.628319     -2.93215    1.7972e-05
0.837758     -2.93215    1.37804e-05
1.0472     -2.93215    6.70502e-06
1.25664     -2.93215    2.45625e-06
1.46608     -2.93215    1.04505e-05
1.67552     -2.93215    1.49577e-05
1.88496     -2.93215    1.67705e-05
2.0944     -2.93215    1.6967e-05
2.30383     -2.93215    1.57147e-05
2.51327     -2.93215    1.26792e-05
2.72271     -2.93215    7.24859e-06
2.93215     -2.93215    2.94831e-07
3.14159     -2.93215    7.9093e-06

-3.14159     -2.72271    1.18744e-05
-2.93215     -2.72271    4.92212e-06
-2.72271     -2.72271    1.41373e-06
-2.51327     -2.72271    5.31483e-06
-2.30383     -2.72271    7.31743e-06
-2.0944     -2.72271    8.72095e-06
-1.88496     -2.72271    9.8207e-06
-1.67552     -2.72271    9.70697e-06
-1.46608     -2.72271    6.85703e-06
-1.25664     -2.72271    2.12547e-07
-1.0472     -2.72271    8.26836e-06
-0.837758     -2.72271    1.47533e-05
-0.628319     -2.72271    1.8124e-05
-0.418879     -2.72271    1.93126e-05
-0.20944     -2.72271    1.95602e-05
0     -2.72271    1.94682e-05
0.20944     -2.72271    1.94801e-05
0.418879     -2.72271    1.93056e-05
0.628319     -2.72271    1.81213e-05
0.837758     -2.72271    1.47522e-05
1.0472     -2.72271    8.26745e-06
1.25664     -2.72271    2.12669e-07
1.46608     -2.72271    6.85881e-06
1.67552     -2.72271    9.70705e-06
1.88496     -2.72271    9.81954e-06
2.0944     -2.72271    8.72017e-06
2.30383     -2.72271    7.31828e-06
2.51327     -2.72271    5.31269e-06
2.72271     -2.72271    1.41402e-06
2.93215     -2.72271    4.92357e-06
3.14159     -2.72271    1.18743e-05

-3.14159     -2.51327    1.40686e-05
-2.93215     -2.51327    8.24929e-06
-2.72271     -2.51327    4.04911e-06
-2.51327     -2.51327    2.52316e-06
-2.30383     -2.51327    2.22624e-06
-2.0944     -2.51327    1.25223e-06
-1.88496     -2.51327    9.27008e-07
-1.67552     -2.51327    3.06434e-06
-1.46608     -2.51327    2.77426e-06
-1.25664     -2.51327    1.62573e-06
-1.0472     -2.51327    8.84388e-06
-0.837758     -2.51327    1.47353e-05
-0.628319     -2.51327    1.75481e-05
-0.418879     -2.51327    1.82431e-05
-0.20944     -2.51327    1.81018e-05
0     -2.51327    1.81454e-05
0.20944     -2.51327    1.81499e-05
0.418879     -2.51327    1.82523e-05
0.628319     -2.51327    1.7549e-05
0.837758     -2.51327    1.47363e-05
1.0472     -2.51327    8.84307e-06
1.25664     -2.51327    1.62502e-06
1.46608     -2.51327    2.77481e-06
1.67552     -2.51327    3.065e-06
1.88496     -2.51327    9.27941e-07
2.0944     -2.51327    1.25423e-06
2.30383     -2.51327    2.22757e-06
2.51327     -2.51327    2.52371e-06
2.72271     -2.51327    4.05009e-06
2.93215     -2.51327    8.25032e-06
3.14159     -2.51327    1.40691e-05

-3.14159     -2.30383    1.49025e-05
-2.93215     -2.30383    1.07932e-05
-2.72271     -2.30383    9.30755e-06
-2.51327     -2.30383    1.00159e-05
-2.30383     -2.30383    1.0743e-05
-2.0944     -2.30383    1.00552e-05
-1.88496     -2.30383    7.73396e-06
-1.67552     -2.30383    4.4969e-06
-1.46608     -2.30383    2.43108e-06
-1.25664     -2.30383    4.04776e-06
-1.0472     -2.30383    9.25119e-06
-0.837758     -2.30383    1.43987e-05
-0.628319     -2.30383    1.68935e-05
-0.418879     -2.30383    1.73058e-05
-0.20944     -2.30383    1.70005e-05
0     -2.30383    1.66017e-05
0.20944     -2.30383    1.7016e-05
0.418879     -2.30383    1.72957e-05
0.628319     -2.30383    1.68932e-05
0.837758     -2.30383    1.43959e-05
1.0472     -2.30383    9.251e-06
1.25664     -2.30383    4.0472e-06
1.46608     -2.30383    2.42962e-06
1.67552     -2.30383    4.49583e-06
1.88496     -2.30383    7.73298e-06
2.0944     -2.30383    1.00555e-05
2.30383     -2.30383    1.0743e-05
2.51327     -2.30383    1.00156e-05
2.72271     -2.30383    9.30932e-06
2.93215     -2.30383    1.07948e-05
3.14159     -2.30383    1.49033e-05

-3.14159     -2.0944    1.48876e-05
-2.93215     -2.0944    1.31072e-05
-2.72271     -2.0944    1.41172e-05
-2.51327     -2.0944    1.59483e-05
-2.30383     -2.0944    1.66503e-05
-2.0944     -2.0944    1.59105e-05
-1.88496     -2.0944    1.40015e-05
-1.67552     -2.0944    1.11749e-05
-1.46608     -2.0944    8.25244e-06
-1.25664     -2.0944    7.46601e-06
-1.0472     -2.0944    1.01598e-05
-0.837758     -2.0944    1.41359e-05
-0.628319     -2.0944    1.64192e-05
-0.418879     -2.0944    1.68334e-05
-0.20944     -2.0944    1.64622e-05
0     -2.0944    1.64395e-05
0.20944     -2.0944    1.63575e-05
0.418879     -2.0944    1.68404e-05
0.628319     -2.0944    1.64162e-05
0.837758     -2.0944    1.41351e-05
1.0472     -2.0944    1.01577e-05
1.25664     -2.0944    7.46611e-06
1.46608     -2.0944    8.25061e-06
1.67552     -2.0944    1.1173e-05
1.88496     -2.0944    1.40018e-05
2.0944     -2.0944    1.59114e-05
2.30383     -2.0944    1.66495e-05
2.51327     -2.0944    1.59491e-05
2.72271     -2.0944    1.41171e-05
2.93215     -2.0944    1.31081e-05
3.14159     -2.0944    1.48889e-05

-3.14159     -1.88496    1.46769e-05
-2.93215     -1.88496    1.5377e-05
-2.72271     -1.88496    1.78819e-05
-2.51327     -1.88496    1.95307e-05
-2.30383     -1.88496    1.95367e-05
-2.0944     -1.88496    1.85784e-05
-1.88496     -1.88496    1.71646e-05
-1.67552     -1.88496    1.53232e-05
-1.46608     -1.88496    1.3051e-05
-1.25664     -1.88496    1.12953e-05
-1.0472     -1.88496    1.18016e-05
-0.837758     -1.88496    1.42287e-05
-0.628319     -1.88496    1.61647e-05
-0.418879     -1.88496    1.66027e-05
-0.20944     -1.88496    1.62614e-05
0     -1.88496    1.59213e-05
0.20944     -1.88496    1.64679e-05
0.418879     -1.88496    1.65946e-05
0.628319     -1.88496    1.61696e-05
0.837758     -1.88496    1.42279e-05
1.0472     -1.88496    1.18008e-05
1.25664     -1.88496    1.12944e-05
1.46608     -1.88496    1.30504e-05
1.67552     -1.88496    1.53236e-05
1.88496     -1.88496    1.71644e-05
2.0944     -1.88496    1.85787e-05
2.30383     -1.88496    1.95373e-05
2.51327     -1.88496    1.95314e-05
2.72271     -1.88496    1.78822e-05
2.93215     -1.88496    1.53783e-05
3.14159     -1.88496    1.46782e-05

-3.14159     -1.67552    1.47293e-05
-2.93215     -1.67552    1.74379e-05
-2.72271     -1.67552    2.013e-05
-2.51327     -1.67552    2.08778e-05
-2.30383     -1.67552    2.01409e-05
-2.0944     -1.67552    1.898e-05
-1.88496     -1.67552    1.79191e-05
-1.67552     -1.67552    1.69342e-05
-1.46608     -1.67552    1.57406e-05
-1.25664     -1.67552    1.43683e-05
-1.0472     -1.67552    1.37891e-05
-0.837758     -1.67552    1.47376e-05
-0.628319     -1.67552    1.60835e-05
-0.418879     -1.67552    1.6607e-05
-0.20944     -1.67552    1.64949e-05
0     -1.67552    1.63554e-05
0.20944     -1.67552    1.61902e-05
0.418879     -1.67552    1.66093e-05
0.628319     -1.67552    1.60743e-05
0.837758     -1.67552    1.4736e-05
1.0472     -1.67552    1.37876e-05
1.25664     -1.67552    1.43683e-05
1.46608     -1.67552    1.57396e-05
1.67552     -1.67552    1.69338e-05
1.88496     -1.67552    1.79198e-05
2.0944     -1.67552    1.89803e-05
2.30383     -1.67552    2.01406e-05
2.51327     -1.67552    2.08782e-05
2.72271     -1.67552    2.013e-05
2.93215     -1.67552    1.74398e-05
3.14159     -1.67552    1.47307e-05

-3.14159     -1.46608    1.49447e-05
-2.93215     -1.46608    1.87688e-05
-2.72271     -1.46608    2.09197e-05
-2.51327     -1.46608    2.08097e-05
-2.30383     -1.46608    1.96104e-05
-2.0944     -1.46608    1.83352e-05
-1.88496     -1.46608    1.74595e-05
-1.67552     -1.46608    1.69949e-05
-1.46608     -1.46608    1.66333e-05
-1.25664     -1.46608    1.60502e-05
-1.0472     -1.46608    1.54304e-05
-0.837758     -1.46608    1.54489e-05
-0.628319     -1.46608    1.60853e-05
-0.418879     -1.46608    1.64933e-05
-0.20944     -1.46608    1.62902e-05
0     -1.46608    1.64009e-05
0.20944     -1.46608    1.66652e-05
0.418879     -1.46608    1.64966e-05
0.628319     -1.46608    1.60928e-05
0.837758     -1.46608    1.54497e-05
1.0472     -1.46608    1.5431e-05
1.25664     -1.46608    1.60496e-05
1.46608     -1.46608    1.66356e-05
1.67552     -1.46608    1.69925e-05
1.88496     -1.46608    1.74585e-05
2.0944     -1.46608    1.83354e-05
2.30383     -1.46608    1.96114e-05
2.51327     -1.46608    2.08103e-05
2.72271     -1.46608    2.09199e-05
2.93215     -1.46608    1.877e-05
3.14159     -1.46608    1.49458e-05

-3.14159     -1.25664    1.47576e-05
-2.93215     -1.25664    1.90035e-05
-2.72271     -1.25664    2.06443e-05
-2.51327     -1.25664    2.01387e-05
-2.30383     -1.25664    1.8795e-05
-2.0944     -1.25664    1.75306e-05
-1.88496     -1.25664    1.67402e-05
-1.67552     -1.25664    1.65007e-05
-1.46608     -1.25664    1.6557e-05
-1.25664     -1.25664    1.65836e-05
-1.0472     -1.25664    1.62923e-05
-0.837758     -1.25664    1.59957e-05
-0.628319     -1.25664    1.59944e-05
-0.418879     -1.25664    1.60287e-05
-0.20944     -1.25664    1.6105e-05
0     -1.25664    1.5533e-05
0.20944     -1.25664    1.57354e-05
0.418879     -1.25664    1.60251e-05
0.628319     -1.25664    1.59827e-05
0.837758     -1.25664    1.5993e-05
1.0472     -1.25664    1.62918e-05
1.25664     -1.25664    1.65841e-05
1.46608     -1.25664    1.65606e-05
1.67552     -1.25664    1.65016e-05
1.88496     -1.25664    1.67402e-05
2.0944     -1.25664    1.75302e-05
2.30383     -1.25664    1.87954e-05
2.51327     -1.25664    2.01395e-05
2.72271     -1.25664    2.06456e-05
2.93215     -1.25664    1.90039e-05
3.14159     -1.25664    1.47582e-05

-3.14159     -1.0472    1.3531e-05
-2.93215     -1.0472    1.809e-05
-2.72271     -1.0472    1.9714e-05
-2.51327     -1.0472    1.93258e-05
-2.30383     -1.0472    1.81782e-05
-2.0944     -1.0472    1.70411e-05
-1.88496     -1.0472    1.63405e-05
-1.67552     -1.0472    1.61291e-05
-1.46608     -1.0472    1.62955e-05
-1.25664     -1.0472    1.65142e-05
-1.0472     -1.0472    1.64572e-05
-0.837758     -1.0472    1.60292e-05
-0.628319     -1.0472    1.55446e-05
-0.418879     -1.0472    1.51944e-05
-0.20944     -1.0472    1.47179e-05
0     -1.0472    1.52504e-05
0.20944     -1.0472    1.5e-05
0.418879     -1.0472    1.5212e-05
0.628319     -1.0472    1.55491e-05
0.837758     -1.0472    1.60334e-05
1.0472     -1.0472    1.64585e-05
1.25664     -1.0472    1.65146e-05
1.46608     -1.0472    1.62939e-05
1.67552     -1.0472    1.61303e-05
1.88496     -1.0472    1.63407e-05
2.0944     -1.0472    1.70409e-05
2.30383     -1.0472    1.81794e-05
2.51327     -1.0472    1.9326e-05
2.72271     -1.0472    1.97143e-05
2.93215     -1.0472    1.809e-05
3.14159     -1.0472    1.35312e-05

-3.14159     -0.837758    1.08211e-05
-2.93215     -0.837758    1.58525e-05
-2.72271     -0.837758    1.81098e-05
-2.51327     -0.837758    1.83816e-05
-2.30383     -0.837758    1.77563e-05
-2.0944     -0.837758    1.69737e-05
-1.88496     -0.837758    1.63968e-05
-1.67552     -0.837758    1.61719e-05
-1.46608     -0.837758    1.62579e-05
-1.25664     -0.837758    1.63477e-05
-1.0472     -0.837758    1.61801e-05
-0.837758     -0.837758    1.5563e-05
-0.628319     -0.837758    1.4562e-05
-0.418879     -0.837758    1.34654e-05
-0.20944     -0.837758    1.28579e-05
0     -0.837758    1.15717e-05
0.20944     -0.837758    1.27763e-05
0.418879     -0.837758    1.34367e-05
0.628319     -0.837758    1.45533e-05
0.837758     -0.837758    1.55659e-05
1.0472     -0.837758    1.6185e-05
1.25664     -0.837758    1.6348e-05
1.46608     -0.837758    1.62583e-05
1.67552     -0.837758    1.61725e-05
1.88496     -0.837758    1.63972e-05
2.0944     -0.837758    1.69728e-05
2.30383     -0.837758    1.77567e-05
2.51327     -0.837758    1.83819e-05
2.72271     -0.837758    1.8111e-05
2.93215     -0.837758    1.58532e-05
3.14159     -0.837758    1.08212e-05

-3.14159     -0.628319    6.18712e-06
-2.93215     -0.628319    1.19507e-05
-2.72271     -0.628319    1.52551e-05
-2.51327     -0.628319    1.67005e-05
-2.30383     -0.628319    1.70166e-05
-2.0944     -0.628319    1.68659e-05
-1.88496     -0.628319    1.6633e-05
-1.67552     -0.628319    1.64905e-05
-1.46608     -0.628319    1.64164e-05
-1.25664     -0.628319    1.6272e-05
-1.0472     -0.628319    1.57134e-05
-0.837758     -0.628319    1.46537e-05
-0.628319     -0.628319    1.31005e-05
-0.418879     -0.628319    1.15326e-05
-0.20944     -0.628319    1.01522e-05
0     -0.628319    1.09826e-05
0.20944     -0.628319    9.9712e-06
0.418879     -0.628319    1.15936e-05
0.628319     -0.628319    1.30863e-05
0.837758     -0.628319    1.46465e-05
1.0472     -0.628319    1.57095e-05
1.25664     -0.628319    1.62694e-05
1.46608     -0.628319    1.64197e-05
1.67552     -0.628319    1.64913e-05
1.88496     -0.628319    1.66342e-05
2.0944     -0.628319    1.68656e-05
2.30383     -0.628319    1.70166e-05
2.51327     -0.628319    1.67011e-05
2.72271     -0.628319    1.52565e-05
2.93215     -0.628319    1.19506e-05
3.14159     -0.628319    6.18826e-06

-3.14159     -0.418879    2.75284e-07
-2.93215     -0.418879    5.90099e-06
-2.72271     -0.418879    1.04013e-05
-2.51327     -0.418879    1.3327e-05
-2.30383     -0.418879    1.50389e-05
-2.0944     -0.418879    1.59266e-05
-1.88496     -0.418879    1.63666e-05
-1.67552     -0.418879    1.65541e-05
-1.46608     -0.418879    1.65092e-05
-1.25664     -0.418879    1.6145e-05
-1.0472     -0.418879    1.52398e-05
-0.837758     -0.418879    1.36298e-05
-0.628319     -0.418879    1.13833e-05
-0.418879     -0.418879    8.84271e-06
-0.20944     -0.418879    7.08229e-06
0     -0.418879    4.39598e-06
0.20944     -0.418879    7.34709e-06
0.418879     -0.418879    8.83698e-06
0.628319     -0.418879    1.14477e-05
0.837758     -0.418879    1.36308e-05
1.0472     -0.418879    1.52443e-05
1.25664     -0.418879    1.61424e-05
1.46608     -0.418879    1.65083e-05
1.67552     -0.418879    1.65533e-05
1.88496     -0.418879    1.63668e-05
2.0944     -0.418879    1.59272e-05
2.30383     -0.418879    1.50407e-05
2.51327     -0.418879    1.3328e-05
2.72271     -0.418879    1.04009e-05
2.93215     -0.418879    5.90004e-06
3.14159     -0.418879    2.75079e-07

-3.14159     -0.20944    6.28231e-06
-2.93215     -0.20944    5.26634e-07
-2.72271     -0.20944    4.47656e-06
-2.51327     -0.20944    8.55332e-06
-2.30383     -0.20944    1.16448e-05
-2.0944     -0.20944    1.38103e-05
-1.88496     -0.20944    1.51854e-05
-1.67552     -0.20944    1.59671e-05
-1.46608     -0.20944    1.62166e-05
-1.25664     -0.20944    1.58529e-05
-1.0472     -0.20944    1.47589e-05
-0.837758     -0.20944    1.28145e-05
-0.628319     -0.20944    1.00269e-05
-0.418879     -0.20944    7.2257e-06
-0.20944     -0.20944    7.62899e-06
0     -0.20944    3.67363e-06
0.20944     -0.20944    1.98817e-06
0.418879     -0.20944    6.99337e-06
0.628319     -0.20944    9.99363e-06
0.837758     -0.20944    1.28205e-05
1.0472     -0.20944    1.47727e-05
1.25664     -0.20944    1.58635e-05
1.46608     -0.20944    1.62163e-05
1.67552     -0.20944    1.59667e-05
1.88496     -0.20944    1.51864e-05
2.0944     -0.20944    1.38101e-05
2.30383     -0.20944    1.16452e-05
2.51327     -0.20944    8.55492e-06
2.72271     -0.20944    4.47642e-06
2.93215     -0.20944    5.2628e-07
3.14159     -0.20944    6.2828e-06

-3.14159     0    8.70204e-06
-2.93215     0    3.33737e-06
-2.72271     0    1.56891e-06
-2.51327     0    6.02359e-06
-2.30383     0    9.70033e-06
-2.0944     0    1.24723e-05
-1.88496     0    1.43844e-05
-1.67552     0    1.55001e-05
-1.46608     0    1.59463e-05
-1.25664     0    1.56729e-05
-1.0472     0    1.45135e-05
-0.837758     0    1.24502e-05
-0.628319     0    9.47427e-06
-0.418879     0    7.30125e-06
-0.20944     0    5.19937e-06
0     0    5.42782e-17
0.20944     0    5.19937e-06
0.418879     0    7.30125e-06
0.628319     0    9.47427e-06
0.837758     0    1.24502e-05
1.0472     0    1.45135e-05
1.25664     0    1.56729e-05
1.46608     0    1.59463e-05
1.67552     0    1.55001e-05
1.88496     0    1.43844e-05
2.0944     0    1.24723e-05
2.30383     0    9.70033e-06
2.51327     0    6.02359e-06
2.72271     0    1.56891e-06
2.93215     0    3.33737e-06
3.14159     0    8.70204e-06

-3.14159     0.20944    6.2828e-06
-2.93215     0.20944    5.2628e-07
-2.72271     0.20944    4.47642e-06
-2.51327     0.20944    8.55492e-06
-2.30383     0.20944    1.16452e-05
-2.0944     0.20944    1.38101e-05
-1.88496     0.20944    1.51864e-05
-1.67552     0.20944    1.59667e-05
-1.46608     0.20944    1.62163e-05
-1.25664     0.20944    1.58635e-05
-1.0472     0.20944    1.47727e-05
-0.837758     0.20944    1.28205e-05
-0.628319     0.20944    9.99363e-06
-0.418879     0.20944    6.99337e-06
-0.20944     0.20944    1.98817e-06
0     0.20944    3.67363e-06
0.20944     0.20944    7.62899e-06
0.418879     0.20944    7.2257e-06
0.628319     0.20944    1.00269e-05
0.837758     0.20944    1.28145e-05
1.0472     0.20944    1.47589e-05
1.25664     0.20944    1.58529e-05
1.46608     0.20944    1.62166e-05
1.67552     0.20944    1.59671e-05
1.88496     0.20944    1.51854e-05
2.0944     0.20944    1.38103e-05
2.30383     0.20944    1.16448e-05
2.51327     0.20944    8.55332e-06
2.72271     0.20944    4.47656e-06
2.93215     0.20944    5.26634e-07
3.14159     0.20944    6.28231e-06

-3.14159     0.418879    2.75079e-07
-2.93215     0.418879    5.90004e-06
-2.72271     0.418879    1.04009e-05
-2.51327     0.418879    1.3328e-05
-2.30383     0.418879    1.50407e-05
-2.0944     0.418879    1.59272e-05
-1.88496     0.418879    1.63668e-05
-1.67552     0.418879    1.65533e-05
-1.46608     0.418879    1.65083e-05
-1.25664     0.418879    1.61424e-05
-1.0472     0.418879    1.52443e-05
-0.837758     0.418879    1.36308e-05
-0.628319     0.418879    1.14477e-05
-0.418879     0.418879    8.83698e-06
-0.20944     0.418879    7.34709e-06
0     0.418879    4.39598e-06
0.20944     0.418879    7.08229e-06
0.418879     0.418879    8.84271e-06
0.628319     0.418879    1.13833e-05
0.837758     0.418879    1.36298e-05
1.0472     0.418879    1.52398e-05
1.25664     0.418879    1.6145e-05
1.46608     0.418879    1.65092e-05
1.67552     0.418879    1.65541e-05
1.88496     0.418879    1.63666e-05
2.0944     0.418879    1.59266e-05
2.30383     0.418879    1.50389e-05
2.51327     0.418879    1.3327e-05
2.72271     0.418879    1.04013e-05
2.93215     0.418879    5.90099e-06
3.14159     0.418879    2.75284e-07

-3.14159     0.628319    6.18826e-06
-2.93215     0.628319    1.19506e-05
-2.72271     0.628319    1.52565e-05
-2.51327     0.628319    1.67011e-05
-2.30383     0.628319    1.70166e-05
-2.0944     0.628319    1.68656e-05
-1.88496     0.628319    1.66342e-05
-1.67552     0.628319    1.64913e-05
-1.46608     0.628319    1.64197e-05
-1.25664     0.628319    1.62694e-05
-1.0472     0.628319    1.57095e-05
-0.837758     0.628319    1.46465e-05
-0.628319     0.628319    1.30863e-05
-0.418879     0.628319    1.15936e-05
-0.20944     0.628319    9.9712e-06
0     0.628319    1.09826e-05
0.20944     0.628319    1.01522e-05
0.418879     0.628319    1.15326e-05
0.628319     0.628319    1.31005e-05
0.837758     0.628319    1.46537e-05
1.0472     0.628319    1.57134e-05
1.25664     0.628319    1.6272e-05
1.46608     0.628319    1.64164e-05
1.67552     0.628319    1.64905e-05
1.88496     0.628319    1.6633e-05
2.0944     0.628319    1.68659e-05
2.30383     0.628319    1.70166e-05
2.51327     0.628319    1.67005e-05
2.72271     0.628319    1.52551e-05
2.93215     0.628319    1.19507e-05
3.14159     0.628319    6.18712e-06

-3.14159     0.837758    1.08212e-05
-2.93215     0.837758    1.58532e-05
-2.72271     0.837758    1.8111e-05
-2.51327     0.837758    1.83819e-05
-2.30383     0.837758    1.77567e-05
-2.0944     0.837758    1.69728e-05
-1.88496     0.837758    1.63972e-05
-1.67552     0.837758    1.61725e-05
-1.46608     0.837758    1.62583e-05
-1.25664     0.837758    1.6348e-05
-1.0472     0.837758    1.6185e-05
-0.837758     0.837758    1.55659e-05
-0.628319     0.837758    1.45533e-05
-0.418879     0.837758    1.34367e-05
-0.20944     0.837758    1.27763e-05
0     0.837758    1.15717e-05
0.20944     0.837758    1.28579e-05
0.418879     0.837758    1.34654e-05
0.628319     0.837758    1.4562e-05
0.837758     0.837758    1.5563e-05
1.0472     0.837758    1.61801e-05
1.25664     0.837758    1.63477e-05
1.46608     0.837758    1.62579e-05
1.67552     0.837758    1.61719e-05
1.88496     0.837758    1.63968e-05
2.0944     0.837758    1.69737e-05
2.30383     0.837758    1.77563e-05
2.51327     0.837758    1.83816e-05
2.72271     0.837758    1.81098e-05
2.93215     0.837758    1.58525e-05
3.14159     0.837758    1.08211e-05

-3.14159     1.0472    1.35312e-05
-2.93215     1.0472    1.809e-05
-2.72271     1.0472    1.97143e-05
-2.51327     1.0472    1.9326e-05
-2.30383     1.0472    1.81794e-05
-2.0944     1.0472    1.70409e-05
-1.88496     1.0472    1.63407e-05
-1.67552     1.0472    1.61303e-05
-1.46608     1.0472    1.62939e-05
-1.25664     1.0472    1.65146e-05
-1.0472     1.0472    1.64585e-05
-0.837758     1.0472    1.60334e-05
-0.628319     1.0472    1.55491e-05
-0.418879     1.0472    1.5212e-05
-0.20944     1.0472    1.5e-05
0     1.0472    1.52504e-05
0.20944     1.0472    1.47179e-05
0.418879     1.0472    1.51944e-05
0.628319     1.0472    1.55446e-05
0.837758     1.0472    1.60292e-05
1.0472     1.0472    1.64572e-05
1.25664     1.0472    1.65142e-05
1.46608     1.0472    1.62955e-05
1.67552     1.0472    1.61291e-05
1.88496     1.0472    1.63405e-05
2.0944     1.0472    1.70411e-05
2.30383     1.0472    1.81782e-05
2.51327     1.0472    1.93258e-05
2.72271     1.0472    1.9714e-05
2.93215     1.0472    1.809e-05
3.14159     1.0472    1.3531e-05

-3.14159     1.25664    1.47582e-05
-2.93215     1.25664    1.90039e-05
-2.72271     1.25664    2.06456e-05
-2.51327     1.25664    2.01395e-05
-2.30383     1.25664    1.87954e-05
-2.0944     1.25664    1.75302e-05
-1.88496     1.25664    1.67402e-05
-1.67552     1.25664    1.65016e-05
-1.46608     1.25664    1.65606e-05
-1.25664     1.25664    1.65841e-05
-1.0472     1.25664    1.62918e-05
-0.837758     1.25664    1.5993e-05
-0.628319     1.25664    1.59827e-05
-0.418879     1.25664    1.60251e-05
-0.20944     1.25664    1.57354e-05
0     1.25664    1.5533e-05
0.20944     1.25664    1.6105e-05
0.418879     1.25664    1.60287e-05
0.628319     1.25664    1.59944e-05
0.837758     1.25664    1.59957e-05
1.0472     1.25664    1.62923e-05
1.25664     1.25664    1.65836e-05
1.46608     1.25664    1.6557e-05
1.67552     1.25664    1.65007e-05
1.88496     1.25664    1.67402e-05
2.0944     1.25664    1.75306e-05
2.30383     1.25664    1.8795e-05
2.51327     1.25664    2.01387e-05
2.72271     1.25664    2.06443e-05
2.93215     1.25664    1.90035e-05
3.14159     1.25664    1.47576e-05

-3.14159     1.46608    1.49458e-05
-2.93215     1.46608    1.877e-05
-2.72271     1.46608    2.09199e-05
-2.51327     1.46608    2.08103e-05
-2.30383     1.46608    1.96114e-05
-2.0944     1.46608    1.83354e-05
-1.88496     1.46608    1.74585e-05
-1.67552     1.46608    1.69925e-05
-1.46608     1.46608    1.66356e-05
-1.25664     1.46608    1.60496e-05
-1.0472     1.46608    1.5431e-05
-0.837758     1.46608    1.54497e-05
-0.628319     1.46608    1.60928e-05
-0.418879     1.46608    1.64966e-05
-0.20944     1.46608    1.66652e-05
0     1.46608    1.64009e-05
0.20944     1.46608    1.62902e-05
0.418879     1.46608    1.64933e-05
0.628319     1.46608    1.60853e-05
0.837758     1.46608    1.54489e-05
1.0472     1.46608    1.54304e-05
1.25664     1.46608    1.60502e-05
1.46608     1.46608    1.66333e-05
1.67552     1.46608    1.69949e-05
1.88496     1.46608    1.74595e-05
2.0944     1.46608    1.83352e-05
2.30383     1.46608    1.96104e-05
2.51327     1.46608    2.08097e-05
2.72271     1.46608    2.09197e-05
2.93215     1.46608    1.87688e-05
3.14159     1.46608    1.49447e-05

-3.14159     1.67552    1.47307e-05
-2.93215     1.67552    1.74398e-05
-2.72271     1.67552    2.013e-05
-2.51327     1.67552    2.08782e-05
-2.30383     1.67552    2.01406e-05
-2.0944     1.67552    1.89803e-05
-1.88496     1.67552    1.79198e-05
-1.67552     1.67552    1.69338e-05
-1.46608     1.67552    1.57396e-05
-1.25664     1.67552    1.43683e-05
-1.0472     1.67552    1.37876e-05
-0.837758     1.67552    1.4736e-05
-0.628319     1.67552    1.60743e-05
-0.418879     1.67552    1.66093e-05
-0.20944     1.67552    1.61902e-05
0     1.67552    1.63554e-05
0.20944     1.67552    1.64949e-05
0.418879     1.67552    1.6607e-05
0.628319     1.67552    1.60835e-05
0.837758     1.67552    1.47376e-05
1.0472     1.67552    1.37891e-05
1.25664     1.67552    1.43683e-05
1.46608     1.67552    1.57406e-05
1.67552     1.67552    1.69342e-05
1.88496     1.67552    1.79191e-05
2.0944     1.67552    1.898e-05
2.30383     1.67552    2.01409e-05
2.51327     1.67552    2.08778e-05
2.72271     1.67552    2.013e-05
2.93215     1.67552    1.74379e-05
3.14159     1.67552    1.47293e-05

-3.14159     1.88496    1.46782e-05
-2.93215     1.88496    1.53783e-05
-2.72271     1.88496    1.78822e-05
-2.51327     1.88496    1.95314e-05
-2.30383     1.88496    1.95373e-05
-2.0944     1.88496    1.85787e-05
-1.88496     1.88496    1.71644e-05
-1.67552     1.88496    1.53236e-05
-1.46608     1.88496    1.30504e-05
-1.25664     1.88496    1.12944e-05
-1.0472     1.88496    1.18008e-05
-0.837758     1.88496    1.42279e-05
-0.628319     1.88496    1.61696e-05
-0.418879     1.88496    1.65946e-05
-0.20944     1.88496    1.64679e-05
0     1.88496    1.59213e-05
0.20944     1.88496    1.62614e-05
0.418879     1.88496    1.66027e-05
0.628319     1.88496    1.61647e-05
0.837758     1.88496    1.42287e-05
1.0472     1.88496    1.18016e-05
1.25664     1.88496    1.12953e-05
1.46608     1.88496    1.3051e-05
1.67552     1.88496    1.53232e-05
1.88496     1.88496    1.71646e-05
2.0944     1.88496    1.85784e-05
2.30383     1.88496    1.95367e-05
2.51327     1.88496    1.95307e-05
2.72271     1.88496    1.78819e-05
2.93215     1.88496    1.5377e-05
3.14159     1.88496    1.46769e-05

-3.14159     2.0944    1.48889e-05
-2.93215     2.0944    1.31081e-05
-2.72271     2.0944    1.41171e-05
-2.51327     2.0944    1.59491e-05
-2.30383     2.0944    1.66495e-05
-2.0944     2.0944    1.59114e-05
-1.88496     2.0944    1.40018e-05
-1.67552     2.0944    1.1173e-05
-1.46608     2.0944    8.25061e-06
-1.25664     2.0944    7.46611e-06
-1.0472     2.0944    1.01577e-05
-0.837758     2.0944    1.41351e-05
-0.628319     2.0944    1.64162e-05
-0.418879     2.0944    1.68404e-05
-0.20944     2.0944    1.63575e-05
0     2.0944    1.64395e-05
0.20944     2.0944    1.64622e-05
0.418879     2.0944    1.68334e-05
0.628319     2.0944    1.64192e-05
0.837758     2.0944    1.41359e-05
1.0472     2.0944    1.01598e-05
1.25664     2.0944    7.46601e-06
1.46608     2.0944    8.25244e-06
1.67552     2.0944    1.11749e-05
1.88496     2.0944    1.40015e-05
2.0944     2.0944    1.59105e-05
2.30383     2.0944    1.66503e-05
2.51327     2.0944    1.59483e-05
2.72271     2.0944    1.41172e-05
2.93215     2.0944    1.31072e-05
3.14159     2.0944    1.48876e-05

-3.14159     2.30383    1.49033e-05
-2.93215     2.30383    1.07948e-05
-2.72271     2.30383    9.30932e-06
-2.51327     2.30383    1.00156e-05
-2.30383     2.30383    1.0743e-05
-2.0944     2.30383    1.00555e-05
-1.88496     2.30383    7.73298e-06
-1.67552     2.30383    4.49583e-06
-1.46608     2.30383    2.42962e-06
-1.25664     2.30383    4.0472e-06
-1.0472     2.30383    9.251e-06
-0.837758     2.30383    1.43959e-05
-0.628319     2.30383    1.68932e-05
-0.418879     2.30383    1.72957e-05
-0.20944     2.30383    1.7016e-05
0     2.30383    1.66017e-05
0.20944     2.30383    1.70005e-05
0.418879     2.30383    1.73058e-05
0.628319     2.30383    1.68935e-05
0.837758     2.30383    1.43987e-05
1.0472     2.30383    9.25119e-06
1.25664     2.30383    4.04776e-06
1.46608     2.30383    2.43108e-06
1.67552     2.30383    4.4969e-06
1.88496     2.30383    7.73396e-06
2.0944     2.30383    1.00552e-05
2.30383     2.30383    1.0743e-05
2.51327     2.30383    1.00159e-05
2.72271     2.30383    9.30755e-06
2.93215     2.30383    1.07932e-05
3.14159     2.30383    1.49025e-05

-3.14159     2.51327    1.40691e-05
-2.93215     2.51327    8.25032e-06
-2.72271     2.51327    4.05009e-06
-2.51327     2.51327    2.52371e-06
-2.30383     2.51327    2.22757e-06
-2.0944     2.51327    1.25423e-06
-1.88496     2.51327    9.27941e-07
-1.67552     2.51327    3.065e-06
-1.46608     2.51327    2.77481e-06
-1.25664     2.51327    1.62502e-06
-1.0472     2.51327    8.84307e-06
-0.837758     2.51327    1.47363e-05
-0.628319     2.51327    1.7549e-05
-0.418879     2.51327    1.82523e-05
-0.20944     2.51327    1.81499e-05
0     2.51327    1.81454e-05
0.20944     2.51327    1.81018e-05
0.418879     2.51327    1.82431e-05
0.628319     2.51327    1.75481e-05
0.837758     2.51327    1.47353e-05
1.0472     2.51327    8.84388e-06
1.25664     2.51327    1.62573e-06
1.46608     2.51327    2.77426e-06
1.67552     2.51327    3.06434e-06
1.88496     2.51327    9.27008e-07
2.0944     2.51327    1.25223e-06
2.30383     2.51327    2.22624e-06
2.51327     2.51327    2.52316e-06
2.72271     2.51327    4.04911e-06
2.93215     2.51327    8.24929e-06
3.14159     2.51327    1.40686e-05

-3.14159     2.72271    1.18743e-05
-2.93215     2.72271    4.92357e-06
-2.72271     2.72271    1.41402e-06
-2.51327     2.72271    5.31269e-06
-2.30383     2.72271    7.31828e-06
-2.0944     2.72271    8.72017e-06
-1.88496     2.72271    9.81954e-06
-1.67552     2.72271    9.70705e-06
-1.46608     2.72271    6.85881e-06
-1.25664     2.72271    2.12669e-07
-1.0472     2.72271    8.26745e-06
-0.837758     2.72271    1.47522e-05
-0.628319     2.72271    1.81213e-05
-0.418879     2.72271    1.93056e-05
-0.20944     2.72271    1.94801e-05
0     2.72271    1.94682e-05
0.20944     2.72271    1.95602e-05
0.418879     2.72271    1.93126e-05
0.628319     2.72271    1.8124e-05
0.837758     2.72271    1.47533e-05
1.0472     2.72271    8.26836e-06
1.25664     2.72271    2.12547e-07
1.46608     2.72271    6.85703e-06
1.67552     2.72271    9.70697e-06
1.88496     2.72271    9.8207e-06
2.0944     2.72271    8.72095e-06
2.30383     2.72271    7.31743e-06
2.51327     2.72271    5.31483e-06
2.72271     2.72271    1.41373e-06
2.93215     2.72271    4.92212e-06
3.14159     2.72271    1.18744e-05

-3.14159     2.93215    7.9093e-06
-2.93215     2.93215    2.94831e-07
-2.72271     2.93215    7.24859e-06
-2.51327     2.93215    1.26792e-05
-2.30383     2.93215    1.57147e-05
-2.0944     2.93215    1.6967e-05
-1.88496     2.93215    1.67705e-05
-1.67552     2.93215    1.49577e-05
-1.46608     2.93215    1.04505e-05
-1.25664     2.93215    2.45625e-06
-1.0472     2.93215    6.70502e-06
-0.837758     2.93215    1.37804e-05
-0.628319     2.93215    1.7972e-05
-0.418879     2.93215    1.99697e-05
-0.20944     2.93215    2.08215e-05
0     2.93215    2.09505e-05
0.20944     2.93215    2.07415e-05
0.418879     2.93215    1.99663e-05
0.628319     2.93215    1.79709e-05
0.837758     2.93215    1.37803e-05
1.0472     2.93215    6.70578e-06
1.25664     2.93215    2.45568e-06
1.46608     2.93215    1.04501e-05
1.67552     2.93215    1.4957e-05
1.88496     2.93215    1.67696e-05
2.0944     2.93215    1.69671e-05
2.30383     2.93215    1.57158e-05
2.51327     2.93215    1.2679e-05
2.72271     2.93215    7.24837e-06
2.93215     2.93215    2.9358e-07
3.14159     2.93215    7.9084e-06

-3.14159     3.14159    1.90474e-06
-2.93215     3.14159    5.71652e-06
-2.72271     3.14159    1.31567e-05
-2.51327     3.14159    1.83851e-05
-2.30383     3.14159    2.08672e-05
-2.0944     3.14159    2.14177e-05
-1.88496     3.14159    2.08362e-05
-1.67552     3.14159    1.88655e-05
-1.46608     3.14159    1.40582e-05
-1.25664     3.14159    5.74584e-06
-1.0472     3.14159    3.51427e-06
-0.837758     3.14159    1.10096e-05
-0.628319     3.14159    1.60262e-05
-0.418879     3.14159    1.89277e-05
-0.20944     3.14159    2.02179e-05
0     3.14159    2.07016e-05
0.20944     3.14159    2.02783e-05
0.418879     3.14159    1.89279e-05
0.628319     3.14159    1.60278e-05
0.837758     3.14159    1.10089e-05
1.0472     3.14159    3.51441e-06
1.25664     3.14159    5.74603e-06
1.46608     3.14159    1.40586e-05
1.67552     3.14159    1.88644e-05
1.88496     3.14159    2.08379e-05
2.0944     3.14159    2.14192e-05
2.30383     3.14159    2.0863e-05
2.51327     3.14159    1.83841e-05
2.72271     3.14159    1.3156e-05
2.93215     3.14159    5.71642e-06
3.14159     3.14159    1.90404e-06

