-3.14159     -3.14159    4.36221e-06
-2.93215     -3.14159    1.60762e-05
-2.72271     -3.14159    2.67831e-05
-2.51327     -3.14159    3.35688e-05
-2.30383     -3.14159    3.6153e-05
-2.0944     -3.14159    3.60427e-05
-1.88496     -3.14159    3.46698e-05
-1.67552     -3.14159    3.20203e-05
-1.46608     -3.14159    2.64554e-05
-1.25664     -3.14159    1.60883e-05
-1.0472     -3.14159    3.13892e-06
-0.837758     -3.14159    8.07335e-06
-0.628319     -3.14159    1.6088e-05
-0.418879     -3.14159    2.11144e-05
-0.20944     -3.14159    2.36763e-05
0     -3.14159    2.44822e-05
0.20944     -3.14159    2.36885e-05
0.418879     -3.14159    2.11145e-05
0.628319     -3.14159    1.60892e-05
0.837758     -3.14159    8.07398e-06
1.0472     -3.14159    3.1408e-06
1.25664     -3.14159    1.60874e-05
1.46608     -3.14159    2.64557e-05
1.67552     -3.14159    3.20196e-05
1.88496     -3.14159    3.46695e-05
2.0944     -3.14159    3.60432e-05
2.30383     -3.14159    3.61503e-05
2.51327     -3.14159    3.35676e-05
2.72271     -3.14159    2.67794e-05
2.93215     -3.14159    1.60761e-05
3.14159     -3.14159    4.36275e-06

-3.14159     -2.93215    3.85623e-06
-2.93215     -2.93215    8.47849e-06
-2.72271     -2.93215    1.97136e-05
-2.51327     -2.93215    2.70311e-05
-2.30383     -2.93215    3.04515e-05
-2.0944     -2.93215    3.09093e-05
-1.88496     -2.93215    2.92503e-05
-1.67552     -2.93215    2.60221e-05
-1.46608     -2.93215    2.02787e-05
-1.25664     -2.93215    1.01905e-05
-1.0472     -2.93215    2.79256e-06
-0.837758     -2.93215    1.3883e-05
-0.628319     -2.93215    2.10235e-05
-0.418879     -2.93215    2.48667e-05
-0.20944     -2.93215    2.65766e-05
0     -2.93215    2.70603e-05
0.20944     -2.93215    2.65576e-05
0.418879     -2.93215    2.48702e-05
0.628319     -2.93215    2.10235e-05
0.837758     -2.93215    1.38827e-05
1.0472     -2.93215    2.7934e-06
1.25664     -2.93215    1.01904e-05
1.46608     -2.93215    2.02767e-05
1.67552     -2.93215    2.60207e-05
1.88496     -2.93215    2.92472e-05
2.0944     -2.93215    3.09101e-05
2.30383     -2.93215    3.04533e-05
2.51327     -2.93215    2.7032e-05
2.72271     -2.93215    1.97111e-05
2.93215     -2.93215    8.4778e-06
3.14159     -2.93215    3.85466e-06

-3.14159     -2.72271    9.16204e-06
-2.93215     -2.72271    2.52366e-06
-2.72271     -2.72271    1.20805e-05
-2.51327     -2.72271    1.73676e-05
-2.30383     -2.72271    1.95049e-05
-2.0944     -2.72271    2.02181e-05
-1.88496     -2.72271    2.00324e-05
-1.67552     -2.72271    1.85479e-05
-1.46608     -2.72271    1.45656e-05
-1.25664     -2.72271    6.21371e-06
-1.0472     -2.72271    5.75406e-06
-0.837758     -2.72271    1.62954e-05
-0.628319     -2.72271    2.24932e-05
-0.418879     -2.72271    2.51779e-05
-0.20944     -2.72271    2.60695e-05
0     -2.72271    2.61645e-05
0.20944     -2.72271    2.6088e-05
0.418879     -2.72271    2.51686e-05
0.628319     -2.72271    2.24937e-05
0.837758     -2.72271    1.62963e-05
1.0472     -2.72271    5.75594e-06
1.25664     -2.72271    6.21649e-06
1.46608     -2.72271    1.45655e-05
1.67552     -2.72271    1.85487e-05
1.88496     -2.72271    2.00346e-05
2.0944     -2.72271    2.02182e-05
2.30383     -2.72271    1.95019e-05
2.51327     -2.72271    1.73683e-05
2.72271     -2.72271    1.20789e-05
2.93215     -2.72271    2.52295e-06
3.14159     -2.72271    9.16237e-06

-3.14159     -2.51327    1.17511e-05
-2.93215     -2.51327    1.67587e-06
-2.72271     -2.51327    4.67938e-06
-2.51327     -2.51327    6.34071e-06
-2.30383     -2.51327    5.73148e-06
-2.0944     -2.51327    5.94956e-06
-1.88496     -2.51327    7.89101e-06
-1.67552     -2.51327    9.81222e-06
-1.46608     -2.51327    9.07636e-06
-1.25664     -2.51327    3.542e-06
-1.0472     -2.51327    6.63675e-06
-0.837758     -2.51327    1.64963e-05
-0.628319     -2.51327    2.21246e-05
-0.418879     -2.51327    2.41188e-05
-0.20944     -2.51327    2.44684e-05
0     -2.51327    2.45925e-05
0.20944     -2.51327    2.44593e-05
0.418879     -2.51327    2.41313e-05
0.628319     -2.51327    2.21248e-05
0.837758     -2.51327    1.64937e-05
1.0472     -2.51327    6.63607e-06
1.25664     -2.51327    3.54157e-06
1.46608     -2.51327    9.07755e-06
1.67552     -2.51327    9.81186e-06
1.88496     -2.51327    7.8892e-06
2.0944     -2.51327    5.94952e-06
2.30383     -2.51327    5.73245e-06
2.51327     -2.51327    6.34065e-06
2.72271     -2.51327    4.67934e-06
2.93215     -2.51327    1.67473e-06
3.14159     -2.51327    1.17496e-05

-3.14159     -2.30383    1.23422e-05
-2.93215     -2.30383    5.17251e-06
-2.72271     -2.30383    3.05513e-06
-2.51327     -2.30383    5.08268e-06
-2.30383     -2.30383    7.62262e-06
-2.0944     -2.30383    7.76839e-06
-1.88496     -2.30383    4.83702e-06
-1.67552     -2.30383    3.31055e-07
-1.46608     -2.30383    2.55481e-06
-1.25664     -2.30383    6.16987e-07
-1.0472     -2.30383    6.78637e-06
-0.837758     -2.30383    1.56054e-05
-0.628319     -2.30383    2.10143e-05
-0.418879     -2.30383    2.27711e-05
-0.20944     -2.30383    2.28938e-05
0     -2.30383    2.25802e-05
0.20944     -2.30383    2.28881e-05
0.418879     -2.30383    2.27595e-05
0.628319     -2.30383    2.10132e-05
0.837758     -2.30383    1.56061e-05
1.0472     -2.30383    6.78538e-06
1.25664     -2.30383    6.19924e-07
1.46608     -2.30383    2.55467e-06
1.67552     -2.30383    3.31591e-07
1.88496     -2.30383    4.83866e-06
2.0944     -2.30383    7.76917e-06
2.30383     -2.30383    7.62284e-06
2.51327     -2.30383    5.08293e-06
2.72271     -2.30383    3.05644e-06
2.93215     -2.30383    5.17474e-06
3.14159     -2.30383    1.23408e-05

-3.14159     -2.0944    1.1851e-05
-2.93215     -2.0944    8.73377e-06
-2.72271     -2.0944    1.09428e-05
-2.51327     -2.0944    1.52687e-05
-2.30383     -2.0944    1.79363e-05
-2.0944     -2.0944    1.78116e-05
-1.88496     -2.0944    1.50795e-05
-1.67552     -2.0944    1.03077e-05
-1.46608     -2.0944    5.30419e-06
-1.25664     -2.0944    3.59813e-06
-1.0472     -2.0944    7.41358e-06
-0.837758     -2.0944    1.44096e-05
-0.628319     -2.0944    1.96429e-05
-0.418879     -2.0944    2.15794e-05
-0.20944     -2.0944    2.16912e-05
0     -2.0944    2.17917e-05
0.20944     -2.0944    2.17128e-05
0.418879     -2.0944    2.15942e-05
0.628319     -2.0944    1.96441e-05
0.837758     -2.0944    1.44081e-05
1.0472     -2.0944    7.41315e-06
1.25664     -2.0944    3.59576e-06
1.46608     -2.0944    5.30579e-06
1.67552     -2.0944    1.03113e-05
1.88496     -2.0944    1.5079e-05
2.0944     -2.0944    1.78104e-05
2.30383     -2.0944    1.79361e-05
2.51327     -2.0944    1.5267e-05
2.72271     -2.0944    1.09407e-05
2.93215     -2.0944    8.73626e-06
3.14159     -2.0944    1.1853e-05

-3.14159     -1.88496    1.13258e-05
-2.93215     -1.88496    1.26997e-05
-2.72271     -1.88496    1.79302e-05
-2.51327     -1.88496    2.24162e-05
-2.30383     -1.88496    2.39487e-05
-2.0944     -1.88496    2.32333e-05
-1.88496     -1.88496    2.11131e-05
-1.67552     -1.88496    1.75594e-05
-1.46608     -1.88496    1.28105e-05
-1.25664     -1.88496    8.97085e-06
-1.0472     -1.88496    9.21534e-06
-0.837758     -1.88496    1.35614e-05
-0.628319     -1.88496    1.81975e-05
-0.418879     -1.88496    2.04113e-05
-0.20944     -1.88496    2.08423e-05
0     -1.88496    2.05963e-05
0.20944     -1.88496    2.08e-05
0.418879     -1.88496    2.04055e-05
0.628319     -1.88496    1.81973e-05
0.837758     -1.88496    1.35635e-05
1.0472     -1.88496    9.21429e-06
1.25664     -1.88496    8.97193e-06
1.46608     -1.88496    1.28106e-05
1.67552     -1.88496    1.7559e-05
1.88496     -1.88496    2.11146e-05
2.0944     -1.88496    2.32338e-05
2.30383     -1.88496    2.39483e-05
2.51327     -1.88496    2.24171e-05
2.72271     -1.88496    1.79279e-05
2.93215     -1.88496    1.26959e-05
3.14159     -1.88496    1.13273e-05

-3.14159     -1.67552    1.14438e-05
-2.93215     -1.67552    1.66762e-05
-2.72271     -1.67552    2.28958e-05
-2.51327     -1.67552    2.60543e-05
-2.30383     -1.67552    2.62074e-05
-2.0944     -1.67552    2.4987e-05
-1.88496     -1.67552    2.33343e-05
-1.67552     -1.67552    2.11484e-05
-1.46608     -1.67552    1.79159e-05
-1.25664     -1.67552    1.40724e-05
-1.0472     -1.67552    1.20051e-05
-0.837758     -1.67552    1.35146e-05
-0.628319     -1.67552    1.68653e-05
-0.418879     -1.67552    1.91645e-05
-0.20944     -1.67552    1.98553e-05
0     -1.67552    2.00773e-05
0.20944     -1.67552    1.99221e-05
0.418879     -1.67552    1.91679e-05
0.628319     -1.67552    1.68679e-05
0.837758     -1.67552    1.3515e-05
1.0472     -1.67552    1.2006e-05
1.25664     -1.67552    1.40724e-05
1.46608     -1.67552    1.79174e-05
1.67552     -1.67552    2.11487e-05
1.88496     -1.67552    2.33327e-05
2.0944     -1.67552    2.4987e-05
2.30383     -1.67552    2.62097e-05
2.51327     -1.67552    2.60543e-05
2.72271     -1.67552    2.28993e-05
2.93215     -1.67552    1.66733e-05
3.14159     -1.67552    1.14457e-05

-3.14159     -1.46608    1.20589e-05
-2.93215     -1.46608    1.97294e-05
-2.72271     -1.46608    2.53852e-05
-2.51327     -1.46608    2.7055e-05
-2.30383     -1.46608    2.62455e-05
-2.0944     -1.46608    2.47323e-05
-1.88496     -1.46608    2.33249e-05
-1.67552     -1.46608    2.20294e-05
-1.46608     -1.46608    2.0254e-05
-1.25664     -1.46608    1.7547e-05
-1.0472     -1.46608    1.48781e-05
-0.837758     -1.46608    1.42419e-05
-0.628319     -1.46608    1.58187e-05
-0.418879     -1.46608    1.76727e-05
-0.20944     -1.46608    1.8566e-05
0     -1.46608    1.88693e-05
0.20944     -1.46608    1.84694e-05
0.418879     -1.46608    1.76735e-05
0.628319     -1.46608    1.58193e-05
0.837758     -1.46608    1.42401e-05
1.0472     -1.46608    1.48769e-05
1.25664     -1.46608    1.75498e-05
1.46608     -1.46608    2.02508e-05
1.67552     -1.46608    2.20344e-05
1.88496     -1.46608    2.33272e-05
2.0944     -1.46608    2.47334e-05
2.30383     -1.46608    2.62471e-05
2.51327     -1.46608    2.70546e-05
2.72271     -1.46608    2.5388e-05
2.93215     -1.46608    1.97275e-05
3.14159     -1.46608    1.20601e-05

-3.14159     -1.25664    1.23227e-05
-2.93215     -1.25664    2.10318e-05
-2.72271     -1.25664    2.58315e-05
-2.51327     -1.25664    2.66118e-05
-2.30383     -1.25664    2.54267e-05
-2.0944     -1.25664    2.38297e-05
-1.88496     -1.25664    2.25613e-05
-1.67552     -1.25664    2.16604e-05
-1.46608     -1.25664    2.07285e-05
-1.25664     -1.25664    1.9135e-05
-1.0472     -1.25664    1.68631e-05
-0.837758     -1.25664    1.5162e-05
-0.628319     -1.25664    1.50461e-05
-0.418879     -1.25664    1.58516e-05
-0.20944     -1.25664    1.64313e-05
0     -1.25664    1.63858e-05
0.20944     -1.25664    1.65167e-05
0.418879     -1.25664    1.5834e-05
0.628319     -1.25664    1.50512e-05
0.837758     -1.25664    1.51668e-05
1.0472     -1.25664    1.68632e-05
1.25664     -1.25664    1.91337e-05
1.46608     -1.25664    2.07207e-05
1.67552     -1.25664    2.16579e-05
1.88496     -1.25664    2.25626e-05
2.0944     -1.25664    2.38293e-05
2.30383     -1.25664    2.54261e-05
2.51327     -1.25664    2.66116e-05
2.72271     -1.25664    2.58309e-05
2.93215     -1.25664    2.10306e-05
3.14159     -1.25664    1.23205e-05

-3.14159     -1.0472    1.11711e-05
-2.93215     -1.0472    2.02661e-05
-2.72271     -1.0472    2.47469e-05
-2.51327     -1.0472    2.55106e-05
-2.30383     -1.0472    2.44991e-05
-2.0944     -1.0472    2.30637e-05
-1.88496     -1.0472    2.18949e-05
-1.67552     -1.0472    2.10928e-05
-1.46608     -1.0472    2.04633e-05
-1.25664     -1.0472    1.93585e-05
-1.0472     -1.0472    1.75994e-05
-0.837758     -1.0472    1.54891e-05
-0.628319     -1.0472    1.40749e-05
-0.418879     -1.0472    1.35824e-05
-0.20944     -1.0472    1.35039e-05
0     -1.0472    1.38506e-05
0.20944     -1.0472    1.344e-05
0.418879     -1.0472    1.35982e-05
0.628319     -1.0472    1.40753e-05
0.837758     -1.0472    1.54844e-05
1.0472     -1.0472    1.7598e-05
1.25664     -1.0472    1.93581e-05
1.46608     -1.0472    2.04678e-05
1.67552     -1.0472    2.10917e-05
1.88496     -1.0472    2.18935e-05
2.0944     -1.0472    2.30623e-05
2.30383     -1.0472    2.44965e-05
2.51327     -1.0472    2.55098e-05
2.72271     -1.0472    2.47457e-05
2.93215     -1.0472    2.02667e-05
3.14159     -1.0472    1.11706e-05

-3.14159     -0.837758    7.79708e-06
-2.93215     -0.837758    1.71863e-05
-2.72271     -0.837758    2.21932e-05
-2.51327     -0.837758    2.3735e-05
-2.30383     -0.837758    2.34487e-05
-2.0944     -0.837758    2.24941e-05
-1.88496     -0.837758    2.15109e-05
-1.67552     -0.837758    2.07402e-05
-1.46608     -0.837758    2.00579e-05
-1.25664     -0.837758    1.90354e-05
-1.0472     -0.837758    1.72582e-05
-0.837758     -0.837758    1.49077e-05
-0.628319     -0.837758    1.24203e-05
-0.418879     -0.837758    1.05043e-05
-0.20944     -0.837758    9.40577e-06
0     -0.837758    8.13885e-06
0.20944     -0.837758    9.42223e-06
0.418879     -0.837758    1.04992e-05
0.628319     -0.837758    1.24217e-05
0.837758     -0.837758    1.4906e-05
1.0472     -0.837758    1.72517e-05
1.25664     -0.837758    1.90351e-05
1.46608     -0.837758    2.00589e-05
1.67552     -0.837758    2.074e-05
1.88496     -0.837758    2.15105e-05
2.0944     -0.837758    2.24971e-05
2.30383     -0.837758    2.34491e-05
2.51327     -0.837758    2.3736e-05
2.72271     -0.837758    2.21935e-05
2.93215     -0.837758    1.71864e-05
3.14159     -0.837758    7.79692e-06

-3.14159     -0.628319    1.48025e-06
-2.93215     -0.628319    1.12401e-05
-2.72271     -0.628319    1.72948e-05
-2.51327     -0.628319    2.034e-05
-2.30383     -0.628319    2.13529e-05
-2.0944     -0.628319    2.13267e-05
-1.88496     -0.628319    2.0841e-05
-1.67552     -0.628319    2.02116e-05
-1.46608     -0.628319    1.93956e-05
-1.25664     -0.628319    1.8213e-05
-1.0472     -0.628319    1.61658e-05
-0.837758     -0.628319    1.32459e-05
-0.628319     -0.628319    9.92489e-06
-0.418879     -0.628319    6.77583e-06
-0.20944     -0.628319    4.40235e-06
0     -0.628319    4.44044e-06
0.20944     -0.628319    4.46017e-06
0.418879     -0.628319    6.78385e-06
0.628319     -0.628319    9.92646e-06
0.837758     -0.628319    1.32491e-05
1.0472     -0.628319    1.61712e-05
1.25664     -0.628319    1.82146e-05
1.46608     -0.628319    1.93889e-05
1.67552     -0.628319    2.02093e-05
1.88496     -0.628319    2.08394e-05
2.0944     -0.628319    2.13273e-05
2.30383     -0.628319    2.13521e-05
2.51327     -0.628319    2.03396e-05
2.72271     -0.628319    1.72942e-05
2.93215     -0.628319    1.12414e-05
3.14159     -0.628319    1.47857e-06

-3.14159     -0.418879    7.22244e-06
-2.93215     -0.418879    2.18898e-06
-2.72271     -0.418879    9.12198e-06
-2.51327     -0.418879    1.37929e-05
-2.30383     -0.418879    1.66279e-05
-2.0944     -0.418879    1.80839e-05
-1.88496     -0.418879    1.86594e-05
-1.67552     -0.418879    1.8617e-05
-1.46608     -0.418879    1.80552e-05
-1.25664     -0.418879    1.67966e-05
-1.0472     -0.418879    1.45977e-05
-0.837758     -0.418879    1.11367e-05
-0.628319     -0.418879    6.88349e-06
-0.418879     -0.418879    2.48027e-06
-0.20944     -0.418879    9.01329e-07
0     -0.418879    3.60845e-06
0.20944     -0.418879    1.24207e-06
0.418879     -0.418879    2.39308e-06
0.628319     -0.418879    6.86661e-06
0.837758     -0.418879    1.11338e-05
1.0472     -0.418879    1.45953e-05
1.25664     -0.418879    1.68001e-05
1.46608     -0.418879    1.80573e-05
1.67552     -0.418879    1.86198e-05
1.88496     -0.418879    1.866e-05
2.0944     -0.418879    1.80843e-05
2.30383     -0.418879    1.66274e-05
2.51327     -0.418879    1.37935e-05
2.72271     -0.418879    9.12109e-06
2.93215     -0.418879    2.18984e-06
3.14159     -0.418879    7.22241e-06

-3.14159     -0.20944    1.44146e-05
-2.93215     -0.20944    6.42622e-06
-2.72271     -0.20944    2.37172e-07
-2.51327     -0.20944    5.64766e-06
-2.30383     -0.20944    9.89258e-06
-2.0944     -0.20944    1.29095e-05
-1.88496     -0.20944    1.48514e-05
-1.67552     -0.20944    1.58728e-05
-1.46608     -0.20944    1.6026e-05
-1.25664     -0.20944    1.51572e-05
-1.0472     -0.20944    1.29941e-05
-0.837758     -0.20944    9.36767e-06
-0.628319     -0.20944    4.42444e-06
-0.418879     -0.20944    1.09096e-06
-0.20944     -0.20944    6.3016e-06
0     -0.20944    5.73092e-06
0.20944     -0.20944    5.49155e-06
0.418879     -0.20944    1.25208e-06
0.628319     -0.20944    4.43082e-06
0.837758     -0.20944    9.37113e-06
1.0472     -0.20944    1.29703e-05
1.25664     -0.20944    1.51442e-05
1.46608     -0.20944    1.60268e-05
1.67552     -0.20944    1.58734e-05
1.88496     -0.20944    1.48526e-05
2.0944     -0.20944    1.29089e-05
2.30383     -0.20944    9.89301e-06
2.51327     -0.20944    5.64626e-06
2.72271     -0.20944    2.37714e-07
2.93215     -0.20944    6.42659e-06
3.14159     -0.20944    1.44149e-05

-3.14159     0    1.69219e-05
-2.93215     0    9.78987e-06
-2.72271     0    3.7124e-06
-2.51327     0    1.76334e-06
-2.30383     0    6.39515e-06
-2.0944     0    1.00855e-05
-1.88496     0    1.27018e-05
-1.67552     0    1.43108e-05
-1.46608     0    1.48979e-05
-1.25664     0    1.431e-05
-1.0472     0    1.22534e-05
-0.837758     0    8.57778e-06
-0.628319     0    3.55208e-06
-0.418879     0    2.39386e-06
-0.20944     0    7.94526e-06
0     0    1.91582e-16
0.20944     0    7.94526e-06
0.418879     0    2.39386e-06
0.628319     0    3.55208e-06
0.837758     0    8.57778e-06
1.0472     0    1.22534e-05
1.25664     0    1.431e-05
1.46608     0    1.48979e-05
1.67552     0    1.43108e-05
1.88496     0    1.27018e-05
2.0944     0    1.00855e-05
2.30383     0    6.39515e-06
2.51327     0    1.76334e-06
2.72271     0    3.7124e-06
2.93215     0    9.78987e-06
3.14159     0    1.69219e-05

-3.14159     0.20944    1.44149e-05
-2.93215     0.20944    6.42659e-06
-2.72271     0.20944    2.37714e-07
-2.51327     0.20944    5.64626e-06
-2.30383     0.20944    9.89301e-06
-2.0944     0.20944    1.29089e-05
-1.88496     0.20944    1.48526e-05
-1.67552     0.20944    1.58734e-05
-1.46608     0.20944    1.60268e-05
-1.25664     0.20944    1.51442e-05
-1.0472     0.20944    1.29703e-05
-0.837758     0.20944    9.37113e-06
-0.628319     0.20944    4.43082e-06
-0.418879     0.20944    1.25208e-06
-0.20944     0.20944    5.49155e-06
0     0.20944    5.73092e-06
0.20944     0.20944    6.3016e-06
0.418879     0.20944    1.09096e-06
0.628319     0.20944    4.42444e-06
0.837758     0.20944    9.36767e-06
1.0472     0.20944    1.29941e-05
1.25664     0.20944    1.51572e-05
1.46608     0.20944    1.6026e-05
1.67552     0.20944    1.58728e-05
1.88496     0.20944    1.48514e-05
2.0944     0.20944    1.29095e-05
2.30383     0.20944    9.89258e-06
2.51327     0.20944    5.64766e-06
2.72271     0.20944    2.37172e-07
2.93215     0.20944    6.42622e-06
3.14159     0.20944    1.44146e-05

-3.14159     0.418879    7.22241e-06
-2.93215     0.418879    2.18984e-06
-2.72271     0.418879    9.12109e-06
-2.51327     0.418879    1.37935e-05
-2.30383     0.418879    1.66274e-05
-2.0944     0.418879    1.80843e-05
-1.88496     0.418879    1.866e-05
-1.67552     0.418879    1.86198e-05
-1.46608     0.418879    1.80573e-05
-1.25664     0.418879    1.68001e-05
-1.0472     0.418879    1.45953e-05
-0.837758     0.418879    1.11338e-05
-0.628319     0.418879    6.86661e-06
-0.418879     0.418879    2.39308e-06
-0.20944     0.418879    1.24207e-06
0     0.418879    3.60845e-06
0.20944     0.418879    9.01329e-07
0.418879     0.418879    2.48027e-06
0.628319     0.418879    6.88349e-06
0.837758     0.418879    1.11367e-05
1.0472     0.418879    1.45977e-05
1.25664     0.418879    1.67966e-05
1.46608     0.418879    1.80552e-05
1.67552     0.418879    1.8617e-05
1.88496     0.418879    1.86594e-05
2.0944     0.418879    1.80839e-05
2.30383     0.418879    1.66279e-05
2.51327     0.418879    1.37929e-05
2.72271     0.418879    9.12198e-06
2.93215     0.418879    2.18898e-06
3.14159     0.418879    7.22244e-06

-3.14159     0.628319    1.47857e-06
-2.93215     0.628319    1.12414e-05
-2.72271     0.628319    1.72942e-05
-2.51327     0.628319    2.03396e-05
-2.30383     0.628319    2.13521e-05
-2.0944     0.628319    2.13273e-05
-1.88496     0.628319    2.08394e-05
-1.67552     0.628319    2.02093e-05
-1.46608     0.628319    1.93889e-05
-1.25664     0.628319    1.82146e-05
-1.0472     0.628319    1.61712e-05
-0.837758     0.628319    1.32491e-05
-0.628319     0.628319    9.92646e-06
-0.418879     0.628319    6.78385e-06
-0.20944     0.628319    4.46017e-06
0     0.628319    4.44044e-06
0.20944     0.628319    4.40235e-06
0.418879     0.628319    6.77583e-06
0.628319     0.628319    9.92489e-06
0.837758     0.628319    1.32459e-05
1.0472     0.628319    1.61658e-05
1.25664     0.628319    1.8213e-05
1.46608     0.628319    1.93956e-05
1.67552     0.628319    2.02116e-05
1.88496     0.628319    2.0841e-05
2.0944     0.628319    2.13267e-05
2.30383     0.628319    2.13529e-05
2.51327     0.628319    2.034e-05
2.72271     0.628319    1.72948e-05
2.93215     0.628319    1.12401e-05
3.14159     0.628319    1.48025e-06

-3.14159     0.837758    7.79692e-06
-2.93215     0.837758    1.71864e-05
-2.72271     0.837758    2.21935e-05
-2.51327     0.837758    2.3736e-05
-2.30383     0.837758    2.34491e-05
-2.0944     0.837758    2.24971e-05
-1.88496     0.837758    2.15105e-05
-1.67552     0.837758    2.074e-05
-1.46608     0.837758    2.00589e-05
-1.25664     0.837758    1.90351e-05
-1.0472     0.837758    1.72517e-05
-0.837758     0.837758    1.4906e-05
-0.628319     0.837758    1.24217e-05
-0.418879     0.837758    1.04992e-05
-0.20944     0.837758    9.42223e-06
0     0.837758    8.13885e-06
0.20944     0.837758    9.40577e-06
0.418879     0.837758    1.05043e-05
0.628319     0.837758    1.24203e-05
0.837758     0.837758    1.49077e-05
1.0472     0.837758    1.72582e-05
1.25664     0.837758    1.90354e-05
1.46608     0.837758    2.00579e-05
1.67552     0.837758    2.07402e-05
1.88496     0.837758    2.15109e-05
2.0944     0.837758    2.24941e-05
2.30383     0.837758    2.34487e-05
2.51327     0.837758    2.3735e-05
2.72271     0.837758    2.21932e-05
2.93215     0.837758    1.71863e-05
3.14159     0.837758    7.79708e-06

-3.14159     1.0472    1.11706e-05
-2.93215     1.0472    2.02667e-05
-2.72271     1.0472    2.47457e-05
-2.51327     1.0472    2.55098e-05
-2.30383     1.0472    2.44965e-05
-2.0944     1.0472    2.30623e-05
-1.88496     1.0472    2.18935e-05
-1.67552     1.0472    2.10917e-05
-1.46608     1.0472    2.04678e-05
-1.25664     1.0472    1.93581e-05
-1.0472     1.0472    1.7598e-05
-0.837758     1.0472    1.54844e-05
-0.628319     1.0472    1.40753e-05
-0.418879     1.0472    1.35982e-05
-0.20944     1.0472    1.344e-05
0     1.0472    1.38506e-05
0.20944     1.0472    1.35039e-05
0.418879     1.0472    1.35824e-05
0.628319     1.0472    1.40749e-05
0.837758     1.0472    1.54891e-05
1.0472     1.0472    1.75994e-05
1.25664     1.0472    1.93585e-05
1.46608     1.0472    2.04633e-05
1.67552     1.0472    2.10928e-05
1.88496     1.0472    2.18949e-05
2.0944     1.0472    2.30637e-05
2.30383     1.0472    2.44991e-05
2.51327     1.0472    2.55106e-05
2.72271     1.0472    2.47469e-05
2.93215     1.0472    2.02661e-05
3.14159     1.0472    1.11711e-05

-3.14159     1.25664    1.23205e-05
-2.93215     1.25664    2.10306e-05
-2.72271     1.25664    2.58309e-05
-2.51327     1.25664    2.66116e-05
-2.30383     1.25664    2.54261e-05
-2.0944     1.25664    2.38293e-05
-1.88496     1.25664    2.25626e-05
-1.67552     1.25664    2.16579e-05
-1.46608     1.25664    2.07207e-05
-1.25664     1.25664    1.91337e-05
-1.0472     1.25664    1.68632e-05
-0.837758     1.25664    1.51668e-05
-0.628319     1.25664    1.50512e-05
-0.418879     1.25664    1.5834e-05
-0.20944     1.25664    1.65167e-05
0     1.25664    1.63858e-05
0.20944     1.25664    1.64313e-05
0.418879     1.25664    1.58516e-05
0.628319     1.25664    1.50461e-05
0.837758     1.25664    1.5162e-05
1.0472     1.25664    1.68631e-05
1.25664     1.25664    1.9135e-05
1.46608     1.25664    2.07285e-05
1.67552     1.25664    2.16604e-05
1.88496     1.25664    2.25613e-05
2.0944     1.25664    2.38297e-05
2.30383     1.25664    2.54267e-05
2.51327     1.25664    2.66118e-05
2.72271     1.25664    2.58315e-05
2.93215     1.25664    2.10318e-05
3.14159     1.25664    1.23227e-05

-3.14159     1.46608    1.20601e-05
-2.93215     1.46608    1.97275e-05
-2.72271     1.46608    2.5388e-05
-2.51327     1.46608    2.70546e-05
-2.30383     1.46608    2.62471e-05
-2.0944     1.46608    2.47334e-05
-1.88496     1.46608    2.33272e-05
-1.67552     1.46608    2.20344e-05
-1.46608     1.46608    2.02508e-05
-1.25664     1.46608    1.75498e-05
-1.0472     1.46608    1.48769e-05
-0.837758     1.46608    1.42401e-05
-0.628319     1.46608    1.58193e-05
-0.418879     1.46608    1.76735e-05
-0.20944     1.46608    1.84694e-05
0     1.46608    1.88693e-05
0.20944     1.46608    1.8566e-05
0.418879     1.46608    1.76727e-05
0.628319     1.46608    1.58187e-05
0.837758     1.46608    1.42419e-05
1.0472     1.46608    1.48781e-05
1.25664     1.46608    1.7547e-05
1.46608     1.46608    2.0254e-05
1.67552     1.46608    2.20294e-05
1.88496     1.46608    2.33249e-05
2.0944     1.46608    2.47323e-05
2.30383     1.46608    2.62455e-05
2.51327     1.46608    2.7055e-05
2.72271     1.46608    2.53852e-05
2.93215     1.46608    1.97294e-05
3.14159     1.46608    1.20589e-05

-3.14159     1.67552    1.14457e-05
-2.93215     1.67552    1.66733e-05
-2.72271     1.67552    2.28993e-05
-2.51327     1.67552    2.60543e-05
-2.30383     1.67552    2.62097e-05
-2.0944     1.67552    2.4987e-05
-1.88496     1.67552    2.33327e-05
-1.67552     1.67552    2.11487e-05
-1.46608     1.67552    1.79174e-05
-1.25664     1.67552    1.40724e-05
-1.0472     1.67552    1.2006e-05
-0.837758     1.67552    1.3515e-05
-0.628319     1.67552    1.68679e-05
-0.418879     1.67552    1.91679e-05
-0.20944     1.67552    1.99221e-05
0     1.67552    2.00773e-05
0.20944     1.67552    1.98553e-05
0.418879     1.67552    1.91645e-05
0.628319     1.67552    1.68653e-05
0.837758     1.67552    1.35146e-05
1.0472     1.67552    1.20051e-05
1.25664     1.67552    1.40724e-05
1.46608     1.67552    1.79159e-05
1.67552     1.67552    2.11484e-05
1.88496     1.67552    2.33343e-05
2.0944     1.67552    2.4987e-05
2.30383     1.67552    2.62074e-05
2.51327     1.67552    2.60543e-05
2.72271     1.67552    2.28958e-05
2.93215     1.67552    1.66762e-05
3.14159     1.67552    1.14438e-05

-3.14159     1.88496    1.13273e-05
-2.93215     1.88496    1.26959e-05
-2.72271     1.88496    1.79279e-05
-2.51327     1.88496    2.24171e-05
-2.30383     1.88496    2.39483e-05
-2.0944     1.88496    2.32338e-05
-1.88496     1.88496    2.11146e-05
-1.67552     1.88496    1.7559e-05
-1.46608     1.88496    1.28106e-05
-1.25664     1.88496    8.97193e-06
-1.0472     1.88496    9.21429e-06
-0.837758     1.88496    1.35635e-05
-0.628319     1.88496    1.81973e-05
-0.418879     1.88496    2.04055e-05
-0.20944     1.88496    2.08e-05
0     1.88496    2.05963e-05
0.20944     1.88496    2.08423e-05
0.418879     1.88496    2.04113e-05
0.628319     1.88496    1.81975e-05
0.837758     1.88496    1.35614e-05
1.0472     1.88496    9.21534e-06
1.25664     1.88496    8.97085e-06
1.46608     1.88496    1.28105e-05
1.67552     1.88496    1.75594e-05
1.88496     1.88496    2.11131e-05
2.0944     1.88496    2.32333e-05
2.30383     1.88496    2.39487e-05
2.51327     1.88496    2.24162e-05
2.72271     1.88496    1.79302e-05
2.93215     1.88496    1.26997e-05
3.14159     1.88496    1.13258e-05

-3.14159     2.0944    1.1853e-05
-2.93215     2.0944    8.73626e-06
-2.72271     2.0944    1.09407e-05
-2.51327     2.0944    1.5267e-05
-2.30383     2.0944    1.79361e-05
-2.0944     2.0944    1.78104e-05
-1.88496     2.0944    1.5079e-05
-1.67552     2.0944    1.03113e-05
-1.46608     2.0944    5.30579e-06
-1.25664     2.0944    3.59576e-06
-1.0472     2.0944    7.41315e-06
-0.837758     2.0944    1.44081e-05
-0.628319     2.0944    1.96441e-05
-0.418879     2.0944    2.15942e-05
-0.20944     2.0944    2.17128e-05
0     2.0944    2.17917e-05
0.20944     2.0944    2.16912e-05
0.418879     2.0944    2.15794e-05
0.628319     2.0944    1.96429e-05
0.837758     2.0944    1.44096e-05
1.0472     2.0944    7.41358e-06
1.25664     2.0944    3.59813e-06
1.46608     2.0944    5.30419e-06
1.67552     2.0944    1.03077e-05
1.88496     2.0944    1.50795e-05
2.0944     2.0944    1.78116e-05
2.30383     2.0944    1.79363e-05
2.51327     2.0944    1.52687e-05
2.72271     2.0944    1.09428e-05
2.93215     2.0944    8.73377e-06
3.14159     2.0944    1.1851e-05

-3.14159     2.30383    1.23408e-05
-2.93215     2.30383    5.17474e-06
-2.72271     2.30383    3.05644e-06
-2.51327     2.30383    5.08293e-06
-2.30383     2.30383    7.62284e-06
-2.0944     2.30383    7.76917e-06
-1.88496     2.30383    4.83866e-06
-1.67552     2.30383    3.31591e-07
-1.46608     2.30383    2.55467e-06
-1.25664     2.30383    6.19924e-07
-1.0472     2.30383    6.78538e-06
-0.837758     2.30383    1.56061e-05
-0.628319     2.30383    2.10132e-05
-0.418879     2.30383    2.27595e-05
-0.20944     2.30383    2.28881e-05
0     2.30383    2.25802e-05
0.20944     2.30383    2.28938e-05
0.418879     2.30383    2.27711e-05
0.628319     2.30383    2.10143e-05
0.837758     2.30383    1.56054e-05
1.0472     2.30383    6.78637e-06
1.25664     2.30383    6.16987e-07
1.46608     2.30383    2.55481e-06
1.67552     2.30383    3.31055e-07
1.88496     2.30383    4.83702e-06
2.0944     2.30383    7.76839e-06
2.30383     2.30383    7.62262e-06
2.51327     2.30383    5.08268e-06
2.72271     2.30383    3.05513e-06
2.93215     2.30383    5.17251e-06
3.14159     2.30383    1.23422e-05

-3.14159     2.51327    1.17496e-05
-2.93215     2.51327    1.67473e-06
-2.72271     2.51327    4.67934e-06
-2.51327     2.51327    6.34065e-06
-2.30383     2.51327    5.73245e-06
-2.0944     2.51327    5.94952e-06
-1.88496     2.51327    7.8892e-06
-1.67552     2.51327    9.81186e-06
-1.46608     2.51327    9.07755e-06
-1.25664     2.51327    3.54157e-06
-1.0472     2.51327    6.63607e-06
-0.837758     2.51327    1.64937e-05
-0.628319     2.51327    2.21248e-05
-0.418879     2.51327    2.41313e-05
-0.20944     2.51327    2.44593e-05
0     2.51327    2.45925e-05
0.20944     2.51327    2.44684e-05
0.418879     2.51327    2.41188e-05
0.628319     2.51327    2.21246e-05
0.837758     2.51327    1.64963e-05
1.0472     2.51327    6.63675e-06
1.25664     2.51327    3.542e-06
1.46608     2.51327    9.07636e-06
1.67552     2.51327    9.81222e-06
1.88496     2.51327    7.89101e-06
2.0944     2.51327    5.94956e-06
2.30383     2.51327    5.73148e-06
2.51327     2.51327    6.34071e-06
2.72271     2.51327    4.67938e-06
2.93215     2.51327    1.67587e-06
3.14159     2.51327    1.17511e-05

-3.14159     2.72271    9.16237e-06
-2.93215     2.72271    2.52295e-06
-2.72271     2.72271    1.20789e-05
-2.51327     2.72271    1.73683e-05
-2.30383     2.72271    1.95019e-05
-2.0944     2.72271    2.02182e-05
-1.88496     2.72271    2.00346e-05
-1.67552     2.72271    1.85487e-05
-1.46608     2.72271    1.45655e-05
-1.25664     2.72271    6.21649e-06
-1.0472     2.72271    5.75594e-06
-0.837758     2.72271    1.62963e-05
-0.628319     2.72271    2.24937e-05
-0.418879     2.72271    2.51686e-05
-0.20944     2.72271    2.6088e-05
0     2.72271    2.61645e-05
0.20944     2.72271    2.60695e-05
0.418879     2.72271    2.51779e-05
0.628319     2.72271    2.24932e-05
0.837758     2.72271    1.62954e-05
1.0472     2.72271    5.75406e-06
1.25664     2.72271    6.21371e-06
1.46608     2.72271    1.45656e-05
1.67552     2.72271    1.85479e-05
1.88496     2.72271    2.00324e-05
2.0944     2.72271    2.02181e-05
2.30383     2.72271    1.95049e-05
2.51327     2.72271    1.73676e-05
2.72271     2.72271    1.20805e-05
2.93215     2.72271    2.52366e-06
3.14159     2.72271    9.16204e-06

-3.14159     2.93215    3.85466e-06
-2.93215     2.93215    8.4778e-06
-2.72271     2.93215    1.97111e-05
-2.51327     2.93215    2.7032e-05
-2.30383     2.93215    3.04533e-05
-2.0944     2.93215    3.09101e-05
-1.88496     2.93215    2.92472e-05
-1.67552     2.93215    2.60207e-05
-1.46608     2.93215    2.02767e-05
-1.25664     2.93215    1.01904e-05
-1.0472     2.93215    2.7934e-06
-0.837758     2.93215    1.38827e-05
-0.628319     2.93215    2.10235e-05
-0.418879     2.93215    2.48702e-05
-0.20944     2.93215    2.65576e-05
0     2.93215    2.70603e-05
0.20944     2.93215    2.65766e-05
0.418879     2.93215    2.48667e-05
0.628319     2.93215    2.10235e-05
0.837758     2.93215    1.3883e-05
1.0472     2.93215    2.79256e-06
1.25664     2.93215    1.01905e-05
1.46608     2.93215    2.02787e-05
1.67552     2.93215    2.60221e-05
1.88496     2.93215    2.92503e-05
2.0944     2.93215    3.09093e-05
2.30383     2.93215    3.04515e-05
2.51327     2.93215    2.70311e-05
2.72271     2.93215    1.97136e-05
2.93215     2.93215    8.47849e-06
3.14159     2.93215    3.85623e-06

-3.14159     3.14159    4.36275e-06
-2.93215     3.14159    1.60761e-05
-2.72271     3.14159    2.67794e-05
-2.51327     3.14159    3.35676e-05
-2.30383     3.14159    3.61503e-05
-2.0944     3.14159    3.60432e-05
-1.88496     3.14159    3.46695e-05
-1.67552     3.14159    3.20196e-05
-1.46608     3.14159    2.64557e-05
-1.25664     3.14159    1.60874e-05
-1.0472     3.14159    3.1408e-06
-0.837758     3.14159    8.07398e-06
-0.628319     3.14159    1.60892e-05
-0.418879     3.14159    2.11145e-05
-0.20944     3.14159    2.36885e-05
0     3.14159    2.44822e-05
0.20944     3.14159    2.36763e-05
0.418879     3.14159    2.11144e-05
0.628319     3.14159    1.6088e-05
0.837758     3.14159    8.07335e-06
1.0472     3.14159    3.13892e-06
1.25664     3.14159    1.60883e-05
1.46608     3.14159    2.64554e-05
1.67552     3.14159    3.20203e-05
1.88496     3.14159    3.46698e-05
2.0944     3.14159    3.60427e-05
2.30383     3.14159    3.6153e-05
2.51327     3.14159    3.35688e-05
2.72271     3.14159    2.67831e-05
2.93215     3.14159    1.60762e-05
3.14159     3.14159    4.36221e-06

