-3.14159     -3.14159    3.67033e-05
-2.93215     -3.14159    8.75739e-05
-2.72271     -3.14159    0.000160274
-2.51327     -3.14159    0.000217447
-2.30383     -3.14159    0.000226062
-2.0944     -3.14159    0.000197085
-1.88496     -3.14159    0.00017356
-1.67552     -3.14159    0.000163162
-1.46608     -3.14159    0.0001514
-1.25664     -3.14159    8.76391e-05
-1.0472     -3.14159    3.37719e-05
-0.837758     -3.14159    9.25907e-06
-0.628319     -3.14159    3.19338e-05
-0.418879     -3.14159    4.63883e-05
-0.20944     -3.14159    5.22614e-05
0     -3.14159    5.54125e-05
0.20944     -3.14159    5.20225e-05
0.418879     -3.14159    4.63808e-05
0.628319     -3.14159    3.19259e-05
0.837758     -3.14159    9.25002e-06
1.0472     -3.14159    3.37801e-05
1.25664     -3.14159    8.76508e-05
1.46608     -3.14159    0.000151411
1.67552     -3.14159    0.000163171
1.88496     -3.14159    0.000173576
2.0944     -3.14159    0.000197106
2.30383     -3.14159    0.000226078
2.51327     -3.14159    0.000217444
2.72271     -3.14159    0.000160264
2.93215     -3.14159    8.75673e-05
3.14159     -3.14159    3.66917e-05

-3.14159     -2.93215    3.28723e-06
-2.93215     -2.93215    6.05683e-05
-2.72271     -2.93215    0.000124955
-2.51327     -2.93215    0.000171218
-2.30383     -2.93215    0.000193106
-2.0944     -2.93215    0.000184526
-1.88496     -2.93215    0.000154496
-1.67552     -2.93215    0.000135328
-1.46608     -2.93215    0.000120535
-1.25664     -2.93215    6.34877e-05
-1.0472     -2.93215    6.08563e-06
-0.837758     -2.93215    3.05383e-05
-0.628319     -2.93215    5.37372e-05
-0.418879     -2.93215    6.06337e-05
-0.20944     -2.93215    6.02531e-05
0     -2.93215    5.993e-05
0.20944     -2.93215    6.05666e-05
0.418879     -2.93215    6.06193e-05
0.628319     -2.93215    5.37315e-05
0.837758     -2.93215    3.05324e-05
1.0472     -2.93215    6.09678e-06
1.25664     -2.93215    6.35035e-05
1.46608     -2.93215    0.000120557
1.67552     -2.93215    0.000135354
1.88496     -2.93215    0.000154524
2.0944     -2.93215    0.000184556
2.30383     -2.93215    0.000193118
2.51327     -2.93215    0.000171209
2.72271     -2.93215    0.000124939
2.93215     -2.93215    6.05532e-05
3.14159     -2.93215    3.27651e-06

-3.14159     -2.72271    1.03963e-05
-2.93215     -2.72271    5.97441e-05
-2.72271     -2.72271    0.000116037
-2.51327     -2.72271    0.000125847
-2.30383     -2.72271    0.000116603
-2.0944     -2.72271    0.000114285
-1.88496     -2.72271    0.000117392
-1.67552     -2.72271    0.000115178
-1.46608     -2.72271    0.000107482
-1.25664     -2.72271    6.70974e-05
-1.0472     -2.72271    4.13014e-06
-0.837758     -2.72271    4.06572e-05
-0.628319     -2.72271    6.29538e-05
-0.418879     -2.72271    5.88273e-05
-0.20944     -2.72271    5.15706e-05
0     -2.72271    4.5105e-05
0.20944     -2.72271    5.12563e-05
0.418879     -2.72271    5.88459e-05
0.628319     -2.72271    6.29537e-05
0.837758     -2.72271    4.06516e-05
1.0472     -2.72271    4.11116e-06
1.25664     -2.72271    6.7122e-05
1.46608     -2.72271    0.000107512
1.67552     -2.72271    0.000115214
1.88496     -2.72271    0.000117427
2.0944     -2.72271    0.000114308
2.30383     -2.72271    0.000116611
2.51327     -2.72271    0.000125848
2.72271     -2.72271    0.000116026
2.93215     -2.72271    5.97354e-05
3.14159     -2.72271    1.0399e-05

-3.14159     -2.51327    3.94789e-06
-2.93215     -2.51327    6.3201e-05
-2.72271     -2.51327    0.000100563
-2.51327     -2.51327    8.85989e-05
-2.30383     -2.51327    5.19074e-05
-2.0944     -2.51327    3.79551e-05
-1.88496     -2.51327    5.42456e-05
-1.67552     -2.51327    9.22787e-05
-1.46608     -2.51327    0.000101881
-1.25664     -2.51327    7.92141e-05
-1.0472     -2.51327    1.83858e-06
-0.837758     -2.51327    3.89368e-05
-0.628319     -2.51327    5.68858e-05
-0.418879     -2.51327    4.72558e-05
-0.20944     -2.51327    3.62191e-05
0     -2.51327    4.13839e-05
0.20944     -2.51327    3.64112e-05
0.418879     -2.51327    4.72307e-05
0.628319     -2.51327    5.68815e-05
0.837758     -2.51327    3.89208e-05
1.0472     -2.51327    1.81926e-06
1.25664     -2.51327    7.92425e-05
1.46608     -2.51327    0.000101914
1.67552     -2.51327    9.23158e-05
1.88496     -2.51327    5.42753e-05
2.0944     -2.51327    3.79777e-05
2.30383     -2.51327    5.1933e-05
2.51327     -2.51327    8.86045e-05
2.72271     -2.51327    0.000100559
2.93215     -2.51327    6.31972e-05
3.14159     -2.51327    3.94757e-06

-3.14159     -2.30383    1.70971e-05
-2.93215     -2.30383    6.88978e-05
-2.72271     -2.30383    6.8008e-05
-2.51327     -2.30383    2.44691e-05
-2.30383     -2.30383    7.31403e-06
-2.0944     -2.30383    7.24908e-06
-1.88496     -2.30383    1.48074e-06
-1.67552     -2.30383    3.61759e-05
-1.46608     -2.30383    8.16542e-05
-1.25664     -2.30383    7.61255e-05
-1.0472     -2.30383    9.40178e-06
-0.837758     -2.30383    3.26658e-05
-0.628319     -2.30383    4.23552e-05
-0.418879     -2.30383    3.86223e-05
-0.20944     -2.30383    2.05185e-05
0     -2.30383    1.55843e-05
0.20944     -2.30383    2.05852e-05
0.418879     -2.30383    3.86473e-05
0.628319     -2.30383    4.23519e-05
0.837758     -2.30383    3.26596e-05
1.0472     -2.30383    9.41504e-06
1.25664     -2.30383    7.61498e-05
1.46608     -2.30383    8.16858e-05
1.67552     -2.30383    3.6197e-05
1.88496     -2.30383    1.45794e-06
2.0944     -2.30383    7.22745e-06
2.30383     -2.30383    7.29273e-06
2.51327     -2.30383    2.44827e-05
2.72271     -2.30383    6.80086e-05
2.93215     -2.30383    6.88924e-05
3.14159     -2.30383    1.70991e-05

-3.14159     -2.0944    4.27196e-05
-2.93215     -2.0944    5.85995e-05
-2.72271     -2.0944    2.60923e-05
-2.51327     -2.0944    2.0412e-05
-2.30383     -2.0944    4.25003e-05
-2.0944     -2.0944    4.63589e-05
-1.88496     -2.0944    3.66639e-05
-1.67552     -2.0944    2.0469e-05
-1.46608     -2.0944    2.16235e-05
-1.25664     -2.0944    5.09477e-05
-1.0472     -2.0944    1.9173e-05
-0.837758     -2.0944    2.22597e-05
-0.628319     -2.0944    2.77943e-05
-0.418879     -2.0944    2.55052e-05
-0.20944     -2.0944    8.42189e-06
0     -2.0944    2.14771e-05
0.20944     -2.0944    8.00812e-06
0.418879     -2.0944    2.54901e-05
0.628319     -2.0944    2.77966e-05
0.837758     -2.0944    2.22582e-05
1.0472     -2.0944    1.91881e-05
1.25664     -2.0944    5.09788e-05
1.46608     -2.0944    2.16487e-05
1.67552     -2.0944    2.04466e-05
1.88496     -2.0944    3.66425e-05
2.0944     -2.0944    4.63352e-05
2.30383     -2.0944    4.24789e-05
2.51327     -2.0944    2.03903e-05
2.72271     -2.0944    2.61018e-05
2.93215     -2.0944    5.85981e-05
3.14159     -2.0944    4.2722e-05

-3.14159     -1.88496    5.64141e-05
-2.93215     -1.88496    4.18859e-05
-2.72271     -1.88496    1.53694e-05
-2.51327     -1.88496    5.25415e-05
-2.30383     -1.88496    5.86732e-05
-2.0944     -1.88496    6.29103e-05
-1.88496     -1.88496    5.67771e-05
-1.67552     -1.88496    3.7494e-05
-1.46608     -1.88496    2.35663e-05
-1.25664     -1.88496    1.01322e-05
-1.0472     -1.88496    1.75585e-05
-0.837758     -1.88496    8.24644e-06
-0.628319     -1.88496    1.75544e-05
-0.418879     -1.88496    1.1028e-05
-0.20944     -1.88496    7.25445e-06
0     -1.88496    2.59434e-05
0.20944     -1.88496    6.45791e-06
0.418879     -1.88496    1.10507e-05
0.628319     -1.88496    1.75553e-05
0.837758     -1.88496    8.24252e-06
1.0472     -1.88496    1.75739e-05
1.25664     -1.88496    1.01543e-05
1.46608     -1.88496    2.35439e-05
1.67552     -1.88496    3.74737e-05
1.88496     -1.88496    5.67564e-05
2.0944     -1.88496    6.2883e-05
2.30383     -1.88496    5.86479e-05
2.51327     -1.88496    5.25192e-05
2.72271     -1.88496    1.53539e-05
2.93215     -1.88496    4.18889e-05
3.14159     -1.88496    5.64151e-05

-3.14159     -1.67552    5.38511e-05
-2.93215     -1.67552    9.84086e-06
-2.72271     -1.67552    4.51442e-05
-2.51327     -1.67552    6.03016e-05
-2.30383     -1.67552    5.92195e-05
-2.0944     -1.67552    5.49115e-05
-1.88496     -1.67552    5.24971e-05
-1.67552     -1.67552    4.20494e-05
-1.46608     -1.67552    2.65489e-05
-1.25664     -1.67552    1.22114e-05
-1.0472     -1.67552    1.38256e-05
-0.837758     -1.67552    1.34253e-05
-0.628319     -1.67552    3.29905e-06
-0.418879     -1.67552    1.13998e-06
-0.20944     -1.67552    2.72708e-05
0     -1.67552    2.32762e-05
0.20944     -1.67552    2.84837e-05
0.418879     -1.67552    1.14794e-06
0.628319     -1.67552    3.29753e-06
0.837758     -1.67552    1.34359e-05
1.0472     -1.67552    1.38497e-05
1.25664     -1.67552    1.21903e-05
1.46608     -1.67552    2.65264e-05
1.67552     -1.67552    4.20307e-05
1.88496     -1.67552    5.24765e-05
2.0944     -1.67552    5.48848e-05
2.30383     -1.67552    5.91949e-05
2.51327     -1.67552    6.02798e-05
2.72271     -1.67552    4.51265e-05
2.93215     -1.67552    9.85197e-06
3.14159     -1.67552    5.38525e-05

-3.14159     -1.46608    3.51303e-05
-2.93215     -1.46608    2.51414e-05
-2.72271     -1.46608    6.04323e-05
-2.51327     -1.46608    5.59502e-05
-2.30383     -1.46608    4.99338e-05
-2.0944     -1.46608    3.95405e-05
-1.88496     -1.46608    3.14232e-05
-1.67552     -1.46608    3.33964e-05
-1.46608     -1.46608    2.35938e-05
-1.25664     -1.46608    1.40771e-05
-1.0472     -1.46608    8.40319e-06
-0.837758     -1.46608    3.02555e-05
-0.628319     -1.46608    2.04195e-05
-0.418879     -1.46608    2.37049e-05
-0.20944     -1.46608    5.33472e-05
0     -1.46608    5.56505e-05
0.20944     -1.46608    5.18734e-05
0.418879     -1.46608    2.3708e-05
0.628319     -1.46608    2.04192e-05
0.837758     -1.46608    3.02602e-05
1.0472     -1.46608    8.41567e-06
1.25664     -1.46608    1.40648e-05
1.46608     -1.46608    2.35742e-05
1.67552     -1.46608    3.33713e-05
1.88496     -1.46608    3.1399e-05
2.0944     -1.46608    3.95216e-05
2.30383     -1.46608    4.99132e-05
2.51327     -1.46608    5.5935e-05
2.72271     -1.46608    6.04147e-05
2.93215     -1.46608    2.51251e-05
3.14159     -1.46608    3.5133e-05

-3.14159     -1.25664    9.11833e-06
-2.93215     -1.25664    4.31134e-05
-2.72271     -1.25664    5.96575e-05
-2.51327     -1.25664    5.58257e-05
-2.30383     -1.25664    4.27156e-05
-2.0944     -1.25664    2.38317e-05
-1.88496     -1.25664    1.61605e-05
-1.67552     -1.25664    1.05409e-05
-1.46608     -1.25664    4.71578e-06
-1.25664     -1.25664    6.03548e-06
-1.0472     -1.25664    1.1258e-05
-0.837758     -1.25664    2.91879e-05
-0.628319     -1.25664    3.44318e-05
-0.418879     -1.25664    4.36928e-05
-0.20944     -1.25664    6.90679e-05
0     -1.25664    0.000113391
0.20944     -1.25664    7.06003e-05
0.418879     -1.25664    4.36835e-05
0.628319     -1.25664    3.44515e-05
0.837758     -1.25664    2.9184e-05
1.0472     -1.25664    1.12805e-05
1.25664     -1.25664    6.02344e-06
1.46608     -1.25664    4.69617e-06
1.67552     -1.25664    1.05268e-05
1.88496     -1.25664    1.61477e-05
2.0944     -1.25664    2.38271e-05
2.30383     -1.25664    4.27138e-05
2.51327     -1.25664    5.58237e-05
2.72271     -1.25664    5.96449e-05
2.93215     -1.25664    4.31022e-05
3.14159     -1.25664    9.11969e-06

-3.14159     -1.0472    7.84604e-06
-2.93215     -1.0472    4.96791e-05
-2.72271     -1.0472    6.20781e-05
-2.51327     -1.0472    5.2898e-05
-2.30383     -1.0472    3.83545e-05
-2.0944     -1.0472    1.64769e-05
-1.88496     -1.0472    9.26852e-06
-1.67552     -1.0472    6.50927e-06
-1.46608     -1.0472    1.58305e-05
-1.25664     -1.0472    2.7076e-05
-1.0472     -1.0472    3.02124e-05
-0.837758     -1.0472    4.29488e-05
-0.628319     -1.0472    4.707e-05
-0.418879     -1.0472    6.39167e-05
-0.20944     -1.0472    8.48198e-05
0     -1.0472    9.21532e-05
0.20944     -1.0472    8.36701e-05
0.418879     -1.0472    6.39918e-05
0.628319     -1.0472    4.70752e-05
0.837758     -1.0472    4.29682e-05
1.0472     -1.0472    3.02072e-05
1.25664     -1.0472    2.70832e-05
1.46608     -1.0472    1.58325e-05
1.67552     -1.0472    6.51431e-06
1.88496     -1.0472    9.26794e-06
2.0944     -1.0472    1.64898e-05
2.30383     -1.0472    3.83674e-05
2.51327     -1.0472    5.29113e-05
2.72271     -1.0472    6.20781e-05
2.93215     -1.0472    4.96738e-05
3.14159     -1.0472    7.8461e-06

-3.14159     -0.837758    8.42935e-06
-2.93215     -0.837758    3.7838e-05
-2.72271     -0.837758    6.12866e-05
-2.51327     -0.837758    6.13996e-05
-2.30383     -0.837758    4.27646e-05
-2.0944     -0.837758    2.91607e-05
-1.88496     -0.837758    5.80596e-06
-1.67552     -0.837758    1.43027e-05
-1.46608     -0.837758    2.64358e-05
-1.25664     -0.837758    5.54248e-05
-1.0472     -0.837758    6.68016e-05
-0.837758     -0.837758    5.93307e-05
-0.628319     -0.837758    7.27833e-05
-0.418879     -0.837758    8.74144e-05
-0.20944     -0.837758    0.000113334
0     -0.837758    0.000189495
0.20944     -0.837758    0.000113684
0.418879     -0.837758    8.72903e-05
0.628319     -0.837758    7.27599e-05
0.837758     -0.837758    5.93404e-05
1.0472     -0.837758    6.67968e-05
1.25664     -0.837758    5.54125e-05
1.46608     -0.837758    2.64383e-05
1.67552     -0.837758    1.42983e-05
1.88496     -0.837758    5.809e-06
2.0944     -0.837758    2.91686e-05
2.30383     -0.837758    4.27758e-05
2.51327     -0.837758    6.14095e-05
2.72271     -0.837758    6.1301e-05
2.93215     -0.837758    3.78433e-05
3.14159     -0.837758    8.43454e-06

-3.14159     -0.628319    1.218e-05
-2.93215     -0.628319    2.64346e-05
-2.72271     -0.628319    4.39707e-05
-2.51327     -0.628319    4.99337e-05
-2.30383     -0.628319    4.2374e-05
-2.0944     -0.628319    2.95991e-05
-1.88496     -0.628319    1.23825e-05
-1.67552     -0.628319    8.60872e-06
-1.46608     -0.628319    4.0014e-05
-1.25664     -0.628319    6.67039e-05
-1.0472     -0.628319    0.000101743
-0.837758     -0.628319    0.000106078
-0.628319     -0.628319    0.000107277
-0.418879     -0.628319    0.000134093
-0.20944     -0.628319    0.000161099
0     -0.628319    0.000118047
0.20944     -0.628319    0.000162428
0.418879     -0.628319    0.000134158
0.628319     -0.628319    0.000107278
0.837758     -0.628319    0.000106095
1.0472     -0.628319    0.000101761
1.25664     -0.628319    6.67124e-05
1.46608     -0.628319    4.00228e-05
1.67552     -0.628319    8.6071e-06
1.88496     -0.628319    1.23886e-05
2.0944     -0.628319    2.96148e-05
2.30383     -0.628319    4.23795e-05
2.51327     -0.628319    4.99398e-05
2.72271     -0.628319    4.39827e-05
2.93215     -0.628319    2.64484e-05
3.14159     -0.628319    1.21678e-05

-3.14159     -0.418879    5.03661e-05
-2.93215     -0.418879    1.55205e-05
-2.72271     -0.418879    1.62042e-05
-2.51327     -0.418879    2.84486e-05
-2.30383     -0.418879    3.34266e-05
-2.0944     -0.418879    2.44344e-05
-1.88496     -0.418879    1.6796e-05
-1.67552     -0.418879    2.24328e-06
-1.46608     -0.418879    2.95202e-05
-1.25664     -0.418879    6.10373e-05
-1.0472     -0.418879    8.84995e-05
-0.837758     -0.418879    0.000129443
-0.628319     -0.418879    0.000149274
-0.418879     -0.418879    0.000181795
-0.20944     -0.418879    0.000238894
0     -0.418879    0.000321558
0.20944     -0.418879    0.000233869
0.418879     -0.418879    0.000181887
0.628319     -0.418879    0.000149294
0.837758     -0.418879    0.000129446
1.0472     -0.418879    8.84698e-05
1.25664     -0.418879    6.10376e-05
1.46608     -0.418879    2.9512e-05
1.67552     -0.418879    2.24345e-06
1.88496     -0.418879    1.67959e-05
2.0944     -0.418879    2.44383e-05
2.30383     -0.418879    3.34356e-05
2.51327     -0.418879    2.84574e-05
2.72271     -0.418879    1.62077e-05
2.93215     -0.418879    1.55125e-05
3.14159     -0.418879    5.03554e-05

-3.14159     -0.20944    9.54267e-05
-2.93215     -0.20944    7.92671e-05
-2.72271     -0.20944    5.01268e-05
-2.51327     -0.20944    1.98306e-05
-2.30383     -0.20944    1.29646e-06
-2.0944     -0.20944    6.87666e-06
-1.88496     -0.20944    1.54327e-06
-1.67552     -0.20944    1.23355e-05
-1.46608     -0.20944    2.49282e-05
-1.25664     -0.20944    4.66366e-05
-1.0472     -0.20944    6.97942e-05
-0.837758     -0.20944    0.000109923
-0.628319     -0.20944    0.000169203
-0.418879     -0.20944    0.000228361
-0.20944     -0.20944    0.000322799
0     -0.20944    0.000332711
0.20944     -0.20944    0.000337942
0.418879     -0.20944    0.000227985
0.628319     -0.20944    0.000169225
0.837758     -0.20944    0.000109882
1.0472     -0.20944    6.98126e-05
1.25664     -0.20944    4.66064e-05
1.46608     -0.20944    2.49301e-05
1.67552     -0.20944    1.23312e-05
1.88496     -0.20944    1.5406e-06
2.0944     -0.20944    6.88833e-06
2.30383     -0.20944    1.29296e-06
2.51327     -0.20944    1.98294e-05
2.72271     -0.20944    5.01242e-05
2.93215     -0.20944    7.92679e-05
3.14159     -0.20944    9.54181e-05

-3.14159     0    0.000118488
-2.93215     0    0.000102546
-2.72271     0    9.89647e-05
-2.51327     0    6.36346e-05
-2.30383     0    3.12582e-05
-2.0944     0    1.62686e-05
-1.88496     0    1.72123e-05
-1.67552     0    3.03554e-05
-1.46608     0    3.60997e-05
-1.25664     0    4.35402e-05
-1.0472     0    7.43178e-05
-0.837758     0    0.000109394
-0.628319     0    0.00016696
-0.418879     0    0.00026166
-0.20944     0    0.000378334
0     0    2.90133e-16
0.20944     0    0.000378334
0.418879     0    0.00026166
0.628319     0    0.00016696
0.837758     0    0.000109394
1.0472     0    7.43178e-05
1.25664     0    4.35402e-05
1.46608     0    3.60997e-05
1.67552     0    3.03554e-05
1.88496     0    1.72123e-05
2.0944     0    1.62686e-05
2.30383     0    3.12582e-05
2.51327     0    6.36346e-05
2.72271     0    9.89647e-05
2.93215     0    0.000102546
3.14159     0    0.000118488

-3.14159     0.20944    9.54181e-05
-2.93215     0.20944    7.92679e-05
-2.72271     0.20944    5.01242e-05
-2.51327     0.20944    1.98294e-05
-2.30383     0.20944    1.29296e-06
-2.0944     0.20944    6.88833e-06
-1.88496     0.20944    1.5406e-06
-1.67552     0.20944    1.23312e-05
-1.46608     0.20944    2.49301e-05
-1.25664     0.20944    4.66064e-05
-1.0472     0.20944    6.98126e-05
-0.837758     0.20944    0.000109882
-0.628319     0.20944    0.000169225
-0.418879     0.20944    0.000227985
-0.20944     0.20944    0.000337942
0     0.20944    0.000332711
0.20944     0.20944    0.000322799
0.418879     0.20944    0.000228361
0.628319     0.20944    0.000169203
0.837758     0.20944    0.000109923
1.0472     0.20944    6.97942e-05
1.25664     0.20944    4.66366e-05
1.46608     0.20944    2.49282e-05
1.67552     0.20944    1.23355e-05
1.88496     0.20944    1.54327e-06
2.0944     0.20944    6.87666e-06
2.30383     0.20944    1.29646e-06
2.51327     0.20944    1.98306e-05
2.72271     0.20944    5.01268e-05
2.93215     0.20944    7.92671e-05
3.14159     0.20944    9.54267e-05

-3.14159     0.418879    5.03554e-05
-2.93215     0.418879    1.55125e-05
-2.72271     0.418879    1.62077e-05
-2.51327     0.418879    2.84574e-05
-2.30383     0.418879    3.34356e-05
-2.0944     0.418879    2.44383e-05
-1.88496     0.418879    1.67959e-05
-1.67552     0.418879    2.24345e-06
-1.46608     0.418879    2.9512e-05
-1.25664     0.418879    6.10376e-05
-1.0472     0.418879    8.84698e-05
-0.837758     0.418879    0.000129446
-0.628319     0.418879    0.000149294
-0.418879     0.418879    0.000181887
-0.20944     0.418879    0.000233869
0     0.418879    0.000321558
0.20944     0.418879    0.000238894
0.418879     0.418879    0.000181795
0.628319     0.418879    0.000149274
0.837758     0.418879    0.000129443
1.0472     0.418879    8.84995e-05
1.25664     0.418879    6.10373e-05
1.46608     0.418879    2.95202e-05
1.67552     0.418879    2.24328e-06
1.88496     0.418879    1.6796e-05
2.0944     0.418879    2.44344e-05
2.30383     0.418879    3.34266e-05
2.51327     0.418879    2.84486e-05
2.72271     0.418879    1.62042e-05
2.93215     0.418879    1.55205e-05
3.14159     0.418879    5.03661e-05

-3.14159     0.628319    1.21678e-05
-2.93215     0.628319    2.64484e-05
-2.72271     0.628319    4.39827e-05
-2.51327     0.628319    4.99398e-05
-2.30383     0.628319    4.23795e-05
-2.0944     0.628319    2.96148e-05
-1.88496     0.628319    1.23886e-05
-1.67552     0.628319    8.6071e-06
-1.46608     0.628319    4.00228e-05
-1.25664     0.628319    6.67124e-05
-1.0472     0.628319    0.000101761
-0.837758     0.628319    0.000106095
-0.628319     0.628319    0.000107278
-0.418879     0.628319    0.000134158
-0.20944     0.628319    0.000162428
0     0.628319    0.000118047
0.20944     0.628319    0.000161099
0.418879     0.628319    0.000134093
0.628319     0.628319    0.000107277
0.837758     0.628319    0.000106078
1.0472     0.628319    0.000101743
1.25664     0.628319    6.67039e-05
1.46608     0.628319    4.0014e-05
1.67552     0.628319    8.60872e-06
1.88496     0.628319    1.23825e-05
2.0944     0.628319    2.95991e-05
2.30383     0.628319    4.2374e-05
2.51327     0.628319    4.99337e-05
2.72271     0.628319    4.39707e-05
2.93215     0.628319    2.64346e-05
3.14159     0.628319    1.218e-05

-3.14159     0.837758    8.43454e-06
-2.93215     0.837758    3.78433e-05
-2.72271     0.837758    6.1301e-05
-2.51327     0.837758    6.14095e-05
-2.30383     0.837758    4.27758e-05
-2.0944     0.837758    2.91686e-05
-1.88496     0.837758    5.809e-06
-1.67552     0.837758    1.42983e-05
-1.46608     0.837758    2.64383e-05
-1.25664     0.837758    5.54125e-05
-1.0472     0.837758    6.67968e-05
-0.837758     0.837758    5.93404e-05
-0.628319     0.837758    7.27599e-05
-0.418879     0.837758    8.72903e-05
-0.20944     0.837758    0.000113684
0     0.837758    0.000189495
0.20944     0.837758    0.000113334
0.418879     0.837758    8.74144e-05
0.628319     0.837758    7.27833e-05
0.837758     0.837758    5.93307e-05
1.0472     0.837758    6.68016e-05
1.25664     0.837758    5.54248e-05
1.46608     0.837758    2.64358e-05
1.67552     0.837758    1.43027e-05
1.88496     0.837758    5.80596e-06
2.0944     0.837758    2.91607e-05
2.30383     0.837758    4.27646e-05
2.51327     0.837758    6.13996e-05
2.72271     0.837758    6.12866e-05
2.93215     0.837758    3.7838e-05
3.14159     0.837758    8.42935e-06

-3.14159     1.0472    7.8461e-06
-2.93215     1.0472    4.96738e-05
-2.72271     1.0472    6.20781e-05
-2.51327     1.0472    5.29113e-05
-2.30383     1.0472    3.83674e-05
-2.0944     1.0472    1.64898e-05
-1.88496     1.0472    9.26794e-06
-1.67552     1.0472    6.51431e-06
-1.46608     1.0472    1.58325e-05
-1.25664     1.0472    2.70832e-05
-1.0472     1.0472    3.02072e-05
-0.837758     1.0472    4.29682e-05
-0.628319     1.0472    4.70752e-05
-0.418879     1.0472    6.39918e-05
-0.20944     1.0472    8.36701e-05
0     1.0472    9.21532e-05
0.20944     1.0472    8.48198e-05
0.418879     1.0472    6.39167e-05
0.628319     1.0472    4.707e-05
0.837758     1.0472    4.29488e-05
1.0472     1.0472    3.02124e-05
1.25664     1.0472    2.7076e-05
1.46608     1.0472    1.58305e-05
1.67552     1.0472    6.50927e-06
1.88496     1.0472    9.26852e-06
2.0944     1.0472    1.64769e-05
2.30383     1.0472    3.83545e-05
2.51327     1.0472    5.2898e-05
2.72271     1.0472    6.20781e-05
2.93215     1.0472    4.96791e-05
3.14159     1.0472    7.84604e-06

-3.14159     1.25664    9.11969e-06
-2.93215     1.25664    4.31022e-05
-2.72271     1.25664    5.96449e-05
-2.51327     1.25664    5.58237e-05
-2.30383     1.25664    4.27138e-05
-2.0944     1.25664    2.38271e-05
-1.88496     1.25664    1.61477e-05
-1.67552     1.25664    1.05268e-05
-1.46608     1.25664    4.69617e-06
-1.25664     1.25664    6.02344e-06
-1.0472     1.25664    1.12805e-05
-0.837758     1.25664    2.9184e-05
-0.628319     1.25664    3.44515e-05
-0.418879     1.25664    4.36835e-05
-0.20944     1.25664    7.06003e-05
0     1.25664    0.000113391
0.20944     1.25664    6.90679e-05
0.418879     1.25664    4.36928e-05
0.628319     1.25664    3.44318e-05
0.837758     1.25664    2.91879e-05
1.0472     1.25664    1.1258e-05
1.25664     1.25664    6.03548e-06
1.46608     1.25664    4.71578e-06
1.67552     1.25664    1.05409e-05
1.88496     1.25664    1.61605e-05
2.0944     1.25664    2.38317e-05
2.30383     1.25664    4.27156e-05
2.51327     1.25664    5.58257e-05
2.72271     1.25664    5.96575e-05
2.93215     1.25664    4.31134e-05
3.14159     1.25664    9.11833e-06

-3.14159     1.46608    3.5133e-05
-2.93215     1.46608    2.51251e-05
-2.72271     1.46608    6.04147e-05
-2.51327     1.46608    5.5935e-05
-2.30383     1.46608    4.99132e-05
-2.0944     1.46608    3.95216e-05
-1.88496     1.46608    3.1399e-05
-1.67552     1.46608    3.33713e-05
-1.46608     1.46608    2.35742e-05
-1.25664     1.46608    1.40648e-05
-1.0472     1.46608    8.41567e-06
-0.837758     1.46608    3.02602e-05
-0.628319     1.46608    2.04192e-05
-0.418879     1.46608    2.3708e-05
-0.20944     1.46608    5.18734e-05
0     1.46608    5.56505e-05
0.20944     1.46608    5.33472e-05
0.418879     1.46608    2.37049e-05
0.628319     1.46608    2.04195e-05
0.837758     1.46608    3.02555e-05
1.0472     1.46608    8.40319e-06
1.25664     1.46608    1.40771e-05
1.46608     1.46608    2.35938e-05
1.67552     1.46608    3.33964e-05
1.88496     1.46608    3.14232e-05
2.0944     1.46608    3.95405e-05
2.30383     1.46608    4.99338e-05
2.51327     1.46608    5.59502e-05
2.72271     1.46608    6.04323e-05
2.93215     1.46608    2.51414e-05
3.14159     1.46608    3.51303e-05

-3.14159     1.67552    5.38525e-05
-2.93215     1.67552    9.85197e-06
-2.72271     1.67552    4.51265e-05
-2.51327     1.67552    6.02798e-05
-2.30383     1.67552    5.91949e-05
-2.0944     1.67552    5.48848e-05
-1.88496     1.67552    5.24765e-05
-1.67552     1.67552    4.20307e-05
-1.46608     1.67552    2.65264e-05
-1.25664     1.67552    1.21903e-05
-1.0472     1.67552    1.38497e-05
-0.837758     1.67552    1.34359e-05
-0.628319     1.67552    3.29753e-06
-0.418879     1.67552    1.14794e-06
-0.20944     1.67552    2.84837e-05
0     1.67552    2.32762e-05
0.20944     1.67552    2.72708e-05
0.418879     1.67552    1.13998e-06
0.628319     1.67552    3.29905e-06
0.837758     1.67552    1.34253e-05
1.0472     1.67552    1.38256e-05
1.25664     1.67552    1.22114e-05
1.46608     1.67552    2.65489e-05
1.67552     1.67552    4.20494e-05
1.88496     1.67552    5.24971e-05
2.0944     1.67552    5.49115e-05
2.30383     1.67552    5.92195e-05
2.51327     1.67552    6.03016e-05
2.72271     1.67552    4.51442e-05
2.93215     1.67552    9.84086e-06
3.14159     1.67552    5.38511e-05

-3.14159     1.88496    5.64151e-05
-2.93215     1.88496    4.18889e-05
-2.72271     1.88496    1.53539e-05
-2.51327     1.88496    5.25192e-05
-2.30383     1.88496    5.86479e-05
-2.0944     1.88496    6.2883e-05
-1.88496     1.88496    5.67564e-05
-1.67552     1.88496    3.74737e-05
-1.46608     1.88496    2.35439e-05
-1.25664     1.88496    1.01543e-05
-1.0472     1.88496    1.75739e-05
-0.837758     1.88496    8.24252e-06
-0.628319     1.88496    1.75553e-05
-0.418879     1.88496    1.10507e-05
-0.20944     1.88496    6.45791e-06
0     1.88496    2.59434e-05
0.20944     1.88496    7.25445e-06
0.418879     1.88496    1.1028e-05
0.628319     1.88496    1.75544e-05
0.837758     1.88496    8.24644e-06
1.0472     1.88496    1.75585e-05
1.25664     1.88496    1.01322e-05
1.46608     1.88496    2.35663e-05
1.67552     1.88496    3.7494e-05
1.88496     1.88496    5.67771e-05
2.0944     1.88496    6.29103e-05
2.30383     1.88496    5.86732e-05
2.51327     1.88496    5.25415e-05
2.72271     1.88496    1.53694e-05
2.93215     1.88496    4.18859e-05
3.14159     1.88496    5.64141e-05

-3.14159     2.0944    4.2722e-05
-2.93215     2.0944    5.85981e-05
-2.72271     2.0944    2.61018e-05
-2.51327     2.0944    2.03903e-05
-2.30383     2.0944    4.24789e-05
-2.0944     2.0944    4.63352e-05
-1.88496     2.0944    3.66425e-05
-1.67552     2.0944    2.04466e-05
-1.46608     2.0944    2.16487e-05
-1.25664     2.0944    5.09788e-05
-1.0472     2.0944    1.91881e-05
-0.837758     2.0944    2.22582e-05
-0.628319     2.0944    2.77966e-05
-0.418879     2.0944    2.54901e-05
-0.20944     2.0944    8.00812e-06
0     2.0944    2.14771e-05
0.20944     2.0944    8.42189e-06
0.418879     2.0944    2.55052e-05
0.628319     2.0944    2.77943e-05
0.837758     2.0944    2.22597e-05
1.0472     2.0944    1.9173e-05
1.25664     2.0944    5.09477e-05
1.46608     2.0944    2.16235e-05
1.67552     2.0944    2.0469e-05
1.88496     2.0944    3.66639e-05
2.0944     2.0944    4.63589e-05
2.30383     2.0944    4.25003e-05
2.51327     2.0944    2.0412e-05
2.72271     2.0944    2.60923e-05
2.93215     2.0944    5.85995e-05
3.14159     2.0944    4.27196e-05

-3.14159     2.30383    1.70991e-05
-2.93215     2.30383    6.88924e-05
-2.72271     2.30383    6.80086e-05
-2.51327     2.30383    2.44827e-05
-2.30383     2.30383    7.29273e-06
-2.0944     2.30383    7.22745e-06
-1.88496     2.30383    1.45794e-06
-1.67552     2.30383    3.6197e-05
-1.46608     2.30383    8.16858e-05
-1.25664     2.30383    7.61498e-05
-1.0472     2.30383    9.41504e-06
-0.837758     2.30383    3.26596e-05
-0.628319     2.30383    4.23519e-05
-0.418879     2.30383    3.86473e-05
-0.20944     2.30383    2.05852e-05
0     2.30383    1.55843e-05
0.20944     2.30383    2.05185e-05
0.418879     2.30383    3.86223e-05
0.628319     2.30383    4.23552e-05
0.837758     2.30383    3.26658e-05
1.0472     2.30383    9.40178e-06
1.25664     2.30383    7.61255e-05
1.46608     2.30383    8.16542e-05
1.67552     2.30383    3.61759e-05
1.88496     2.30383    1.48074e-06
2.0944     2.30383    7.24908e-06
2.30383     2.30383    7.31403e-06
2.51327     2.30383    2.44691e-05
2.72271     2.30383    6.8008e-05
2.93215     2.30383    6.88978e-05
3.14159     2.30383    1.70971e-05

-3.14159     2.51327    3.94757e-06
-2.93215     2.51327    6.31972e-05
-2.72271     2.51327    0.000100559
-2.51327     2.51327    8.86045e-05
-2.30383     2.51327    5.1933e-05
-2.0944     2.51327    3.79777e-05
-1.88496     2.51327    5.42753e-05
-1.67552     2.51327    9.23158e-05
-1.46608     2.51327    0.000101914
-1.25664     2.51327    7.92425e-05
-1.0472     2.51327    1.81926e-06
-0.837758     2.51327    3.89208e-05
-0.628319     2.51327    5.68815e-05
-0.418879     2.51327    4.72307e-05
-0.20944     2.51327    3.64112e-05
0     2.51327    4.13839e-05
0.20944     2.51327    3.62191e-05
0.418879     2.51327    4.72558e-05
0.628319     2.51327    5.68858e-05
0.837758     2.51327    3.89368e-05
1.0472     2.51327    1.83858e-06
1.25664     2.51327    7.92141e-05
1.46608     2.51327    0.000101881
1.67552     2.51327    9.22787e-05
1.88496     2.51327    5.42456e-05
2.0944     2.51327    3.79551e-05
2.30383     2.51327    5.19074e-05
2.51327     2.51327    8.85989e-05
2.72271     2.51327    0.000100563
2.93215     2.51327    6.3201e-05
3.14159     2.51327    3.94789e-06

-3.14159     2.72271    1.0399e-05
-2.93215     2.72271    5.97354e-05
-2.72271     2.72271    0.000116026
-2.51327     2.72271    0.000125848
-2.30383     2.72271    0.000116611
-2.0944     2.72271    0.000114308
-1.88496     2.72271    0.000117427
-1.67552     2.72271    0.000115214
-1.46608     2.72271    0.000107512
-1.25664     2.72271    6.7122e-05
-1.0472     2.72271    4.11116e-06
-0.837758     2.72271    4.06516e-05
-0.628319     2.72271    6.29537e-05
-0.418879     2.72271    5.88459e-05
-0.20944     2.72271    5.12563e-05
0     2.72271    4.5105e-05
0.20944     2.72271    5.15706e-05
0.418879     2.72271    5.88273e-05
0.628319     2.72271    6.29538e-05
0.837758     2.72271    4.06572e-05
1.0472     2.72271    4.13014e-06
1.25664     2.72271    6.70974e-05
1.46608     2.72271    0.000107482
1.67552     2.72271    0.000115178
1.88496     2.72271    0.000117392
2.0944     2.72271    0.000114285
2.30383     2.72271    0.000116603
2.51327     2.72271    0.000125847
2.72271     2.72271    0.000116037
2.93215     2.72271    5.97441e-05
3.14159     2.72271    1.03963e-05

-3.14159     2.93215    3.27651e-06
-2.93215     2.93215    6.05532e-05
-2.72271     2.93215    0.000124939
-2.51327     2.93215    0.000171209
-2.30383     2.93215    0.000193118
-2.0944     2.93215    0.000184556
-1.88496     2.93215    0.000154524
-1.67552     2.93215    0.000135354
-1.46608     2.93215    0.000120557
-1.25664     2.93215    6.35035e-05
-1.0472     2.93215    6.09678e-06
-0.837758     2.93215    3.05324e-05
-0.628319     2.93215    5.37315e-05
-0.418879     2.93215    6.06193e-05
-0.20944     2.93215    6.05666e-05
0     2.93215    5.993e-05
0.20944     2.93215    6.02531e-05
0.418879     2.93215    6.06337e-05
0.628319     2.93215    5.37372e-05
0.837758     2.93215    3.05383e-05
1.0472     2.93215    6.08563e-06
1.25664     2.93215    6.34877e-05
1.46608     2.93215    0.000120535
1.67552     2.93215    0.000135328
1.88496     2.93215    0.000154496
2.0944     2.93215    0.000184526
2.30383     2.93215    0.000193106
2.51327     2.93215    0.000171218
2.72271     2.93215    0.000124955
2.93215     2.93215    6.05683e-05
3.14159     2.93215    3.28723e-06

-3.14159     3.14159    3.66917e-05
-2.93215     3.14159    8.75673e-05
-2.72271     3.14159    0.000160264
-2.51327     3.14159    0.000217444
-2.30383     3.14159    0.000226078
-2.0944     3.14159    0.000197106
-1.88496     3.14159    0.000173576
-1.67552     3.14159    0.000163171
-1.46608     3.14159    0.000151411
-1.25664     3.14159    8.76508e-05
-1.0472     3.14159    3.37801e-05
-0.837758     3.14159    9.25002e-06
-0.628319     3.14159    3.19259e-05
-0.418879     3.14159    4.63808e-05
-0.20944     3.14159    5.20225e-05
0     3.14159    5.54125e-05
0.20944     3.14159    5.22614e-05
0.418879     3.14159    4.63883e-05
0.628319     3.14159    3.19338e-05
0.837758     3.14159    9.25907e-06
1.0472     3.14159    3.37719e-05
1.25664     3.14159    8.76391e-05
1.46608     3.14159    0.0001514
1.67552     3.14159    0.000163162
1.88496     3.14159    0.00017356
2.0944     3.14159    0.000197085
2.30383     3.14159    0.000226062
2.51327     3.14159    0.000217447
2.72271     3.14159    0.000160274
2.93215     3.14159    8.75739e-05
3.14159     3.14159    3.67033e-05

