-3.14159     -3.14159    0.0204455
-2.93215     -3.14159    0.00020852
-2.72271     -3.14159    0.000884969
-2.51327     -3.14159    0.000991952
-2.30383     -3.14159    0.00260259
-2.0944     -3.14159    0.000213495
-1.88496     -3.14159    0.00185758
-1.67552     -3.14159    0.00374949
-1.46608     -3.14159    0.0104441
-1.25664     -3.14159    0.000526571
-1.0472     -3.14159    0.0213045
-0.837758     -3.14159    0.00402697
-0.628319     -3.14159    0.00354392
-0.418879     -3.14159    0.0015718
-0.20944     -3.14159    0.00519603
0     -3.14159    0.00311597
0.20944     -3.14159    0.00503918
0.418879     -3.14159    0.00155157
0.628319     -3.14159    0.00355753
0.837758     -3.14159    0.00392601
1.0472     -3.14159    0.0214533
1.25664     -3.14159    0.0006867
1.46608     -3.14159    0.0103376
1.67552     -3.14159    0.00363326
1.88496     -3.14159    0.00172618
2.0944     -3.14159    8.60676e-05
2.30383     -3.14159    0.00272816
2.51327     -3.14159    0.00101206
2.72271     -3.14159    0.000754388
2.93215     -3.14159    0.000321221
3.14159     -3.14159    0.0207246

-3.14159     -2.93215    0.0217812
-2.93215     -2.93215    0.00211764
-2.72271     -2.93215    0.000315399
-2.51327     -2.93215    0.0111383
-2.30383     -2.93215    0.000342274
-2.0944     -2.93215    0.00187337
-1.88496     -2.93215    0.00928114
-1.67552     -2.93215    0.0170353
-1.46608     -2.93215    0.0127215
-1.25664     -2.93215    0.0044981
-1.0472     -2.93215    0.0201871
-0.837758     -2.93215    0.0174456
-0.628319     -2.93215    0.0034538
-0.418879     -2.93215    0.00553285
-0.20944     -2.93215    0.00172283
0     -2.93215    0.00333808
0.20944     -2.93215    0.00175764
0.418879     -2.93215    0.00560575
0.628319     -2.93215    0.00350878
0.837758     -2.93215    0.0175595
1.0472     -2.93215    0.0201566
1.25664     -2.93215    0.00442942
1.46608     -2.93215    0.0126083
1.67552     -2.93215    0.0169407
1.88496     -2.93215    0.00963227
2.0944     -2.93215    0.00180964
2.30383     -2.93215    0.000432669
2.51327     -2.93215    0.0117355
2.72271     -2.93215    0.000434538
2.93215     -2.93215    0.00199554
3.14159     -2.93215    0.0224408

-3.14159     -2.72271    0.000584478
-2.93215     -2.72271    0.00207505
-2.72271     -2.72271    0.00725008
-2.51327     -2.72271    0.00676201
-2.30383     -2.72271    0.000992497
-2.0944     -2.72271    0.00124619
-1.88496     -2.72271    0.0133055
-1.67552     -2.72271    0.00312541
-1.46608     -2.72271    0.00267501
-1.25664     -2.72271    0.004263
-1.0472     -2.72271    0.000409185
-0.837758     -2.72271    0.00284736
-0.628319     -2.72271    0.00547851
-0.418879     -2.72271    0.00144381
-0.20944     -2.72271    0.00105672
0     -2.72271    0.00178171
0.20944     -2.72271    0.00105676
0.418879     -2.72271    0.00148922
0.628319     -2.72271    0.00544939
0.837758     -2.72271    0.00291363
1.0472     -2.72271    0.000542844
1.25664     -2.72271    0.00418114
1.46608     -2.72271    0.00256325
1.67552     -2.72271    0.00307711
1.88496     -2.72271    0.0136176
2.0944     -2.72271    0.00137326
2.30383     -2.72271    0.000784611
2.51327     -2.72271    0.00702615
2.72271     -2.72271    0.00746399
2.93215     -2.72271    0.00216108
3.14159     -2.72271    0.00059658

-3.14159     -2.51327    0.000453279
-2.93215     -2.51327    0.00708608
-2.72271     -2.51327    0.0155282
-2.51327     -2.51327    0.00223169
-2.30383     -2.51327    0.00361773
-2.0944     -2.51327    0.0152816
-1.88496     -2.51327    0.00238954
-1.67552     -2.51327    0.00608893
-1.46608     -2.51327    0.00963058
-1.25664     -2.51327    0.0233407
-1.0472     -2.51327    0.000218811
-0.837758     -2.51327    0.00726061
-0.628319     -2.51327    0.00248368
-0.418879     -2.51327    0.00487053
-0.20944     -2.51327    0.00265034
0     -2.51327    0.00959009
0.20944     -2.51327    0.00273301
0.418879     -2.51327    0.00488429
0.628319     -2.51327    0.00242397
0.837758     -2.51327    0.00690721
1.0472     -2.51327    0.000106845
1.25664     -2.51327    0.0232406
1.46608     -2.51327    0.00958249
1.67552     -2.51327    0.00629643
1.88496     -2.51327    0.00243618
2.0944     -2.51327    0.0150762
2.30383     -2.51327    0.00361226
2.51327     -2.51327    0.00198033
2.72271     -2.51327    0.0155483
2.93215     -2.51327    0.00716129
3.14159     -2.51327    0.000641717

-3.14159     -2.30383    0.000253719
-2.93215     -2.30383    0.0137293
-2.72271     -2.30383    0.0137608
-2.51327     -2.30383    0.00122601
-2.30383     -2.30383    0.00403847
-2.0944     -2.30383    0.0315464
-1.88496     -2.30383    0.0026255
-1.67552     -2.30383    0.00651472
-1.46608     -2.30383    0.0214914
-1.25664     -2.30383    0.00913477
-1.0472     -2.30383    0.00527674
-0.837758     -2.30383    0.00604766
-0.628319     -2.30383    0.000325734
-0.418879     -2.30383    0.00436321
-0.20944     -2.30383    0.00909546
0     -2.30383    0.015778
0.20944     -2.30383    0.00905504
0.418879     -2.30383    0.00433286
0.628319     -2.30383    0.000361688
0.837758     -2.30383    0.00625135
1.0472     -2.30383    0.00538462
1.25664     -2.30383    0.00907827
1.46608     -2.30383    0.0211074
1.67552     -2.30383    0.00655611
1.88496     -2.30383    0.00248214
2.0944     -2.30383    0.0314043
2.30383     -2.30383    0.00395053
2.51327     -2.30383    0.00142141
2.72271     -2.30383    0.0136058
2.93215     -2.30383    0.0136093
3.14159     -2.30383    0.000346963

-3.14159     -2.0944    0.000870968
-2.93215     -2.0944    0.00561058
-2.72271     -2.0944    0.00196614
-2.51327     -2.0944    0.00114409
-2.30383     -2.0944    0.00364115
-2.0944     -2.0944    0.00417741
-1.88496     -2.0944    0.00215069
-1.67552     -2.0944    0.00221764
-1.46608     -2.0944    0.00159599
-1.25664     -2.0944    0.00569443
-1.0472     -2.0944    0.00944758
-0.837758     -2.0944    0.00810277
-0.628319     -2.0944    0.00103596
-0.418879     -2.0944    0.0022971
-0.20944     -2.0944    0.00461271
0     -2.0944    0.00787538
0.20944     -2.0944    0.00465619
0.418879     -2.0944    0.00221172
0.628319     -2.0944    0.00105891
0.837758     -2.0944    0.00825952
1.0472     -2.0944    0.00937472
1.25664     -2.0944    0.00583458
1.46608     -2.0944    0.0015886
1.67552     -2.0944    0.00235523
1.88496     -2.0944    0.00213803
2.0944     -2.0944    0.00432951
2.30383     -2.0944    0.00369126
2.51327     -2.0944    0.00109518
2.72271     -2.0944    0.00177089
2.93215     -2.0944    0.0057421
3.14159     -2.0944    0.000597847

-3.14159     -1.88496    0.0107208
-2.93215     -1.88496    0.00856101
-2.72271     -1.88496    0.00533569
-2.51327     -1.88496    0.00204298
-2.30383     -1.88496    0.00304845
-2.0944     -1.88496    0.0044581
-1.88496     -1.88496    0.00381097
-1.67552     -1.88496    0.0117083
-1.46608     -1.88496    0.00816663
-1.25664     -1.88496    0.0107722
-1.0472     -1.88496    0.0131021
-0.837758     -1.88496    0.00414189
-0.628319     -1.88496    0.00269182
-0.418879     -1.88496    0.00702845
-0.20944     -1.88496    0.00045304
0     -1.88496    0.00124535
0.20944     -1.88496    0.000436092
0.418879     -1.88496    0.00697943
0.628319     -1.88496    0.0025435
0.837758     -1.88496    0.00390192
1.0472     -1.88496    0.0132873
1.25664     -1.88496    0.0107477
1.46608     -1.88496    0.00809186
1.67552     -1.88496    0.0121602
1.88496     -1.88496    0.00371281
2.0944     -1.88496    0.00428917
2.30383     -1.88496    0.00302782
2.51327     -1.88496    0.00204342
2.72271     -1.88496    0.00541025
2.93215     -1.88496    0.00865506
3.14159     -1.88496    0.0111811

-3.14159     -1.67552    0.00801667
-2.93215     -1.67552    0.0132289
-2.72271     -1.67552    0.00265511
-2.51327     -1.67552    0.00133631
-2.30383     -1.67552    0.00422695
-2.0944     -1.67552    0.00397746
-1.88496     -1.67552    0.00380489
-1.67552     -1.67552    0.00121687
-1.46608     -1.67552    0.00164296
-1.25664     -1.67552    0.00426044
-1.0472     -1.67552    0.000260556
-0.837758     -1.67552    0.000719399
-0.628319     -1.67552    0.00230176
-0.418879     -1.67552    0.00667433
-0.20944     -1.67552    0.00865549
0     -1.67552    0.000883878
0.20944     -1.67552    0.00887104
0.418879     -1.67552    0.00664214
0.628319     -1.67552    0.00213889
0.837758     -1.67552    0.000579173
1.0472     -1.67552    0.000242067
1.25664     -1.67552    0.00418156
1.46608     -1.67552    0.00162947
1.67552     -1.67552    0.00111957
1.88496     -1.67552    0.00393546
2.0944     -1.67552    0.00386531
2.30383     -1.67552    0.00422305
2.51327     -1.67552    0.00133676
2.72271     -1.67552    0.0026895
2.93215     -1.67552    0.0131629
3.14159     -1.67552    0.00826179

-3.14159     -1.46608    0.00107315
-2.93215     -1.46608    0.00443996
-2.72271     -1.46608    0.00392318
-2.51327     -1.46608    0.00217988
-2.30383     -1.46608    0.000347491
-2.0944     -1.46608    0.00418373
-1.88496     -1.46608    0.000485105
-1.67552     -1.46608    0.00266748
-1.46608     -1.46608    0.00201524
-1.25664     -1.46608    0.00228777
-1.0472     -1.46608    0.00165674
-0.837758     -1.46608    0.0166741
-0.628319     -1.46608    0.00498564
-0.418879     -1.46608    0.00645235
-0.20944     -1.46608    0.00775605
0     -1.46608    0.00508258
0.20944     -1.46608    0.00820239
0.418879     -1.46608    0.00641267
0.628319     -1.46608    0.00475499
0.837758     -1.46608    0.0161048
1.0472     -1.46608    0.00143298
1.25664     -1.46608    0.00233085
1.46608     -1.46608    0.00193065
1.67552     -1.46608    0.00268168
1.88496     -1.46608    0.000570495
2.0944     -1.46608    0.00437037
2.30383     -1.46608    0.000435013
2.51327     -1.46608    0.00214339
2.72271     -1.46608    0.00388865
2.93215     -1.46608    0.00461638
3.14159     -1.46608    0.00143701

-3.14159     -1.25664    0.00105823
-2.93215     -1.25664    0.00110594
-2.72271     -1.25664    0.00179966
-2.51327     -1.25664    0.000773581
-2.30383     -1.25664    0.0025186
-2.0944     -1.25664    0.011431
-1.88496     -1.25664    0.0135614
-1.67552     -1.25664    0.00345591
-1.46608     -1.25664    0.00950646
-1.25664     -1.25664    0.00524782
-1.0472     -1.25664    0.00775225
-0.837758     -1.25664    0.00434751
-0.628319     -1.25664    0.00105871
-0.418879     -1.25664    0.0017244
-0.20944     -1.25664    0.00792363
0     -1.25664    0.00850831
0.20944     -1.25664    0.00810338
0.418879     -1.25664    0.00180884
0.628319     -1.25664    0.000791745
0.837758     -1.25664    0.00417294
1.0472     -1.25664    0.00775827
1.25664     -1.25664    0.00521433
1.46608     -1.25664    0.00926985
1.67552     -1.25664    0.0033848
1.88496     -1.25664    0.0133437
2.0944     -1.25664    0.0113373
2.30383     -1.25664    0.00250072
2.51327     -1.25664    0.000782967
2.72271     -1.25664    0.00175904
2.93215     -1.25664    0.000922667
3.14159     -1.25664    0.00115214

-3.14159     -1.0472    0.00134415
-2.93215     -1.0472    0.00679795
-2.72271     -1.0472    0.00438153
-2.51327     -1.0472    0.0011993
-2.30383     -1.0472    0.00530618
-2.0944     -1.0472    0.0146522
-1.88496     -1.0472    0.00926006
-1.67552     -1.0472    0.00198579
-1.46608     -1.0472    0.000830381
-1.25664     -1.0472    0.00472029
-1.0472     -1.0472    0.00369501
-0.837758     -1.0472    0.00511862
-0.628319     -1.0472    0.00539187
-0.418879     -1.0472    0.00409616
-0.20944     -1.0472    0.00456736
0     -1.0472    0.0196557
0.20944     -1.0472    0.00451501
0.418879     -1.0472    0.00421353
0.628319     -1.0472    0.00548378
0.837758     -1.0472    0.00475954
1.0472     -1.0472    0.00371913
1.25664     -1.0472    0.00466359
1.46608     -1.0472    0.000856455
1.67552     -1.0472    0.00190465
1.88496     -1.0472    0.00924442
2.0944     -1.0472    0.0147106
2.30383     -1.0472    0.00536263
2.51327     -1.0472    0.00115494
2.72271     -1.0472    0.00435251
2.93215     -1.0472    0.00674674
3.14159     -1.0472    0.0012606

-3.14159     -0.837758    0.0046533
-2.93215     -0.837758    0.00968825
-2.72271     -0.837758    0.00526017
-2.51327     -0.837758    0.0086651
-2.30383     -0.837758    0.00382651
-2.0944     -0.837758    0.00185686
-1.88496     -0.837758    0.00266303
-1.67552     -0.837758    0.00318077
-1.46608     -0.837758    0.000792104
-1.25664     -0.837758    0.00993238
-1.0472     -0.837758    0.00795283
-0.837758     -0.837758    0.00349146
-0.628319     -0.837758    0.00428436
-0.418879     -0.837758    0.0032229
-0.20944     -0.837758    0.00286607
0     -0.837758    0.00439576
0.20944     -0.837758    0.00285023
0.418879     -0.837758    0.00299333
0.628319     -0.837758    0.00404912
0.837758     -0.837758    0.00345229
1.0472     -0.837758    0.00803486
1.25664     -0.837758    0.00987439
1.46608     -0.837758    0.000786299
1.67552     -0.837758    0.00315173
1.88496     -0.837758    0.00283898
2.0944     -0.837758    0.00197356
2.30383     -0.837758    0.00368837
2.51327     -0.837758    0.00868538
2.72271     -0.837758    0.00521674
2.93215     -0.837758    0.00991097
3.14159     -0.837758    0.00480701

-3.14159     -0.628319    0.0269641
-2.93215     -0.628319    0.0116781
-2.72271     -0.628319    0.00353371
-2.51327     -0.628319    0.00651333
-2.30383     -0.628319    0.000858314
-2.0944     -0.628319    0.00180753
-1.88496     -0.628319    0.00762539
-1.67552     -0.628319    0.00264761
-1.46608     -0.628319    0.0099268
-1.25664     -0.628319    0.00540335
-1.0472     -0.628319    0.0113901
-0.837758     -0.628319    0.0127148
-0.628319     -0.628319    0.00280768
-0.418879     -0.628319    0.00729515
-0.20944     -0.628319    0.0107793
0     -0.628319    0.00541287
0.20944     -0.628319    0.0107595
0.418879     -0.628319    0.00747648
0.628319     -0.628319    0.0028402
0.837758     -0.628319    0.012698
1.0472     -0.628319    0.0110723
1.25664     -0.628319    0.00561683
1.46608     -0.628319    0.00994678
1.67552     -0.628319    0.00272676
1.88496     -0.628319    0.0075766
2.0944     -0.628319    0.00182047
2.30383     -0.628319    0.000896919
2.51327     -0.628319    0.00641523
2.72271     -0.628319    0.00370092
2.93215     -0.628319    0.0119269
3.14159     -0.628319    0.0276814

-3.14159     -0.418879    0.0111169
-2.93215     -0.418879    0.00278472
-2.72271     -0.418879    0.00124754
-2.51327     -0.418879    0.00683738
-2.30383     -0.418879    0.00567204
-2.0944     -0.418879    0.00296423
-1.88496     -0.418879    0.0041747
-1.67552     -0.418879    0.00928868
-1.46608     -0.418879    0.00253145
-1.25664     -0.418879    0.00693339
-1.0472     -0.418879    0.00813186
-0.837758     -0.418879    0.0151469
-0.628319     -0.418879    0.00438178
-0.418879     -0.418879    0.00926349
-0.20944     -0.418879    0.000650622
0     -0.418879    0.00149265
0.20944     -0.418879    0.000526998
0.418879     -0.418879    0.00917691
0.628319     -0.418879    0.00448246
0.837758     -0.418879    0.0152288
1.0472     -0.418879    0.00804383
1.25664     -0.418879    0.00685741
1.46608     -0.418879    0.00250482
1.67552     -0.418879    0.0092681
1.88496     -0.418879    0.00417938
2.0944     -0.418879    0.00306534
2.30383     -0.418879    0.00565889
2.51327     -0.418879    0.00709882
2.72271     -0.418879    0.00115855
2.93215     -0.418879    0.00284747
3.14159     -0.418879    0.0111314

-3.14159     -0.20944    0.00434958
-2.93215     -0.20944    0.00987095
-2.72271     -0.20944    0.011761
-2.51327     -0.20944    0.00534644
-2.30383     -0.20944    0.00466887
-2.0944     -0.20944    0.00253714
-1.88496     -0.20944    0.000816937
-1.67552     -0.20944    0.00225497
-1.46608     -0.20944    0.00506657
-1.25664     -0.20944    0.00320978
-1.0472     -0.20944    0.00115213
-0.837758     -0.20944    0.00190268
-0.628319     -0.20944    0.00306917
-0.418879     -0.20944    0.00169122
-0.20944     -0.20944    0.00769037
0     -0.20944    0.00365879
0.20944     -0.20944    0.00736369
0.418879     -0.20944    0.00154244
0.628319     -0.20944    0.00291788
0.837758     -0.20944    0.00191778
1.0472     -0.20944    0.0012661
1.25664     -0.20944    0.00324839
1.46608     -0.20944    0.00521012
1.67552     -0.20944    0.0022806
1.88496     -0.20944    0.000847046
2.0944     -0.20944    0.00230575
2.30383     -0.20944    0.00453551
2.51327     -0.20944    0.00528447
2.72271     -0.20944    0.0117969
2.93215     -0.20944    0.0101856
3.14159     -0.20944    0.00436469

-3.14159     0    0.00546133
-2.93215     0    0.00644893
-2.72271     0    0.0276755
-2.51327     0    0.00137077
-2.30383     0    0.0177233
-2.0944     0    0.00813835
-1.88496     0    0.00115562
-1.67552     0    0.0161399
-1.46608     0    0.00365339
-1.25664     0    0.00401233
-1.0472     0    0.00631451
-0.837758     0    0.00187144
-0.628319     0    0.0162058
-0.418879     0    0.00466195
-0.20944     0    0.0003529
0     0    6.87167e-15
0.20944     0    0.0003529
0.418879     0    0.00466195
0.628319     0    0.0162058
0.837758     0    0.00187144
1.0472     0    0.00631451
1.25664     0    0.00401233
1.46608     0    0.00365339
1.67552     0    0.0161399
1.88496     0    0.00115562
2.0944     0    0.00813835
2.30383     0    0.0177233
2.51327     0    0.00137077
2.72271     0    0.0276755
2.93215     0    0.00644893
3.14159     0    0.00546133

-3.14159     0.20944    0.00436469
-2.93215     0.20944    0.0101856
-2.72271     0.20944    0.0117969
-2.51327     0.20944    0.00528447
-2.30383     0.20944    0.00453551
-2.0944     0.20944    0.00230575
-1.88496     0.20944    0.000847046
-1.67552     0.20944    0.0022806
-1.46608     0.20944    0.00521012
-1.25664     0.20944    0.00324839
-1.0472     0.20944    0.0012661
-0.837758     0.20944    0.00191778
-0.628319     0.20944    0.00291788
-0.418879     0.20944    0.00154244
-0.20944     0.20944    0.00736369
0     0.20944    0.00365879
0.20944     0.20944    0.00769037
0.418879     0.20944    0.00169122
0.628319     0.20944    0.00306917
0.837758     0.20944    0.00190268
1.0472     0.20944    0.00115213
1.25664     0.20944    0.00320978
1.46608     0.20944    0.00506657
1.67552     0.20944    0.00225497
1.88496     0.20944    0.000816937
2.0944     0.20944    0.00253714
2.30383     0.20944    0.00466887
2.51327     0.20944    0.00534644
2.72271     0.20944    0.011761
2.93215     0.20944    0.00987095
3.14159     0.20944    0.00434958

-3.14159     0.418879    0.0111314
-2.93215     0.418879    0.00284747
-2.72271     0.418879    0.00115855
-2.51327     0.418879    0.00709882
-2.30383     0.418879    0.00565889
-2.0944     0.418879    0.00306534
-1.88496     0.418879    0.00417938
-1.67552     0.418879    0.0092681
-1.46608     0.418879    0.00250482
-1.25664     0.418879    0.00685741
-1.0472     0.418879    0.00804383
-0.837758     0.418879    0.0152288
-0.628319     0.418879    0.00448246
-0.418879     0.418879    0.00917691
-0.20944     0.418879    0.000526998
0     0.418879    0.00149265
0.20944     0.418879    0.000650622
0.418879     0.418879    0.00926349
0.628319     0.418879    0.00438178
0.837758     0.418879    0.0151469
1.0472     0.418879    0.00813186
1.25664     0.418879    0.00693339
1.46608     0.418879    0.00253145
1.67552     0.418879    0.00928868
1.88496     0.418879    0.0041747
2.0944     0.418879    0.00296423
2.30383     0.418879    0.00567204
2.51327     0.418879    0.00683738
2.72271     0.418879    0.00124754
2.93215     0.418879    0.00278472
3.14159     0.418879    0.0111169

-3.14159     0.628319    0.0276814
-2.93215     0.628319    0.0119269
-2.72271     0.628319    0.00370092
-2.51327     0.628319    0.00641523
-2.30383     0.628319    0.000896919
-2.0944     0.628319    0.00182047
-1.88496     0.628319    0.0075766
-1.67552     0.628319    0.00272676
-1.46608     0.628319    0.00994678
-1.25664     0.628319    0.00561683
-1.0472     0.628319    0.0110723
-0.837758     0.628319    0.012698
-0.628319     0.628319    0.0028402
-0.418879     0.628319    0.00747648
-0.20944     0.628319    0.0107595
0     0.628319    0.00541287
0.20944     0.628319    0.0107793
0.418879     0.628319    0.00729515
0.628319     0.628319    0.00280768
0.837758     0.628319    0.0127148
1.0472     0.628319    0.0113901
1.25664     0.628319    0.00540335
1.46608     0.628319    0.0099268
1.67552     0.628319    0.00264761
1.88496     0.628319    0.00762539
2.0944     0.628319    0.00180753
2.30383     0.628319    0.000858314
2.51327     0.628319    0.00651333
2.72271     0.628319    0.00353371
2.93215     0.628319    0.0116781
3.14159     0.628319    0.0269641

-3.14159     0.837758    0.00480701
-2.93215     0.837758    0.00991097
-2.72271     0.837758    0.00521674
-2.51327     0.837758    0.00868538
-2.30383     0.837758    0.00368837
-2.0944     0.837758    0.00197356
-1.88496     0.837758    0.00283898
-1.67552     0.837758    0.00315173
-1.46608     0.837758    0.000786299
-1.25664     0.837758    0.00987439
-1.0472     0.837758    0.00803486
-0.837758     0.837758    0.00345229
-0.628319     0.837758    0.00404912
-0.418879     0.837758    0.00299333
-0.20944     0.837758    0.00285023
0     0.837758    0.00439576
0.20944     0.837758    0.00286607
0.418879     0.837758    0.0032229
0.628319     0.837758    0.00428436
0.837758     0.837758    0.00349146
1.0472     0.837758    0.00795283
1.25664     0.837758    0.00993238
1.46608     0.837758    0.000792104
1.67552     0.837758    0.00318077
1.88496     0.837758    0.00266303
2.0944     0.837758    0.00185686
2.30383     0.837758    0.00382651
2.51327     0.837758    0.0086651
2.72271     0.837758    0.00526017
2.93215     0.837758    0.00968825
3.14159     0.837758    0.0046533

-3.14159     1.0472    0.0012606
-2.93215     1.0472    0.00674674
-2.72271     1.0472    0.00435251
-2.51327     1.0472    0.00115494
-2.30383     1.0472    0.00536263
-2.0944     1.0472    0.0147106
-1.88496     1.0472    0.00924442
-1.67552     1.0472    0.00190465
-1.46608     1.0472    0.000856455
-1.25664     1.0472    0.00466359
-1.0472     1.0472    0.00371913
-0.837758     1.0472    0.00475954
-0.628319     1.0472    0.00548378
-0.418879     1.0472    0.00421353
-0.20944     1.0472    0.00451501
0     1.0472    0.0196557
0.20944     1.0472    0.00456736
0.418879     1.0472    0.00409616
0.628319     1.0472    0.00539187
0.837758     1.0472    0.00511862
1.0472     1.0472    0.00369501
1.25664     1.0472    0.00472029
1.46608     1.0472    0.000830381
1.67552     1.0472    0.00198579
1.88496     1.0472    0.00926006
2.0944     1.0472    0.0146522
2.30383     1.0472    0.00530618
2.51327     1.0472    0.0011993
2.72271     1.0472    0.00438153
2.93215     1.0472    0.00679795
3.14159     1.0472    0.00134415

-3.14159     1.25664    0.00115214
-2.93215     1.25664    0.000922667
-2.72271     1.25664    0.00175904
-2.51327     1.25664    0.000782967
-2.30383     1.25664    0.00250072
-2.0944     1.25664    0.0113373
-1.88496     1.25664    0.0133437
-1.67552     1.25664    0.0033848
-1.46608     1.25664    0.00926985
-1.25664     1.25664    0.00521433
-1.0472     1.25664    0.00775827
-0.837758     1.25664    0.00417294
-0.628319     1.25664    0.000791745
-0.418879     1.25664    0.00180884
-0.20944     1.25664    0.00810338
0     1.25664    0.00850831
0.20944     1.25664    0.00792363
0.418879     1.25664    0.0017244
0.628319     1.25664    0.00105871
0.837758     1.25664    0.00434751
1.0472     1.25664    0.00775225
1.25664     1.25664    0.00524782
1.46608     1.25664    0.00950646
1.67552     1.25664    0.00345591
1.88496     1.25664    0.0135614
2.0944     1.25664    0.011431
2.30383     1.25664    0.0025186
2.51327     1.25664    0.000773581
2.72271     1.25664    0.00179966
2.93215     1.25664    0.00110594
3.14159     1.25664    0.00105823

-3.14159     1.46608    0.00143701
-2.93215     1.46608    0.00461638
-2.72271     1.46608    0.00388865
-2.51327     1.46608    0.00214339
-2.30383     1.46608    0.000435013
-2.0944     1.46608    0.00437037
-1.88496     1.46608    0.000570495
-1.67552     1.46608    0.00268168
-1.46608     1.46608    0.00193065
-1.25664     1.46608    0.00233085
-1.0472     1.46608    0.00143298
-0.837758     1.46608    0.0161048
-0.628319     1.46608    0.00475499
-0.418879     1.46608    0.00641267
-0.20944     1.46608    0.00820239
0     1.46608    0.00508258
0.20944     1.46608    0.00775605
0.418879     1.46608    0.00645235
0.628319     1.46608    0.00498564
0.837758     1.46608    0.0166741
1.0472     1.46608    0.00165674
1.25664     1.46608    0.00228777
1.46608     1.46608    0.00201524
1.67552     1.46608    0.00266748
1.88496     1.46608    0.000485105
2.0944     1.46608    0.00418373
2.30383     1.46608    0.000347491
2.51327     1.46608    0.00217988
2.72271     1.46608    0.00392318
2.93215     1.46608    0.00443996
3.14159     1.46608    0.00107315

-3.14159     1.67552    0.00826179
-2.93215     1.67552    0.0131629
-2.72271     1.67552    0.0026895
-2.51327     1.67552    0.00133676
-2.30383     1.67552    0.00422305
-2.0944     1.67552    0.00386531
-1.88496     1.67552    0.00393546
-1.67552     1.67552    0.00111957
-1.46608     1.67552    0.00162947
-1.25664     1.67552    0.00418156
-1.0472     1.67552    0.000242067
-0.837758     1.67552    0.000579173
-0.628319     1.67552    0.00213889
-0.418879     1.67552    0.00664214
-0.20944     1.67552    0.00887104
0     1.67552    0.000883878
0.20944     1.67552    0.00865549
0.418879     1.67552    0.00667433
0.628319     1.67552    0.00230176
0.837758     1.67552    0.000719399
1.0472     1.67552    0.000260556
1.25664     1.67552    0.00426044
1.46608     1.67552    0.00164296
1.67552     1.67552    0.00121687
1.88496     1.67552    0.00380489
2.0944     1.67552    0.00397746
2.30383     1.67552    0.00422695
2.51327     1.67552    0.00133631
2.72271     1.67552    0.00265511
2.93215     1.67552    0.0132289
3.14159     1.67552    0.00801667

-3.14159     1.88496    0.0111811
-2.93215     1.88496    0.00865506
-2.72271     1.88496    0.00541025
-2.51327     1.88496    0.00204342
-2.30383     1.88496    0.00302782
-2.0944     1.88496    0.00428917
-1.88496     1.88496    0.00371281
-1.67552     1.88496    0.0121602
-1.46608     1.88496    0.00809186
-1.25664     1.88496    0.0107477
-1.0472     1.88496    0.0132873
-0.837758     1.88496    0.00390192
-0.628319     1.88496    0.0025435
-0.418879     1.88496    0.00697943
-0.20944     1.88496    0.000436092
0     1.88496    0.00124535
0.20944     1.88496    0.00045304
0.418879     1.88496    0.00702845
0.628319     1.88496    0.00269182
0.837758     1.88496    0.00414189
1.0472     1.88496    0.0131021
1.25664     1.88496    0.0107722
1.46608     1.88496    0.00816663
1.67552     1.88496    0.0117083
1.88496     1.88496    0.00381097
2.0944     1.88496    0.0044581
2.30383     1.88496    0.00304845
2.51327     1.88496    0.00204298
2.72271     1.88496    0.00533569
2.93215     1.88496    0.00856101
3.14159     1.88496    0.0107208

-3.14159     2.0944    0.000597847
-2.93215     2.0944    0.0057421
-2.72271     2.0944    0.00177089
-2.51327     2.0944    0.00109518
-2.30383     2.0944    0.00369126
-2.0944     2.0944    0.00432951
-1.88496     2.0944    0.00213803
-1.67552     2.0944    0.00235523
-1.46608     2.0944    0.0015886
-1.25664     2.0944    0.00583458
-1.0472     2.0944    0.00937472
-0.837758     2.0944    0.00825952
-0.628319     2.0944    0.00105891
-0.418879     2.0944    0.00221172
-0.20944     2.0944    0.00465619
0     2.0944    0.00787538
0.20944     2.0944    0.00461271
0.418879     2.0944    0.0022971
0.628319     2.0944    0.00103596
0.837758     2.0944    0.00810277
1.0472     2.0944    0.00944758
1.25664     2.0944    0.00569443
1.46608     2.0944    0.00159599
1.67552     2.0944    0.00221764
1.88496     2.0944    0.00215069
2.0944     2.0944    0.00417741
2.30383     2.0944    0.00364115
2.51327     2.0944    0.00114409
2.72271     2.0944    0.00196614
2.93215     2.0944    0.00561058
3.14159     2.0944    0.000870968

-3.14159     2.30383    0.000346963
-2.93215     2.30383    0.0136093
-2.72271     2.30383    0.0136058
-2.51327     2.30383    0.00142141
-2.30383     2.30383    0.00395053
-2.0944     2.30383    0.0314043
-1.88496     2.30383    0.00248214
-1.67552     2.30383    0.00655611
-1.46608     2.30383    0.0211074
-1.25664     2.30383    0.00907827
-1.0472     2.30383    0.00538462
-0.837758     2.30383    0.00625135
-0.628319     2.30383    0.000361688
-0.418879     2.30383    0.00433286
-0.20944     2.30383    0.00905504
0     2.30383    0.015778
0.20944     2.30383    0.00909546
0.418879     2.30383    0.00436321
0.628319     2.30383    0.000325734
0.837758     2.30383    0.00604766
1.0472     2.30383    0.00527674
1.25664     2.30383    0.00913477
1.46608     2.30383    0.0214914
1.67552     2.30383    0.00651472
1.88496     2.30383    0.0026255
2.0944     2.30383    0.0315464
2.30383     2.30383    0.00403847
2.51327     2.30383    0.00122601
2.72271     2.30383    0.0137608
2.93215     2.30383    0.0137293
3.14159     2.30383    0.000253719

-3.14159     2.51327    0.000641717
-2.93215     2.51327    0.00716129
-2.72271     2.51327    0.0155483
-2.51327     2.51327    0.00198033
-2.30383     2.51327    0.00361226
-2.0944     2.51327    0.0150762
-1.88496     2.51327    0.00243618
-1.67552     2.51327    0.00629643
-1.46608     2.51327    0.00958249
-1.25664     2.51327    0.0232406
-1.0472     2.51327    0.000106845
-0.837758     2.51327    0.00690721
-0.628319     2.51327    0.00242397
-0.418879     2.51327    0.00488429
-0.20944     2.51327    0.00273301
0     2.51327    0.00959009
0.20944     2.51327    0.00265034
0.418879     2.51327    0.00487053
0.628319     2.51327    0.00248368
0.837758     2.51327    0.00726061
1.0472     2.51327    0.000218811
1.25664     2.51327    0.0233407
1.46608     2.51327    0.00963058
1.67552     2.51327    0.00608893
1.88496     2.51327    0.00238954
2.0944     2.51327    0.0152816
2.30383     2.51327    0.00361773
2.51327     2.51327    0.00223169
2.72271     2.51327    0.0155282
2.93215     2.51327    0.00708608
3.14159     2.51327    0.000453279

-3.14159     2.72271    0.00059658
-2.93215     2.72271    0.00216108
-2.72271     2.72271    0.00746399
-2.51327     2.72271    0.00702615
-2.30383     2.72271    0.000784611
-2.0944     2.72271    0.00137326
-1.88496     2.72271    0.0136176
-1.67552     2.72271    0.00307711
-1.46608     2.72271    0.00256325
-1.25664     2.72271    0.00418114
-1.0472     2.72271    0.000542844
-0.837758     2.72271    0.00291363
-0.628319     2.72271    0.00544939
-0.418879     2.72271    0.00148922
-0.20944     2.72271    0.00105676
0     2.72271    0.00178171
0.20944     2.72271    0.00105672
0.418879     2.72271    0.00144381
0.628319     2.72271    0.00547851
0.837758     2.72271    0.00284736
1.0472     2.72271    0.000409185
1.25664     2.72271    0.004263
1.46608     2.72271    0.00267501
1.67552     2.72271    0.00312541
1.88496     2.72271    0.0133055
2.0944     2.72271    0.00124619
2.30383     2.72271    0.000992497
2.51327     2.72271    0.00676201
2.72271     2.72271    0.00725008
2.93215     2.72271    0.00207505
3.14159     2.72271    0.000584478

-3.14159     2.93215    0.0224408
-2.93215     2.93215    0.00199554
-2.72271     2.93215    0.000434538
-2.51327     2.93215    0.0117355
-2.30383     2.93215    0.000432669
-2.0944     2.93215    0.00180964
-1.88496     2.93215    0.00963227
-1.67552     2.93215    0.0169407
-1.46608     2.93215    0.0126083
-1.25664     2.93215    0.00442942
-1.0472     2.93215    0.0201566
-0.837758     2.93215    0.0175595
-0.628319     2.93215    0.00350878
-0.418879     2.93215    0.00560575
-0.20944     2.93215    0.00175764
0     2.93215    0.00333808
0.20944     2.93215    0.00172283
0.418879     2.93215    0.00553285
0.628319     2.93215    0.0034538
0.837758     2.93215    0.0174456
1.0472     2.93215    0.0201871
1.25664     2.93215    0.0044981
1.46608     2.93215    0.0127215
1.67552     2.93215    0.0170353
1.88496     2.93215    0.00928114
2.0944     2.93215    0.00187337
2.30383     2.93215    0.000342274
2.51327     2.93215    0.0111383
2.72271     2.93215    0.000315399
2.93215     2.93215    0.00211764
3.14159     2.93215    0.0217812

-3.14159     3.14159    0.0207246
-2.93215     3.14159    0.000321221
-2.72271     3.14159    0.000754388
-2.51327     3.14159    0.00101206
-2.30383     3.14159    0.00272816
-2.0944     3.14159    8.60676e-05
-1.88496     3.14159    0.00172618
-1.67552     3.14159    0.00363326
-1.46608     3.14159    0.0103376
-1.25664     3.14159    0.0006867
-1.0472     3.14159    0.0214533
-0.837758     3.14159    0.00392601
-0.628319     3.14159    0.00355753
-0.418879     3.14159    0.00155157
-0.20944     3.14159    0.00503918
0     3.14159    0.00311597
0.20944     3.14159    0.00519603
0.418879     3.14159    0.0015718
0.628319     3.14159    0.00354392
0.837758     3.14159    0.00402697
1.0472     3.14159    0.0213045
1.25664     3.14159    0.000526571
1.46608     3.14159    0.0104441
1.67552     3.14159    0.00374949
1.88496     3.14159    0.00185758
2.0944     3.14159    0.000213495
2.30383     3.14159    0.00260259
2.51327     3.14159    0.000991952
2.72271     3.14159    0.000884969
2.93215     3.14159    0.00020852
3.14159     3.14159    0.0204455

