-3.14159     -3.14159    0.000151382
-2.93215     -3.14159    0.000272638
-2.72271     -3.14159    0.000384393
-2.51327     -3.14159    0.000470589
-2.30383     -3.14159    0.000459276
-2.0944     -3.14159    0.000392001
-1.88496     -3.14159    0.00035138
-1.67552     -3.14159    0.00034837
-1.46608     -3.14159    0.000366091
-1.25664     -3.14159    0.000272535
-1.0472     -3.14159    0.000164378
-0.837758     -3.14159    0.000104087
-0.628319     -3.14159    5.18385e-05
-0.418879     -3.14159    8.96702e-06
-0.20944     -3.14159    1.56286e-05
0     -3.14159    3.26853e-05
0.20944     -3.14159    1.56914e-05
0.418879     -3.14159    8.96679e-06
0.628319     -3.14159    5.18386e-05
0.837758     -3.14159    0.000104086
1.0472     -3.14159    0.000164378
1.25664     -3.14159    0.000272534
1.46608     -3.14159    0.00036609
1.67552     -3.14159    0.00034837
1.88496     -3.14159    0.000351381
2.0944     -3.14159    0.000392002
2.30383     -3.14159    0.000459277
2.51327     -3.14159    0.000470587
2.72271     -3.14159    0.000384391
2.93215     -3.14159    0.000272638
3.14159     -3.14159    0.00015138

-3.14159     -2.93215    9.86145e-05
-2.93215     -2.93215    0.000236009
-2.72271     -2.93215    0.000335619
-2.51327     -2.93215    0.000376219
-2.30383     -2.93215    0.000435597
-2.0944     -2.93215    0.000426089
-1.88496     -2.93215    0.000343126
-1.67552     -2.93215    0.000299413
-1.46608     -2.93215    0.00029445
-1.25664     -2.93215    0.000213475
-1.0472     -2.93215    8.51569e-05
-0.837758     -2.93215    1.00316e-05
-0.628319     -2.93215    4.75781e-05
-0.418879     -2.93215    9.48396e-05
-0.20944     -2.93215    0.000117903
0     -2.93215    0.000114464
0.20944     -2.93215    0.000117822
0.418879     -2.93215    9.48443e-05
0.628319     -2.93215    4.75758e-05
0.837758     -2.93215    1.00267e-05
1.0472     -2.93215    8.51564e-05
1.25664     -2.93215    0.000213476
1.46608     -2.93215    0.000294451
1.67552     -2.93215    0.000299414
1.88496     -2.93215    0.000343129
2.0944     -2.93215    0.000426092
2.30383     -2.93215    0.000435599
2.51327     -2.93215    0.000376219
2.72271     -2.93215    0.000335618
2.93215     -2.93215    0.000236009
3.14159     -2.93215    9.86138e-05

-3.14159     -2.72271    0.000111031
-2.93215     -2.72271    0.00026097
-2.72271     -2.72271    0.000354689
-2.51327     -2.72271    0.000343422
-2.30383     -2.72271    0.000314026
-2.0944     -2.72271    0.00032447
-1.88496     -2.72271    0.000301819
-1.67552     -2.72271    0.000267826
-1.46608     -2.72271    0.000245296
-1.25664     -2.72271    0.000196838
-1.0472     -2.72271    6.04396e-05
-0.837758     -2.72271    3.14663e-05
-0.628319     -2.72271    9.86982e-05
-0.418879     -2.72271    0.000129024
-0.20944     -2.72271    0.000155207
0     -2.72271    0.00017993
0.20944     -2.72271    0.000155293
0.418879     -2.72271    0.000129019
0.628319     -2.72271    9.87009e-05
0.837758     -2.72271    3.14668e-05
1.0472     -2.72271    6.04413e-05
1.25664     -2.72271    0.000196835
1.46608     -2.72271    0.000245297
1.67552     -2.72271    0.000267829
1.88496     -2.72271    0.000301822
2.0944     -2.72271    0.000324473
2.30383     -2.72271    0.000314029
2.51327     -2.72271    0.000343425
2.72271     -2.72271    0.000354692
2.93215     -2.72271    0.00026097
3.14159     -2.72271    0.000111032

-3.14159     -2.51327    0.000138233
-2.93215     -2.51327    0.000285492
-2.72271     -2.51327    0.00033779
-2.51327     -2.51327    0.000324354
-2.30383     -2.51327    0.000225552
-2.0944     -2.51327    0.000162832
-1.88496     -2.51327    0.000192839
-1.67552     -2.51327    0.000230115
-1.46608     -2.51327    0.00020076
-1.25664     -2.51327    0.00017492
-1.0472     -2.51327    3.41362e-05
-0.837758     -2.51327    6.66633e-05
-0.628319     -2.51327    0.000129526
-0.418879     -2.51327    0.000142993
-0.20944     -2.51327    0.000165668
0     -2.51327    0.000166763
0.20944     -2.51327    0.000165621
0.418879     -2.51327    0.000143002
0.628319     -2.51327    0.000129527
0.837758     -2.51327    6.66656e-05
1.0472     -2.51327    3.41369e-05
1.25664     -2.51327    0.000174925
1.46608     -2.51327    0.000200762
1.67552     -2.51327    0.000230117
1.88496     -2.51327    0.000192842
2.0944     -2.51327    0.000162836
2.30383     -2.51327    0.000225556
2.51327     -2.51327    0.000324358
2.72271     -2.51327    0.000337793
2.93215     -2.51327    0.000285493
3.14159     -2.51327    0.000138233

-3.14159     -2.30383    0.000193712
-2.93215     -2.30383    0.000298243
-2.72271     -2.30383    0.000295699
-2.51327     -2.30383    0.000195849
-2.30383     -2.30383    0.000109218
-2.0944     -2.30383    5.82367e-05
-1.88496     -2.30383    6.91856e-05
-1.67552     -2.30383    0.00012519
-1.46608     -2.30383    0.000161727
-1.25664     -2.30383    0.000140161
-1.0472     -2.30383    1.98818e-05
-0.837758     -2.30383    9.43778e-05
-0.628319     -2.30383    0.000153846
-0.418879     -2.30383    0.000178324
-0.20944     -2.30383    0.000181683
0     -2.30383    0.000210805
0.20944     -2.30383    0.000181668
0.418879     -2.30383    0.000178318
0.628319     -2.30383    0.000153848
0.837758     -2.30383    9.43759e-05
1.0472     -2.30383    1.98804e-05
1.25664     -2.30383    0.000140156
1.46608     -2.30383    0.000161729
1.67552     -2.30383    0.000125193
1.88496     -2.30383    6.91901e-05
2.0944     -2.30383    5.82414e-05
2.30383     -2.30383    0.000109221
2.51327     -2.30383    0.000195852
2.72271     -2.30383    0.000295703
2.93215     -2.30383    0.000298244
3.14159     -2.30383    0.000193714

-3.14159     -2.0944    0.000245715
-2.93215     -2.0944    0.000279351
-2.72271     -2.0944    0.000214636
-2.51327     -2.0944    9.69329e-05
-2.30383     -2.0944    5.41354e-06
-2.0944     -2.0944    3.34341e-05
-1.88496     -2.0944    2.49973e-05
-1.67552     -2.0944    1.30662e-05
-1.46608     -2.0944    4.60607e-05
-1.25664     -2.0944    7.97425e-05
-1.0472     -2.0944    5.21329e-06
-0.837758     -2.0944    9.29909e-05
-0.628319     -2.0944    0.000155497
-0.418879     -2.0944    0.000194969
-0.20944     -2.0944    0.000187769
0     -2.0944    0.000171498
0.20944     -2.0944    0.000187884
0.418879     -2.0944    0.000194973
0.628319     -2.0944    0.000155502
0.837758     -2.0944    9.29946e-05
1.0472     -2.0944    5.21318e-06
1.25664     -2.0944    7.9748e-05
1.46608     -2.0944    4.6063e-05
1.67552     -2.0944    1.30611e-05
1.88496     -2.0944    2.49927e-05
2.0944     -2.0944    3.34286e-05
2.30383     -2.0944    5.41624e-06
2.51327     -2.0944    9.69359e-05
2.72271     -2.0944    0.000214641
2.93215     -2.0944    0.000279353
3.14159     -2.0944    0.000245717

-3.14159     -1.88496    0.000270359
-2.93215     -1.88496    0.000241264
-2.72271     -1.88496    0.000110188
-2.51327     -1.88496    1.67566e-05
-2.30383     -1.88496    7.89934e-05
-2.0944     -1.88496    0.000100416
-1.88496     -1.88496    0.000105864
-1.67552     -1.88496    9.85315e-05
-1.46608     -1.88496    7.19105e-05
-1.25664     -1.88496    2.66376e-05
-1.0472     -1.88496    3.67828e-05
-0.837758     -1.88496    0.000102662
-0.628319     -1.88496    0.000163277
-0.418879     -1.88496    0.000190653
-0.20944     -1.88496    0.000183564
0     -1.88496    0.00019964
0.20944     -1.88496    0.000183348
0.418879     -1.88496    0.00019065
0.628319     -1.88496    0.000163276
0.837758     -1.88496    0.000102662
1.0472     -1.88496    3.67866e-05
1.25664     -1.88496    2.66379e-05
1.46608     -1.88496    7.19071e-05
1.67552     -1.88496    9.85261e-05
1.88496     -1.88496    0.000105859
2.0944     -1.88496    0.000100412
2.30383     -1.88496    7.89886e-05
2.51327     -1.88496    1.67519e-05
2.72271     -1.88496    0.000110191
2.93215     -1.88496    0.000241267
3.14159     -1.88496    0.000270361

-3.14159     -1.67552    0.000265524
-2.93215     -1.67552    0.00016602
-2.72271     -1.67552    1.05508e-05
-2.51327     -1.67552    8.53721e-05
-2.30383     -1.67552    0.000135458
-2.0944     -1.67552    0.000134599
-1.88496     -1.67552    0.00014829
-1.67552     -1.67552    0.000158771
-1.46608     -1.67552    0.000128578
-1.25664     -1.67552    0.000104157
-1.0472     -1.67552    7.84333e-05
-0.837758     -1.67552    0.000100056
-0.628319     -1.67552    0.000166561
-0.418879     -1.67552    0.000195644
-0.20944     -1.67552    0.000170591
0     -1.67552    0.000173576
0.20944     -1.67552    0.000170918
0.418879     -1.67552    0.000195647
0.628319     -1.67552    0.000166567
0.837758     -1.67552    0.00010006
1.0472     -1.67552    7.84312e-05
1.25664     -1.67552    0.000104156
1.46608     -1.67552    0.000128578
1.67552     -1.67552    0.000158766
1.88496     -1.67552    0.000148287
2.0944     -1.67552    0.000134593
2.30383     -1.67552    0.000135454
2.51327     -1.67552    8.53666e-05
2.72271     -1.67552    1.05542e-05
2.93215     -1.67552    0.000166023
3.14159     -1.67552    0.000265525

-3.14159     -1.46608    0.000231834
-2.93215     -1.46608    8.04384e-05
-2.72271     -1.46608    6.16173e-05
-2.51327     -1.46608    0.000121756
-2.30383     -1.46608    0.000162756
-2.0944     -1.46608    0.000162293
-1.88496     -1.46608    0.000166839
-1.67552     -1.46608    0.000192764
-1.46608     -1.46608    0.000180012
-1.25664     -1.46608    0.000162799
-1.0472     -1.46608    0.000127562
-0.837758     -1.46608    0.000117854
-0.628319     -1.46608    0.000161771
-0.418879     -1.46608    0.000196941
-0.20944     -1.46608    0.000161288
0     -1.46608    0.000151671
0.20944     -1.46608    0.000160879
0.418879     -1.46608    0.00019695
0.628319     -1.46608    0.000161775
0.837758     -1.46608    0.000117848
1.0472     -1.46608    0.000127562
1.25664     -1.46608    0.000162802
1.46608     -1.46608    0.000180013
1.67552     -1.46608    0.000192759
1.88496     -1.46608    0.000166834
2.0944     -1.46608    0.000162286
2.30383     -1.46608    0.000162751
2.51327     -1.46608    0.000121751
2.72271     -1.46608    6.16161e-05
2.93215     -1.46608    8.044e-05
3.14159     -1.46608    0.000231837

-3.14159     -1.25664    0.000173874
-2.93215     -1.25664    2.18283e-05
-2.72271     -1.25664    8.9565e-05
-2.51327     -1.25664    0.000151026
-2.30383     -1.25664    0.000177973
-2.0944     -1.25664    0.00017802
-1.88496     -1.25664    0.000188966
-1.67552     -1.25664    0.000189289
-1.46608     -1.25664    0.000187373
-1.25664     -1.25664    0.000197892
-1.0472     -1.25664    0.00017651
-0.837758     -1.25664    0.00017237
-0.628319     -1.25664    0.000195773
-0.418879     -1.25664    0.000218734
-0.20944     -1.25664    0.000195725
0     -1.25664    0.000188765
0.20944     -1.25664    0.000196118
0.418879     -1.25664    0.000218749
0.628319     -1.25664    0.000195786
0.837758     -1.25664    0.00017237
1.0472     -1.25664    0.000176501
1.25664     -1.25664    0.000197893
1.46608     -1.25664    0.000187375
1.67552     -1.25664    0.000189283
1.88496     -1.25664    0.000188964
2.0944     -1.25664    0.000178019
2.30383     -1.25664    0.000177971
2.51327     -1.25664    0.000151023
2.72271     -1.25664    8.95661e-05
2.93215     -1.25664    2.18284e-05
3.14159     -1.25664    0.000173875

-3.14159     -1.0472    0.000126909
-2.93215     -1.0472    1.19001e-05
-2.72271     -1.0472    0.000104731
-2.51327     -1.0472    0.00013577
-2.30383     -1.0472    0.000160072
-2.0944     -1.0472    0.000177598
-1.88496     -1.0472    0.000192419
-1.67552     -1.0472    0.00018212
-1.46608     -1.0472    0.000181604
-1.25664     -1.0472    0.000171441
-1.0472     -1.0472    0.000198971
-0.837758     -1.0472    0.000206453
-0.628319     -1.0472    0.000235455
-0.418879     -1.0472    0.000258179
-0.20944     -1.0472    0.000252899
0     -1.0472    0.000126907
0.20944     -1.0472    0.000252595
0.418879     -1.0472    0.000258138
0.628319     -1.0472    0.000235444
0.837758     -1.0472    0.000206458
1.0472     -1.0472    0.000198972
1.25664     -1.0472    0.00017143
1.46608     -1.0472    0.000181598
1.67552     -1.0472    0.000182124
1.88496     -1.0472    0.000192418
2.0944     -1.0472    0.000177597
2.30383     -1.0472    0.000160075
2.51327     -1.0472    0.00013577
2.72271     -1.0472    0.00010473
2.93215     -1.0472    1.18991e-05
3.14159     -1.0472    0.000126909

-3.14159     -0.837758    0.000104794
-2.93215     -0.837758    2.86402e-06
-2.72271     -0.837758    8.67006e-05
-2.51327     -0.837758    0.000131604
-2.30383     -0.837758    0.000157596
-2.0944     -0.837758    0.000192858
-1.88496     -0.837758    0.000187326
-1.67552     -0.837758    0.000177275
-1.46608     -0.837758    0.000181853
-1.25664     -0.837758    0.000158527
-1.0472     -0.837758    0.000177006
-0.837758     -0.837758    0.000252709
-0.628319     -0.837758    0.000277936
-0.418879     -0.837758    0.000308768
-0.20944     -0.837758    0.000324246
0     -0.837758    0.000363436
0.20944     -0.837758    0.000324303
0.418879     -0.837758    0.000308782
0.628319     -0.837758    0.000277947
0.837758     -0.837758    0.00025268
1.0472     -0.837758    0.000177015
1.25664     -0.837758    0.00015853
1.46608     -0.837758    0.000181853
1.67552     -0.837758    0.000177281
1.88496     -0.837758    0.000187324
2.0944     -0.837758    0.000192856
2.30383     -0.837758    0.000157598
2.51327     -0.837758    0.000131606
2.72271     -0.837758    8.67036e-05
2.93215     -0.837758    2.86319e-06
3.14159     -0.837758    0.000104794

-3.14159     -0.628319    0.000105423
-2.93215     -0.628319    1.19487e-05
-2.72271     -0.628319    4.59797e-05
-2.51327     -0.628319    0.000112906
-2.30383     -0.628319    0.000156736
-2.0944     -0.628319    0.000182489
-1.88496     -0.628319    0.000190609
-1.67552     -0.628319    0.000187777
-1.46608     -0.628319    0.00016228
-1.25664     -0.628319    0.000161161
-1.0472     -0.628319    0.000154461
-0.837758     -0.628319    0.000214055
-0.628319     -0.628319    0.000319071
-0.418879     -0.628319    0.000371774
-0.20944     -0.628319    0.000417785
0     -0.628319    0.000282237
0.20944     -0.628319    0.000418266
0.418879     -0.628319    0.000371863
0.628319     -0.628319    0.000319077
0.837758     -0.628319    0.00021403
1.0472     -0.628319    0.000154478
1.25664     -0.628319    0.00016116
1.46608     -0.628319    0.000162298
1.67552     -0.628319    0.00018778
1.88496     -0.628319    0.000190615
2.0944     -0.628319    0.000182493
2.30383     -0.628319    0.000156736
2.51327     -0.628319    0.000112908
2.72271     -0.628319    4.59826e-05
2.93215     -0.628319    1.19458e-05
3.14159     -0.628319    0.000105421

-3.14159     -0.418879    0.000183078
-2.93215     -0.418879    0.00010465
-2.72271     -0.418879    1.24646e-05
-2.51327     -0.418879    6.29285e-05
-2.30383     -0.418879    0.000113624
-2.0944     -0.418879    0.00014251
-1.88496     -0.418879    0.000177897
-1.67552     -0.418879    0.000192798
-1.46608     -0.418879    0.000188718
-1.25664     -0.418879    0.000192965
-1.0472     -0.418879    0.000218847
-0.837758     -0.418879    0.000233986
-0.628319     -0.418879    0.000324855
-0.418879     -0.418879    0.000460246
-0.20944     -0.418879    0.000546028
0     -0.418879    0.000776418
0.20944     -0.418879    0.000544399
0.418879     -0.418879    0.000460172
0.628319     -0.418879    0.000324802
0.837758     -0.418879    0.000233972
1.0472     -0.418879    0.000218868
1.25664     -0.418879    0.000192979
1.46608     -0.418879    0.000188721
1.67552     -0.418879    0.000192809
1.88496     -0.418879    0.000177901
2.0944     -0.418879    0.00014251
2.30383     -0.418879    0.000113628
2.51327     -0.418879    6.29284e-05
2.72271     -0.418879    1.24645e-05
2.93215     -0.418879    0.000104647
3.14159     -0.418879    0.000183076

-3.14159     -0.20944    0.000254113
-2.93215     -0.20944    0.000200118
-2.72271     -0.20944    0.000119076
-2.51327     -0.20944    3.78485e-05
-2.30383     -0.20944    3.29428e-05
-2.0944     -0.20944    9.01039e-05
-1.88496     -0.20944    0.000124541
-1.67552     -0.20944    0.000153458
-1.46608     -0.20944    0.000195287
-1.25664     -0.20944    0.000229371
-1.0472     -0.20944    0.000275451
-0.837758     -0.20944    0.00033004
-0.628319     -0.20944    0.000388729
-0.418879     -0.20944    0.000558347
-0.20944     -0.20944    0.000785783
0     -0.20944    0.000771022
0.20944     -0.20944    0.000788788
0.418879     -0.20944    0.000558288
0.628319     -0.20944    0.000388772
0.837758     -0.20944    0.000330042
1.0472     -0.20944    0.000275403
1.25664     -0.20944    0.00022938
1.46608     -0.20944    0.000195284
1.67552     -0.20944    0.00015346
1.88496     -0.20944    0.000124544
2.0944     -0.20944    9.01045e-05
2.30383     -0.20944    3.29455e-05
2.51327     -0.20944    3.78502e-05
2.72271     -0.20944    0.000119075
2.93215     -0.20944    0.000200116
3.14159     -0.20944    0.000254111

-3.14159     0    0.000259291
-2.93215     0    0.000204777
-2.72271     0    0.000183057
-2.51327     0    0.000110201
-2.30383     0    1.80255e-05
-2.0944     0    5.15417e-05
-1.88496     0    8.66435e-05
-1.67552     0    0.000121685
-1.46608     0    0.000167925
-1.25664     0    0.000228691
-1.0472     0    0.000272126
-0.837758     0    0.000340859
-0.628319     0    0.000455737
-0.418879     0    0.000598963
-0.20944     0    0.000948614
0     0    6.01795e-17
0.20944     0    0.000948614
0.418879     0    0.000598963
0.628319     0    0.000455737
0.837758     0    0.000340859
1.0472     0    0.000272126
1.25664     0    0.000228691
1.46608     0    0.000167925
1.67552     0    0.000121685
1.88496     0    8.66435e-05
2.0944     0    5.15417e-05
2.30383     0    1.80255e-05
2.51327     0    0.000110201
2.72271     0    0.000183057
2.93215     0    0.000204777
3.14159     0    0.000259291

-3.14159     0.20944    0.000254111
-2.93215     0.20944    0.000200116
-2.72271     0.20944    0.000119075
-2.51327     0.20944    3.78502e-05
-2.30383     0.20944    3.29455e-05
-2.0944     0.20944    9.01045e-05
-1.88496     0.20944    0.000124544
-1.67552     0.20944    0.00015346
-1.46608     0.20944    0.000195284
-1.25664     0.20944    0.00022938
-1.0472     0.20944    0.000275403
-0.837758     0.20944    0.000330042
-0.628319     0.20944    0.000388772
-0.418879     0.20944    0.000558288
-0.20944     0.20944    0.000788788
0     0.20944    0.000771022
0.20944     0.20944    0.000785783
0.418879     0.20944    0.000558347
0.628319     0.20944    0.000388729
0.837758     0.20944    0.00033004
1.0472     0.20944    0.000275451
1.25664     0.20944    0.000229371
1.46608     0.20944    0.000195287
1.67552     0.20944    0.000153458
1.88496     0.20944    0.000124541
2.0944     0.20944    9.01039e-05
2.30383     0.20944    3.29428e-05
2.51327     0.20944    3.78485e-05
2.72271     0.20944    0.000119076
2.93215     0.20944    0.000200118
3.14159     0.20944    0.000254113

-3.14159     0.418879    0.000183076
-2.93215     0.418879    0.000104647
-2.72271     0.418879    1.24645e-05
-2.51327     0.418879    6.29284e-05
-2.30383     0.418879    0.000113628
-2.0944     0.418879    0.00014251
-1.88496     0.418879    0.000177901
-1.67552     0.418879    0.000192809
-1.46608     0.418879    0.000188721
-1.25664     0.418879    0.000192979
-1.0472     0.418879    0.000218868
-0.837758     0.418879    0.000233972
-0.628319     0.418879    0.000324802
-0.418879     0.418879    0.000460172
-0.20944     0.418879    0.000544399
0     0.418879    0.000776418
0.20944     0.418879    0.000546028
0.418879     0.418879    0.000460246
0.628319     0.418879    0.000324855
0.837758     0.418879    0.000233986
1.0472     0.418879    0.000218847
1.25664     0.418879    0.000192965
1.46608     0.418879    0.000188718
1.67552     0.418879    0.000192798
1.88496     0.418879    0.000177897
2.0944     0.418879    0.00014251
2.30383     0.418879    0.000113624
2.51327     0.418879    6.29285e-05
2.72271     0.418879    1.24646e-05
2.93215     0.418879    0.00010465
3.14159     0.418879    0.000183078

-3.14159     0.628319    0.000105421
-2.93215     0.628319    1.19458e-05
-2.72271     0.628319    4.59826e-05
-2.51327     0.628319    0.000112908
-2.30383     0.628319    0.000156736
-2.0944     0.628319    0.000182493
-1.88496     0.628319    0.000190615
-1.67552     0.628319    0.00018778
-1.46608     0.628319    0.000162298
-1.25664     0.628319    0.00016116
-1.0472     0.628319    0.000154478
-0.837758     0.628319    0.00021403
-0.628319     0.628319    0.000319077
-0.418879     0.628319    0.000371863
-0.20944     0.628319    0.000418266
0     0.628319    0.000282237
0.20944     0.628319    0.000417785
0.418879     0.628319    0.000371774
0.628319     0.628319    0.000319071
0.837758     0.628319    0.000214055
1.0472     0.628319    0.000154461
1.25664     0.628319    0.000161161
1.46608     0.628319    0.00016228
1.67552     0.628319    0.000187777
1.88496     0.628319    0.000190609
2.0944     0.628319    0.000182489
2.30383     0.628319    0.000156736
2.51327     0.628319    0.000112906
2.72271     0.628319    4.59797e-05
2.93215     0.628319    1.19487e-05
3.14159     0.628319    0.000105423

-3.14159     0.837758    0.000104794
-2.93215     0.837758    2.86319e-06
-2.72271     0.837758    8.67036e-05
-2.51327     0.837758    0.000131606
-2.30383     0.837758    0.000157598
-2.0944     0.837758    0.000192856
-1.88496     0.837758    0.000187324
-1.67552     0.837758    0.000177281
-1.46608     0.837758    0.000181853
-1.25664     0.837758    0.00015853
-1.0472     0.837758    0.000177015
-0.837758     0.837758    0.00025268
-0.628319     0.837758    0.000277947
-0.418879     0.837758    0.000308782
-0.20944     0.837758    0.000324303
0     0.837758    0.000363436
0.20944     0.837758    0.000324246
0.418879     0.837758    0.000308768
0.628319     0.837758    0.000277936
0.837758     0.837758    0.000252709
1.0472     0.837758    0.000177006
1.25664     0.837758    0.000158527
1.46608     0.837758    0.000181853
1.67552     0.837758    0.000177275
1.88496     0.837758    0.000187326
2.0944     0.837758    0.000192858
2.30383     0.837758    0.000157596
2.51327     0.837758    0.000131604
2.72271     0.837758    8.67006e-05
2.93215     0.837758    2.86402e-06
3.14159     0.837758    0.000104794

-3.14159     1.0472    0.000126909
-2.93215     1.0472    1.18991e-05
-2.72271     1.0472    0.00010473
-2.51327     1.0472    0.00013577
-2.30383     1.0472    0.000160075
-2.0944     1.0472    0.000177597
-1.88496     1.0472    0.000192418
-1.67552     1.0472    0.000182124
-1.46608     1.0472    0.000181598
-1.25664     1.0472    0.00017143
-1.0472     1.0472    0.000198972
-0.837758     1.0472    0.000206458
-0.628319     1.0472    0.000235444
-0.418879     1.0472    0.000258138
-0.20944     1.0472    0.000252595
0     1.0472    0.000126907
0.20944     1.0472    0.000252899
0.418879     1.0472    0.000258179
0.628319     1.0472    0.000235455
0.837758     1.0472    0.000206453
1.0472     1.0472    0.000198971
1.25664     1.0472    0.000171441
1.46608     1.0472    0.000181604
1.67552     1.0472    0.00018212
1.88496     1.0472    0.000192419
2.0944     1.0472    0.000177598
2.30383     1.0472    0.000160072
2.51327     1.0472    0.00013577
2.72271     1.0472    0.000104731
2.93215     1.0472    1.19001e-05
3.14159     1.0472    0.000126909

-3.14159     1.25664    0.000173875
-2.93215     1.25664    2.18284e-05
-2.72271     1.25664    8.95661e-05
-2.51327     1.25664    0.000151023
-2.30383     1.25664    0.000177971
-2.0944     1.25664    0.000178019
-1.88496     1.25664    0.000188964
-1.67552     1.25664    0.000189283
-1.46608     1.25664    0.000187375
-1.25664     1.25664    0.000197893
-1.0472     1.25664    0.000176501
-0.837758     1.25664    0.00017237
-0.628319     1.25664    0.000195786
-0.418879     1.25664    0.000218749
-0.20944     1.25664    0.000196118
0     1.25664    0.000188765
0.20944     1.25664    0.000195725
0.418879     1.25664    0.000218734
0.628319     1.25664    0.000195773
0.837758     1.25664    0.00017237
1.0472     1.25664    0.00017651
1.25664     1.25664    0.000197892
1.46608     1.25664    0.000187373
1.67552     1.25664    0.000189289
1.88496     1.25664    0.000188966
2.0944     1.25664    0.00017802
2.30383     1.25664    0.000177973
2.51327     1.25664    0.000151026
2.72271     1.25664    8.9565e-05
2.93215     1.25664    2.18283e-05
3.14159     1.25664    0.000173874

-3.14159     1.46608    0.000231837
-2.93215     1.46608    8.044e-05
-2.72271     1.46608    6.16161e-05
-2.51327     1.46608    0.000121751
-2.30383     1.46608    0.000162751
-2.0944     1.46608    0.000162286
-1.88496     1.46608    0.000166834
-1.67552     1.46608    0.000192759
-1.46608     1.46608    0.000180013
-1.25664     1.46608    0.000162802
-1.0472     1.46608    0.000127562
-0.837758     1.46608    0.000117848
-0.628319     1.46608    0.000161775
-0.418879     1.46608    0.00019695
-0.20944     1.46608    0.000160879
0     1.46608    0.000151671
0.20944     1.46608    0.000161288
0.418879     1.46608    0.000196941
0.628319     1.46608    0.000161771
0.837758     1.46608    0.000117854
1.0472     1.46608    0.000127562
1.25664     1.46608    0.000162799
1.46608     1.46608    0.000180012
1.67552     1.46608    0.000192764
1.88496     1.46608    0.000166839
2.0944     1.46608    0.000162293
2.30383     1.46608    0.000162756
2.51327     1.46608    0.000121756
2.72271     1.46608    6.16173e-05
2.93215     1.46608    8.04384e-05
3.14159     1.46608    0.000231834

-3.14159     1.67552    0.000265525
-2.93215     1.67552    0.000166023
-2.72271     1.67552    1.05542e-05
-2.51327     1.67552    8.53666e-05
-2.30383     1.67552    0.000135454
-2.0944     1.67552    0.000134593
-1.88496     1.67552    0.000148287
-1.67552     1.67552    0.000158766
-1.46608     1.67552    0.000128578
-1.25664     1.67552    0.000104156
-1.0472     1.67552    7.84312e-05
-0.837758     1.67552    0.00010006
-0.628319     1.67552    0.000166567
-0.418879     1.67552    0.000195647
-0.20944     1.67552    0.000170918
0     1.67552    0.000173576
0.20944     1.67552    0.000170591
0.418879     1.67552    0.000195644
0.628319     1.67552    0.000166561
0.837758     1.67552    0.000100056
1.0472     1.67552    7.84333e-05
1.25664     1.67552    0.000104157
1.46608     1.67552    0.000128578
1.67552     1.67552    0.000158771
1.88496     1.67552    0.00014829
2.0944     1.67552    0.000134599
2.30383     1.67552    0.000135458
2.51327     1.67552    8.53721e-05
2.72271     1.67552    1.05508e-05
2.93215     1.67552    0.00016602
3.14159     1.67552    0.000265524

-3.14159     1.88496    0.000270361
-2.93215     1.88496    0.000241267
-2.72271     1.88496    0.000110191
-2.51327     1.88496    1.67519e-05
-2.30383     1.88496    7.89886e-05
-2.0944     1.88496    0.000100412
-1.88496     1.88496    0.000105859
-1.67552     1.88496    9.85261e-05
-1.46608     1.88496    7.19071e-05
-1.25664     1.88496    2.66379e-05
-1.0472     1.88496    3.67866e-05
-0.837758     1.88496    0.000102662
-0.628319     1.88496    0.000163276
-0.418879     1.88496    0.00019065
-0.20944     1.88496    0.000183348
0     1.88496    0.00019964
0.20944     1.88496    0.000183564
0.418879     1.88496    0.000190653
0.628319     1.88496    0.000163277
0.837758     1.88496    0.000102662
1.0472     1.88496    3.67828e-05
1.25664     1.88496    2.66376e-05
1.46608     1.88496    7.19105e-05
1.67552     1.88496    9.85315e-05
1.88496     1.88496    0.000105864
2.0944     1.88496    0.000100416
2.30383     1.88496    7.89934e-05
2.51327     1.88496    1.67566e-05
2.72271     1.88496    0.000110188
2.93215     1.88496    0.000241264
3.14159     1.88496    0.000270359

-3.14159     2.0944    0.000245717
-2.93215     2.0944    0.000279353
-2.72271     2.0944    0.000214641
-2.51327     2.0944    9.69359e-05
-2.30383     2.0944    5.41624e-06
-2.0944     2.0944    3.34286e-05
-1.88496     2.0944    2.49927e-05
-1.67552     2.0944    1.30611e-05
-1.46608     2.0944    4.6063e-05
-1.25664     2.0944    7.9748e-05
-1.0472     2.0944    5.21318e-06
-0.837758     2.0944    9.29946e-05
-0.628319     2.0944    0.000155502
-0.418879     2.0944    0.000194973
-0.20944     2.0944    0.000187884
0     2.0944    0.000171498
0.20944     2.0944    0.000187769
0.418879     2.0944    0.000194969
0.628319     2.0944    0.000155497
0.837758     2.0944    9.29909e-05
1.0472     2.0944    5.21329e-06
1.25664     2.0944    7.97425e-05
1.46608     2.0944    4.60607e-05
1.67552     2.0944    1.30662e-05
1.88496     2.0944    2.49973e-05
2.0944     2.0944    3.34341e-05
2.30383     2.0944    5.41354e-06
2.51327     2.0944    9.69329e-05
2.72271     2.0944    0.000214636
2.93215     2.0944    0.000279351
3.14159     2.0944    0.000245715

-3.14159     2.30383    0.000193714
-2.93215     2.30383    0.000298244
-2.72271     2.30383    0.000295703
-2.51327     2.30383    0.000195852
-2.30383     2.30383    0.000109221
-2.0944     2.30383    5.82414e-05
-1.88496     2.30383    6.91901e-05
-1.67552     2.30383    0.000125193
-1.46608     2.30383    0.000161729
-1.25664     2.30383    0.000140156
-1.0472     2.30383    1.98804e-05
-0.837758     2.30383    9.43759e-05
-0.628319     2.30383    0.000153848
-0.418879     2.30383    0.000178318
-0.20944     2.30383    0.000181668
0     2.30383    0.000210805
0.20944     2.30383    0.000181683
0.418879     2.30383    0.000178324
0.628319     2.30383    0.000153846
0.837758     2.30383    9.43778e-05
1.0472     2.30383    1.98818e-05
1.25664     2.30383    0.000140161
1.46608     2.30383    0.000161727
1.67552     2.30383    0.00012519
1.88496     2.30383    6.91856e-05
2.0944     2.30383    5.82367e-05
2.30383     2.30383    0.000109218
2.51327     2.30383    0.000195849
2.72271     2.30383    0.000295699
2.93215     2.30383    0.000298243
3.14159     2.30383    0.000193712

-3.14159     2.51327    0.000138233
-2.93215     2.51327    0.000285493
-2.72271     2.51327    0.000337793
-2.51327     2.51327    0.000324358
-2.30383     2.51327    0.000225556
-2.0944     2.51327    0.000162836
-1.88496     2.51327    0.000192842
-1.67552     2.51327    0.000230117
-1.46608     2.51327    0.000200762
-1.25664     2.51327    0.000174925
-1.0472     2.51327    3.41369e-05
-0.837758     2.51327    6.66656e-05
-0.628319     2.51327    0.000129527
-0.418879     2.51327    0.000143002
-0.20944     2.51327    0.000165621
0     2.51327    0.000166763
0.20944     2.51327    0.000165668
0.418879     2.51327    0.000142993
0.628319     2.51327    0.000129526
0.837758     2.51327    6.66633e-05
1.0472     2.51327    3.41362e-05
1.25664     2.51327    0.00017492
1.46608     2.51327    0.00020076
1.67552     2.51327    0.000230115
1.88496     2.51327    0.000192839
2.0944     2.51327    0.000162832
2.30383     2.51327    0.000225552
2.51327     2.51327    0.000324354
2.72271     2.51327    0.00033779
2.93215     2.51327    0.000285492
3.14159     2.51327    0.000138233

-3.14159     2.72271    0.000111032
-2.93215     2.72271    0.00026097
-2.72271     2.72271    0.000354692
-2.51327     2.72271    0.000343425
-2.30383     2.72271    0.000314029
-2.0944     2.72271    0.000324473
-1.88496     2.72271    0.000301822
-1.67552     2.72271    0.000267829
-1.46608     2.72271    0.000245297
-1.25664     2.72271    0.000196835
-1.0472     2.72271    6.04413e-05
-0.837758     2.72271    3.14668e-05
-0.628319     2.72271    9.87009e-05
-0.418879     2.72271    0.000129019
-0.20944     2.72271    0.000155293
0     2.72271    0.00017993
0.20944     2.72271    0.000155207
0.418879     2.72271    0.000129024
0.628319     2.72271    9.86982e-05
0.837758     2.72271    3.14663e-05
1.0472     2.72271    6.04396e-05
1.25664     2.72271    0.000196838
1.46608     2.72271    0.000245296
1.67552     2.72271    0.000267826
1.88496     2.72271    0.000301819
2.0944     2.72271    0.00032447
2.30383     2.72271    0.000314026
2.51327     2.72271    0.000343422
2.72271     2.72271    0.000354689
2.93215     2.72271    0.00026097
3.14159     2.72271    0.000111031

-3.14159     2.93215    9.86138e-05
-2.93215     2.93215    0.000236009
-2.72271     2.93215    0.000335618
-2.51327     2.93215    0.000376219
-2.30383     2.93215    0.000435599
-2.0944     2.93215    0.000426092
-1.88496     2.93215    0.000343129
-1.67552     2.93215    0.000299414
-1.46608     2.93215    0.000294451
-1.25664     2.93215    0.000213476
-1.0472     2.93215    8.51564e-05
-0.837758     2.93215    1.00267e-05
-0.628319     2.93215    4.75758e-05
-0.418879     2.93215    9.48443e-05
-0.20944     2.93215    0.000117822
0     2.93215    0.000114464
0.20944     2.93215    0.000117903
0.418879     2.93215    9.48396e-05
0.628319     2.93215    4.75781e-05
0.837758     2.93215    1.00316e-05
1.0472     2.93215    8.51569e-05
1.25664     2.93215    0.000213475
1.46608     2.93215    0.00029445
1.67552     2.93215    0.000299413
1.88496     2.93215    0.000343126
2.0944     2.93215    0.000426089
2.30383     2.93215    0.000435597
2.51327     2.93215    0.000376219
2.72271     2.93215    0.000335619
2.93215     2.93215    0.000236009
3.14159     2.93215    9.86145e-05

-3.14159     3.14159    0.00015138
-2.93215     3.14159    0.000272638
-2.72271     3.14159    0.000384391
-2.51327     3.14159    0.000470587
-2.30383     3.14159    0.000459277
-2.0944     3.14159    0.000392002
-1.88496     3.14159    0.000351381
-1.67552     3.14159    0.00034837
-1.46608     3.14159    0.00036609
-1.25664     3.14159    0.000272534
-1.0472     3.14159    0.000164378
-0.837758     3.14159    0.000104086
-0.628319     3.14159    5.18386e-05
-0.418879     3.14159    8.96679e-06
-0.20944     3.14159    1.56914e-05
0     3.14159    3.26853e-05
0.20944     3.14159    1.56286e-05
0.418879     3.14159    8.96702e-06
0.628319     3.14159    5.18385e-05
0.837758     3.14159    0.000104087
1.0472     3.14159    0.000164378
1.25664     3.14159    0.000272535
1.46608     3.14159    0.000366091
1.67552     3.14159    0.00034837
1.88496     3.14159    0.00035138
2.0944     3.14159    0.000392001
2.30383     3.14159    0.000459276
2.51327     3.14159    0.000470589
2.72271     3.14159    0.000384393
2.93215     3.14159    0.000272638
3.14159     3.14159    0.000151382

