-3.14159     -3.14159    8.87309e-06
-2.93215     -3.14159    2.09533e-06
-2.72271     -3.14159    5.12179e-06
-2.51327     -3.14159    1.07052e-05
-2.30383     -3.14159    1.37461e-05
-2.0944     -3.14159    1.48e-05
-1.88496     -3.14159    1.45033e-05
-1.67552     -3.14159    1.24172e-05
-1.46608     -3.14159    6.94979e-06
-1.25664     -3.14159    2.04804e-06
-1.0472     -3.14159    1.11809e-05
-0.837758     -3.14159    1.80278e-05
-0.628319     -3.14159    2.22413e-05
-0.418879     -3.14159    2.43833e-05
-0.20944     -3.14159    2.52356e-05
0     -3.14159    2.54685e-05
0.20944     -3.14159    2.51728e-05
0.418879     -3.14159    2.4383e-05
0.628319     -3.14159    2.22396e-05
0.837758     -3.14159    1.80285e-05
1.0472     -3.14159    1.11807e-05
1.25664     -3.14159    2.04822e-06
1.46608     -3.14159    6.94944e-06
1.67552     -3.14159    1.24184e-05
1.88496     -3.14159    1.45015e-05
2.0944     -3.14159    1.47985e-05
2.30383     -3.14159    1.37506e-05
2.51327     -3.14159    1.07062e-05
2.72271     -3.14159    5.12258e-06
2.93215     -3.14159    2.09525e-06
3.14159     -3.14159    8.87386e-06

-3.14159     -2.93215    1.49267e-05
-2.93215     -2.93215    8.53185e-06
-2.72271     -2.93215    1.46187e-06
-2.51327     -2.93215    4.12379e-06
-2.30383     -2.93215    7.65178e-06
-2.0944     -2.93215    9.64039e-06
-1.88496     -2.93215    1.02272e-05
-1.67552     -2.93215    8.8425e-06
-1.46608     -2.93215    4.11018e-06
-1.25664     -2.93215    4.3947e-06
-1.0472     -2.93215    1.32794e-05
-0.837758     -2.93215    1.938e-05
-0.628319     -2.93215    2.25114e-05
-0.418879     -2.93215    2.3643e-05
-0.20944     -2.93215    2.38823e-05
0     -2.93215    2.38991e-05
0.20944     -2.93215    2.39655e-05
0.418879     -2.93215    2.36466e-05
0.628319     -2.93215    2.25125e-05
0.837758     -2.93215    1.93801e-05
1.0472     -2.93215    1.32786e-05
1.25664     -2.93215    4.39409e-06
1.46608     -2.93215    4.11063e-06
1.67552     -2.93215    8.84328e-06
1.88496     -2.93215    1.02282e-05
2.0944     -2.93215    9.64029e-06
2.30383     -2.93215    7.65056e-06
2.51327     -2.93215    4.12402e-06
2.72271     -2.93215    1.46162e-06
2.93215     -2.93215    8.5332e-06
3.14159     -2.93215    1.49276e-05

-3.14159     -2.72271    1.89435e-05
-2.93215     -2.72271    1.33498e-05
-2.72271     -2.72271    7.50705e-06
-2.51327     -2.72271    3.57429e-06
-2.30383     -2.72271    1.22359e-06
-2.0944     -2.72271    9.15125e-07
-1.88496     -2.72271    3.08563e-06
-1.67552     -2.72271    3.86148e-06
-1.46608     -2.72271    1.17761e-06
-1.25664     -2.72271    5.85006e-06
-1.0472     -2.72271    1.40951e-05
-0.837758     -2.72271    1.94363e-05
-0.628319     -2.72271    2.16062e-05
-0.418879     -2.72271    2.19139e-05
-0.20944     -2.72271    2.16498e-05
0     -2.72271    2.14454e-05
0.20944     -2.72271    2.15666e-05
0.418879     -2.72271    2.19066e-05
0.628319     -2.72271    2.16034e-05
0.837758     -2.72271    1.94352e-05
1.0472     -2.72271    1.40942e-05
1.25664     -2.72271    5.84994e-06
1.46608     -2.72271    1.17955e-06
1.67552     -2.72271    3.8616e-06
1.88496     -2.72271    3.08439e-06
2.0944     -2.72271    9.1431e-07
2.30383     -2.72271    1.22264e-06
2.51327     -2.72271    3.57656e-06
2.72271     -2.72271    7.50671e-06
2.93215     -2.72271    1.33513e-05
3.14159     -2.72271    1.89434e-05

-3.14159     -2.51327    2.13673e-05
-2.93215     -2.51327    1.6834e-05
-2.72271     -2.51327    1.29845e-05
-2.51327     -2.51327    1.12501e-05
-2.30383     -2.51327    1.04038e-05
-2.0944     -2.51327    8.71808e-06
-1.88496     -2.51327    5.75648e-06
-1.67552     -2.51327    2.80802e-06
-1.46608     -2.51327    2.70983e-06
-1.25664     -2.51327    7.31063e-06
-1.0472     -2.51327    1.43514e-05
-0.837758     -2.51327    1.90564e-05
-0.628319     -2.51327    2.05393e-05
-0.418879     -2.51327    2.03233e-05
-0.20944     -2.51327    1.96865e-05
0     -2.51327    1.94854e-05
0.20944     -2.51327    1.97365e-05
0.418879     -2.51327    2.03328e-05
0.628319     -2.51327    2.05401e-05
0.837758     -2.51327    1.90574e-05
1.0472     -2.51327    1.43505e-05
1.25664     -2.51327    7.30987e-06
1.46608     -2.51327    2.70921e-06
1.67552     -2.51327    2.80733e-06
1.88496     -2.51327    5.75551e-06
2.0944     -2.51327    8.72025e-06
2.30383     -2.51327    1.04052e-05
2.51327     -2.51327    1.12506e-05
2.72271     -2.51327    1.29855e-05
2.93215     -2.51327    1.68351e-05
3.14159     -2.51327    2.13677e-05

-3.14159     -2.30383    2.25108e-05
-2.93215     -2.30383    1.93295e-05
-2.72271     -2.30383    1.79145e-05
-2.51327     -2.30383    1.80342e-05
-2.30383     -2.30383    1.78213e-05
-2.0944     -2.30383    1.63854e-05
-1.88496     -2.30383    1.37538e-05
-1.67552     -2.30383    1.03353e-05
-1.46608     -2.30383    8.06665e-06
-1.25664     -2.30383    9.71201e-06
-1.0472     -2.30383    1.47499e-05
-0.837758     -2.30383    1.87822e-05
-0.628319     -2.30383    1.98528e-05
-0.418879     -2.30383    1.92932e-05
-0.20944     -2.30383    1.84544e-05
0     -2.30383    1.80098e-05
0.20944     -2.30383    1.84706e-05
0.418879     -2.30383    1.92827e-05
0.628319     -2.30383    1.98524e-05
0.837758     -2.30383    1.87793e-05
1.0472     -2.30383    1.47497e-05
1.25664     -2.30383    9.71139e-06
1.46608     -2.30383    8.06509e-06
1.67552     -2.30383    1.03342e-05
1.88496     -2.30383    1.37528e-05
2.0944     -2.30383    1.63858e-05
2.30383     -2.30383    1.78212e-05
2.51327     -2.30383    1.80339e-05
2.72271     -2.30383    1.79163e-05
2.93215     -2.30383    1.93312e-05
3.14159     -2.30383    2.25116e-05

-3.14159     -2.0944    2.27516e-05
-2.93215     -2.0944    2.13817e-05
-2.72271     -2.0944    2.19279e-05
-2.51327     -2.0944    2.26286e-05
-2.30383     -2.0944    2.21615e-05
-2.0944     -2.0944    2.07385e-05
-1.88496     -2.0944    1.87803e-05
-1.67552     -2.0944    1.63599e-05
-1.46608     -2.0944    1.3831e-05
-1.25664     -2.0944    1.32357e-05
-1.0472     -2.0944    1.58063e-05
-0.837758     -2.0944    1.88404e-05
-0.628319     -2.0944    1.96954e-05
-0.418879     -2.0944    1.9014e-05
-0.20944     -2.0944    1.80673e-05
0     -2.0944    1.77361e-05
0.20944     -2.0944    1.79585e-05
0.418879     -2.0944    1.90212e-05
0.628319     -2.0944    1.96923e-05
0.837758     -2.0944    1.88396e-05
1.0472     -2.0944    1.58042e-05
1.25664     -2.0944    1.32358e-05
1.46608     -2.0944    1.38291e-05
1.67552     -2.0944    1.6358e-05
1.88496     -2.0944    1.87806e-05
2.0944     -2.0944    2.07395e-05
2.30383     -2.0944    2.21606e-05
2.51327     -2.0944    2.26293e-05
2.72271     -2.0944    2.19278e-05
2.93215     -2.0944    2.13826e-05
3.14159     -2.0944    2.27528e-05

-3.14159     -1.88496    2.26635e-05
-2.93215     -1.88496    2.31286e-05
-2.72271     -1.88496    2.4518e-05
-2.51327     -1.88496    2.4642e-05
-2.30383     -1.88496    2.34779e-05
-2.0944     -1.88496    2.19783e-05
-1.88496     -1.88496    2.05931e-05
-1.67552     -1.88496    1.93344e-05
-1.46608     -1.88496    1.79512e-05
-1.25664     -1.88496    1.68859e-05
-1.0472     -1.88496    1.7555e-05
-0.837758     -1.88496    1.9346e-05
-0.628319     -1.88496    1.99924e-05
-0.418879     -1.88496    1.92699e-05
-0.20944     -1.88496    1.82401e-05
0     -1.88496    1.77964e-05
0.20944     -1.88496    1.84548e-05
0.418879     -1.88496    1.92615e-05
0.628319     -1.88496    1.99974e-05
0.837758     -1.88496    1.93452e-05
1.0472     -1.88496    1.75541e-05
1.25664     -1.88496    1.6885e-05
1.46608     -1.88496    1.79506e-05
1.67552     -1.88496    1.93348e-05
1.88496     -1.88496    2.05929e-05
2.0944     -1.88496    2.19786e-05
2.30383     -1.88496    2.34785e-05
2.51327     -1.88496    2.46426e-05
2.72271     -1.88496    2.45183e-05
2.93215     -1.88496    2.31299e-05
3.14159     -1.88496    2.26648e-05

-3.14159     -1.67552    2.26925e-05
-2.93215     -1.67552    2.44767e-05
-2.72271     -1.67552    2.54786e-05
-2.51327     -1.67552    2.46213e-05
-2.30383     -1.67552    2.28768e-05
-2.0944     -1.67552    2.12995e-05
-1.88496     -1.67552    2.02902e-05
-1.67552     -1.67552    1.98172e-05
-1.46608     -1.67552    1.95935e-05
-1.25664     -1.67552    1.93244e-05
-1.0472     -1.67552    1.93875e-05
-0.837758     -1.67552    2.01516e-05
-0.628319     -1.67552    2.0537e-05
-0.418879     -1.67552    1.99492e-05
-0.20944     -1.67552    1.90942e-05
0     -1.67552    1.86619e-05
0.20944     -1.67552    1.87777e-05
0.418879     -1.67552    1.99515e-05
0.628319     -1.67552    2.05276e-05
0.837758     -1.67552    2.01499e-05
1.0472     -1.67552    1.9386e-05
1.25664     -1.67552    1.93244e-05
1.46608     -1.67552    1.95925e-05
1.67552     -1.67552    1.98168e-05
1.88496     -1.67552    2.02911e-05
2.0944     -1.67552    2.12998e-05
2.30383     -1.67552    2.28764e-05
2.51327     -1.67552    2.46217e-05
2.72271     -1.67552    2.54786e-05
2.93215     -1.67552    2.44786e-05
3.14159     -1.67552    2.26938e-05

-3.14159     -1.46608    2.27393e-05
-2.93215     -1.46608    2.50146e-05
-2.72271     -1.46608    2.52323e-05
-2.51327     -1.46608    2.36337e-05
-2.30383     -1.46608    2.16052e-05
-2.0944     -1.46608    1.9993e-05
-1.88496     -1.46608    1.91642e-05
-1.67552     -1.46608    1.91073e-05
-1.46608     -1.46608    1.95737e-05
-1.25664     -1.46608    2.01524e-05
-1.0472     -1.46608    2.05569e-05
-0.837758     -1.46608    2.0898e-05
-0.628319     -1.46608    2.10434e-05
-0.418879     -1.46608    2.05727e-05
-0.20944     -1.46608    1.96676e-05
0     -1.46608    1.94504e-05
0.20944     -1.46608    2.00573e-05
0.418879     -1.46608    2.05761e-05
0.628319     -1.46608    2.10511e-05
0.837758     -1.46608    2.08989e-05
1.0472     -1.46608    2.05576e-05
1.25664     -1.46608    2.01517e-05
1.46608     -1.46608    1.9576e-05
1.67552     -1.46608    1.91049e-05
1.88496     -1.46608    1.91632e-05
2.0944     -1.46608    1.99931e-05
2.30383     -1.46608    2.16062e-05
2.51327     -1.46608    2.36343e-05
2.72271     -1.46608    2.52325e-05
2.93215     -1.46608    2.50158e-05
3.14159     -1.46608    2.27404e-05

-3.14159     -1.25664    2.22663e-05
-2.93215     -1.25664    2.45888e-05
-2.72271     -1.25664    2.43077e-05
-2.51327     -1.25664    2.25031e-05
-2.30383     -1.25664    2.04416e-05
-2.0944     -1.25664    1.88928e-05
-1.88496     -1.25664    1.8116e-05
-1.67552     -1.25664    1.82037e-05
-1.46608     -1.25664    1.89236e-05
-1.25664     -1.25664    1.9979e-05
-1.0472     -1.25664    2.08098e-05
-0.837758     -1.25664    2.12254e-05
-0.628319     -1.25664    2.12197e-05
-0.418879     -1.25664    2.07504e-05
-0.20944     -1.25664    2.03142e-05
0     -1.25664    1.96427e-05
0.20944     -1.25664    1.99303e-05
0.418879     -1.25664    2.07467e-05
0.628319     -1.25664    2.12077e-05
0.837758     -1.25664    2.12227e-05
1.0472     -1.25664    2.08092e-05
1.25664     -1.25664    1.99794e-05
1.46608     -1.25664    1.89273e-05
1.67552     -1.25664    1.82046e-05
1.88496     -1.25664    1.8116e-05
2.0944     -1.25664    1.88923e-05
2.30383     -1.25664    2.0442e-05
2.51327     -1.25664    2.25039e-05
2.72271     -1.25664    2.4309e-05
2.93215     -1.25664    2.45892e-05
3.14159     -1.25664    2.22669e-05

-3.14159     -1.0472    2.07411e-05
-2.93215     -1.0472    2.33353e-05
-2.72271     -1.0472    2.31969e-05
-2.51327     -1.0472    2.16292e-05
-2.30383     -1.0472    1.98343e-05
-2.0944     -1.0472    1.84042e-05
-1.88496     -1.0472    1.77052e-05
-1.67552     -1.0472    1.7749e-05
-1.46608     -1.0472    1.84465e-05
-1.25664     -1.0472    1.95424e-05
-1.0472     -1.0472    2.05235e-05
-0.837758     -1.0472    2.09553e-05
-0.628319     -1.0472    2.08339e-05
-0.418879     -1.0472    2.03486e-05
-0.20944     -1.0472    1.96087e-05
0     -1.0472    1.97137e-05
0.20944     -1.0472    1.99021e-05
0.418879     -1.0472    2.03668e-05
0.628319     -1.0472    2.08386e-05
0.837758     -1.0472    2.09596e-05
1.0472     -1.0472    2.05249e-05
1.25664     -1.0472    1.95428e-05
1.46608     -1.0472    1.84448e-05
1.67552     -1.0472    1.77503e-05
1.88496     -1.0472    1.77054e-05
2.0944     -1.0472    1.8404e-05
2.30383     -1.0472    1.98355e-05
2.51327     -1.0472    2.16294e-05
2.72271     -1.0472    2.31972e-05
2.93215     -1.0472    2.33353e-05
3.14159     -1.0472    2.07413e-05

-3.14159     -0.837758    1.78533e-05
-2.93215     -0.837758    2.11118e-05
-2.72271     -0.837758    2.18414e-05
-2.51327     -0.837758    2.10443e-05
-2.30383     -0.837758    1.97745e-05
-2.0944     -0.837758    1.86931e-05
-1.88496     -0.837758    1.80733e-05
-1.67552     -0.837758    1.80382e-05
-1.46608     -0.837758    1.85678e-05
-1.25664     -0.837758    1.93382e-05
-1.0472     -0.837758    2.01029e-05
-0.837758     -0.837758    2.03224e-05
-0.628319     -0.837758    1.98409e-05
-0.418879     -0.837758    1.88952e-05
-0.20944     -0.837758    1.82213e-05
0     -0.837758    1.73632e-05
0.20944     -0.837758    1.81366e-05
0.418879     -0.837758    1.88655e-05
0.628319     -0.837758    1.98319e-05
0.837758     -0.837758    2.03253e-05
1.0472     -0.837758    2.01079e-05
1.25664     -0.837758    1.93385e-05
1.46608     -0.837758    1.85681e-05
1.67552     -0.837758    1.80387e-05
1.88496     -0.837758    1.80736e-05
2.0944     -0.837758    1.86921e-05
2.30383     -0.837758    1.97749e-05
2.51327     -0.837758    2.10447e-05
2.72271     -0.837758    2.18426e-05
2.93215     -0.837758    2.11125e-05
3.14159     -0.837758    1.78534e-05

-3.14159     -0.628319    1.32131e-05
-2.93215     -0.628319    1.76085e-05
-2.72271     -0.628319    1.96707e-05
-2.51327     -0.628319    2.01628e-05
-2.30383     -0.628319    1.98503e-05
-2.0944     -0.628319    1.9361e-05
-1.88496     -0.628319    1.90436e-05
-1.67552     -0.628319    1.90271e-05
-1.46608     -0.628319    1.92953e-05
-1.25664     -0.628319    1.96805e-05
-1.0472     -0.628319    1.98143e-05
-0.837758     -0.628319    1.95031e-05
-0.628319     -0.628319    1.84324e-05
-0.418879     -0.628319    1.70689e-05
-0.20944     -0.628319    1.57412e-05
0     -0.628319    1.60517e-05
0.20944     -0.628319    1.55523e-05
0.418879     -0.628319    1.71318e-05
0.628319     -0.628319    1.84178e-05
0.837758     -0.628319    1.94957e-05
1.0472     -0.628319    1.98103e-05
1.25664     -0.628319    1.96778e-05
1.46608     -0.628319    1.92987e-05
1.67552     -0.628319    1.9028e-05
1.88496     -0.628319    1.90448e-05
2.0944     -0.628319    1.93606e-05
2.30383     -0.628319    1.98504e-05
2.51327     -0.628319    2.01634e-05
2.72271     -0.628319    1.96721e-05
2.93215     -0.628319    1.76083e-05
3.14159     -0.628319    1.32143e-05

-3.14159     -0.418879    6.58563e-06
-2.93215     -0.418879    1.1968e-05
-2.72271     -0.418879    1.57519e-05
-2.51327     -0.418879    1.80309e-05
-2.30383     -0.418879    1.92184e-05
-2.0944     -0.418879    1.97502e-05
-1.88496     -0.418879    2.00245e-05
-1.67552     -0.418879    2.02259e-05
-1.46608     -0.418879    2.03489e-05
-1.25664     -0.418879    2.03215e-05
-1.0472     -0.418879    1.98544e-05
-0.837758     -0.418879    1.87449e-05
-0.628319     -0.418879    1.68899e-05
-0.418879     -0.418879    1.44729e-05
-0.20944     -0.418879    1.2687e-05
0     -0.418879    1.06552e-05
0.20944     -0.418879    1.29747e-05
0.418879     -0.418879    1.44674e-05
0.628319     -0.418879    1.69562e-05
0.837758     -0.418879    1.87459e-05
1.0472     -0.418879    1.98589e-05
1.25664     -0.418879    2.03188e-05
1.46608     -0.418879    2.03478e-05
1.67552     -0.418879    2.02251e-05
1.88496     -0.418879    2.00247e-05
2.0944     -0.418879    1.97508e-05
2.30383     -0.418879    1.92202e-05
2.51327     -0.418879    1.80319e-05
2.72271     -0.418879    1.57515e-05
2.93215     -0.418879    1.19671e-05
3.14159     -0.418879    6.58587e-06

-3.14159     -0.20944    1.3775e-07
-2.93215     -0.20944    5.30345e-06
-2.72271     -0.20944    1.01693e-05
-2.51327     -0.20944    1.41334e-05
-2.30383     -0.20944    1.70368e-05
-2.0944     -0.20944    1.90061e-05
-1.88496     -0.20944    2.01931e-05
-1.67552     -0.20944    2.086e-05
-1.46608     -0.20944    2.10797e-05
-1.25664     -0.20944    2.07916e-05
-1.0472     -0.20944    1.99066e-05
-0.837758     -0.20944    1.81974e-05
-0.628319     -0.20944    1.56289e-05
-0.418879     -0.20944    1.29078e-05
-0.20944     -0.20944    1.30385e-05
0     -0.20944    3.91931e-06
0.20944     -0.20944    6.60908e-06
0.418879     -0.20944    1.2668e-05
0.628319     -0.20944    1.55942e-05
0.837758     -0.20944    1.82036e-05
1.0472     -0.20944    1.99208e-05
1.25664     -0.20944    2.08025e-05
1.46608     -0.20944    2.10794e-05
1.67552     -0.20944    2.08596e-05
1.88496     -0.20944    2.01942e-05
2.0944     -0.20944    1.90059e-05
2.30383     -0.20944    1.70372e-05
2.51327     -0.20944    1.41351e-05
2.72271     -0.20944    1.01692e-05
2.93215     -0.20944    5.30385e-06
3.14159     -0.20944    1.38228e-07

-3.14159     0    3.06922e-06
-2.93215     0    2.14436e-06
-2.72271     0    7.15149e-06
-2.51327     0    1.17622e-05
-2.30383     0    1.55158e-05
-2.0944     0    1.82105e-05
-1.88496     0    1.99925e-05
-1.67552     0    2.09408e-05
-1.46608     0    2.12662e-05
-1.25664     0    2.09597e-05
-1.0472     0    1.98573e-05
-0.837758     0    1.7951e-05
-0.628319     0    1.50571e-05
-0.418879     0    1.29455e-05
-0.20944     0    9.19823e-06
0     0    1.50616e-16
0.20944     0    9.19823e-06
0.418879     0    1.29455e-05
0.628319     0    1.50571e-05
0.837758     0    1.7951e-05
1.0472     0    1.98573e-05
1.25664     0    2.09597e-05
1.46608     0    2.12662e-05
1.67552     0    2.09408e-05
1.88496     0    1.99925e-05
2.0944     0    1.82105e-05
2.30383     0    1.55158e-05
2.51327     0    1.17622e-05
2.72271     0    7.15149e-06
2.93215     0    2.14436e-06
3.14159     0    3.06922e-06

-3.14159     0.20944    1.38228e-07
-2.93215     0.20944    5.30385e-06
-2.72271     0.20944    1.01692e-05
-2.51327     0.20944    1.41351e-05
-2.30383     0.20944    1.70372e-05
-2.0944     0.20944    1.90059e-05
-1.88496     0.20944    2.01942e-05
-1.67552     0.20944    2.08596e-05
-1.46608     0.20944    2.10794e-05
-1.25664     0.20944    2.08025e-05
-1.0472     0.20944    1.99208e-05
-0.837758     0.20944    1.82036e-05
-0.628319     0.20944    1.55942e-05
-0.418879     0.20944    1.2668e-05
-0.20944     0.20944    6.60908e-06
0     0.20944    3.91931e-06
0.20944     0.20944    1.30385e-05
0.418879     0.20944    1.29078e-05
0.628319     0.20944    1.56289e-05
0.837758     0.20944    1.81974e-05
1.0472     0.20944    1.99066e-05
1.25664     0.20944    2.07916e-05
1.46608     0.20944    2.10797e-05
1.67552     0.20944    2.086e-05
1.88496     0.20944    2.01931e-05
2.0944     0.20944    1.90061e-05
2.30383     0.20944    1.70368e-05
2.51327     0.20944    1.41334e-05
2.72271     0.20944    1.01693e-05
2.93215     0.20944    5.30345e-06
3.14159     0.20944    1.3775e-07

-3.14159     0.418879    6.58587e-06
-2.93215     0.418879    1.19671e-05
-2.72271     0.418879    1.57515e-05
-2.51327     0.418879    1.80319e-05
-2.30383     0.418879    1.92202e-05
-2.0944     0.418879    1.97508e-05
-1.88496     0.418879    2.00247e-05
-1.67552     0.418879    2.02251e-05
-1.46608     0.418879    2.03478e-05
-1.25664     0.418879    2.03188e-05
-1.0472     0.418879    1.98589e-05
-0.837758     0.418879    1.87459e-05
-0.628319     0.418879    1.69562e-05
-0.418879     0.418879    1.44674e-05
-0.20944     0.418879    1.29747e-05
0     0.418879    1.06552e-05
0.20944     0.418879    1.2687e-05
0.418879     0.418879    1.44729e-05
0.628319     0.418879    1.68899e-05
0.837758     0.418879    1.87449e-05
1.0472     0.418879    1.98544e-05
1.25664     0.418879    2.03215e-05
1.46608     0.418879    2.03489e-05
1.67552     0.418879    2.02259e-05
1.88496     0.418879    2.00245e-05
2.0944     0.418879    1.97502e-05
2.30383     0.418879    1.92184e-05
2.51327     0.418879    1.80309e-05
2.72271     0.418879    1.57519e-05
2.93215     0.418879    1.1968e-05
3.14159     0.418879    6.58563e-06

-3.14159     0.628319    1.32143e-05
-2.93215     0.628319    1.76083e-05
-2.72271     0.628319    1.96721e-05
-2.51327     0.628319    2.01634e-05
-2.30383     0.628319    1.98504e-05
-2.0944     0.628319    1.93606e-05
-1.88496     0.628319    1.90448e-05
-1.67552     0.628319    1.9028e-05
-1.46608     0.628319    1.92987e-05
-1.25664     0.628319    1.96778e-05
-1.0472     0.628319    1.98103e-05
-0.837758     0.628319    1.94957e-05
-0.628319     0.628319    1.84178e-05
-0.418879     0.628319    1.71318e-05
-0.20944     0.628319    1.55523e-05
0     0.628319    1.60517e-05
0.20944     0.628319    1.57412e-05
0.418879     0.628319    1.70689e-05
0.628319     0.628319    1.84324e-05
0.837758     0.628319    1.95031e-05
1.0472     0.628319    1.98143e-05
1.25664     0.628319    1.96805e-05
1.46608     0.628319    1.92953e-05
1.67552     0.628319    1.90271e-05
1.88496     0.628319    1.90436e-05
2.0944     0.628319    1.9361e-05
2.30383     0.628319    1.98503e-05
2.51327     0.628319    2.01628e-05
2.72271     0.628319    1.96707e-05
2.93215     0.628319    1.76085e-05
3.14159     0.628319    1.32131e-05

-3.14159     0.837758    1.78534e-05
-2.93215     0.837758    2.11125e-05
-2.72271     0.837758    2.18426e-05
-2.51327     0.837758    2.10447e-05
-2.30383     0.837758    1.97749e-05
-2.0944     0.837758    1.86921e-05
-1.88496     0.837758    1.80736e-05
-1.67552     0.837758    1.80387e-05
-1.46608     0.837758    1.85681e-05
-1.25664     0.837758    1.93385e-05
-1.0472     0.837758    2.01079e-05
-0.837758     0.837758    2.03253e-05
-0.628319     0.837758    1.98319e-05
-0.418879     0.837758    1.88655e-05
-0.20944     0.837758    1.81366e-05
0     0.837758    1.73632e-05
0.20944     0.837758    1.82213e-05
0.418879     0.837758    1.88952e-05
0.628319     0.837758    1.98409e-05
0.837758     0.837758    2.03224e-05
1.0472     0.837758    2.01029e-05
1.25664     0.837758    1.93382e-05
1.46608     0.837758    1.85678e-05
1.67552     0.837758    1.80382e-05
1.88496     0.837758    1.80733e-05
2.0944     0.837758    1.86931e-05
2.30383     0.837758    1.97745e-05
2.51327     0.837758    2.10443e-05
2.72271     0.837758    2.18414e-05
2.93215     0.837758    2.11118e-05
3.14159     0.837758    1.78533e-05

-3.14159     1.0472    2.07413e-05
-2.93215     1.0472    2.33353e-05
-2.72271     1.0472    2.31972e-05
-2.51327     1.0472    2.16294e-05
-2.30383     1.0472    1.98355e-05
-2.0944     1.0472    1.8404e-05
-1.88496     1.0472    1.77054e-05
-1.67552     1.0472    1.77503e-05
-1.46608     1.0472    1.84448e-05
-1.25664     1.0472    1.95428e-05
-1.0472     1.0472    2.05249e-05
-0.837758     1.0472    2.09596e-05
-0.628319     1.0472    2.08386e-05
-0.418879     1.0472    2.03668e-05
-0.20944     1.0472    1.99021e-05
0     1.0472    1.97137e-05
0.20944     1.0472    1.96087e-05
0.418879     1.0472    2.03486e-05
0.628319     1.0472    2.08339e-05
0.837758     1.0472    2.09553e-05
1.0472     1.0472    2.05235e-05
1.25664     1.0472    1.95424e-05
1.46608     1.0472    1.84465e-05
1.67552     1.0472    1.7749e-05
1.88496     1.0472    1.77052e-05
2.0944     1.0472    1.84042e-05
2.30383     1.0472    1.98343e-05
2.51327     1.0472    2.16292e-05
2.72271     1.0472    2.31969e-05
2.93215     1.0472    2.33353e-05
3.14159     1.0472    2.07411e-05

-3.14159     1.25664    2.22669e-05
-2.93215     1.25664    2.45892e-05
-2.72271     1.25664    2.4309e-05
-2.51327     1.25664    2.25039e-05
-2.30383     1.25664    2.0442e-05
-2.0944     1.25664    1.88923e-05
-1.88496     1.25664    1.8116e-05
-1.67552     1.25664    1.82046e-05
-1.46608     1.25664    1.89273e-05
-1.25664     1.25664    1.99794e-05
-1.0472     1.25664    2.08092e-05
-0.837758     1.25664    2.12227e-05
-0.628319     1.25664    2.12077e-05
-0.418879     1.25664    2.07467e-05
-0.20944     1.25664    1.99303e-05
0     1.25664    1.96427e-05
0.20944     1.25664    2.03142e-05
0.418879     1.25664    2.07504e-05
0.628319     1.25664    2.12197e-05
0.837758     1.25664    2.12254e-05
1.0472     1.25664    2.08098e-05
1.25664     1.25664    1.9979e-05
1.46608     1.25664    1.89236e-05
1.67552     1.25664    1.82037e-05
1.88496     1.25664    1.8116e-05
2.0944     1.25664    1.88928e-05
2.30383     1.25664    2.04416e-05
2.51327     1.25664    2.25031e-05
2.72271     1.25664    2.43077e-05
2.93215     1.25664    2.45888e-05
3.14159     1.25664    2.22663e-05

-3.14159     1.46608    2.27404e-05
-2.93215     1.46608    2.50158e-05
-2.72271     1.46608    2.52325e-05
-2.51327     1.46608    2.36343e-05
-2.30383     1.46608    2.16062e-05
-2.0944     1.46608    1.99931e-05
-1.88496     1.46608    1.91632e-05
-1.67552     1.46608    1.91049e-05
-1.46608     1.46608    1.9576e-05
-1.25664     1.46608    2.01517e-05
-1.0472     1.46608    2.05576e-05
-0.837758     1.46608    2.08989e-05
-0.628319     1.46608    2.10511e-05
-0.418879     1.46608    2.05761e-05
-0.20944     1.46608    2.00573e-05
0     1.46608    1.94504e-05
0.20944     1.46608    1.96676e-05
0.418879     1.46608    2.05727e-05
0.628319     1.46608    2.10434e-05
0.837758     1.46608    2.0898e-05
1.0472     1.46608    2.05569e-05
1.25664     1.46608    2.01524e-05
1.46608     1.46608    1.95737e-05
1.67552     1.46608    1.91073e-05
1.88496     1.46608    1.91642e-05
2.0944     1.46608    1.9993e-05
2.30383     1.46608    2.16052e-05
2.51327     1.46608    2.36337e-05
2.72271     1.46608    2.52323e-05
2.93215     1.46608    2.50146e-05
3.14159     1.46608    2.27393e-05

-3.14159     1.67552    2.26938e-05
-2.93215     1.67552    2.44786e-05
-2.72271     1.67552    2.54786e-05
-2.51327     1.67552    2.46217e-05
-2.30383     1.67552    2.28764e-05
-2.0944     1.67552    2.12998e-05
-1.88496     1.67552    2.02911e-05
-1.67552     1.67552    1.98168e-05
-1.46608     1.67552    1.95925e-05
-1.25664     1.67552    1.93244e-05
-1.0472     1.67552    1.9386e-05
-0.837758     1.67552    2.01499e-05
-0.628319     1.67552    2.05276e-05
-0.418879     1.67552    1.99515e-05
-0.20944     1.67552    1.87777e-05
0     1.67552    1.86619e-05
0.20944     1.67552    1.90942e-05
0.418879     1.67552    1.99492e-05
0.628319     1.67552    2.0537e-05
0.837758     1.67552    2.01516e-05
1.0472     1.67552    1.93875e-05
1.25664     1.67552    1.93244e-05
1.46608     1.67552    1.95935e-05
1.67552     1.67552    1.98172e-05
1.88496     1.67552    2.02902e-05
2.0944     1.67552    2.12995e-05
2.30383     1.67552    2.28768e-05
2.51327     1.67552    2.46213e-05
2.72271     1.67552    2.54786e-05
2.93215     1.67552    2.44767e-05
3.14159     1.67552    2.26925e-05

-3.14159     1.88496    2.26648e-05
-2.93215     1.88496    2.31299e-05
-2.72271     1.88496    2.45183e-05
-2.51327     1.88496    2.46426e-05
-2.30383     1.88496    2.34785e-05
-2.0944     1.88496    2.19786e-05
-1.88496     1.88496    2.05929e-05
-1.67552     1.88496    1.93348e-05
-1.46608     1.88496    1.79506e-05
-1.25664     1.88496    1.6885e-05
-1.0472     1.88496    1.75541e-05
-0.837758     1.88496    1.93452e-05
-0.628319     1.88496    1.99974e-05
-0.418879     1.88496    1.92615e-05
-0.20944     1.88496    1.84548e-05
0     1.88496    1.77964e-05
0.20944     1.88496    1.82401e-05
0.418879     1.88496    1.92699e-05
0.628319     1.88496    1.99924e-05
0.837758     1.88496    1.9346e-05
1.0472     1.88496    1.7555e-05
1.25664     1.88496    1.68859e-05
1.46608     1.88496    1.79512e-05
1.67552     1.88496    1.93344e-05
1.88496     1.88496    2.05931e-05
2.0944     1.88496    2.19783e-05
2.30383     1.88496    2.34779e-05
2.51327     1.88496    2.4642e-05
2.72271     1.88496    2.4518e-05
2.93215     1.88496    2.31286e-05
3.14159     1.88496    2.26635e-05

-3.14159     2.0944    2.27528e-05
-2.93215     2.0944    2.13826e-05
-2.72271     2.0944    2.19278e-05
-2.51327     2.0944    2.26293e-05
-2.30383     2.0944    2.21606e-05
-2.0944     2.0944    2.07395e-05
-1.88496     2.0944    1.87806e-05
-1.67552     2.0944    1.6358e-05
-1.46608     2.0944    1.38291e-05
-1.25664     2.0944    1.32358e-05
-1.0472     2.0944    1.58042e-05
-0.837758     2.0944    1.88396e-05
-0.628319     2.0944    1.96923e-05
-0.418879     2.0944    1.90212e-05
-0.20944     2.0944    1.79585e-05
0     2.0944    1.77361e-05
0.20944     2.0944    1.80673e-05
0.418879     2.0944    1.9014e-05
0.628319     2.0944    1.96954e-05
0.837758     2.0944    1.88404e-05
1.0472     2.0944    1.58063e-05
1.25664     2.0944    1.32357e-05
1.46608     2.0944    1.3831e-05
1.67552     2.0944    1.63599e-05
1.88496     2.0944    1.87803e-05
2.0944     2.0944    2.07385e-05
2.30383     2.0944    2.21615e-05
2.51327     2.0944    2.26286e-05
2.72271     2.0944    2.19279e-05
2.93215     2.0944    2.13817e-05
3.14159     2.0944    2.27516e-05

-3.14159     2.30383    2.25116e-05
-2.93215     2.30383    1.93312e-05
-2.72271     2.30383    1.79163e-05
-2.51327     2.30383    1.80339e-05
-2.30383     2.30383    1.78212e-05
-2.0944     2.30383    1.63858e-05
-1.88496     2.30383    1.37528e-05
-1.67552     2.30383    1.03342e-05
-1.46608     2.30383    8.06509e-06
-1.25664     2.30383    9.71139e-06
-1.0472     2.30383    1.47497e-05
-0.837758     2.30383    1.87793e-05
-0.628319     2.30383    1.98524e-05
-0.418879     2.30383    1.92827e-05
-0.20944     2.30383    1.84706e-05
0     2.30383    1.80098e-05
0.20944     2.30383    1.84544e-05
0.418879     2.30383    1.92932e-05
0.628319     2.30383    1.98528e-05
0.837758     2.30383    1.87822e-05
1.0472     2.30383    1.47499e-05
1.25664     2.30383    9.71201e-06
1.46608     2.30383    8.06665e-06
1.67552     2.30383    1.03353e-05
1.88496     2.30383    1.37538e-05
2.0944     2.30383    1.63854e-05
2.30383     2.30383    1.78213e-05
2.51327     2.30383    1.80342e-05
2.72271     2.30383    1.79145e-05
2.93215     2.30383    1.93295e-05
3.14159     2.30383    2.25108e-05

-3.14159     2.51327    2.13677e-05
-2.93215     2.51327    1.68351e-05
-2.72271     2.51327    1.29855e-05
-2.51327     2.51327    1.12506e-05
-2.30383     2.51327    1.04052e-05
-2.0944     2.51327    8.72025e-06
-1.88496     2.51327    5.75551e-06
-1.67552     2.51327    2.80733e-06
-1.46608     2.51327    2.70921e-06
-1.25664     2.51327    7.30987e-06
-1.0472     2.51327    1.43505e-05
-0.837758     2.51327    1.90574e-05
-0.628319     2.51327    2.05401e-05
-0.418879     2.51327    2.03328e-05
-0.20944     2.51327    1.97365e-05
0     2.51327    1.94854e-05
0.20944     2.51327    1.96865e-05
0.418879     2.51327    2.03233e-05
0.628319     2.51327    2.05393e-05
0.837758     2.51327    1.90564e-05
1.0472     2.51327    1.43514e-05
1.25664     2.51327    7.31063e-06
1.46608     2.51327    2.70983e-06
1.67552     2.51327    2.80802e-06
1.88496     2.51327    5.75648e-06
2.0944     2.51327    8.71808e-06
2.30383     2.51327    1.04038e-05
2.51327     2.51327    1.12501e-05
2.72271     2.51327    1.29845e-05
2.93215     2.51327    1.6834e-05
3.14159     2.51327    2.13673e-05

-3.14159     2.72271    1.89434e-05
-2.93215     2.72271    1.33513e-05
-2.72271     2.72271    7.50671e-06
-2.51327     2.72271    3.57656e-06
-2.30383     2.72271    1.22264e-06
-2.0944     2.72271    9.1431e-07
-1.88496     2.72271    3.08439e-06
-1.67552     2.72271    3.8616e-06
-1.46608     2.72271    1.17955e-06
-1.25664     2.72271    5.84994e-06
-1.0472     2.72271    1.40942e-05
-0.837758     2.72271    1.94352e-05
-0.628319     2.72271    2.16034e-05
-0.418879     2.72271    2.19066e-05
-0.20944     2.72271    2.15666e-05
0     2.72271    2.14454e-05
0.20944     2.72271    2.16498e-05
0.418879     2.72271    2.19139e-05
0.628319     2.72271    2.16062e-05
0.837758     2.72271    1.94363e-05
1.0472     2.72271    1.40951e-05
1.25664     2.72271    5.85006e-06
1.46608     2.72271    1.17761e-06
1.67552     2.72271    3.86148e-06
1.88496     2.72271    3.08563e-06
2.0944     2.72271    9.15125e-07
2.30383     2.72271    1.22359e-06
2.51327     2.72271    3.57429e-06
2.72271     2.72271    7.50705e-06
2.93215     2.72271    1.33498e-05
3.14159     2.72271    1.89435e-05

-3.14159     2.93215    1.49276e-05
-2.93215     2.93215    8.5332e-06
-2.72271     2.93215    1.46162e-06
-2.51327     2.93215    4.12402e-06
-2.30383     2.93215    7.65056e-06
-2.0944     2.93215    9.64029e-06
-1.88496     2.93215    1.02282e-05
-1.67552     2.93215    8.84328e-06
-1.46608     2.93215    4.11063e-06
-1.25664     2.93215    4.39409e-06
-1.0472     2.93215    1.32786e-05
-0.837758     2.93215    1.93801e-05
-0.628319     2.93215    2.25125e-05
-0.418879     2.93215    2.36466e-05
-0.20944     2.93215    2.39655e-05
0     2.93215    2.38991e-05
0.20944     2.93215    2.38823e-05
0.418879     2.93215    2.3643e-05
0.628319     2.93215    2.25114e-05
0.837758     2.93215    1.938e-05
1.0472     2.93215    1.32794e-05
1.25664     2.93215    4.3947e-06
1.46608     2.93215    4.11018e-06
1.67552     2.93215    8.8425e-06
1.88496     2.93215    1.02272e-05
2.0944     2.93215    9.64039e-06
2.30383     2.93215    7.65178e-06
2.51327     2.93215    4.12379e-06
2.72271     2.93215    1.46187e-06
2.93215     2.93215    8.53185e-06
3.14159     2.93215    1.49267e-05

-3.14159     3.14159    8.87386e-06
-2.93215     3.14159    2.09525e-06
-2.72271     3.14159    5.12258e-06
-2.51327     3.14159    1.07062e-05
-2.30383     3.14159    1.37506e-05
-2.0944     3.14159    1.47985e-05
-1.88496     3.14159    1.45015e-05
-1.67552     3.14159    1.24184e-05
-1.46608     3.14159    6.94944e-06
-1.25664     3.14159    2.04822e-06
-1.0472     3.14159    1.11807e-05
-0.837758     3.14159    1.80285e-05
-0.628319     3.14159    2.22396e-05
-0.418879     3.14159    2.4383e-05
-0.20944     3.14159    2.51728e-05
0     3.14159    2.54685e-05
0.20944     3.14159    2.52356e-05
0.418879     3.14159    2.43833e-05
0.628319     3.14159    2.22413e-05
0.837758     3.14159    1.80278e-05
1.0472     3.14159    1.11809e-05
1.25664     3.14159    2.04804e-06
1.46608     3.14159    6.94979e-06
1.67552     3.14159    1.24172e-05
1.88496     3.14159    1.45033e-05
2.0944     3.14159    1.48e-05
2.30383     3.14159    1.37461e-05
2.51327     3.14159    1.07052e-05
2.72271     3.14159    5.12179e-06
2.93215     3.14159    2.09533e-06
3.14159     3.14159    8.87309e-06

