-3.14159     -3.14159    3.29951e-05
-2.93215     -3.14159    4.03456e-05
-2.72271     -3.14159    4.59202e-05
-2.51327     -3.14159    4.8398e-05
-2.30383     -3.14159    4.83918e-05
-2.0944     -3.14159    4.7642e-05
-1.88496     -3.14159    4.74302e-05
-1.67552     -3.14159    4.74791e-05
-1.46608     -3.14159    4.58128e-05
-1.25664     -3.14159    4.03542e-05
-1.0472     -3.14159    3.23133e-05
-0.837758     -3.14159    2.45328e-05
-0.628319     -3.14159    1.84243e-05
-0.418879     -3.14159    1.42934e-05
-0.20944     -3.14159    1.20093e-05
0     -3.14159    1.1296e-05
0.20944     -3.14159    1.1999e-05
0.418879     -3.14159    1.42938e-05
0.628319     -3.14159    1.84243e-05
0.837758     -3.14159    2.45324e-05
1.0472     -3.14159    3.23138e-05
1.25664     -3.14159    4.03537e-05
1.46608     -3.14159    4.58128e-05
1.67552     -3.14159    4.74785e-05
1.88496     -3.14159    4.74303e-05
2.0944     -3.14159    4.76423e-05
2.30383     -3.14159    4.839e-05
2.51327     -3.14159    4.8397e-05
2.72271     -3.14159    4.5919e-05
2.93215     -3.14159    4.03456e-05
3.14159     -3.14159    3.29954e-05

-3.14159     -2.93215    2.74522e-05
-2.93215     -2.93215    3.58255e-05
-2.72271     -2.93215    4.25015e-05
-2.51327     -2.93215    4.61659e-05
-2.30383     -2.93215    4.74809e-05
-2.0944     -2.93215    4.7494e-05
-1.88496     -2.93215    4.68517e-05
-1.67552     -2.93215    4.57396e-05
-1.46608     -2.93215    4.3037e-05
-1.25664     -2.93215    3.68558e-05
-1.0472     -2.93215    2.79832e-05
-0.837758     -2.93215    1.9609e-05
-0.628319     -2.93215    1.34639e-05
-0.418879     -2.93215    9.62656e-06
-0.20944     -2.93215    7.62122e-06
0     -2.93215    7.07021e-06
0.20944     -2.93215    7.63555e-06
0.418879     -2.93215    9.63143e-06
0.628319     -2.93215    1.34638e-05
0.837758     -2.93215    1.96091e-05
1.0472     -2.93215    2.7983e-05
1.25664     -2.93215    3.68559e-05
1.46608     -2.93215    4.30367e-05
1.67552     -2.93215    4.57389e-05
1.88496     -2.93215    4.68512e-05
2.0944     -2.93215    4.74942e-05
2.30383     -2.93215    4.74805e-05
2.51327     -2.93215    4.61657e-05
2.72271     -2.93215    4.25006e-05
2.93215     -2.93215    3.5825e-05
3.14159     -2.93215    2.74526e-05

-3.14159     -2.72271    2.37859e-05
-2.93215     -2.72271    3.21692e-05
-2.72271     -2.72271    3.83727e-05
-2.51327     -2.72271    4.13592e-05
-2.30383     -2.72271    4.2313e-05
-2.0944     -2.72271    4.2668e-05
-1.88496     -2.72271    4.27918e-05
-1.67552     -2.72271    4.22603e-05
-1.46608     -2.72271    3.99417e-05
-1.25664     -2.72271    3.41367e-05
-1.0472     -2.72271    2.52499e-05
-0.837758     -2.72271    1.67275e-05
-0.628319     -2.72271    1.07521e-05
-0.418879     -2.72271    7.28045e-06
-0.20944     -2.72271    5.55109e-06
0     -2.72271    4.89294e-06
0.20944     -2.72271    5.537e-06
0.418879     -2.72271    7.27266e-06
0.628319     -2.72271    1.07524e-05
0.837758     -2.72271    1.67272e-05
1.0472     -2.72271    2.52498e-05
1.25664     -2.72271    3.41372e-05
1.46608     -2.72271    3.99421e-05
1.67552     -2.72271    4.22606e-05
1.88496     -2.72271    4.27928e-05
2.0944     -2.72271    4.26679e-05
2.30383     -2.72271    4.23118e-05
2.51327     -2.72271    4.13594e-05
2.72271     -2.72271    3.83716e-05
2.93215     -2.72271    3.21687e-05
3.14159     -2.72271    2.37856e-05

-3.14159     -2.51327    2.20694e-05
-2.93215     -2.51327    2.9518e-05
-2.72271     -2.51327    3.38503e-05
-2.51327     -2.51327    3.4744e-05
-2.30383     -2.51327    3.41058e-05
-2.0944     -2.51327    3.40946e-05
-1.88496     -2.51327    3.53441e-05
-1.67552     -2.51327    3.67074e-05
-1.46608     -2.51327    3.61559e-05
-1.25664     -2.51327    3.18323e-05
-1.0472     -2.51327    2.37562e-05
-0.837758     -2.51327    1.54201e-05
-0.628319     -2.51327    9.58134e-06
-0.418879     -2.51327    6.33449e-06
-0.20944     -2.51327    4.78306e-06
0     -2.51327    4.63337e-06
0.20944     -2.51327    4.79081e-06
0.418879     -2.51327    6.34484e-06
0.628319     -2.51327    9.58139e-06
0.837758     -2.51327    1.5421e-05
1.0472     -2.51327    2.37566e-05
1.25664     -2.51327    3.18325e-05
1.46608     -2.51327    3.61567e-05
1.67552     -2.51327    3.67072e-05
1.88496     -2.51327    3.53436e-05
2.0944     -2.51327    3.40946e-05
2.30383     -2.51327    3.41058e-05
2.51327     -2.51327    3.47433e-05
2.72271     -2.51327    3.38497e-05
2.93215     -2.51327    2.95179e-05
3.14159     -2.51327    2.20693e-05

-3.14159     -2.30383    2.18685e-05
-2.93215     -2.30383    2.72763e-05
-2.72271     -2.30383    2.86607e-05
-2.51327     -2.30383    2.69574e-05
-2.30383     -2.30383    2.48711e-05
-2.0944     -2.30383    2.44286e-05
-1.88496     -2.30383    2.61376e-05
-1.67552     -2.30383    2.90398e-05
-1.46608     -2.30383    3.08419e-05
-1.25664     -2.30383    2.89335e-05
-1.0472     -2.30383    2.2667e-05
-0.837758     -2.30383    1.49856e-05
-0.628319     -2.30383    9.26154e-06
-0.418879     -2.30383    6.04072e-06
-0.20944     -2.30383    4.55396e-06
0     -2.30383    3.8075e-06
0.20944     -2.30383    4.55719e-06
0.418879     -2.30383    6.02896e-06
0.628319     -2.30383    9.2622e-06
0.837758     -2.30383    1.49859e-05
1.0472     -2.30383    2.26674e-05
1.25664     -2.30383    2.89343e-05
1.46608     -2.30383    3.08422e-05
1.67552     -2.30383    2.90403e-05
1.88496     -2.30383    2.61374e-05
2.0944     -2.30383    2.44284e-05
2.30383     -2.30383    2.48709e-05
2.51327     -2.30383    2.6957e-05
2.72271     -2.30383    2.86602e-05
2.93215     -2.30383    2.72757e-05
3.14159     -2.30383    2.18681e-05

-3.14159     -2.0944    2.24535e-05
-2.93215     -2.0944    2.48057e-05
-2.72271     -2.0944    2.2944e-05
-2.51327     -2.0944    1.92891e-05
-2.30383     -2.0944    1.66237e-05
-2.0944     -2.0944    1.60452e-05
-1.88496     -2.0944    1.75697e-05
-1.67552     -2.0944    2.06853e-05
-1.46608     -2.0944    2.39728e-05
-1.25664     -2.0944    2.46996e-05
-1.0472     -2.0944    2.10645e-05
-0.837758     -2.0944    1.4774e-05
-0.628319     -2.0944    9.31288e-06
-0.418879     -2.0944    6.04524e-06
-0.20944     -2.0944    4.49469e-06
0     -2.0944    4.45052e-06
0.20944     -2.0944    4.47767e-06
0.418879     -2.0944    6.05447e-06
0.628319     -2.0944    9.31286e-06
0.837758     -2.0944    1.47752e-05
1.0472     -2.0944    2.10651e-05
1.25664     -2.0944    2.47002e-05
1.46608     -2.0944    2.39729e-05
1.67552     -2.0944    2.06847e-05
1.88496     -2.0944    1.757e-05
2.0944     -2.0944    1.60452e-05
2.30383     -2.0944    1.66237e-05
2.51327     -2.0944    1.92892e-05
2.72271     -2.0944    2.29432e-05
2.93215     -2.0944    2.48048e-05
3.14159     -2.0944    2.24525e-05

-3.14159     -1.88496    2.29683e-05
-2.93215     -1.88496    2.18289e-05
-2.72271     -1.88496    1.74202e-05
-2.51327     -1.88496    1.30606e-05
-2.30383     -1.88496    1.06376e-05
-2.0944     -1.88496    1.01567e-05
-1.88496     -1.88496    1.12395e-05
-1.67552     -1.88496    1.36905e-05
-1.46608     -1.88496    1.69718e-05
-1.25664     -1.88496    1.93285e-05
-1.0472     -1.88496    1.83866e-05
-0.837758     -1.88496    1.41539e-05
-0.628319     -1.88496    9.36605e-06
-0.418879     -1.88496    6.07519e-06
-0.20944     -1.88496    4.42693e-06
0     -1.88496    3.6527e-06
0.20944     -1.88496    4.46125e-06
0.418879     -1.88496    6.06735e-06
0.628319     -1.88496    9.36544e-06
0.837758     -1.88496    1.41533e-05
1.0472     -1.88496    1.83876e-05
1.25664     -1.88496    1.93287e-05
1.46608     -1.88496    1.69724e-05
1.67552     -1.88496    1.36906e-05
1.88496     -1.88496    1.1239e-05
2.0944     -1.88496    1.01565e-05
2.30383     -1.88496    1.06375e-05
2.51327     -1.88496    1.30602e-05
2.72271     -1.88496    1.74199e-05
2.93215     -1.88496    2.1829e-05
3.14159     -1.88496    2.29674e-05

-3.14159     -1.67552    2.28556e-05
-2.93215     -1.67552    1.86052e-05
-2.72271     -1.67552    1.29752e-05
-2.51327     -1.67552    8.92466e-06
-2.30383     -1.67552    7.0314e-06
-2.0944     -1.67552    6.67914e-06
-1.88496     -1.67552    7.35675e-06
-1.67552     -1.67552    8.95042e-06
-1.46608     -1.67552    1.13974e-05
-1.25664     -1.67552    1.39501e-05
-1.0472     -1.67552    1.4793e-05
-0.837758     -1.67552    1.27305e-05
-0.628319     -1.67552    9.09183e-06
-0.418879     -1.67552    6.01993e-06
-0.20944     -1.67552    4.31436e-06
0     -1.67552    3.89577e-06
0.20944     -1.67552    4.26199e-06
0.418879     -1.67552    6.023e-06
0.628319     -1.67552    9.09213e-06
0.837758     -1.67552    1.27306e-05
1.0472     -1.67552    1.47929e-05
1.25664     -1.67552    1.395e-05
1.46608     -1.67552    1.1397e-05
1.67552     -1.67552    8.95036e-06
1.88496     -1.67552    7.35716e-06
2.0944     -1.67552    6.67901e-06
2.30383     -1.67552    7.03072e-06
2.51327     -1.67552    8.92446e-06
2.72271     -1.67552    1.29741e-05
2.93215     -1.67552    1.86055e-05
3.14159     -1.67552    2.28546e-05

-3.14159     -1.46608    2.2235e-05
-2.93215     -1.46608    1.5903e-05
-2.72271     -1.46608    1.01327e-05
-2.51327     -1.46608    6.70143e-06
-2.30383     -1.46608    5.2292e-06
-2.0944     -1.46608    4.91711e-06
-1.88496     -1.46608    5.27452e-06
-1.67552     -1.46608    6.16593e-06
-1.46608     -1.46608    7.66121e-06
-1.25664     -1.46608    9.58914e-06
-1.0472     -1.46608    1.09774e-05
-0.837758     -1.46608    1.05044e-05
-0.628319     -1.46608    8.22578e-06
-0.418879     -1.46608    5.66753e-06
-0.20944     -1.46608    3.99692e-06
0     -1.46608    3.59657e-06
0.20944     -1.46608    4.06546e-06
0.418879     -1.46608    5.67108e-06
0.628319     -1.46608    8.22413e-06
0.837758     -1.46608    1.05055e-05
1.0472     -1.46608    1.09782e-05
1.25664     -1.46608    9.58812e-06
1.46608     -1.46608    7.6623e-06
1.67552     -1.46608    6.16433e-06
1.88496     -1.46608    5.27386e-06
2.0944     -1.46608    4.91645e-06
2.30383     -1.46608    5.22891e-06
2.51327     -1.46608    6.70143e-06
2.72271     -1.46608    1.01318e-05
2.93215     -1.46608    1.59033e-05
3.14159     -1.46608    2.22341e-05

-3.14159     -1.25664    2.18054e-05
-2.93215     -1.25664    1.44657e-05
-2.72271     -1.25664    8.96131e-06
-2.51327     -1.25664    5.95354e-06
-2.30383     -1.25664    4.64882e-06
-2.0944     -1.25664    4.24499e-06
-1.88496     -1.25664    4.30855e-06
-1.67552     -1.25664    4.69189e-06
-1.46608     -1.25664    5.43471e-06
-1.25664     -1.25664    6.54613e-06
-1.0472     -1.25664    7.67637e-06
-0.837758     -1.25664    7.89614e-06
-0.628319     -1.25664    6.72882e-06
-0.418879     -1.25664    4.8495e-06
-0.20944     -1.25664    3.43592e-06
0     -1.25664    2.42741e-06
0.20944     -1.25664    3.37196e-06
0.418879     -1.25664    4.84416e-06
0.628319     -1.25664    6.72858e-06
0.837758     -1.25664    7.89459e-06
1.0472     -1.25664    7.67653e-06
1.25664     -1.25664    6.54664e-06
1.46608     -1.25664    5.43696e-06
1.67552     -1.25664    4.69297e-06
1.88496     -1.25664    4.30835e-06
2.0944     -1.25664    4.24444e-06
2.30383     -1.25664    4.64901e-06
2.51327     -1.25664    5.95361e-06
2.72271     -1.25664    8.96158e-06
2.93215     -1.25664    1.44657e-05
3.14159     -1.25664    2.18052e-05

-3.14159     -1.0472    2.24302e-05
-2.93215     -1.0472    1.47138e-05
-2.72271     -1.0472    9.37201e-06
-2.51327     -1.0472    6.40738e-06
-2.30383     -1.0472    4.96652e-06
-2.0944     -1.0472    4.33543e-06
-1.88496     -1.0472    4.07435e-06
-1.67552     -1.0472    4.05109e-06
-1.46608     -1.0472    4.22285e-06
-1.25664     -1.0472    4.67016e-06
-1.0472     -1.0472    5.20822e-06
-0.837758     -1.0472    5.45383e-06
-0.628319     -1.0472    4.83881e-06
-0.418879     -1.0472    3.60049e-06
-0.20944     -1.0472    2.36368e-06
0     -1.0472    3.02856e-06
0.20944     -1.0472    2.41123e-06
0.418879     -1.0472    3.61347e-06
0.628319     -1.0472    4.8377e-06
0.837758     -1.0472    5.45558e-06
1.0472     -1.0472    5.20828e-06
1.25664     -1.0472    4.67002e-06
1.46608     -1.0472    4.22091e-06
1.67552     -1.0472    4.05115e-06
1.88496     -1.0472    4.07454e-06
2.0944     -1.0472    4.33511e-06
2.30383     -1.0472    4.96684e-06
2.51327     -1.0472    6.40738e-06
2.72271     -1.0472    9.37218e-06
2.93215     -1.0472    1.47135e-05
3.14159     -1.0472    2.243e-05

-3.14159     -0.837758    2.47314e-05
-2.93215     -0.837758    1.69685e-05
-2.72271     -0.837758    1.14405e-05
-2.51327     -0.837758    8.1041e-06
-2.30383     -0.837758    6.22563e-06
-2.0944     -0.837758    5.16238e-06
-1.88496     -0.837758    4.51852e-06
-1.67552     -0.837758    4.07651e-06
-1.46608     -0.837758    3.76936e-06
-1.25664     -0.837758    3.65028e-06
-1.0472     -0.837758    3.62102e-06
-0.837758     -0.837758    3.43453e-06
-0.628319     -0.837758    2.85466e-06
-0.418879     -0.837758    1.71164e-06
-0.20944     -0.837758    6.6672e-07
0     -0.837758    1.33913e-06
0.20944     -0.837758    6.54894e-07
0.418879     -0.837758    1.68739e-06
0.628319     -0.837758    2.85555e-06
0.837758     -0.837758    3.43513e-06
1.0472     -0.837758    3.62336e-06
1.25664     -0.837758    3.65057e-06
1.46608     -0.837758    3.76951e-06
1.67552     -0.837758    4.07669e-06
1.88496     -0.837758    4.51822e-06
2.0944     -0.837758    5.16124e-06
2.30383     -0.837758    6.22541e-06
2.51327     -0.837758    8.10389e-06
2.72271     -0.837758    1.14401e-05
2.93215     -0.837758    1.69682e-05
3.14159     -0.837758    2.47313e-05

-3.14159     -0.628319    2.90708e-05
-2.93215     -0.628319    2.14499e-05
-2.72271     -0.628319    1.55841e-05
-2.51327     -0.628319    1.15033e-05
-2.30383     -0.628319    8.84864e-06
-2.0944     -0.628319    7.08946e-06
-1.88496     -0.628319    5.85313e-06
-1.67552     -0.628319    4.88905e-06
-1.46608     -0.628319    4.0993e-06
-1.25664     -0.628319    3.40444e-06
-1.0472     -0.628319    2.82538e-06
-0.837758     -0.628319    2.08721e-06
-0.628319     -0.628319    9.58102e-07
-0.418879     -0.628319    4.70741e-07
-0.20944     -0.628319    2.00465e-06
0     -0.628319    9.36572e-07
0.20944     -0.628319    2.05477e-06
0.418879     -0.628319    4.40328e-07
0.628319     -0.628319    9.58642e-07
0.837758     -0.628319    2.08702e-06
1.0472     -0.628319    2.82352e-06
1.25664     -0.628319    3.40429e-06
1.46608     -0.628319    4.10213e-06
1.67552     -0.628319    4.89026e-06
1.88496     -0.628319    5.85336e-06
2.0944     -0.628319    7.08886e-06
2.30383     -0.628319    8.84899e-06
2.51327     -0.628319    1.15031e-05
2.72271     -0.628319    1.55839e-05
2.93215     -0.628319    2.14495e-05
3.14159     -0.628319    2.90713e-05

-3.14159     -0.418879    3.49005e-05
-2.93215     -0.418879    2.80224e-05
-2.72271     -0.418879    2.19811e-05
-2.51327     -0.418879    1.71074e-05
-2.30383     -0.418879    1.33767e-05
-2.0944     -0.418879    1.0588e-05
-1.88496     -0.418879    8.43431e-06
-1.67552     -0.418879    6.69839e-06
-1.46608     -0.418879    5.2143e-06
-1.25664     -0.418879    3.88499e-06
-1.0472     -0.418879    2.60425e-06
-0.837758     -0.418879    1.21698e-06
-0.628319     -0.418879    7.14872e-07
-0.418879     -0.418879    3.34151e-06
-0.20944     -0.418879    5.64271e-06
0     -0.418879    9.37129e-06
0.20944     -0.418879    5.79012e-06
0.418879     -0.418879    3.41406e-06
0.628319     -0.418879    7.18885e-07
0.837758     -0.418879    1.21926e-06
1.0472     -0.418879    2.60463e-06
1.25664     -0.418879    3.88336e-06
1.46608     -0.418879    5.21371e-06
1.67552     -0.418879    6.69696e-06
1.88496     -0.418879    8.43401e-06
2.0944     -0.418879    1.05879e-05
2.30383     -0.418879    1.33763e-05
2.51327     -0.418879    1.71073e-05
2.72271     -0.418879    2.19812e-05
2.93215     -0.418879    2.80224e-05
3.14159     -0.418879    3.49006e-05

-3.14159     -0.20944    3.97049e-05
-2.93215     -0.20944    3.42296e-05
-2.72271     -0.20944    2.87055e-05
-2.51327     -0.20944    2.35206e-05
-2.30383     -0.20944    1.8904e-05
-2.0944     -0.20944    1.50069e-05
-1.88496     -0.20944    1.17904e-05
-1.67552     -0.20944    9.09791e-06
-1.46608     -0.20944    6.78814e-06
-1.25664     -0.20944    4.74895e-06
-1.0472     -0.20944    2.81002e-06
-0.837758     -0.20944    7.04411e-07
-0.628319     -0.20944    2.02783e-06
-0.418879     -0.20944    5.75642e-06
-0.20944     -0.20944    9.2671e-06
0     -0.20944    1.08078e-05
0.20944     -0.20944    1.062e-05
0.418879     -0.20944    5.97718e-06
0.628319     -0.20944    2.02211e-06
0.837758     -0.20944    7.02405e-07
1.0472     -0.20944    2.81742e-06
1.25664     -0.20944    4.75316e-06
1.46608     -0.20944    6.78738e-06
1.67552     -0.20944    9.0975e-06
1.88496     -0.20944    1.17899e-05
2.0944     -0.20944    1.5007e-05
2.30383     -0.20944    1.89037e-05
2.51327     -0.20944    2.35206e-05
2.72271     -0.20944    2.87053e-05
2.93215     -0.20944    3.42297e-05
3.14159     -0.20944    3.9705e-05

-3.14159     0    4.14074e-05
-2.93215     0    3.66946e-05
-2.72271     0    3.17014e-05
-2.51327     0    2.65336e-05
-2.30383     0    2.16268e-05
-2.0944     0    1.72415e-05
-1.88496     0    1.34915e-05
-1.67552     0    1.03226e-05
-1.46608     0    7.6126e-06
-1.25664     0    5.22425e-06
-1.0472     0    3.01183e-06
-0.837758     0    5.94936e-07
-0.628319     0    2.5696e-06
-0.418879     0    6.4741e-06
-0.20944     0    1.20288e-05
0     0    1.86078e-16
0.20944     0    1.20288e-05
0.418879     0    6.4741e-06
0.628319     0    2.5696e-06
0.837758     0    5.94936e-07
1.0472     0    3.01183e-06
1.25664     0    5.22425e-06
1.46608     0    7.6126e-06
1.67552     0    1.03226e-05
1.88496     0    1.34915e-05
2.0944     0    1.72415e-05
2.30383     0    2.16268e-05
2.51327     0    2.65336e-05
2.72271     0    3.17014e-05
2.93215     0    3.66946e-05
3.14159     0    4.14074e-05

-3.14159     0.20944    3.9705e-05
-2.93215     0.20944    3.42297e-05
-2.72271     0.20944    2.87053e-05
-2.51327     0.20944    2.35206e-05
-2.30383     0.20944    1.89037e-05
-2.0944     0.20944    1.5007e-05
-1.88496     0.20944    1.17899e-05
-1.67552     0.20944    9.0975e-06
-1.46608     0.20944    6.78738e-06
-1.25664     0.20944    4.75316e-06
-1.0472     0.20944    2.81742e-06
-0.837758     0.20944    7.02405e-07
-0.628319     0.20944    2.02211e-06
-0.418879     0.20944    5.97718e-06
-0.20944     0.20944    1.062e-05
0     0.20944    1.08078e-05
0.20944     0.20944    9.2671e-06
0.418879     0.20944    5.75642e-06
0.628319     0.20944    2.02783e-06
0.837758     0.20944    7.04411e-07
1.0472     0.20944    2.81002e-06
1.25664     0.20944    4.74895e-06
1.46608     0.20944    6.78814e-06
1.67552     0.20944    9.09791e-06
1.88496     0.20944    1.17904e-05
2.0944     0.20944    1.50069e-05
2.30383     0.20944    1.8904e-05
2.51327     0.20944    2.35206e-05
2.72271     0.20944    2.87055e-05
2.93215     0.20944    3.42296e-05
3.14159     0.20944    3.97049e-05

-3.14159     0.418879    3.49006e-05
-2.93215     0.418879    2.80224e-05
-2.72271     0.418879    2.19812e-05
-2.51327     0.418879    1.71073e-05
-2.30383     0.418879    1.33763e-05
-2.0944     0.418879    1.05879e-05
-1.88496     0.418879    8.43401e-06
-1.67552     0.418879    6.69696e-06
-1.46608     0.418879    5.21371e-06
-1.25664     0.418879    3.88336e-06
-1.0472     0.418879    2.60463e-06
-0.837758     0.418879    1.21926e-06
-0.628319     0.418879    7.18885e-07
-0.418879     0.418879    3.41406e-06
-0.20944     0.418879    5.79012e-06
0     0.418879    9.37129e-06
0.20944     0.418879    5.64271e-06
0.418879     0.418879    3.34151e-06
0.628319     0.418879    7.14872e-07
0.837758     0.418879    1.21698e-06
1.0472     0.418879    2.60425e-06
1.25664     0.418879    3.88499e-06
1.46608     0.418879    5.2143e-06
1.67552     0.418879    6.69839e-06
1.88496     0.418879    8.43431e-06
2.0944     0.418879    1.0588e-05
2.30383     0.418879    1.33767e-05
2.51327     0.418879    1.71074e-05
2.72271     0.418879    2.19811e-05
2.93215     0.418879    2.80224e-05
3.14159     0.418879    3.49005e-05

-3.14159     0.628319    2.90713e-05
-2.93215     0.628319    2.14495e-05
-2.72271     0.628319    1.55839e-05
-2.51327     0.628319    1.15031e-05
-2.30383     0.628319    8.84899e-06
-2.0944     0.628319    7.08886e-06
-1.88496     0.628319    5.85336e-06
-1.67552     0.628319    4.89026e-06
-1.46608     0.628319    4.10213e-06
-1.25664     0.628319    3.40429e-06
-1.0472     0.628319    2.82352e-06
-0.837758     0.628319    2.08702e-06
-0.628319     0.628319    9.58642e-07
-0.418879     0.628319    4.40328e-07
-0.20944     0.628319    2.05477e-06
0     0.628319    9.36572e-07
0.20944     0.628319    2.00465e-06
0.418879     0.628319    4.70741e-07
0.628319     0.628319    9.58102e-07
0.837758     0.628319    2.08721e-06
1.0472     0.628319    2.82538e-06
1.25664     0.628319    3.40444e-06
1.46608     0.628319    4.0993e-06
1.67552     0.628319    4.88905e-06
1.88496     0.628319    5.85313e-06
2.0944     0.628319    7.08946e-06
2.30383     0.628319    8.84864e-06
2.51327     0.628319    1.15033e-05
2.72271     0.628319    1.55841e-05
2.93215     0.628319    2.14499e-05
3.14159     0.628319    2.90708e-05

-3.14159     0.837758    2.47313e-05
-2.93215     0.837758    1.69682e-05
-2.72271     0.837758    1.14401e-05
-2.51327     0.837758    8.10389e-06
-2.30383     0.837758    6.22541e-06
-2.0944     0.837758    5.16124e-06
-1.88496     0.837758    4.51822e-06
-1.67552     0.837758    4.07669e-06
-1.46608     0.837758    3.76951e-06
-1.25664     0.837758    3.65057e-06
-1.0472     0.837758    3.62336e-06
-0.837758     0.837758    3.43513e-06
-0.628319     0.837758    2.85555e-06
-0.418879     0.837758    1.68739e-06
-0.20944     0.837758    6.54894e-07
0     0.837758    1.33913e-06
0.20944     0.837758    6.6672e-07
0.418879     0.837758    1.71164e-06
0.628319     0.837758    2.85466e-06
0.837758     0.837758    3.43453e-06
1.0472     0.837758    3.62102e-06
1.25664     0.837758    3.65028e-06
1.46608     0.837758    3.76936e-06
1.67552     0.837758    4.07651e-06
1.88496     0.837758    4.51852e-06
2.0944     0.837758    5.16238e-06
2.30383     0.837758    6.22563e-06
2.51327     0.837758    8.1041e-06
2.72271     0.837758    1.14405e-05
2.93215     0.837758    1.69685e-05
3.14159     0.837758    2.47314e-05

-3.14159     1.0472    2.243e-05
-2.93215     1.0472    1.47135e-05
-2.72271     1.0472    9.37218e-06
-2.51327     1.0472    6.40738e-06
-2.30383     1.0472    4.96684e-06
-2.0944     1.0472    4.33511e-06
-1.88496     1.0472    4.07454e-06
-1.67552     1.0472    4.05115e-06
-1.46608     1.0472    4.22091e-06
-1.25664     1.0472    4.67002e-06
-1.0472     1.0472    5.20828e-06
-0.837758     1.0472    5.45558e-06
-0.628319     1.0472    4.8377e-06
-0.418879     1.0472    3.61347e-06
-0.20944     1.0472    2.41123e-06
0     1.0472    3.02856e-06
0.20944     1.0472    2.36368e-06
0.418879     1.0472    3.60049e-06
0.628319     1.0472    4.83881e-06
0.837758     1.0472    5.45383e-06
1.0472     1.0472    5.20822e-06
1.25664     1.0472    4.67016e-06
1.46608     1.0472    4.22285e-06
1.67552     1.0472    4.05109e-06
1.88496     1.0472    4.07435e-06
2.0944     1.0472    4.33543e-06
2.30383     1.0472    4.96652e-06
2.51327     1.0472    6.40738e-06
2.72271     1.0472    9.37201e-06
2.93215     1.0472    1.47138e-05
3.14159     1.0472    2.24302e-05

-3.14159     1.25664    2.18052e-05
-2.93215     1.25664    1.44657e-05
-2.72271     1.25664    8.96158e-06
-2.51327     1.25664    5.95361e-06
-2.30383     1.25664    4.64901e-06
-2.0944     1.25664    4.24444e-06
-1.88496     1.25664    4.30835e-06
-1.67552     1.25664    4.69297e-06
-1.46608     1.25664    5.43696e-06
-1.25664     1.25664    6.54664e-06
-1.0472     1.25664    7.67653e-06
-0.837758     1.25664    7.89459e-06
-0.628319     1.25664    6.72858e-06
-0.418879     1.25664    4.84416e-06
-0.20944     1.25664    3.37196e-06
0     1.25664    2.42741e-06
0.20944     1.25664    3.43592e-06
0.418879     1.25664    4.8495e-06
0.628319     1.25664    6.72882e-06
0.837758     1.25664    7.89614e-06
1.0472     1.25664    7.67637e-06
1.25664     1.25664    6.54613e-06
1.46608     1.25664    5.43471e-06
1.67552     1.25664    4.69189e-06
1.88496     1.25664    4.30855e-06
2.0944     1.25664    4.24499e-06
2.30383     1.25664    4.64882e-06
2.51327     1.25664    5.95354e-06
2.72271     1.25664    8.96131e-06
2.93215     1.25664    1.44657e-05
3.14159     1.25664    2.18054e-05

-3.14159     1.46608    2.22341e-05
-2.93215     1.46608    1.59033e-05
-2.72271     1.46608    1.01318e-05
-2.51327     1.46608    6.70143e-06
-2.30383     1.46608    5.22891e-06
-2.0944     1.46608    4.91645e-06
-1.88496     1.46608    5.27386e-06
-1.67552     1.46608    6.16433e-06
-1.46608     1.46608    7.6623e-06
-1.25664     1.46608    9.58812e-06
-1.0472     1.46608    1.09782e-05
-0.837758     1.46608    1.05055e-05
-0.628319     1.46608    8.22413e-06
-0.418879     1.46608    5.67108e-06
-0.20944     1.46608    4.06546e-06
0     1.46608    3.59657e-06
0.20944     1.46608    3.99692e-06
0.418879     1.46608    5.66753e-06
0.628319     1.46608    8.22578e-06
0.837758     1.46608    1.05044e-05
1.0472     1.46608    1.09774e-05
1.25664     1.46608    9.58914e-06
1.46608     1.46608    7.66121e-06
1.67552     1.46608    6.16593e-06
1.88496     1.46608    5.27452e-06
2.0944     1.46608    4.91711e-06
2.30383     1.46608    5.2292e-06
2.51327     1.46608    6.70143e-06
2.72271     1.46608    1.01327e-05
2.93215     1.46608    1.5903e-05
3.14159     1.46608    2.2235e-05

-3.14159     1.67552    2.28546e-05
-2.93215     1.67552    1.86055e-05
-2.72271     1.67552    1.29741e-05
-2.51327     1.67552    8.92446e-06
-2.30383     1.67552    7.03072e-06
-2.0944     1.67552    6.67901e-06
-1.88496     1.67552    7.35716e-06
-1.67552     1.67552    8.95036e-06
-1.46608     1.67552    1.1397e-05
-1.25664     1.67552    1.395e-05
-1.0472     1.67552    1.47929e-05
-0.837758     1.67552    1.27306e-05
-0.628319     1.67552    9.09213e-06
-0.418879     1.67552    6.023e-06
-0.20944     1.67552    4.26199e-06
0     1.67552    3.89577e-06
0.20944     1.67552    4.31436e-06
0.418879     1.67552    6.01993e-06
0.628319     1.67552    9.09183e-06
0.837758     1.67552    1.27305e-05
1.0472     1.67552    1.4793e-05
1.25664     1.67552    1.39501e-05
1.46608     1.67552    1.13974e-05
1.67552     1.67552    8.95042e-06
1.88496     1.67552    7.35675e-06
2.0944     1.67552    6.67914e-06
2.30383     1.67552    7.0314e-06
2.51327     1.67552    8.92466e-06
2.72271     1.67552    1.29752e-05
2.93215     1.67552    1.86052e-05
3.14159     1.67552    2.28556e-05

-3.14159     1.88496    2.29674e-05
-2.93215     1.88496    2.1829e-05
-2.72271     1.88496    1.74199e-05
-2.51327     1.88496    1.30602e-05
-2.30383     1.88496    1.06375e-05
-2.0944     1.88496    1.01565e-05
-1.88496     1.88496    1.1239e-05
-1.67552     1.88496    1.36906e-05
-1.46608     1.88496    1.69724e-05
-1.25664     1.88496    1.93287e-05
-1.0472     1.88496    1.83876e-05
-0.837758     1.88496    1.41533e-05
-0.628319     1.88496    9.36544e-06
-0.418879     1.88496    6.06735e-06
-0.20944     1.88496    4.46125e-06
0     1.88496    3.6527e-06
0.20944     1.88496    4.42693e-06
0.418879     1.88496    6.07519e-06
0.628319     1.88496    9.36605e-06
0.837758     1.88496    1.41539e-05
1.0472     1.88496    1.83866e-05
1.25664     1.88496    1.93285e-05
1.46608     1.88496    1.69718e-05
1.67552     1.88496    1.36905e-05
1.88496     1.88496    1.12395e-05
2.0944     1.88496    1.01567e-05
2.30383     1.88496    1.06376e-05
2.51327     1.88496    1.30606e-05
2.72271     1.88496    1.74202e-05
2.93215     1.88496    2.18289e-05
3.14159     1.88496    2.29683e-05

-3.14159     2.0944    2.24525e-05
-2.93215     2.0944    2.48048e-05
-2.72271     2.0944    2.29432e-05
-2.51327     2.0944    1.92892e-05
-2.30383     2.0944    1.66237e-05
-2.0944     2.0944    1.60452e-05
-1.88496     2.0944    1.757e-05
-1.67552     2.0944    2.06847e-05
-1.46608     2.0944    2.39729e-05
-1.25664     2.0944    2.47002e-05
-1.0472     2.0944    2.10651e-05
-0.837758     2.0944    1.47752e-05
-0.628319     2.0944    9.31286e-06
-0.418879     2.0944    6.05447e-06
-0.20944     2.0944    4.47767e-06
0     2.0944    4.45052e-06
0.20944     2.0944    4.49469e-06
0.418879     2.0944    6.04524e-06
0.628319     2.0944    9.31288e-06
0.837758     2.0944    1.4774e-05
1.0472     2.0944    2.10645e-05
1.25664     2.0944    2.46996e-05
1.46608     2.0944    2.39728e-05
1.67552     2.0944    2.06853e-05
1.88496     2.0944    1.75697e-05
2.0944     2.0944    1.60452e-05
2.30383     2.0944    1.66237e-05
2.51327     2.0944    1.92891e-05
2.72271     2.0944    2.2944e-05
2.93215     2.0944    2.48057e-05
3.14159     2.0944    2.24535e-05

-3.14159     2.30383    2.18681e-05
-2.93215     2.30383    2.72757e-05
-2.72271     2.30383    2.86602e-05
-2.51327     2.30383    2.6957e-05
-2.30383     2.30383    2.48709e-05
-2.0944     2.30383    2.44284e-05
-1.88496     2.30383    2.61374e-05
-1.67552     2.30383    2.90403e-05
-1.46608     2.30383    3.08422e-05
-1.25664     2.30383    2.89343e-05
-1.0472     2.30383    2.26674e-05
-0.837758     2.30383    1.49859e-05
-0.628319     2.30383    9.2622e-06
-0.418879     2.30383    6.02896e-06
-0.20944     2.30383    4.55719e-06
0     2.30383    3.8075e-06
0.20944     2.30383    4.55396e-06
0.418879     2.30383    6.04072e-06
0.628319     2.30383    9.26154e-06
0.837758     2.30383    1.49856e-05
1.0472     2.30383    2.2667e-05
1.25664     2.30383    2.89335e-05
1.46608     2.30383    3.08419e-05
1.67552     2.30383    2.90398e-05
1.88496     2.30383    2.61376e-05
2.0944     2.30383    2.44286e-05
2.30383     2.30383    2.48711e-05
2.51327     2.30383    2.69574e-05
2.72271     2.30383    2.86607e-05
2.93215     2.30383    2.72763e-05
3.14159     2.30383    2.18685e-05

-3.14159     2.51327    2.20693e-05
-2.93215     2.51327    2.95179e-05
-2.72271     2.51327    3.38497e-05
-2.51327     2.51327    3.47433e-05
-2.30383     2.51327    3.41058e-05
-2.0944     2.51327    3.40946e-05
-1.88496     2.51327    3.53436e-05
-1.67552     2.51327    3.67072e-05
-1.46608     2.51327    3.61567e-05
-1.25664     2.51327    3.18325e-05
-1.0472     2.51327    2.37566e-05
-0.837758     2.51327    1.5421e-05
-0.628319     2.51327    9.58139e-06
-0.418879     2.51327    6.34484e-06
-0.20944     2.51327    4.79081e-06
0     2.51327    4.63337e-06
0.20944     2.51327    4.78306e-06
0.418879     2.51327    6.33449e-06
0.628319     2.51327    9.58134e-06
0.837758     2.51327    1.54201e-05
1.0472     2.51327    2.37562e-05
1.25664     2.51327    3.18323e-05
1.46608     2.51327    3.61559e-05
1.67552     2.51327    3.67074e-05
1.88496     2.51327    3.53441e-05
2.0944     2.51327    3.40946e-05
2.30383     2.51327    3.41058e-05
2.51327     2.51327    3.4744e-05
2.72271     2.51327    3.38503e-05
2.93215     2.51327    2.9518e-05
3.14159     2.51327    2.20694e-05

-3.14159     2.72271    2.37856e-05
-2.93215     2.72271    3.21687e-05
-2.72271     2.72271    3.83716e-05
-2.51327     2.72271    4.13594e-05
-2.30383     2.72271    4.23118e-05
-2.0944     2.72271    4.26679e-05
-1.88496     2.72271    4.27928e-05
-1.67552     2.72271    4.22606e-05
-1.46608     2.72271    3.99421e-05
-1.25664     2.72271    3.41372e-05
-1.0472     2.72271    2.52498e-05
-0.837758     2.72271    1.67272e-05
-0.628319     2.72271    1.07524e-05
-0.418879     2.72271    7.27266e-06
-0.20944     2.72271    5.537e-06
0     2.72271    4.89294e-06
0.20944     2.72271    5.55109e-06
0.418879     2.72271    7.28045e-06
0.628319     2.72271    1.07521e-05
0.837758     2.72271    1.67275e-05
1.0472     2.72271    2.52499e-05
1.25664     2.72271    3.41367e-05
1.46608     2.72271    3.99417e-05
1.67552     2.72271    4.22603e-05
1.88496     2.72271    4.27918e-05
2.0944     2.72271    4.2668e-05
2.30383     2.72271    4.2313e-05
2.51327     2.72271    4.13592e-05
2.72271     2.72271    3.83727e-05
2.93215     2.72271    3.21692e-05
3.14159     2.72271    2.37859e-05

-3.14159     2.93215    2.74526e-05
-2.93215     2.93215    3.5825e-05
-2.72271     2.93215    4.25006e-05
-2.51327     2.93215    4.61657e-05
-2.30383     2.93215    4.74805e-05
-2.0944     2.93215    4.74942e-05
-1.88496     2.93215    4.68512e-05
-1.67552     2.93215    4.57389e-05
-1.46608     2.93215    4.30367e-05
-1.25664     2.93215    3.68559e-05
-1.0472     2.93215    2.7983e-05
-0.837758     2.93215    1.96091e-05
-0.628319     2.93215    1.34638e-05
-0.418879     2.93215    9.63143e-06
-0.20944     2.93215    7.63555e-06
0     2.93215    7.07021e-06
0.20944     2.93215    7.62122e-06
0.418879     2.93215    9.62656e-06
0.628319     2.93215    1.34639e-05
0.837758     2.93215    1.9609e-05
1.0472     2.93215    2.79832e-05
1.25664     2.93215    3.68558e-05
1.46608     2.93215    4.3037e-05
1.67552     2.93215    4.57396e-05
1.88496     2.93215    4.68517e-05
2.0944     2.93215    4.7494e-05
2.30383     2.93215    4.74809e-05
2.51327     2.93215    4.61659e-05
2.72271     2.93215    4.25015e-05
2.93215     2.93215    3.58255e-05
3.14159     2.93215    2.74522e-05

-3.14159     3.14159    3.29954e-05
-2.93215     3.14159    4.03456e-05
-2.72271     3.14159    4.5919e-05
-2.51327     3.14159    4.8397e-05
-2.30383     3.14159    4.839e-05
-2.0944     3.14159    4.76423e-05
-1.88496     3.14159    4.74303e-05
-1.67552     3.14159    4.74785e-05
-1.46608     3.14159    4.58128e-05
-1.25664     3.14159    4.03537e-05
-1.0472     3.14159    3.23138e-05
-0.837758     3.14159    2.45324e-05
-0.628319     3.14159    1.84243e-05
-0.418879     3.14159    1.42938e-05
-0.20944     3.14159    1.1999e-05
0     3.14159    1.1296e-05
0.20944     3.14159    1.20093e-05
0.418879     3.14159    1.42934e-05
0.628319     3.14159    1.84243e-05
0.837758     3.14159    2.45328e-05
1.0472     3.14159    3.23133e-05
1.25664     3.14159    4.03542e-05
1.46608     3.14159    4.58128e-05
1.67552     3.14159    4.74791e-05
1.88496     3.14159    4.74302e-05
2.0944     3.14159    4.7642e-05
2.30383     3.14159    4.83918e-05
2.51327     3.14159    4.8398e-05
2.72271     3.14159    4.59202e-05
2.93215     3.14159    4.03456e-05
3.14159     3.14159    3.29951e-05

