-3.14159     -3.14159    1.38857e-05
-2.93215     -3.14159    1.78386e-05
-2.72271     -3.14159    2.09241e-05
-2.51327     -3.14159    2.24078e-05
-2.30383     -3.14159    2.25567e-05
-2.0944     -3.14159    2.21997e-05
-1.88496     -3.14159    2.20122e-05
-1.67552     -3.14159    2.1842e-05
-1.46608     -3.14159    2.07839e-05
-1.25664     -3.14159    1.78357e-05
-1.0472     -3.14159    1.35841e-05
-0.837758     -3.14159    9.52073e-06
-0.628319     -3.14159    6.37532e-06
-0.418879     -3.14159    4.24614e-06
-0.20944     -3.14159    3.13432e-06
0     -3.14159    2.71439e-06
0.20944     -3.14159    3.14117e-06
0.418879     -3.14159    4.24546e-06
0.628319     -3.14159    6.37491e-06
0.837758     -3.14159    9.52242e-06
1.0472     -3.14159    1.35878e-05
1.25664     -3.14159    1.78347e-05
1.46608     -3.14159    2.07877e-05
1.67552     -3.14159    2.18417e-05
1.88496     -3.14159    2.20151e-05
2.0944     -3.14159    2.22022e-05
2.30383     -3.14159    2.25453e-05
2.51327     -3.14159    2.2403e-05
2.72271     -3.14159    2.0927e-05
2.93215     -3.14159    1.78371e-05
3.14159     -3.14159    1.38827e-05

-3.14159     -2.93215    1.10305e-05
-2.93215     -2.93215    1.54593e-05
-2.72271     -2.93215    1.9051e-05
-2.51327     -2.93215    2.10718e-05
-2.30383     -2.93215    2.18337e-05
-2.0944     -2.93215    2.18179e-05
-1.88496     -2.93215    2.13801e-05
-1.67552     -2.93215    2.06494e-05
-1.46608     -2.93215    1.91123e-05
-1.25664     -2.93215    1.58709e-05
-1.0472     -2.93215    1.12805e-05
-0.837758     -2.93215    6.95108e-06
-0.628319     -2.93215    3.82237e-06
-0.418879     -2.93215    1.89172e-06
-0.20944     -2.93215    8.46563e-07
0     -2.93215    6.25496e-07
0.20944     -2.93215    8.33554e-07
0.418879     -2.93215    1.89246e-06
0.628319     -2.93215    3.81396e-06
0.837758     -2.93215    6.95031e-06
1.0472     -2.93215    1.12746e-05
1.25664     -2.93215    1.58708e-05
1.46608     -2.93215    1.9116e-05
1.67552     -2.93215    2.0651e-05
1.88496     -2.93215    2.13813e-05
2.0944     -2.93215    2.1814e-05
2.30383     -2.93215    2.18301e-05
2.51327     -2.93215    2.10675e-05
2.72271     -2.93215    1.90495e-05
2.93215     -2.93215    1.54622e-05
3.14159     -2.93215    1.10287e-05

-3.14159     -2.72271    9.14623e-06
-2.93215     -2.72271    1.35309e-05
-2.72271     -2.72271    1.68002e-05
-2.51327     -2.72271    1.84079e-05
-2.30383     -2.72271    1.89494e-05
-2.0944     -2.72271    1.90876e-05
-1.88496     -2.72271    1.9032e-05
-1.67552     -2.72271    1.86101e-05
-1.46608     -2.72271    1.7327e-05
-1.25664     -2.72271    1.43582e-05
-1.0472     -2.72271    9.84995e-06
-0.837758     -2.72271    5.49644e-06
-0.628319     -2.72271    2.49602e-06
-0.418879     -2.72271    7.94222e-07
-0.20944     -2.72271    3.15103e-08
0     -2.72271    3.64359e-07
0.20944     -2.72271    1.93273e-08
0.418879     -2.72271    7.9281e-07
0.628319     -2.72271    2.4974e-06
0.837758     -2.72271    5.5012e-06
1.0472     -2.72271    9.84597e-06
1.25664     -2.72271    1.43663e-05
1.46608     -2.72271    1.73209e-05
1.67552     -2.72271    1.86122e-05
1.88496     -2.72271    1.90356e-05
2.0944     -2.72271    1.90943e-05
2.30383     -2.72271    1.8949e-05
2.51327     -2.72271    1.84128e-05
2.72271     -2.72271    1.67978e-05
2.93215     -2.72271    1.35325e-05
3.14159     -2.72271    9.14291e-06

-3.14159     -2.51327    8.26984e-06
-2.93215     -2.51327    1.21406e-05
-2.72271     -2.51327    1.44035e-05
-2.51327     -2.51327    1.48856e-05
-2.30383     -2.51327    1.45463e-05
-2.0944     -2.51327    1.44998e-05
-1.88496     -2.51327    1.50706e-05
-1.67552     -2.51327    1.56569e-05
-1.46608     -2.51327    1.53089e-05
-1.25664     -2.51327    1.31478e-05
-1.0472     -2.51327    9.11191e-06
-0.837758     -2.51327    4.91e-06
-0.628319     -2.51327    1.99237e-06
-0.418879     -2.51327    4.43753e-07
-0.20944     -2.51327    2.88563e-07
0     -2.51327    4.21949e-07
0.20944     -2.51327    2.95896e-07
0.418879     -2.51327    4.45218e-07
0.628319     -2.51327    1.98802e-06
0.837758     -2.51327    4.90555e-06
1.0472     -2.51327    9.11317e-06
1.25664     -2.51327    1.31482e-05
1.46608     -2.51327    1.53059e-05
1.67552     -2.51327    1.56591e-05
1.88496     -2.51327    1.50658e-05
2.0944     -2.51327    1.45071e-05
2.30383     -2.51327    1.45483e-05
2.51327     -2.51327    1.48827e-05
2.72271     -2.51327    1.44031e-05
2.93215     -2.51327    1.21404e-05
3.14159     -2.51327    8.26453e-06

-3.14159     -2.30383    8.16102e-06
-2.93215     -2.30383    1.09548e-05
-2.72271     -2.30383    1.16861e-05
-2.51327     -2.30383    1.08102e-05
-2.30383     -2.30383    9.69543e-06
-2.0944     -2.30383    9.43768e-06
-1.88496     -2.30383    1.03031e-05
-1.67552     -2.30383    1.17667e-05
-1.46608     -2.30383    1.26515e-05
-1.25664     -2.30383    1.17084e-05
-1.0472     -2.30383    8.62842e-06
-0.837758     -2.30383    4.79017e-06
-0.628319     -2.30383    1.93916e-06
-0.418879     -2.30383    3.85681e-07
-0.20944     -2.30383    2.68774e-07
0     -2.30383    6.38059e-07
0.20944     -2.30383    2.71764e-07
0.418879     -2.30383    3.87368e-07
0.628319     -2.30383    1.93429e-06
0.837758     -2.30383    4.7818e-06
1.0472     -2.30383    8.63079e-06
1.25664     -2.30383    1.17146e-05
1.46608     -2.30383    1.26474e-05
1.67552     -2.30383    1.17608e-05
1.88496     -2.30383    1.02984e-05
2.0944     -2.30383    9.44052e-06
2.30383     -2.30383    9.69249e-06
2.51327     -2.30383    1.08047e-05
2.72271     -2.30383    1.16897e-05
2.93215     -2.30383    1.09581e-05
3.14159     -2.30383    8.15903e-06

-3.14159     -2.0944    8.44873e-06
-2.93215     -2.0944    9.6679e-06
-2.72271     -2.0944    8.72134e-06
-2.51327     -2.0944    6.82368e-06
-2.30383     -2.0944    5.43115e-06
-2.0944     -2.0944    5.1291e-06
-1.88496     -2.0944    5.93916e-06
-1.67552     -2.0944    7.57133e-06
-1.46608     -2.0944    9.27269e-06
-1.25664     -2.0944    9.67423e-06
-1.0472     -2.0944    7.92505e-06
-0.837758     -2.0944    4.80059e-06
-0.628319     -2.0944    2.07706e-06
-0.418879     -2.0944    5.09655e-07
-0.20944     -2.0944    1.80115e-07
0     -2.0944    3.10227e-07
0.20944     -2.0944    1.59827e-07
0.418879     -2.0944    5.11972e-07
0.628319     -2.0944    2.07834e-06
0.837758     -2.0944    4.79646e-06
1.0472     -2.0944    7.9245e-06
1.25664     -2.0944    9.68071e-06
1.46608     -2.0944    9.26937e-06
1.67552     -2.0944    7.56873e-06
1.88496     -2.0944    5.93906e-06
2.0944     -2.0944    5.1349e-06
2.30383     -2.0944    5.42955e-06
2.51327     -2.0944    6.82393e-06
2.72271     -2.0944    8.71731e-06
2.93215     -2.0944    9.66849e-06
3.14159     -2.0944    8.44957e-06

-3.14159     -1.88496    8.70307e-06
-2.93215     -1.88496    8.12444e-06
-2.72271     -1.88496    5.86252e-06
-2.51327     -1.88496    3.61301e-06
-2.30383     -1.88496    2.3959e-06
-2.0944     -1.88496    2.19173e-06
-1.88496     -1.88496    2.78579e-06
-1.67552     -1.88496    4.08411e-06
-1.46608     -1.88496    5.82782e-06
-1.25664     -1.88496    7.1003e-06
-1.0472     -1.88496    6.70845e-06
-0.837758     -1.88496    4.63016e-06
-0.628319     -1.88496    2.24137e-06
-0.418879     -1.88496    6.32994e-07
-0.20944     -1.88496    1.59785e-07
0     -1.88496    4.84769e-07
0.20944     -1.88496    1.83999e-07
0.418879     -1.88496    6.33281e-07
0.628319     -1.88496    2.23756e-06
0.837758     -1.88496    4.63227e-06
1.0472     -1.88496    6.70824e-06
1.25664     -1.88496    7.09632e-06
1.46608     -1.88496    5.82402e-06
1.67552     -1.88496    4.08919e-06
1.88496     -1.88496    2.78436e-06
2.0944     -1.88496    2.19693e-06
2.30383     -1.88496    2.39789e-06
2.51327     -1.88496    3.61442e-06
2.72271     -1.88496    5.85916e-06
2.93215     -1.88496    8.12225e-06
3.14159     -1.88496    8.70361e-06

-3.14159     -1.67552    8.6474e-06
-2.93215     -1.67552    6.46208e-06
-2.72271     -1.67552    3.57114e-06
-2.51327     -1.67552    1.52706e-06
-2.30383     -1.67552    6.33571e-07
-2.0944     -1.67552    5.3729e-07
-1.88496     -1.67552    9.29711e-07
-1.67552     -1.67552    1.78767e-06
-1.46608     -1.67552    3.10219e-06
-1.25664     -1.67552    4.49657e-06
-1.0472     -1.67552    5.03832e-06
-0.837758     -1.67552    4.08219e-06
-0.628319     -1.67552    2.28191e-06
-0.418879     -1.67552    7.75346e-07
-0.20944     -1.67552    8.63443e-08
0     -1.67552    2.58634e-07
0.20944     -1.67552    5.52219e-08
0.418879     -1.67552    7.75662e-07
0.628319     -1.67552    2.28961e-06
0.837758     -1.67552    4.08669e-06
1.0472     -1.67552    5.03951e-06
1.25664     -1.67552    4.50342e-06
1.46608     -1.67552    3.10108e-06
1.67552     -1.67552    1.78555e-06
1.88496     -1.67552    9.31731e-07
2.0944     -1.67552    5.37294e-07
2.30383     -1.67552    6.32958e-07
2.51327     -1.67552    1.52715e-06
2.72271     -1.67552    3.57185e-06
2.93215     -1.67552    6.46039e-06
3.14159     -1.67552    8.64815e-06

-3.14159     -1.46608    8.34081e-06
-2.93215     -1.46608    5.0737e-06
-2.72271     -1.46608    2.1246e-06
-2.51327     -1.46608    4.58468e-07
-2.30383     -1.46608    1.78399e-07
-2.0944     -1.46608    2.27913e-07
-1.88496     -1.46608    1.73554e-08
-1.67552     -1.46608    5.08154e-07
-1.46608     -1.46608    1.32528e-06
-1.25664     -1.46608    2.40249e-06
-1.0472     -1.46608    3.24864e-06
-0.837758     -1.46608    3.1371e-06
-0.628319     -1.46608    2.05861e-06
-0.418879     -1.46608    8.14852e-07
-0.20944     -1.46608    9.87852e-08
0     -1.46608    2.02508e-07
0.20944     -1.46608    8.0918e-08
0.418879     -1.46608    8.16517e-07
0.628319     -1.46608    2.0482e-06
0.837758     -1.46608    3.13651e-06
1.0472     -1.46608    3.25101e-06
1.25664     -1.46608    2.40771e-06
1.46608     -1.46608    1.32542e-06
1.67552     -1.46608    5.10874e-07
1.88496     -1.46608    1.99369e-08
2.0944     -1.46608    2.30686e-07
2.30383     -1.46608    1.73678e-07
2.51327     -1.46608    4.58807e-07
2.72271     -1.46608    2.12683e-06
2.93215     -1.46608    5.07366e-06
3.14159     -1.46608    8.34117e-06

-3.14159     -1.25664    8.1316e-06
-2.93215     -1.25664    4.33813e-06
-2.72271     -1.25664    1.54244e-06
-2.51327     -1.25664    1.27801e-07
-2.30383     -1.25664    3.84896e-07
-2.0944     -1.25664    4.67216e-07
-1.88496     -1.25664    3.5045e-07
-1.67552     -1.25664    1.03345e-07
-1.46608     -1.25664    3.32459e-07
-1.25664     -1.25664    9.90483e-07
-1.0472     -1.25664    1.71798e-06
-0.837758     -1.25664    2.00335e-06
-0.628319     -1.25664    1.54562e-06
-0.418879     -1.25664    6.68584e-07
-0.20944     -1.25664    1.09173e-07
0     -1.25664    4.43135e-07
0.20944     -1.25664    1.13653e-07
0.418879     -1.25664    6.76778e-07
0.628319     -1.25664    1.5539e-06
0.837758     -1.25664    2.00062e-06
1.0472     -1.25664    1.71705e-06
1.25664     -1.25664    9.90861e-07
1.46608     -1.25664    3.29947e-07
1.67552     -1.25664    9.99096e-08
1.88496     -1.25664    3.50264e-07
2.0944     -1.25664    4.70012e-07
2.30383     -1.25664    3.89261e-07
2.51327     -1.25664    1.28579e-07
2.72271     -1.25664    1.54448e-06
2.93215     -1.25664    4.33808e-06
3.14159     -1.25664    8.1282e-06

-3.14159     -1.0472    8.45433e-06
-2.93215     -1.0472    4.46111e-06
-2.72271     -1.0472    1.77868e-06
-2.51327     -1.0472    3.89868e-07
-2.30383     -1.0472    1.90547e-07
-2.0944     -1.0472    3.75878e-07
-1.88496     -1.0472    4.00776e-07
-1.67552     -1.0472    3.28525e-07
-1.46608     -1.0472    1.66765e-07
-1.25664     -1.0472    1.89649e-07
-1.0472     -1.0472    6.34779e-07
-0.837758     -1.0472    9.78485e-07
-0.628319     -1.0472    8.7006e-07
-0.418879     -1.0472    4.26645e-07
-0.20944     -1.0472    1.35343e-07
0     -1.0472    2.80022e-07
0.20944     -1.0472    1.71859e-07
0.418879     -1.0472    4.20345e-07
0.628319     -1.0472    8.6109e-07
0.837758     -1.0472    9.82818e-07
1.0472     -1.0472    6.33165e-07
1.25664     -1.0472    1.88435e-07
1.46608     -1.0472    1.68596e-07
1.67552     -1.0472    3.31989e-07
1.88496     -1.0472    4.00888e-07
2.0944     -1.0472    3.78194e-07
2.30383     -1.0472    1.94883e-07
2.51327     -1.0472    3.86914e-07
2.72271     -1.0472    1.77639e-06
2.93215     -1.0472    4.45612e-06
3.14159     -1.0472    8.44911e-06

-3.14159     -0.837758    9.63034e-06
-2.93215     -0.837758    5.60071e-06
-2.72271     -0.837758    2.8212e-06
-2.51327     -0.837758    1.24449e-06
-2.30383     -0.837758    4.29132e-07
-2.0944     -0.837758    3.219e-08
-1.88496     -0.837758    1.62339e-07
-1.67552     -0.837758    2.75419e-07
-1.46608     -0.837758    3.09872e-07
-1.25664     -0.837758    2.04676e-07
-1.0472     -0.837758    1.4454e-08
-0.837758     -0.837758    1.95118e-07
-0.628319     -0.837758    2.05461e-07
-0.418879     -0.837758    1.51337e-07
-0.20944     -0.837758    4.67561e-07
0     -0.837758    1.18506e-06
0.20944     -0.837758    4.55219e-07
0.418879     -0.837758    1.64986e-07
0.628319     -0.837758    2.03424e-07
0.837758     -0.837758    1.96375e-07
1.0472     -0.837758    2.62971e-08
1.25664     -0.837758    2.00951e-07
1.46608     -0.837758    3.10602e-07
1.67552     -0.837758    2.74223e-07
1.88496     -0.837758    1.63134e-07
2.0944     -0.837758    3.30528e-08
2.30383     -0.837758    4.28511e-07
2.51327     -0.837758    1.2414e-06
2.72271     -0.837758    2.82486e-06
2.93215     -0.837758    5.59713e-06
3.14159     -0.837758    9.62802e-06

-3.14159     -0.628319    1.18657e-05
-2.93215     -0.628319    7.8992e-06
-2.72271     -0.628319    4.92701e-06
-2.51327     -0.628319    2.94583e-06
-2.30383     -0.628319    1.7291e-06
-2.0944     -0.628319    9.74355e-07
-1.88496     -0.628319    4.96172e-07
-1.67552     -0.628319    1.61499e-07
-1.46608     -0.628319    6.357e-08
-1.25664     -0.628319    1.97177e-07
-1.0472     -0.628319    1.90861e-07
-0.837758     -0.628319    1.85892e-07
-0.628319     -0.628319    3.69121e-07
-0.418879     -0.628319    6.79751e-07
-0.20944     -0.628319    1.22328e-06
0     -0.628319    6.28407e-07
0.20944     -0.628319    1.14659e-06
0.418879     -0.628319    7.04128e-07
0.628319     -0.628319    3.39713e-07
0.837758     -0.628319    1.9686e-07
1.0472     -0.628319    1.95316e-07
1.25664     -0.628319    1.9537e-07
1.46608     -0.628319    5.91038e-08
1.67552     -0.628319    1.62502e-07
1.88496     -0.628319    4.95307e-07
2.0944     -0.628319    9.75012e-07
2.30383     -0.628319    1.72372e-06
2.51327     -0.628319    2.94631e-06
2.72271     -0.628319    4.93221e-06
2.93215     -0.628319    7.89623e-06
3.14159     -0.628319    1.18634e-05

-3.14159     -0.418879    1.48595e-05
-2.93215     -0.418879    1.12611e-05
-2.72271     -0.418879    8.20435e-06
-2.51327     -0.418879    5.80983e-06
-2.30383     -0.418879    4.02723e-06
-2.0944     -0.418879    2.75201e-06
-1.88496     -0.418879    1.81502e-06
-1.67552     -0.418879    1.11459e-06
-1.46608     -0.418879    5.81089e-07
-1.25664     -0.418879    1.86551e-07
-1.0472     -0.418879    1.20904e-07
-0.837758     -0.418879    3.62297e-07
-0.628319     -0.418879    7.55392e-07
-0.418879     -0.418879    1.64215e-06
-0.20944     -0.418879    2.15138e-06
0     -0.418879    3.67779e-06
0.20944     -0.418879    2.64287e-06
0.418879     -0.418879    1.87758e-06
0.628319     -0.418879    7.95309e-07
0.837758     -0.418879    3.71093e-07
1.0472     -0.418879    1.14593e-07
1.25664     -0.418879    1.78071e-07
1.46608     -0.418879    5.80754e-07
1.67552     -0.418879    1.11419e-06
1.88496     -0.418879    1.81712e-06
2.0944     -0.418879    2.75364e-06
2.30383     -0.418879    4.03177e-06
2.51327     -0.418879    5.81336e-06
2.72271     -0.418879    8.20595e-06
2.93215     -0.418879    1.12577e-05
3.14159     -0.418879    1.48571e-05

-3.14159     -0.20944    1.72751e-05
-2.93215     -0.20944    1.43748e-05
-2.72271     -0.20944    1.15909e-05
-2.51327     -0.20944    9.05898e-06
-2.30383     -0.20944    6.84802e-06
-2.0944     -0.20944    5.03253e-06
-1.88496     -0.20944    3.57047e-06
-1.67552     -0.20944    2.3945e-06
-1.46608     -0.20944    1.46046e-06
-1.25664     -0.20944    7.14335e-07
-1.0472     -0.20944    1.06172e-07
-0.837758     -0.20944    4.31013e-07
-0.628319     -0.20944    1.15495e-06
-0.418879     -0.20944    2.41857e-06
-0.20944     -0.20944    4.16242e-06
0     -0.20944    4.2496e-06
0.20944     -0.20944    4.12194e-06
0.418879     -0.20944    2.7306e-06
0.628319     -0.20944    1.16603e-06
0.837758     -0.20944    4.3962e-07
1.0472     -0.20944    1.45266e-07
1.25664     -0.20944    7.26943e-07
1.46608     -0.20944    1.45878e-06
1.67552     -0.20944    2.39473e-06
1.88496     -0.20944    3.57034e-06
2.0944     -0.20944    5.03312e-06
2.30383     -0.20944    6.84826e-06
2.51327     -0.20944    9.06098e-06
2.72271     -0.20944    1.15899e-05
2.93215     -0.20944    1.43766e-05
3.14159     -0.20944    1.72765e-05

-3.14159     0    1.81095e-05
-2.93215     0    1.55881e-05
-2.72271     0    1.30759e-05
-2.51327     0    1.056e-05
-2.30383     0    8.22844e-06
-2.0944     0    6.18565e-06
-1.88496     0    4.46356e-06
-1.67552     0    3.05732e-06
-1.46608     0    1.9213e-06
-1.25664     0    1.00595e-06
-1.0472     0    2.75577e-07
-0.837758     0    3.94269e-07
-0.628319     0    1.37755e-06
-0.418879     0    2.50204e-06
-0.20944     0    5.22369e-06
0     0    3.62068e-17
0.20944     0    5.22369e-06
0.418879     0    2.50204e-06
0.628319     0    1.37755e-06
0.837758     0    3.94269e-07
1.0472     0    2.75577e-07
1.25664     0    1.00595e-06
1.46608     0    1.9213e-06
1.67552     0    3.05732e-06
1.88496     0    4.46356e-06
2.0944     0    6.18565e-06
2.30383     0    8.22844e-06
2.51327     0    1.056e-05
2.72271     0    1.30759e-05
2.93215     0    1.55881e-05
3.14159     0    1.81095e-05

-3.14159     0.20944    1.72765e-05
-2.93215     0.20944    1.43766e-05
-2.72271     0.20944    1.15899e-05
-2.51327     0.20944    9.06098e-06
-2.30383     0.20944    6.84826e-06
-2.0944     0.20944    5.03312e-06
-1.88496     0.20944    3.57034e-06
-1.67552     0.20944    2.39473e-06
-1.46608     0.20944    1.45878e-06
-1.25664     0.20944    7.26943e-07
-1.0472     0.20944    1.45266e-07
-0.837758     0.20944    4.3962e-07
-0.628319     0.20944    1.16603e-06
-0.418879     0.20944    2.7306e-06
-0.20944     0.20944    4.12194e-06
0     0.20944    4.2496e-06
0.20944     0.20944    4.16242e-06
0.418879     0.20944    2.41857e-06
0.628319     0.20944    1.15495e-06
0.837758     0.20944    4.31013e-07
1.0472     0.20944    1.06172e-07
1.25664     0.20944    7.14335e-07
1.46608     0.20944    1.46046e-06
1.67552     0.20944    2.3945e-06
1.88496     0.20944    3.57047e-06
2.0944     0.20944    5.03253e-06
2.30383     0.20944    6.84802e-06
2.51327     0.20944    9.05898e-06
2.72271     0.20944    1.15909e-05
2.93215     0.20944    1.43748e-05
3.14159     0.20944    1.72751e-05

-3.14159     0.418879    1.48571e-05
-2.93215     0.418879    1.12577e-05
-2.72271     0.418879    8.20595e-06
-2.51327     0.418879    5.81336e-06
-2.30383     0.418879    4.03177e-06
-2.0944     0.418879    2.75364e-06
-1.88496     0.418879    1.81712e-06
-1.67552     0.418879    1.11419e-06
-1.46608     0.418879    5.80754e-07
-1.25664     0.418879    1.78071e-07
-1.0472     0.418879    1.14593e-07
-0.837758     0.418879    3.71093e-07
-0.628319     0.418879    7.95309e-07
-0.418879     0.418879    1.87758e-06
-0.20944     0.418879    2.64287e-06
0     0.418879    3.67779e-06
0.20944     0.418879    2.15138e-06
0.418879     0.418879    1.64215e-06
0.628319     0.418879    7.55392e-07
0.837758     0.418879    3.62297e-07
1.0472     0.418879    1.20904e-07
1.25664     0.418879    1.86551e-07
1.46608     0.418879    5.81089e-07
1.67552     0.418879    1.11459e-06
1.88496     0.418879    1.81502e-06
2.0944     0.418879    2.75201e-06
2.30383     0.418879    4.02723e-06
2.51327     0.418879    5.80983e-06
2.72271     0.418879    8.20435e-06
2.93215     0.418879    1.12611e-05
3.14159     0.418879    1.48595e-05

-3.14159     0.628319    1.18634e-05
-2.93215     0.628319    7.89623e-06
-2.72271     0.628319    4.93221e-06
-2.51327     0.628319    2.94631e-06
-2.30383     0.628319    1.72372e-06
-2.0944     0.628319    9.75012e-07
-1.88496     0.628319    4.95307e-07
-1.67552     0.628319    1.62502e-07
-1.46608     0.628319    5.91038e-08
-1.25664     0.628319    1.9537e-07
-1.0472     0.628319    1.95316e-07
-0.837758     0.628319    1.9686e-07
-0.628319     0.628319    3.39713e-07
-0.418879     0.628319    7.04128e-07
-0.20944     0.628319    1.14659e-06
0     0.628319    6.28407e-07
0.20944     0.628319    1.22328e-06
0.418879     0.628319    6.79751e-07
0.628319     0.628319    3.69121e-07
0.837758     0.628319    1.85892e-07
1.0472     0.628319    1.90861e-07
1.25664     0.628319    1.97177e-07
1.46608     0.628319    6.357e-08
1.67552     0.628319    1.61499e-07
1.88496     0.628319    4.96172e-07
2.0944     0.628319    9.74355e-07
2.30383     0.628319    1.7291e-06
2.51327     0.628319    2.94583e-06
2.72271     0.628319    4.92701e-06
2.93215     0.628319    7.8992e-06
3.14159     0.628319    1.18657e-05

-3.14159     0.837758    9.62802e-06
-2.93215     0.837758    5.59713e-06
-2.72271     0.837758    2.82486e-06
-2.51327     0.837758    1.2414e-06
-2.30383     0.837758    4.28511e-07
-2.0944     0.837758    3.30528e-08
-1.88496     0.837758    1.63134e-07
-1.67552     0.837758    2.74223e-07
-1.46608     0.837758    3.10602e-07
-1.25664     0.837758    2.00951e-07
-1.0472     0.837758    2.62971e-08
-0.837758     0.837758    1.96375e-07
-0.628319     0.837758    2.03424e-07
-0.418879     0.837758    1.64986e-07
-0.20944     0.837758    4.55219e-07
0     0.837758    1.18506e-06
0.20944     0.837758    4.67561e-07
0.418879     0.837758    1.51337e-07
0.628319     0.837758    2.05461e-07
0.837758     0.837758    1.95118e-07
1.0472     0.837758    1.4454e-08
1.25664     0.837758    2.04676e-07
1.46608     0.837758    3.09872e-07
1.67552     0.837758    2.75419e-07
1.88496     0.837758    1.62339e-07
2.0944     0.837758    3.219e-08
2.30383     0.837758    4.29132e-07
2.51327     0.837758    1.24449e-06
2.72271     0.837758    2.8212e-06
2.93215     0.837758    5.60071e-06
3.14159     0.837758    9.63034e-06

-3.14159     1.0472    8.44911e-06
-2.93215     1.0472    4.45612e-06
-2.72271     1.0472    1.77639e-06
-2.51327     1.0472    3.86914e-07
-2.30383     1.0472    1.94883e-07
-2.0944     1.0472    3.78194e-07
-1.88496     1.0472    4.00888e-07
-1.67552     1.0472    3.31989e-07
-1.46608     1.0472    1.68596e-07
-1.25664     1.0472    1.88435e-07
-1.0472     1.0472    6.33165e-07
-0.837758     1.0472    9.82818e-07
-0.628319     1.0472    8.6109e-07
-0.418879     1.0472    4.20345e-07
-0.20944     1.0472    1.71859e-07
0     1.0472    2.80022e-07
0.20944     1.0472    1.35343e-07
0.418879     1.0472    4.26645e-07
0.628319     1.0472    8.7006e-07
0.837758     1.0472    9.78485e-07
1.0472     1.0472    6.34779e-07
1.25664     1.0472    1.89649e-07
1.46608     1.0472    1.66765e-07
1.67552     1.0472    3.28525e-07
1.88496     1.0472    4.00776e-07
2.0944     1.0472    3.75878e-07
2.30383     1.0472    1.90547e-07
2.51327     1.0472    3.89868e-07
2.72271     1.0472    1.77868e-06
2.93215     1.0472    4.46111e-06
3.14159     1.0472    8.45433e-06

-3.14159     1.25664    8.1282e-06
-2.93215     1.25664    4.33808e-06
-2.72271     1.25664    1.54448e-06
-2.51327     1.25664    1.28579e-07
-2.30383     1.25664    3.89261e-07
-2.0944     1.25664    4.70012e-07
-1.88496     1.25664    3.50264e-07
-1.67552     1.25664    9.99096e-08
-1.46608     1.25664    3.29947e-07
-1.25664     1.25664    9.90861e-07
-1.0472     1.25664    1.71705e-06
-0.837758     1.25664    2.00062e-06
-0.628319     1.25664    1.5539e-06
-0.418879     1.25664    6.76778e-07
-0.20944     1.25664    1.13653e-07
0     1.25664    4.43135e-07
0.20944     1.25664    1.09173e-07
0.418879     1.25664    6.68584e-07
0.628319     1.25664    1.54562e-06
0.837758     1.25664    2.00335e-06
1.0472     1.25664    1.71798e-06
1.25664     1.25664    9.90483e-07
1.46608     1.25664    3.32459e-07
1.67552     1.25664    1.03345e-07
1.88496     1.25664    3.5045e-07
2.0944     1.25664    4.67216e-07
2.30383     1.25664    3.84896e-07
2.51327     1.25664    1.27801e-07
2.72271     1.25664    1.54244e-06
2.93215     1.25664    4.33813e-06
3.14159     1.25664    8.1316e-06

-3.14159     1.46608    8.34117e-06
-2.93215     1.46608    5.07366e-06
-2.72271     1.46608    2.12683e-06
-2.51327     1.46608    4.58807e-07
-2.30383     1.46608    1.73678e-07
-2.0944     1.46608    2.30686e-07
-1.88496     1.46608    1.99369e-08
-1.67552     1.46608    5.10874e-07
-1.46608     1.46608    1.32542e-06
-1.25664     1.46608    2.40771e-06
-1.0472     1.46608    3.25101e-06
-0.837758     1.46608    3.13651e-06
-0.628319     1.46608    2.0482e-06
-0.418879     1.46608    8.16517e-07
-0.20944     1.46608    8.0918e-08
0     1.46608    2.02508e-07
0.20944     1.46608    9.87852e-08
0.418879     1.46608    8.14852e-07
0.628319     1.46608    2.05861e-06
0.837758     1.46608    3.1371e-06
1.0472     1.46608    3.24864e-06
1.25664     1.46608    2.40249e-06
1.46608     1.46608    1.32528e-06
1.67552     1.46608    5.08154e-07
1.88496     1.46608    1.73554e-08
2.0944     1.46608    2.27913e-07
2.30383     1.46608    1.78399e-07
2.51327     1.46608    4.58468e-07
2.72271     1.46608    2.1246e-06
2.93215     1.46608    5.0737e-06
3.14159     1.46608    8.34081e-06

-3.14159     1.67552    8.64815e-06
-2.93215     1.67552    6.46039e-06
-2.72271     1.67552    3.57185e-06
-2.51327     1.67552    1.52715e-06
-2.30383     1.67552    6.32958e-07
-2.0944     1.67552    5.37294e-07
-1.88496     1.67552    9.31731e-07
-1.67552     1.67552    1.78555e-06
-1.46608     1.67552    3.10108e-06
-1.25664     1.67552    4.50342e-06
-1.0472     1.67552    5.03951e-06
-0.837758     1.67552    4.08669e-06
-0.628319     1.67552    2.28961e-06
-0.418879     1.67552    7.75662e-07
-0.20944     1.67552    5.52219e-08
0     1.67552    2.58634e-07
0.20944     1.67552    8.63443e-08
0.418879     1.67552    7.75346e-07
0.628319     1.67552    2.28191e-06
0.837758     1.67552    4.08219e-06
1.0472     1.67552    5.03832e-06
1.25664     1.67552    4.49657e-06
1.46608     1.67552    3.10219e-06
1.67552     1.67552    1.78767e-06
1.88496     1.67552    9.29711e-07
2.0944     1.67552    5.3729e-07
2.30383     1.67552    6.33571e-07
2.51327     1.67552    1.52706e-06
2.72271     1.67552    3.57114e-06
2.93215     1.67552    6.46208e-06
3.14159     1.67552    8.6474e-06

-3.14159     1.88496    8.70361e-06
-2.93215     1.88496    8.12225e-06
-2.72271     1.88496    5.85916e-06
-2.51327     1.88496    3.61442e-06
-2.30383     1.88496    2.39789e-06
-2.0944     1.88496    2.19693e-06
-1.88496     1.88496    2.78436e-06
-1.67552     1.88496    4.08919e-06
-1.46608     1.88496    5.82402e-06
-1.25664     1.88496    7.09632e-06
-1.0472     1.88496    6.70824e-06
-0.837758     1.88496    4.63227e-06
-0.628319     1.88496    2.23756e-06
-0.418879     1.88496    6.33281e-07
-0.20944     1.88496    1.83999e-07
0     1.88496    4.84769e-07
0.20944     1.88496    1.59785e-07
0.418879     1.88496    6.32994e-07
0.628319     1.88496    2.24137e-06
0.837758     1.88496    4.63016e-06
1.0472     1.88496    6.70845e-06
1.25664     1.88496    7.1003e-06
1.46608     1.88496    5.82782e-06
1.67552     1.88496    4.08411e-06
1.88496     1.88496    2.78579e-06
2.0944     1.88496    2.19173e-06
2.30383     1.88496    2.3959e-06
2.51327     1.88496    3.61301e-06
2.72271     1.88496    5.86252e-06
2.93215     1.88496    8.12444e-06
3.14159     1.88496    8.70307e-06

-3.14159     2.0944    8.44957e-06
-2.93215     2.0944    9.66849e-06
-2.72271     2.0944    8.71731e-06
-2.51327     2.0944    6.82393e-06
-2.30383     2.0944    5.42955e-06
-2.0944     2.0944    5.1349e-06
-1.88496     2.0944    5.93906e-06
-1.67552     2.0944    7.56873e-06
-1.46608     2.0944    9.26937e-06
-1.25664     2.0944    9.68071e-06
-1.0472     2.0944    7.9245e-06
-0.837758     2.0944    4.79646e-06
-0.628319     2.0944    2.07834e-06
-0.418879     2.0944    5.11972e-07
-0.20944     2.0944    1.59827e-07
0     2.0944    3.10227e-07
0.20944     2.0944    1.80115e-07
0.418879     2.0944    5.09655e-07
0.628319     2.0944    2.07706e-06
0.837758     2.0944    4.80059e-06
1.0472     2.0944    7.92505e-06
1.25664     2.0944    9.67423e-06
1.46608     2.0944    9.27269e-06
1.67552     2.0944    7.57133e-06
1.88496     2.0944    5.93916e-06
2.0944     2.0944    5.1291e-06
2.30383     2.0944    5.43115e-06
2.51327     2.0944    6.82368e-06
2.72271     2.0944    8.72134e-06
2.93215     2.0944    9.6679e-06
3.14159     2.0944    8.44873e-06

-3.14159     2.30383    8.15903e-06
-2.93215     2.30383    1.09581e-05
-2.72271     2.30383    1.16897e-05
-2.51327     2.30383    1.08047e-05
-2.30383     2.30383    9.69249e-06
-2.0944     2.30383    9.44052e-06
-1.88496     2.30383    1.02984e-05
-1.67552     2.30383    1.17608e-05
-1.46608     2.30383    1.26474e-05
-1.25664     2.30383    1.17146e-05
-1.0472     2.30383    8.63079e-06
-0.837758     2.30383    4.7818e-06
-0.628319     2.30383    1.93429e-06
-0.418879     2.30383    3.87368e-07
-0.20944     2.30383    2.71764e-07
0     2.30383    6.38059e-07
0.20944     2.30383    2.68774e-07
0.418879     2.30383    3.85681e-07
0.628319     2.30383    1.93916e-06
0.837758     2.30383    4.79017e-06
1.0472     2.30383    8.62842e-06
1.25664     2.30383    1.17084e-05
1.46608     2.30383    1.26515e-05
1.67552     2.30383    1.17667e-05
1.88496     2.30383    1.03031e-05
2.0944     2.30383    9.43768e-06
2.30383     2.30383    9.69543e-06
2.51327     2.30383    1.08102e-05
2.72271     2.30383    1.16861e-05
2.93215     2.30383    1.09548e-05
3.14159     2.30383    8.16102e-06

-3.14159     2.51327    8.26453e-06
-2.93215     2.51327    1.21404e-05
-2.72271     2.51327    1.44031e-05
-2.51327     2.51327    1.48827e-05
-2.30383     2.51327    1.45483e-05
-2.0944     2.51327    1.45071e-05
-1.88496     2.51327    1.50658e-05
-1.67552     2.51327    1.56591e-05
-1.46608     2.51327    1.53059e-05
-1.25664     2.51327    1.31482e-05
-1.0472     2.51327    9.11317e-06
-0.837758     2.51327    4.90555e-06
-0.628319     2.51327    1.98802e-06
-0.418879     2.51327    4.45218e-07
-0.20944     2.51327    2.95896e-07
0     2.51327    4.21949e-07
0.20944     2.51327    2.88563e-07
0.418879     2.51327    4.43753e-07
0.628319     2.51327    1.99237e-06
0.837758     2.51327    4.91e-06
1.0472     2.51327    9.11191e-06
1.25664     2.51327    1.31478e-05
1.46608     2.51327    1.53089e-05
1.67552     2.51327    1.56569e-05
1.88496     2.51327    1.50706e-05
2.0944     2.51327    1.44998e-05
2.30383     2.51327    1.45463e-05
2.51327     2.51327    1.48856e-05
2.72271     2.51327    1.44035e-05
2.93215     2.51327    1.21406e-05
3.14159     2.51327    8.26984e-06

-3.14159     2.72271    9.14291e-06
-2.93215     2.72271    1.35325e-05
-2.72271     2.72271    1.67978e-05
-2.51327     2.72271    1.84128e-05
-2.30383     2.72271    1.8949e-05
-2.0944     2.72271    1.90943e-05
-1.88496     2.72271    1.90356e-05
-1.67552     2.72271    1.86122e-05
-1.46608     2.72271    1.73209e-05
-1.25664     2.72271    1.43663e-05
-1.0472     2.72271    9.84597e-06
-0.837758     2.72271    5.5012e-06
-0.628319     2.72271    2.4974e-06
-0.418879     2.72271    7.9281e-07
-0.20944     2.72271    1.93273e-08
0     2.72271    3.64359e-07
0.20944     2.72271    3.15103e-08
0.418879     2.72271    7.94222e-07
0.628319     2.72271    2.49602e-06
0.837758     2.72271    5.49644e-06
1.0472     2.72271    9.84995e-06
1.25664     2.72271    1.43582e-05
1.46608     2.72271    1.7327e-05
1.67552     2.72271    1.86101e-05
1.88496     2.72271    1.9032e-05
2.0944     2.72271    1.90876e-05
2.30383     2.72271    1.89494e-05
2.51327     2.72271    1.84079e-05
2.72271     2.72271    1.68002e-05
2.93215     2.72271    1.35309e-05
3.14159     2.72271    9.14623e-06

-3.14159     2.93215    1.10287e-05
-2.93215     2.93215    1.54622e-05
-2.72271     2.93215    1.90495e-05
-2.51327     2.93215    2.10675e-05
-2.30383     2.93215    2.18301e-05
-2.0944     2.93215    2.1814e-05
-1.88496     2.93215    2.13813e-05
-1.67552     2.93215    2.0651e-05
-1.46608     2.93215    1.9116e-05
-1.25664     2.93215    1.58708e-05
-1.0472     2.93215    1.12746e-05
-0.837758     2.93215    6.95031e-06
-0.628319     2.93215    3.81396e-06
-0.418879     2.93215    1.89246e-06
-0.20944     2.93215    8.33554e-07
0     2.93215    6.25496e-07
0.20944     2.93215    8.46563e-07
0.418879     2.93215    1.89172e-06
0.628319     2.93215    3.82237e-06
0.837758     2.93215    6.95108e-06
1.0472     2.93215    1.12805e-05
1.25664     2.93215    1.58709e-05
1.46608     2.93215    1.91123e-05
1.67552     2.93215    2.06494e-05
1.88496     2.93215    2.13801e-05
2.0944     2.93215    2.18179e-05
2.30383     2.93215    2.18337e-05
2.51327     2.93215    2.10718e-05
2.72271     2.93215    1.9051e-05
2.93215     2.93215    1.54593e-05
3.14159     2.93215    1.10305e-05

-3.14159     3.14159    1.38827e-05
-2.93215     3.14159    1.78371e-05
-2.72271     3.14159    2.0927e-05
-2.51327     3.14159    2.2403e-05
-2.30383     3.14159    2.25453e-05
-2.0944     3.14159    2.22022e-05
-1.88496     3.14159    2.20151e-05
-1.67552     3.14159    2.18417e-05
-1.46608     3.14159    2.07877e-05
-1.25664     3.14159    1.78347e-05
-1.0472     3.14159    1.35878e-05
-0.837758     3.14159    9.52242e-06
-0.628319     3.14159    6.37491e-06
-0.418879     3.14159    4.24546e-06
-0.20944     3.14159    3.14117e-06
0     3.14159    2.71439e-06
0.20944     3.14159    3.13432e-06
0.418879     3.14159    4.24614e-06
0.628319     3.14159    6.37532e-06
0.837758     3.14159    9.52073e-06
1.0472     3.14159    1.35841e-05
1.25664     3.14159    1.78357e-05
1.46608     3.14159    2.07839e-05
1.67552     3.14159    2.1842e-05
1.88496     3.14159    2.20122e-05
2.0944     3.14159    2.21997e-05
2.30383     3.14159    2.25567e-05
2.51327     3.14159    2.24078e-05
2.72271     3.14159    2.09241e-05
2.93215     3.14159    1.78386e-05
3.14159     3.14159    1.38857e-05

