-3.14159     -3.14159    4.75259e-10
-2.93215     -3.14159    6.6991e-10
-2.72271     -3.14159    3.91792e-10
-2.51327     -3.14159    2.03572e-09
-2.30383     -3.14159    4.04381e-09
-2.0944     -3.14159    1.188e-09
-1.88496     -3.14159    1.56594e-09
-1.67552     -3.14159    1.0663e-09
-1.46608     -3.14159    3.32231e-10
-1.25664     -3.14159    7.60583e-10
-1.0472     -3.14159    6.03374e-10
-0.837758     -3.14159    3.34072e-10
-0.628319     -3.14159    8.0316e-10
-0.418879     -3.14159    9.8043e-11
-0.20944     -3.14159    5.17677e-09
0     -3.14159    1.50554e-09
0.20944     -3.14159    5.24225e-09
0.418879     -3.14159    2.52062e-10
0.628319     -3.14159    9.07892e-10
0.837758     -3.14159    2.80171e-10
1.0472     -3.14159    5.3568e-10
1.25664     -3.14159    8.61856e-10
1.46608     -3.14159    1.29455e-09
1.67552     -3.14159    9.91259e-10
1.88496     -3.14159    2.20502e-09
2.0944     -3.14159    1.51393e-09
2.30383     -3.14159    1.12578e-09
2.51327     -3.14159    6.41115e-10
2.72271     -3.14159    1.74738e-09
2.93215     -3.14159    4.34827e-10
3.14159     -3.14159    3.85927e-10

-3.14159     -2.93215    3.07566e-10
-2.93215     -2.93215    3.41655e-10
-2.72271     -2.93215    6.57181e-10
-2.51327     -2.93215    2.23216e-10
-2.30383     -2.93215    2.04623e-09
-2.0944     -2.93215    5.77552e-10
-1.88496     -2.93215    6.20759e-10
-1.67552     -2.93215    5.55997e-10
-1.46608     -2.93215    8.61283e-10
-1.25664     -2.93215    5.82568e-10
-1.0472     -2.93215    7.68674e-10
-0.837758     -2.93215    3.22954e-10
-0.628319     -2.93215    6.29287e-10
-0.418879     -2.93215    1.988e-09
-0.20944     -2.93215    3.60073e-09
0     -2.93215    9.3589e-09
0.20944     -2.93215    4.3663e-09
0.418879     -2.93215    1.93981e-09
0.628319     -2.93215    7.33728e-10
0.837758     -2.93215    2.94404e-10
1.0472     -2.93215    3.81793e-10
1.25664     -2.93215    4.28895e-10
1.46608     -2.93215    6.57426e-10
1.67552     -2.93215    1.04917e-09
1.88496     -2.93215    2.3938e-09
2.0944     -2.93215    1.84452e-09
2.30383     -2.93215    1.15076e-09
2.51327     -2.93215    1.88174e-09
2.72271     -2.93215    7.33851e-10
2.93215     -2.93215    5.19047e-10
3.14159     -2.93215    3.83923e-10

-3.14159     -2.72271    5.83875e-10
-2.93215     -2.72271    3.50907e-10
-2.72271     -2.72271    7.02343e-10
-2.51327     -2.72271    8.29846e-10
-2.30383     -2.72271    4.24856e-10
-2.0944     -2.72271    8.31064e-10
-1.88496     -2.72271    1.33408e-09
-1.67552     -2.72271    3.84971e-10
-1.46608     -2.72271    9.22219e-10
-1.25664     -2.72271    3.95701e-10
-1.0472     -2.72271    5.98493e-10
-0.837758     -2.72271    4.16512e-10
-0.628319     -2.72271    3.3984e-10
-0.418879     -2.72271    1.99882e-09
-0.20944     -2.72271    3.51105e-09
0     -2.72271    1.90547e-08
0.20944     -2.72271    2.61886e-09
0.418879     -2.72271    2.5027e-09
0.628319     -2.72271    2.40755e-10
0.837758     -2.72271    3.1031e-10
1.0472     -2.72271    4.66077e-10
1.25664     -2.72271    3.65635e-10
1.46608     -2.72271    6.42321e-10
1.67552     -2.72271    2.13114e-10
1.88496     -2.72271    7.24109e-10
2.0944     -2.72271    1.33469e-09
2.30383     -2.72271    1.26824e-09
2.51327     -2.72271    1.45214e-09
2.72271     -2.72271    4.67849e-10
2.93215     -2.72271    5.86041e-10
3.14159     -2.72271    2.43944e-10

-3.14159     -2.51327    5.5028e-10
-2.93215     -2.51327    3.79394e-10
-2.72271     -2.51327    4.75617e-10
-2.51327     -2.51327    7.31214e-10
-2.30383     -2.51327    8.31142e-10
-2.0944     -2.51327    1.76927e-09
-1.88496     -2.51327    1.01753e-09
-1.67552     -2.51327    1.12038e-10
-1.46608     -2.51327    7.73926e-11
-1.25664     -2.51327    2.21784e-10
-1.0472     -2.51327    3.44838e-10
-0.837758     -2.51327    6.28532e-10
-0.628319     -2.51327    6.73228e-10
-0.418879     -2.51327    4.22149e-09
-0.20944     -2.51327    7.31536e-10
0     -2.51327    2.51666e-08
0.20944     -2.51327    1.98577e-09
0.418879     -2.51327    3.62858e-09
0.628319     -2.51327    3.70083e-10
0.837758     -2.51327    2.58725e-10
1.0472     -2.51327    4.6819e-10
1.25664     -2.51327    5.66517e-10
1.46608     -2.51327    5.92407e-10
1.67552     -2.51327    6.2064e-10
1.88496     -2.51327    9.15584e-10
2.0944     -2.51327    3.0237e-10
2.30383     -2.51327    2.32922e-10
2.51327     -2.51327    2.36286e-10
2.72271     -2.51327    1.03964e-09
2.93215     -2.51327    3.14269e-10
3.14159     -2.51327    2.87045e-10

-3.14159     -2.30383    1.69432e-09
-2.93215     -2.30383    1.13299e-09
-2.72271     -2.30383    3.01131e-10
-2.51327     -2.30383    7.78907e-10
-2.30383     -2.30383    5.34882e-10
-2.0944     -2.30383    3.89898e-10
-1.88496     -2.30383    2.21031e-10
-1.67552     -2.30383    1.15947e-09
-1.46608     -2.30383    2.71836e-10
-1.25664     -2.30383    2.53968e-10
-1.0472     -2.30383    1.17687e-10
-0.837758     -2.30383    7.18177e-10
-0.628319     -2.30383    1.39494e-09
-0.418879     -2.30383    4.0124e-09
-0.20944     -2.30383    1.37005e-09
0     -2.30383    2.8567e-08
0.20944     -2.30383    5.06465e-10
0.418879     -2.30383    4.30009e-09
0.628319     -2.30383    5.22809e-10
0.837758     -2.30383    2.13203e-10
1.0472     -2.30383    9.52518e-10
1.25664     -2.30383    2.17349e-10
1.46608     -2.30383    6.80606e-10
1.67552     -2.30383    7.0326e-10
1.88496     -2.30383    3.17673e-10
2.0944     -2.30383    1.25671e-09
2.30383     -2.30383    7.57175e-10
2.51327     -2.30383    5.7083e-10
2.72271     -2.30383    4.43192e-10
2.93215     -2.30383    3.21888e-10
3.14159     -2.30383    6.73568e-10

-3.14159     -2.0944    8.07834e-10
-2.93215     -2.0944    1.25354e-10
-2.72271     -2.0944    6.29522e-10
-2.51327     -2.0944    2.74598e-10
-2.30383     -2.0944    8.92693e-10
-2.0944     -2.0944    8.9077e-10
-1.88496     -2.0944    4.2493e-10
-1.67552     -2.0944    4.03715e-10
-1.46608     -2.0944    8.33516e-10
-1.25664     -2.0944    5.99311e-10
-1.0472     -2.0944    2.12088e-10
-0.837758     -2.0944    1.00825e-09
-0.628319     -2.0944    1.08524e-09
-0.418879     -2.0944    4.36221e-09
-0.20944     -2.0944    2.73362e-09
0     -2.0944    2.72469e-08
0.20944     -2.0944    2.14778e-09
0.418879     -2.0944    2.69213e-09
0.628319     -2.0944    5.8531e-10
0.837758     -2.0944    3.00454e-10
1.0472     -2.0944    2.10513e-10
1.25664     -2.0944    1.57027e-10
1.46608     -2.0944    1.36654e-10
1.67552     -2.0944    2.15163e-10
1.88496     -2.0944    1.03647e-10
2.0944     -2.0944    5.00742e-10
2.30383     -2.0944    2.06092e-10
2.51327     -2.0944    6.21232e-10
2.72271     -2.0944    4.65862e-10
2.93215     -2.0944    5.91394e-10
3.14159     -2.0944    3.79327e-10

-3.14159     -1.88496    2.0981e-10
-2.93215     -1.88496    6.82882e-10
-2.72271     -1.88496    6.48718e-10
-2.51327     -1.88496    7.38371e-10
-2.30383     -1.88496    2.79169e-10
-2.0944     -1.88496    8.43092e-10
-1.88496     -1.88496    6.60737e-10
-1.67552     -1.88496    3.81556e-10
-1.46608     -1.88496    5.5543e-11
-1.25664     -1.88496    1.53953e-10
-1.0472     -1.88496    5.9673e-10
-0.837758     -1.88496    3.27818e-10
-0.628319     -1.88496    7.77022e-10
-0.418879     -1.88496    2.35741e-09
-0.20944     -1.88496    3.55256e-09
0     -1.88496    1.99768e-08
0.20944     -1.88496    4.405e-09
0.418879     -1.88496    3.30716e-09
0.628319     -1.88496    9.95371e-10
0.837758     -1.88496    6.16888e-10
1.0472     -1.88496    1.67194e-10
1.25664     -1.88496    3.1487e-10
1.46608     -1.88496    8.24265e-10
1.67552     -1.88496    7.93658e-11
1.88496     -1.88496    6.68579e-10
2.0944     -1.88496    1.19985e-09
2.30383     -1.88496    6.03225e-10
2.51327     -1.88496    4.44632e-10
2.72271     -1.88496    6.34416e-10
2.93215     -1.88496    2.10684e-10
3.14159     -1.88496    3.31489e-10

-3.14159     -1.67552    1.5147e-10
-2.93215     -1.67552    9.34622e-10
-2.72271     -1.67552    3.10025e-10
-2.51327     -1.67552    2.54183e-10
-2.30383     -1.67552    7.8084e-10
-2.0944     -1.67552    5.17892e-10
-1.88496     -1.67552    5.8302e-10
-1.67552     -1.67552    1.55195e-10
-1.46608     -1.67552    3.0682e-10
-1.25664     -1.67552    5.17138e-10
-1.0472     -1.67552    8.33446e-10
-0.837758     -1.67552    6.71127e-10
-0.628319     -1.67552    6.37405e-10
-0.418879     -1.67552    1.21839e-09
-0.20944     -1.67552    5.38295e-09
0     -1.67552    9.5871e-09
0.20944     -1.67552    8.33956e-09
0.418879     -1.67552    6.31024e-10
0.628319     -1.67552    1.58295e-09
0.837758     -1.67552    1.29825e-09
1.0472     -1.67552    1.06248e-09
1.25664     -1.67552    6.6438e-10
1.46608     -1.67552    9.32746e-10
1.67552     -1.67552    4.24872e-10
1.88496     -1.67552    9.02312e-10
2.0944     -1.67552    2.84154e-10
2.30383     -1.67552    1.02689e-09
2.51327     -1.67552    3.98111e-11
2.72271     -1.67552    3.1837e-10
2.93215     -1.67552    9.00014e-10
3.14159     -1.67552    4.69359e-10

-3.14159     -1.46608    1.36536e-09
-2.93215     -1.46608    9.61839e-10
-2.72271     -1.46608    1.05453e-09
-2.51327     -1.46608    2.54596e-09
-2.30383     -1.46608    9.93779e-10
-2.0944     -1.46608    8.80712e-11
-1.88496     -1.46608    1.02577e-09
-1.67552     -1.46608    1.34226e-09
-1.46608     -1.46608    9.01818e-11
-1.25664     -1.46608    6.61371e-10
-1.0472     -1.46608    2.29514e-10
-0.837758     -1.46608    1.22645e-09
-0.628319     -1.46608    1.16563e-09
-0.418879     -1.46608    8.17136e-10
-0.20944     -1.46608    7.2246e-09
0     -1.46608    8.96733e-09
0.20944     -1.46608    1.0762e-08
0.418879     -1.46608    3.61702e-10
0.628319     -1.46608    8.58784e-10
0.837758     -1.46608    2.49691e-10
1.0472     -1.46608    9.40877e-10
1.25664     -1.46608    9.98075e-10
1.46608     -1.46608    6.69437e-10
1.67552     -1.46608    5.55724e-10
1.88496     -1.46608    5.34343e-10
2.0944     -1.46608    5.01622e-10
2.30383     -1.46608    1.90921e-09
2.51327     -1.46608    1.63072e-09
2.72271     -1.46608    9.65851e-10
2.93215     -1.46608    5.84627e-10
3.14159     -1.46608    4.38981e-10

-3.14159     -1.25664    1.3579e-09
-2.93215     -1.25664    8.55816e-10
-2.72271     -1.25664    2.23913e-09
-2.51327     -1.25664    5.34756e-10
-2.30383     -1.25664    1.09985e-09
-2.0944     -1.25664    6.64104e-11
-1.88496     -1.25664    4.43929e-10
-1.67552     -1.25664    1.99493e-09
-1.46608     -1.25664    1.57981e-09
-1.25664     -1.25664    3.02468e-10
-1.0472     -1.25664    5.61579e-10
-0.837758     -1.25664    1.05485e-09
-0.628319     -1.25664    2.04105e-09
-0.418879     -1.25664    5.70716e-09
-0.20944     -1.25664    4.63668e-09
0     -1.25664    3.00628e-08
0.20944     -1.25664    6.44355e-09
0.418879     -1.25664    2.23663e-09
0.628319     -1.25664    2.32202e-09
0.837758     -1.25664    1.98861e-09
1.0472     -1.25664    1.12364e-09
1.25664     -1.25664    1.69313e-09
1.46608     -1.25664    1.66383e-09
1.67552     -1.25664    1.89121e-09
1.88496     -1.25664    8.80782e-10
2.0944     -1.25664    9.04127e-10
2.30383     -1.25664    7.43863e-10
2.51327     -1.25664    1.48076e-09
2.72271     -1.25664    9.42067e-10
2.93215     -1.25664    7.07727e-10
3.14159     -1.25664    6.17228e-10

-3.14159     -1.0472    5.54491e-10
-2.93215     -1.0472    7.72721e-10
-2.72271     -1.0472    9.62083e-10
-2.51327     -1.0472    1.17705e-09
-2.30383     -1.0472    1.58501e-09
-2.0944     -1.0472    7.05961e-10
-1.88496     -1.0472    6.50317e-10
-1.67552     -1.0472    1.2949e-09
-1.46608     -1.0472    1.1751e-09
-1.25664     -1.0472    1.16659e-09
-1.0472     -1.0472    1.14583e-09
-0.837758     -1.0472    8.33424e-10
-0.628319     -1.0472    1.03546e-09
-0.418879     -1.0472    6.53577e-09
-0.20944     -1.0472    4.45229e-09
0     -1.0472    5.13022e-08
0.20944     -1.0472    2.74152e-09
0.418879     -1.0472    7.07368e-09
0.628319     -1.0472    6.88003e-12
0.837758     -1.0472    1.37266e-09
1.0472     -1.0472    7.37536e-10
1.25664     -1.0472    1.90235e-09
1.46608     -1.0472    8.49736e-10
1.67552     -1.0472    5.84673e-10
1.88496     -1.0472    1.0491e-09
2.0944     -1.0472    1.63437e-09
2.30383     -1.0472    1.20513e-09
2.51327     -1.0472    1.07245e-09
2.72271     -1.0472    4.35105e-10
2.93215     -1.0472    3.60755e-10
3.14159     -1.0472    1.90337e-10

-3.14159     -0.837758    4.81822e-10
-2.93215     -0.837758    2.07701e-10
-2.72271     -0.837758    5.38318e-10
-2.51327     -0.837758    9.84765e-10
-2.30383     -0.837758    1.18661e-10
-2.0944     -0.837758    2.21751e-10
-1.88496     -0.837758    8.02906e-10
-1.67552     -0.837758    4.24353e-10
-1.46608     -0.837758    4.79039e-10
-1.25664     -0.837758    1.55333e-09
-1.0472     -0.837758    8.76326e-10
-0.837758     -0.837758    1.48555e-09
-0.628319     -0.837758    2.42543e-09
-0.418879     -0.837758    1.01502e-08
-0.20944     -0.837758    2.58767e-09
0     -0.837758    7.54945e-08
0.20944     -0.837758    9.13622e-10
0.418879     -0.837758    8.17044e-09
0.628319     -0.837758    4.27613e-09
0.837758     -0.837758    2.09623e-09
1.0472     -0.837758    3.72514e-09
1.25664     -0.837758    2.1686e-09
1.46608     -0.837758    9.28347e-10
1.67552     -0.837758    9.81762e-10
1.88496     -0.837758    4.78043e-10
2.0944     -0.837758    9.19858e-10
2.30383     -0.837758    1.12354e-09
2.51327     -0.837758    7.56116e-10
2.72271     -0.837758    6.99462e-11
2.93215     -0.837758    7.37477e-10
3.14159     -0.837758    2.8861e-10

-3.14159     -0.628319    4.46296e-10
-2.93215     -0.628319    4.27317e-10
-2.72271     -0.628319    6.37907e-10
-2.51327     -0.628319    4.64965e-10
-2.30383     -0.628319    5.24275e-10
-2.0944     -0.628319    1.75859e-09
-1.88496     -0.628319    6.14247e-10
-1.67552     -0.628319    6.76021e-10
-1.46608     -0.628319    2.68497e-09
-1.25664     -0.628319    1.69629e-09
-1.0472     -0.628319    3.52411e-09
-0.837758     -0.628319    1.61432e-09
-0.628319     -0.628319    3.25647e-09
-0.418879     -0.628319    9.93956e-09
-0.20944     -0.628319    2.86488e-08
0     -0.628319    9.77256e-08
0.20944     -0.628319    1.98492e-08
0.418879     -0.628319    1.37374e-08
0.628319     -0.628319    2.22312e-09
0.837758     -0.628319    1.83229e-09
1.0472     -0.628319    3.24452e-09
1.25664     -0.628319    1.38216e-09
1.46608     -0.628319    1.38962e-09
1.67552     -0.628319    9.15682e-10
1.88496     -0.628319    1.14464e-09
2.0944     -0.628319    7.53083e-10
2.30383     -0.628319    4.47046e-10
2.51327     -0.628319    5.04692e-10
2.72271     -0.628319    3.40708e-10
2.93215     -0.628319    1.11e-10
3.14159     -0.628319    4.22627e-10

-3.14159     -0.418879    3.2262e-10
-2.93215     -0.418879    4.90976e-10
-2.72271     -0.418879    4.19259e-10
-2.51327     -0.418879    8.77839e-10
-2.30383     -0.418879    6.38704e-10
-2.0944     -0.418879    5.08515e-10
-1.88496     -0.418879    4.89386e-10
-1.67552     -0.418879    1.36072e-09
-1.46608     -0.418879    9.43873e-10
-1.25664     -0.418879    2.64391e-09
-1.0472     -0.418879    2.25546e-09
-0.837758     -0.418879    3.60858e-09
-0.628319     -0.418879    4.11708e-09
-0.418879     -0.418879    2.2611e-08
-0.20944     -0.418879    3.07149e-08
0     -0.418879    1.36804e-07
0.20944     -0.418879    2.49032e-08
0.418879     -0.418879    3.69403e-08
0.628319     -0.418879    1.70679e-08
0.837758     -0.418879    1.05444e-09
1.0472     -0.418879    9.87515e-10
1.25664     -0.418879    1.53207e-10
1.46608     -0.418879    6.19481e-10
1.67552     -0.418879    7.00437e-10
1.88496     -0.418879    1.485e-10
2.0944     -0.418879    8.22855e-10
2.30383     -0.418879    1.99246e-10
2.51327     -0.418879    9.8695e-10
2.72271     -0.418879    2.76981e-10
2.93215     -0.418879    4.45822e-10
3.14159     -0.418879    2.76903e-10

-3.14159     -0.20944    4.06732e-10
-2.93215     -0.20944    1.90213e-10
-2.72271     -0.20944    3.63198e-10
-2.51327     -0.20944    3.57548e-10
-2.30383     -0.20944    5.26884e-10
-2.0944     -0.20944    4.60591e-10
-1.88496     -0.20944    4.4682e-10
-1.67552     -0.20944    1.04389e-09
-1.46608     -0.20944    5.99509e-10
-1.25664     -0.20944    1.60897e-09
-1.0472     -0.20944    1.73274e-09
-0.837758     -0.20944    8.05193e-10
-0.628319     -0.20944    1.31618e-08
-0.418879     -0.20944    6.28891e-08
-0.20944     -0.20944    1.38009e-07
0     -0.20944    3.29925e-07
0.20944     -0.20944    2.23112e-07
0.418879     -0.20944    2.64435e-08
0.628319     -0.20944    3.01068e-08
0.837758     -0.20944    1.3753e-09
1.0472     -0.20944    2.77122e-09
1.25664     -0.20944    2.05255e-09
1.46608     -0.20944    3.02319e-10
1.67552     -0.20944    5.66902e-10
1.88496     -0.20944    6.69867e-10
2.0944     -0.20944    3.46439e-10
2.30383     -0.20944    1.25731e-10
2.51327     -0.20944    6.52215e-10
2.72271     -0.20944    5.64387e-10
2.93215     -0.20944    5.43339e-11
3.14159     -0.20944    2.25143e-10

-3.14159     0    2.85409e-10
-2.93215     0    8.57818e-10
-2.72271     0    6.32082e-10
-2.51327     0    5.4196e-10
-2.30383     0    5.98491e-10
-2.0944     0    5.15736e-10
-1.88496     0    1.27693e-09
-1.67552     0    3.66145e-10
-1.46608     0    1.46513e-09
-1.25664     0    1.6585e-09
-1.0472     0    8.49645e-10
-0.837758     0    3.58113e-09
-0.628319     0    2.94186e-08
-0.418879     0    9.11957e-08
-0.20944     0    2.23118e-07
0     0    3.33499e-16
0.20944     0    2.23118e-07
0.418879     0    9.11957e-08
0.628319     0    2.94186e-08
0.837758     0    3.58113e-09
1.0472     0    8.49645e-10
1.25664     0    1.6585e-09
1.46608     0    1.46513e-09
1.67552     0    3.66145e-10
1.88496     0    1.27693e-09
2.0944     0    5.15736e-10
2.30383     0    5.98491e-10
2.51327     0    5.4196e-10
2.72271     0    6.32082e-10
2.93215     0    8.57818e-10
3.14159     0    2.85409e-10

-3.14159     0.20944    2.25143e-10
-2.93215     0.20944    5.43339e-11
-2.72271     0.20944    5.64387e-10
-2.51327     0.20944    6.52215e-10
-2.30383     0.20944    1.25731e-10
-2.0944     0.20944    3.46439e-10
-1.88496     0.20944    6.69867e-10
-1.67552     0.20944    5.66902e-10
-1.46608     0.20944    3.02319e-10
-1.25664     0.20944    2.05255e-09
-1.0472     0.20944    2.77122e-09
-0.837758     0.20944    1.3753e-09
-0.628319     0.20944    3.01068e-08
-0.418879     0.20944    2.64435e-08
-0.20944     0.20944    2.23112e-07
0     0.20944    3.29925e-07
0.20944     0.20944    1.38009e-07
0.418879     0.20944    6.28891e-08
0.628319     0.20944    1.31618e-08
0.837758     0.20944    8.05193e-10
1.0472     0.20944    1.73274e-09
1.25664     0.20944    1.60897e-09
1.46608     0.20944    5.99509e-10
1.67552     0.20944    1.04389e-09
1.88496     0.20944    4.4682e-10
2.0944     0.20944    4.60591e-10
2.30383     0.20944    5.26884e-10
2.51327     0.20944    3.57548e-10
2.72271     0.20944    3.63198e-10
2.93215     0.20944    1.90213e-10
3.14159     0.20944    4.06732e-10

-3.14159     0.418879    2.76903e-10
-2.93215     0.418879    4.45822e-10
-2.72271     0.418879    2.76981e-10
-2.51327     0.418879    9.8695e-10
-2.30383     0.418879    1.99246e-10
-2.0944     0.418879    8.22855e-10
-1.88496     0.418879    1.485e-10
-1.67552     0.418879    7.00437e-10
-1.46608     0.418879    6.19481e-10
-1.25664     0.418879    1.53207e-10
-1.0472     0.418879    9.87515e-10
-0.837758     0.418879    1.05444e-09
-0.628319     0.418879    1.70679e-08
-0.418879     0.418879    3.69403e-08
-0.20944     0.418879    2.49032e-08
0     0.418879    1.36804e-07
0.20944     0.418879    3.07149e-08
0.418879     0.418879    2.2611e-08
0.628319     0.418879    4.11708e-09
0.837758     0.418879    3.60858e-09
1.0472     0.418879    2.25546e-09
1.25664     0.418879    2.64391e-09
1.46608     0.418879    9.43873e-10
1.67552     0.418879    1.36072e-09
1.88496     0.418879    4.89386e-10
2.0944     0.418879    5.08515e-10
2.30383     0.418879    6.38704e-10
2.51327     0.418879    8.77839e-10
2.72271     0.418879    4.19259e-10
2.93215     0.418879    4.90976e-10
3.14159     0.418879    3.2262e-10

-3.14159     0.628319    4.22627e-10
-2.93215     0.628319    1.11e-10
-2.72271     0.628319    3.40708e-10
-2.51327     0.628319    5.04692e-10
-2.30383     0.628319    4.47046e-10
-2.0944     0.628319    7.53083e-10
-1.88496     0.628319    1.14464e-09
-1.67552     0.628319    9.15682e-10
-1.46608     0.628319    1.38962e-09
-1.25664     0.628319    1.38216e-09
-1.0472     0.628319    3.24452e-09
-0.837758     0.628319    1.83229e-09
-0.628319     0.628319    2.22312e-09
-0.418879     0.628319    1.37374e-08
-0.20944     0.628319    1.98492e-08
0     0.628319    9.77256e-08
0.20944     0.628319    2.86488e-08
0.418879     0.628319    9.93956e-09
0.628319     0.628319    3.25647e-09
0.837758     0.628319    1.61432e-09
1.0472     0.628319    3.52411e-09
1.25664     0.628319    1.69629e-09
1.46608     0.628319    2.68497e-09
1.67552     0.628319    6.76021e-10
1.88496     0.628319    6.14247e-10
2.0944     0.628319    1.75859e-09
2.30383     0.628319    5.24275e-10
2.51327     0.628319    4.64965e-10
2.72271     0.628319    6.37907e-10
2.93215     0.628319    4.27317e-10
3.14159     0.628319    4.46296e-10

-3.14159     0.837758    2.8861e-10
-2.93215     0.837758    7.37477e-10
-2.72271     0.837758    6.99462e-11
-2.51327     0.837758    7.56116e-10
-2.30383     0.837758    1.12354e-09
-2.0944     0.837758    9.19858e-10
-1.88496     0.837758    4.78043e-10
-1.67552     0.837758    9.81762e-10
-1.46608     0.837758    9.28347e-10
-1.25664     0.837758    2.1686e-09
-1.0472     0.837758    3.72514e-09
-0.837758     0.837758    2.09623e-09
-0.628319     0.837758    4.27613e-09
-0.418879     0.837758    8.17044e-09
-0.20944     0.837758    9.13622e-10
0     0.837758    7.54945e-08
0.20944     0.837758    2.58767e-09
0.418879     0.837758    1.01502e-08
0.628319     0.837758    2.42543e-09
0.837758     0.837758    1.48555e-09
1.0472     0.837758    8.76326e-10
1.25664     0.837758    1.55333e-09
1.46608     0.837758    4.79039e-10
1.67552     0.837758    4.24353e-10
1.88496     0.837758    8.02906e-10
2.0944     0.837758    2.21751e-10
2.30383     0.837758    1.18661e-10
2.51327     0.837758    9.84765e-10
2.72271     0.837758    5.38318e-10
2.93215     0.837758    2.07701e-10
3.14159     0.837758    4.81822e-10

-3.14159     1.0472    1.90337e-10
-2.93215     1.0472    3.60755e-10
-2.72271     1.0472    4.35105e-10
-2.51327     1.0472    1.07245e-09
-2.30383     1.0472    1.20513e-09
-2.0944     1.0472    1.63437e-09
-1.88496     1.0472    1.0491e-09
-1.67552     1.0472    5.84673e-10
-1.46608     1.0472    8.49736e-10
-1.25664     1.0472    1.90235e-09
-1.0472     1.0472    7.37536e-10
-0.837758     1.0472    1.37266e-09
-0.628319     1.0472    6.88003e-12
-0.418879     1.0472    7.07368e-09
-0.20944     1.0472    2.74152e-09
0     1.0472    5.13022e-08
0.20944     1.0472    4.45229e-09
0.418879     1.0472    6.53577e-09
0.628319     1.0472    1.03546e-09
0.837758     1.0472    8.33424e-10
1.0472     1.0472    1.14583e-09
1.25664     1.0472    1.16659e-09
1.46608     1.0472    1.1751e-09
1.67552     1.0472    1.2949e-09
1.88496     1.0472    6.50317e-10
2.0944     1.0472    7.05961e-10
2.30383     1.0472    1.58501e-09
2.51327     1.0472    1.17705e-09
2.72271     1.0472    9.62083e-10
2.93215     1.0472    7.72721e-10
3.14159     1.0472    5.54491e-10

-3.14159     1.25664    6.17228e-10
-2.93215     1.25664    7.07727e-10
-2.72271     1.25664    9.42067e-10
-2.51327     1.25664    1.48076e-09
-2.30383     1.25664    7.43863e-10
-2.0944     1.25664    9.04127e-10
-1.88496     1.25664    8.80782e-10
-1.67552     1.25664    1.89121e-09
-1.46608     1.25664    1.66383e-09
-1.25664     1.25664    1.69313e-09
-1.0472     1.25664    1.12364e-09
-0.837758     1.25664    1.98861e-09
-0.628319     1.25664    2.32202e-09
-0.418879     1.25664    2.23663e-09
-0.20944     1.25664    6.44355e-09
0     1.25664    3.00628e-08
0.20944     1.25664    4.63668e-09
0.418879     1.25664    5.70716e-09
0.628319     1.25664    2.04105e-09
0.837758     1.25664    1.05485e-09
1.0472     1.25664    5.61579e-10
1.25664     1.25664    3.02468e-10
1.46608     1.25664    1.57981e-09
1.67552     1.25664    1.99493e-09
1.88496     1.25664    4.43929e-10
2.0944     1.25664    6.64104e-11
2.30383     1.25664    1.09985e-09
2.51327     1.25664    5.34756e-10
2.72271     1.25664    2.23913e-09
2.93215     1.25664    8.55816e-10
3.14159     1.25664    1.3579e-09

-3.14159     1.46608    4.38981e-10
-2.93215     1.46608    5.84627e-10
-2.72271     1.46608    9.65851e-10
-2.51327     1.46608    1.63072e-09
-2.30383     1.46608    1.90921e-09
-2.0944     1.46608    5.01622e-10
-1.88496     1.46608    5.34343e-10
-1.67552     1.46608    5.55724e-10
-1.46608     1.46608    6.69437e-10
-1.25664     1.46608    9.98075e-10
-1.0472     1.46608    9.40877e-10
-0.837758     1.46608    2.49691e-10
-0.628319     1.46608    8.58784e-10
-0.418879     1.46608    3.61702e-10
-0.20944     1.46608    1.0762e-08
0     1.46608    8.96733e-09
0.20944     1.46608    7.2246e-09
0.418879     1.46608    8.17136e-10
0.628319     1.46608    1.16563e-09
0.837758     1.46608    1.22645e-09
1.0472     1.46608    2.29514e-10
1.25664     1.46608    6.61371e-10
1.46608     1.46608    9.01818e-11
1.67552     1.46608    1.34226e-09
1.88496     1.46608    1.02577e-09
2.0944     1.46608    8.80712e-11
2.30383     1.46608    9.93779e-10
2.51327     1.46608    2.54596e-09
2.72271     1.46608    1.05453e-09
2.93215     1.46608    9.61839e-10
3.14159     1.46608    1.36536e-09

-3.14159     1.67552    4.69359e-10
-2.93215     1.67552    9.00014e-10
-2.72271     1.67552    3.1837e-10
-2.51327     1.67552    3.98111e-11
-2.30383     1.67552    1.02689e-09
-2.0944     1.67552    2.84154e-10
-1.88496     1.67552    9.02312e-10
-1.67552     1.67552    4.24872e-10
-1.46608     1.67552    9.32746e-10
-1.25664     1.67552    6.6438e-10
-1.0472     1.67552    1.06248e-09
-0.837758     1.67552    1.29825e-09
-0.628319     1.67552    1.58295e-09
-0.418879     1.67552    6.31024e-10
-0.20944     1.67552    8.33956e-09
0     1.67552    9.5871e-09
0.20944     1.67552    5.38295e-09
0.418879     1.67552    1.21839e-09
0.628319     1.67552    6.37405e-10
0.837758     1.67552    6.71127e-10
1.0472     1.67552    8.33446e-10
1.25664     1.67552    5.17138e-10
1.46608     1.67552    3.0682e-10
1.67552     1.67552    1.55195e-10
1.88496     1.67552    5.8302e-10
2.0944     1.67552    5.17892e-10
2.30383     1.67552    7.8084e-10
2.51327     1.67552    2.54183e-10
2.72271     1.67552    3.10025e-10
2.93215     1.67552    9.34622e-10
3.14159     1.67552    1.5147e-10

-3.14159     1.88496    3.31489e-10
-2.93215     1.88496    2.10684e-10
-2.72271     1.88496    6.34416e-10
-2.51327     1.88496    4.44632e-10
-2.30383     1.88496    6.03225e-10
-2.0944     1.88496    1.19985e-09
-1.88496     1.88496    6.68579e-10
-1.67552     1.88496    7.93658e-11
-1.46608     1.88496    8.24265e-10
-1.25664     1.88496    3.1487e-10
-1.0472     1.88496    1.67194e-10
-0.837758     1.88496    6.16888e-10
-0.628319     1.88496    9.95371e-10
-0.418879     1.88496    3.30716e-09
-0.20944     1.88496    4.405e-09
0     1.88496    1.99768e-08
0.20944     1.88496    3.55256e-09
0.418879     1.88496    2.35741e-09
0.628319     1.88496    7.77022e-10
0.837758     1.88496    3.27818e-10
1.0472     1.88496    5.9673e-10
1.25664     1.88496    1.53953e-10
1.46608     1.88496    5.5543e-11
1.67552     1.88496    3.81556e-10
1.88496     1.88496    6.60737e-10
2.0944     1.88496    8.43092e-10
2.30383     1.88496    2.79169e-10
2.51327     1.88496    7.38371e-10
2.72271     1.88496    6.48718e-10
2.93215     1.88496    6.82882e-10
3.14159     1.88496    2.0981e-10

-3.14159     2.0944    3.79327e-10
-2.93215     2.0944    5.91394e-10
-2.72271     2.0944    4.65862e-10
-2.51327     2.0944    6.21232e-10
-2.30383     2.0944    2.06092e-10
-2.0944     2.0944    5.00742e-10
-1.88496     2.0944    1.03647e-10
-1.67552     2.0944    2.15163e-10
-1.46608     2.0944    1.36654e-10
-1.25664     2.0944    1.57027e-10
-1.0472     2.0944    2.10513e-10
-0.837758     2.0944    3.00454e-10
-0.628319     2.0944    5.8531e-10
-0.418879     2.0944    2.69213e-09
-0.20944     2.0944    2.14778e-09
0     2.0944    2.72469e-08
0.20944     2.0944    2.73362e-09
0.418879     2.0944    4.36221e-09
0.628319     2.0944    1.08524e-09
0.837758     2.0944    1.00825e-09
1.0472     2.0944    2.12088e-10
1.25664     2.0944    5.99311e-10
1.46608     2.0944    8.33516e-10
1.67552     2.0944    4.03715e-10
1.88496     2.0944    4.2493e-10
2.0944     2.0944    8.9077e-10
2.30383     2.0944    8.92693e-10
2.51327     2.0944    2.74598e-10
2.72271     2.0944    6.29522e-10
2.93215     2.0944    1.25354e-10
3.14159     2.0944    8.07834e-10

-3.14159     2.30383    6.73568e-10
-2.93215     2.30383    3.21888e-10
-2.72271     2.30383    4.43192e-10
-2.51327     2.30383    5.7083e-10
-2.30383     2.30383    7.57175e-10
-2.0944     2.30383    1.25671e-09
-1.88496     2.30383    3.17673e-10
-1.67552     2.30383    7.0326e-10
-1.46608     2.30383    6.80606e-10
-1.25664     2.30383    2.17349e-10
-1.0472     2.30383    9.52518e-10
-0.837758     2.30383    2.13203e-10
-0.628319     2.30383    5.22809e-10
-0.418879     2.30383    4.30009e-09
-0.20944     2.30383    5.06465e-10
0     2.30383    2.8567e-08
0.20944     2.30383    1.37005e-09
0.418879     2.30383    4.0124e-09
0.628319     2.30383    1.39494e-09
0.837758     2.30383    7.18177e-10
1.0472     2.30383    1.17687e-10
1.25664     2.30383    2.53968e-10
1.46608     2.30383    2.71836e-10
1.67552     2.30383    1.15947e-09
1.88496     2.30383    2.21031e-10
2.0944     2.30383    3.89898e-10
2.30383     2.30383    5.34882e-10
2.51327     2.30383    7.78907e-10
2.72271     2.30383    3.01131e-10
2.93215     2.30383    1.13299e-09
3.14159     2.30383    1.69432e-09

-3.14159     2.51327    2.87045e-10
-2.93215     2.51327    3.14269e-10
-2.72271     2.51327    1.03964e-09
-2.51327     2.51327    2.36286e-10
-2.30383     2.51327    2.32922e-10
-2.0944     2.51327    3.0237e-10
-1.88496     2.51327    9.15584e-10
-1.67552     2.51327    6.2064e-10
-1.46608     2.51327    5.92407e-10
-1.25664     2.51327    5.66517e-10
-1.0472     2.51327    4.6819e-10
-0.837758     2.51327    2.58725e-10
-0.628319     2.51327    3.70083e-10
-0.418879     2.51327    3.62858e-09
-0.20944     2.51327    1.98577e-09
0     2.51327    2.51666e-08
0.20944     2.51327    7.31536e-10
0.418879     2.51327    4.22149e-09
0.628319     2.51327    6.73228e-10
0.837758     2.51327    6.28532e-10
1.0472     2.51327    3.44838e-10
1.25664     2.51327    2.21784e-10
1.46608     2.51327    7.73926e-11
1.67552     2.51327    1.12038e-10
1.88496     2.51327    1.01753e-09
2.0944     2.51327    1.76927e-09
2.30383     2.51327    8.31142e-10
2.51327     2.51327    7.31214e-10
2.72271     2.51327    4.75617e-10
2.93215     2.51327    3.79394e-10
3.14159     2.51327    5.5028e-10

-3.14159     2.72271    2.43944e-10
-2.93215     2.72271    5.86041e-10
-2.72271     2.72271    4.67849e-10
-2.51327     2.72271    1.45214e-09
-2.30383     2.72271    1.26824e-09
-2.0944     2.72271    1.33469e-09
-1.88496     2.72271    7.24109e-10
-1.67552     2.72271    2.13114e-10
-1.46608     2.72271    6.42321e-10
-1.25664     2.72271    3.65635e-10
-1.0472     2.72271    4.66077e-10
-0.837758     2.72271    3.1031e-10
-0.628319     2.72271    2.40755e-10
-0.418879     2.72271    2.5027e-09
-0.20944     2.72271    2.61886e-09
0     2.72271    1.90547e-08
0.20944     2.72271    3.51105e-09
0.418879     2.72271    1.99882e-09
0.628319     2.72271    3.3984e-10
0.837758     2.72271    4.16512e-10
1.0472     2.72271    5.98493e-10
1.25664     2.72271    3.95701e-10
1.46608     2.72271    9.22219e-10
1.67552     2.72271    3.84971e-10
1.88496     2.72271    1.33408e-09
2.0944     2.72271    8.31064e-10
2.30383     2.72271    4.24856e-10
2.51327     2.72271    8.29846e-10
2.72271     2.72271    7.02343e-10
2.93215     2.72271    3.50907e-10
3.14159     2.72271    5.83875e-10

-3.14159     2.93215    3.83923e-10
-2.93215     2.93215    5.19047e-10
-2.72271     2.93215    7.33851e-10
-2.51327     2.93215    1.88174e-09
-2.30383     2.93215    1.15076e-09
-2.0944     2.93215    1.84452e-09
-1.88496     2.93215    2.3938e-09
-1.67552     2.93215    1.04917e-09
-1.46608     2.93215    6.57426e-10
-1.25664     2.93215    4.28895e-10
-1.0472     2.93215    3.81793e-10
-0.837758     2.93215    2.94404e-10
-0.628319     2.93215    7.33728e-10
-0.418879     2.93215    1.93981e-09
-0.20944     2.93215    4.3663e-09
0     2.93215    9.3589e-09
0.20944     2.93215    3.60073e-09
0.418879     2.93215    1.988e-09
0.628319     2.93215    6.29287e-10
0.837758     2.93215    3.22954e-10
1.0472     2.93215    7.68674e-10
1.25664     2.93215    5.82568e-10
1.46608     2.93215    8.61283e-10
1.67552     2.93215    5.55997e-10
1.88496     2.93215    6.20759e-10
2.0944     2.93215    5.77552e-10
2.30383     2.93215    2.04623e-09
2.51327     2.93215    2.23216e-10
2.72271     2.93215    6.57181e-10
2.93215     2.93215    3.41655e-10
3.14159     2.93215    3.07566e-10

-3.14159     3.14159    3.85927e-10
-2.93215     3.14159    4.34827e-10
-2.72271     3.14159    1.74738e-09
-2.51327     3.14159    6.41115e-10
-2.30383     3.14159    1.12578e-09
-2.0944     3.14159    1.51393e-09
-1.88496     3.14159    2.20502e-09
-1.67552     3.14159    9.91259e-10
-1.46608     3.14159    1.29455e-09
-1.25664     3.14159    8.61856e-10
-1.0472     3.14159    5.3568e-10
-0.837758     3.14159    2.80171e-10
-0.628319     3.14159    9.07892e-10
-0.418879     3.14159    2.52062e-10
-0.20944     3.14159    5.24225e-09
0     3.14159    1.50554e-09
0.20944     3.14159    5.17677e-09
0.418879     3.14159    9.8043e-11
0.628319     3.14159    8.0316e-10
0.837758     3.14159    3.34072e-10
1.0472     3.14159    6.03374e-10
1.25664     3.14159    7.60583e-10
1.46608     3.14159    3.32231e-10
1.67552     3.14159    1.0663e-09
1.88496     3.14159    1.56594e-09
2.0944     3.14159    1.188e-09
2.30383     3.14159    4.04381e-09
2.51327     3.14159    2.03572e-09
2.72271     3.14159    3.91792e-10
2.93215     3.14159    6.6991e-10
3.14159     3.14159    4.75259e-10

