-3.14159     -3.14159    9.72452e-05
-2.93215     -3.14159    5.53604e-06
-2.72271     -3.14159    0.000100895
-2.51327     -3.14159    0.000183581
-2.30383     -3.14159    0.000145408
-2.0944     -3.14159    5.42764e-05
-1.88496     -3.14159    1.19216e-06
-1.67552     -3.14159    1.55674e-05
-1.46608     -3.14159    8.31758e-05
-1.25664     -3.14159    5.99583e-06
-1.0472     -3.14159    0.000122617
-0.837758     -3.14159    0.000153337
-0.628319     -3.14159    0.000198047
-0.418879     -3.14159    0.00022676
-0.20944     -3.14159    0.000253459
0     -3.14159    0.000280768
0.20944     -3.14159    0.000253497
0.418879     -3.14159    0.00022675
0.628319     -3.14159    0.000198026
0.837758     -3.14159    0.000153325
1.0472     -3.14159    0.00012262
1.25664     -3.14159    5.9922e-06
1.46608     -3.14159    8.31863e-05
1.67552     -3.14159    1.55698e-05
1.88496     -3.14159    1.21497e-06
2.0944     -3.14159    5.43357e-05
2.30383     -3.14159    0.00014547
2.51327     -3.14159    0.000183605
2.72271     -3.14159    0.000100922
2.93215     -3.14159    5.55221e-06
3.14159     -3.14159    9.72469e-05

-3.14159     -2.93215    0.000173044
-2.93215     -2.93215    4.85838e-05
-2.72271     -2.93215    4.37981e-05
-2.51327     -2.93215    6.90045e-05
-2.30383     -2.93215    0.000151948
-2.0944     -2.93215    0.000141335
-1.88496     -2.93215    2.7862e-05
-1.67552     -2.93215    8.93525e-06
-1.46608     -2.93215    3.86834e-05
-1.25664     -2.93215    1.11945e-05
-1.0472     -2.93215    0.000160426
-0.837758     -2.93215    0.000218867
-0.628319     -2.93215    0.00026622
-0.418879     -2.93215    0.000319054
-0.20944     -2.93215    0.000338505
0     -2.93215    0.000326121
0.20944     -2.93215    0.000338446
0.418879     -2.93215    0.000319052
0.628319     -2.93215    0.000266231
0.837758     -2.93215    0.000218859
1.0472     -2.93215    0.000160421
1.25664     -2.93215    1.11835e-05
1.46608     -2.93215    3.8704e-05
1.67552     -2.93215    8.90784e-06
1.88496     -2.93215    2.79113e-05
2.0944     -2.93215    0.000141408
2.30383     -2.93215    0.000152017
2.51327     -2.93215    6.90648e-05
2.72271     -2.93215    4.38361e-05
2.93215     -2.93215    4.85737e-05
3.14159     -2.93215    0.000173018

-3.14159     -2.72271    0.00014421
-2.93215     -2.72271    1.52048e-05
-2.72271     -2.72271    7.62061e-05
-2.51327     -2.72271    4.96594e-05
-2.30383     -2.72271    2.00601e-05
-2.0944     -2.72271    6.12641e-05
-1.88496     -2.72271    4.66352e-05
-1.67552     -2.72271    1.53333e-05
-1.46608     -2.72271    1.48868e-05
-1.25664     -2.72271    2.45098e-05
-1.0472     -2.72271    0.000122207
-0.837758     -2.72271    0.00020596
-0.628319     -2.72271    0.000270984
-0.418879     -2.72271    0.000305741
-0.20944     -2.72271    0.000343132
0     -2.72271    0.00037525
0.20944     -2.72271    0.000343197
0.418879     -2.72271    0.000305744
0.628319     -2.72271    0.000270971
0.837758     -2.72271    0.000205946
1.0472     -2.72271    0.000122199
1.25664     -2.72271    2.45465e-05
1.46608     -2.72271    1.49294e-05
1.67552     -2.72271    1.53902e-05
1.88496     -2.72271    4.66989e-05
2.0944     -2.72271    6.13281e-05
2.30383     -2.72271    2.01285e-05
2.51327     -2.72271    4.97187e-05
2.72271     -2.72271    7.62176e-05
2.93215     -2.72271    1.51662e-05
3.14159     -2.72271    0.00014417

-3.14159     -2.51327    0.00012234
-2.93215     -2.51327    2.38035e-05
-2.72271     -2.51327    6.9122e-05
-2.51327     -2.51327    5.61105e-05
-2.30383     -2.51327    5.67502e-05
-2.0944     -2.51327    0.000113795
-1.88496     -2.51327    2.06216e-05
-1.67552     -2.51327    4.30735e-05
-1.46608     -2.51327    1.44057e-05
-1.25664     -2.51327    1.68934e-05
-1.0472     -2.51327    0.000123512
-0.837758     -2.51327    0.000222298
-0.628319     -2.51327    0.000273243
-0.418879     -2.51327    0.000280052
-0.20944     -2.51327    0.000317815
0     -2.51327    0.00033535
0.20944     -2.51327    0.00031779
0.418879     -2.51327    0.000280041
0.628319     -2.51327    0.00027324
0.837758     -2.51327    0.000222266
1.0472     -2.51327    0.000123485
1.25664     -2.51327    1.69536e-05
1.46608     -2.51327    1.43491e-05
1.67552     -2.51327    4.31228e-05
1.88496     -2.51327    2.05665e-05
2.0944     -2.51327    0.00011374
2.30383     -2.51327    5.66913e-05
2.51327     -2.51327    5.61667e-05
2.72271     -2.51327    6.91532e-05
2.93215     -2.51327    2.3842e-05
3.14159     -2.51327    0.000122286

-3.14159     -2.30383    5.62035e-05
-2.93215     -2.30383    5.31213e-05
-2.72271     -2.30383    4.07942e-05
-2.51327     -2.30383    7.74123e-05
-2.30383     -2.30383    0.000149217
-2.0944     -2.30383    0.000192419
-1.88496     -2.30383    0.000128189
-1.67552     -2.30383    2.89467e-05
-1.46608     -2.30383    8.38433e-06
-1.25664     -2.30383    7.78371e-06
-1.0472     -2.30383    0.000102964
-0.837758     -2.30383    0.000235165
-0.628319     -2.30383    0.00028794
-0.418879     -2.30383    0.00031579
-0.20944     -2.30383    0.000322788
0     -2.30383    0.000344218
0.20944     -2.30383    0.000322769
0.418879     -2.30383    0.0003158
0.628319     -2.30383    0.000287938
0.837758     -2.30383    0.000235156
1.0472     -2.30383    0.000102944
1.25664     -2.30383    7.83147e-06
1.46608     -2.30383    8.44888e-06
1.67552     -2.30383    2.8906e-05
1.88496     -2.30383    0.000128149
2.0944     -2.30383    0.000192381
2.30383     -2.30383    0.000149171
2.51327     -2.30383    7.7351e-05
2.72271     -2.30383    4.08404e-05
2.93215     -2.30383    5.31495e-05
3.14159     -2.30383    5.61511e-05

-3.14159     -2.0944    9.46114e-06
-2.93215     -2.0944    4.33778e-05
-2.72271     -2.0944    3.5258e-05
-2.51327     -2.0944    0.000151375
-2.30383     -2.0944    0.000231328
-2.0944     -2.0944    0.00024017
-1.88496     -2.0944    0.000193325
-1.67552     -2.0944    0.000177179
-1.46608     -2.0944    7.61975e-05
-1.25664     -2.0944    1.1738e-05
-1.0472     -2.0944    7.71567e-05
-0.837758     -2.0944    0.000176455
-0.628319     -2.0944    0.000253881
-0.418879     -2.0944    0.000307665
-0.20944     -2.0944    0.000298321
0     -2.0944    0.000293628
0.20944     -2.0944    0.000298406
0.418879     -2.0944    0.000307621
0.628319     -2.0944    0.000253843
0.837758     -2.0944    0.000176444
1.0472     -2.0944    7.71124e-05
1.25664     -2.0944    1.16506e-05
1.46608     -2.0944    7.61068e-05
1.67552     -2.0944    0.000177142
1.88496     -2.0944    0.000193293
2.0944     -2.0944    0.000240139
2.30383     -2.0944    0.000231291
2.51327     -2.0944    0.000151317
2.72271     -2.0944    3.52081e-05
2.93215     -2.0944    4.34194e-05
3.14159     -2.0944    9.49607e-06

-3.14159     -1.88496    4.28159e-05
-2.93215     -1.88496    6.51166e-06
-2.72271     -1.88496    0.000137208
-2.51327     -1.88496    0.000251877
-2.30383     -1.88496    0.000304646
-2.0944     -1.88496    0.000280076
-1.88496     -1.88496    0.00025427
-1.67552     -1.88496    0.000247677
-1.46608     -1.88496    0.000185809
-1.25664     -1.88496    0.000100099
-1.0472     -1.88496    9.40675e-05
-0.837758     -1.88496    0.000149198
-0.628319     -1.88496    0.000226669
-0.418879     -1.88496    0.000265194
-0.20944     -1.88496    0.000257635
0     -1.88496    0.000268635
0.20944     -1.88496    0.00025748
0.418879     -1.88496    0.00026523
0.628319     -1.88496    0.000226706
0.837758     -1.88496    0.000149168
1.0472     -1.88496    9.39975e-05
1.25664     -1.88496    0.000100031
1.46608     -1.88496    0.000185741
1.67552     -1.88496    0.000247644
1.88496     -1.88496    0.000254239
2.0944     -1.88496    0.000280032
2.30383     -1.88496    0.000304593
2.51327     -1.88496    0.000251821
2.72271     -1.88496    0.000137145
2.93215     -1.88496    6.54382e-06
3.14159     -1.88496    4.28526e-05

-3.14159     -1.67552    3.57475e-05
-2.93215     -1.67552    8.40952e-05
-2.72271     -1.67552    0.000240086
-2.51327     -1.67552    0.000311594
-2.30383     -1.67552    0.000342635
-2.0944     -1.67552    0.000292817
-1.88496     -1.67552    0.000288067
-1.67552     -1.67552    0.000291823
-1.46608     -1.67552    0.000222193
-1.25664     -1.67552    0.000156612
-1.0472     -1.67552    0.000101266
-0.837758     -1.67552    0.000106282
-0.628319     -1.67552    0.000193987
-0.418879     -1.67552    0.000232808
-0.20944     -1.67552    0.000202401
0     -1.67552    0.000212134
0.20944     -1.67552    0.000202577
0.418879     -1.67552    0.00023283
0.628319     -1.67552    0.00019391
0.837758     -1.67552    0.000106243
1.0472     -1.67552    0.000101202
1.25664     -1.67552    0.000156566
1.46608     -1.67552    0.000222169
1.67552     -1.67552    0.000291784
1.88496     -1.67552    0.000288034
2.0944     -1.67552    0.000292775
2.30383     -1.67552    0.000342585
2.51327     -1.67552    0.000311543
2.72271     -1.67552    0.000240019
2.93215     -1.67552    8.40427e-05
3.14159     -1.67552    3.57823e-05

-3.14159     -1.46608    7.94866e-06
-2.93215     -1.46608    0.000168987
-2.72271     -1.46608    0.000301691
-2.51327     -1.46608    0.000330823
-2.30383     -1.46608    0.000360344
-2.0944     -1.46608    0.000316949
-1.88496     -1.46608    0.000303867
-1.67552     -1.46608    0.000320021
-1.46608     -1.46608    0.000270265
-1.25664     -1.46608    0.000215167
-1.0472     -1.46608    0.000132334
-0.837758     -1.46608    0.000101817
-0.628319     -1.46608    0.000151547
-0.418879     -1.46608    0.000198157
-0.20944     -1.46608    0.000149205
0     -1.46608    0.000146473
0.20944     -1.46608    0.000148897
0.418879     -1.46608    0.000198108
0.628319     -1.46608    0.000151618
0.837758     -1.46608    0.000101775
1.0472     -1.46608    0.000132335
1.25664     -1.46608    0.00021516
1.46608     -1.46608    0.000270236
1.67552     -1.46608    0.000319992
1.88496     -1.46608    0.000303823
2.0944     -1.46608    0.00031691
2.30383     -1.46608    0.000360318
2.51327     -1.46608    0.000330792
2.72271     -1.46608    0.000301639
2.93215     -1.46608    0.000168923
3.14159     -1.46608    7.90953e-06

-3.14159     -1.25664    8.13896e-05
-2.93215     -1.25664    0.000213284
-2.72271     -1.25664    0.00031394
-2.51327     -1.25664    0.000354345
-2.30383     -1.25664    0.000363188
-2.0944     -1.25664    0.000331028
-1.88496     -1.25664    0.00033008
-1.67552     -1.25664    0.000296945
-1.46608     -1.25664    0.000263857
-1.25664     -1.25664    0.000244846
-1.0472     -1.25664    0.000182899
-0.837758     -1.25664    0.00015548
-0.628319     -1.25664    0.000173538
-0.418879     -1.25664    0.000197765
-0.20944     -1.25664    0.000166989
0     -1.25664    0.000144632
0.20944     -1.25664    0.000167484
0.418879     -1.25664    0.00019786
0.628319     -1.25664    0.000173491
0.837758     -1.25664    0.000155483
1.0472     -1.25664    0.00018289
1.25664     -1.25664    0.000244834
1.46608     -1.25664    0.000263855
1.67552     -1.25664    0.000296926
1.88496     -1.25664    0.000330068
2.0944     -1.25664    0.000331021
2.30383     -1.25664    0.000363197
2.51327     -1.25664    0.000354337
2.72271     -1.25664    0.000313918
2.93215     -1.25664    0.000213229
3.14159     -1.25664    8.1333e-05

-3.14159     -1.0472    0.000131978
-2.93215     -1.0472    0.000250963
-2.72271     -1.0472    0.000322212
-2.51327     -1.0472    0.000310746
-2.30383     -1.0472    0.000308139
-2.0944     -1.0472    0.000321663
-1.88496     -1.0472    0.000318877
-1.67552     -1.0472    0.000272962
-1.46608     -1.0472    0.000240473
-1.25664     -1.0472    0.000186921
-1.0472     -1.0472    0.000194638
-0.837758     -1.0472    0.000181078
-0.628319     -1.0472    0.000195743
-0.418879     -1.0472    0.000220151
-0.20944     -1.0472    0.000209269
0     -1.0472    7.8901e-05
0.20944     -1.0472    0.000208986
0.418879     -1.0472    0.000219776
0.628319     -1.0472    0.000195815
0.837758     -1.0472    0.000181114
1.0472     -1.0472    0.000194648
1.25664     -1.0472    0.000186904
1.46608     -1.0472    0.000240451
1.67552     -1.0472    0.000272957
1.88496     -1.0472    0.000318874
2.0944     -1.0472    0.000321675
2.30383     -1.0472    0.000308172
2.51327     -1.0472    0.000310766
2.72271     -1.0472    0.000322213
2.93215     -1.0472    0.000250921
3.14159     -1.0472    0.000131928

-3.14159     -0.837758    0.000153503
-2.93215     -0.837758    0.000225871
-2.72271     -0.837758    0.000270768
-2.51327     -0.837758    0.00027513
-2.30383     -0.837758    0.00029452
-2.0944     -0.837758    0.00032731
-1.88496     -0.837758    0.000289768
-1.67552     -0.837758    0.000249527
-1.46608     -0.837758    0.000220609
-1.25664     -0.837758    0.000157285
-1.0472     -0.837758    0.000151298
-0.837758     -0.837758    0.000227303
-0.628319     -0.837758    0.000229859
-0.418879     -0.837758    0.000246103
-0.20944     -0.837758    0.000263219
0     -0.837758    0.00025085
0.20944     -0.837758    0.000262513
0.418879     -0.837758    0.000246499
0.628319     -0.837758    0.000229953
0.837758     -0.837758    0.000227323
1.0472     -0.837758    0.000151394
1.25664     -0.837758    0.000157306
1.46608     -0.837758    0.000220616
1.67552     -0.837758    0.000249516
1.88496     -0.837758    0.000289761
2.0944     -0.837758    0.000327312
2.30383     -0.837758    0.000294529
2.51327     -0.837758    0.000275149
2.72271     -0.837758    0.000270787
2.93215     -0.837758    0.000225856
3.14159     -0.837758    0.000153467

-3.14159     -0.628319    0.00016747
-2.93215     -0.628319    0.00020937
-2.72271     -0.628319    0.000209334
-2.51327     -0.628319    0.000265913
-2.30383     -0.628319    0.000291834
-2.0944     -0.628319    0.000297441
-1.88496     -0.628319    0.000275941
-1.67552     -0.628319    0.00024132
-1.46608     -0.628319    0.000171831
-1.25664     -0.628319    0.000142368
-1.0472     -0.628319    0.00011331
-0.837758     -0.628319    0.000154886
-0.628319     -0.628319    0.000262435
-0.418879     -0.628319    0.000299627
-0.20944     -0.628319    0.000332494
0     -0.628319    0.000191884
0.20944     -0.628319    0.000333484
0.418879     -0.628319    0.000299986
0.628319     -0.628319    0.000262107
0.837758     -0.628319    0.000154751
1.0472     -0.628319    0.000113395
1.25664     -0.628319    0.000142365
1.46608     -0.628319    0.000171865
1.67552     -0.628319    0.000241312
1.88496     -0.628319    0.000275956
2.0944     -0.628319    0.000297452
2.30383     -0.628319    0.000291833
2.51327     -0.628319    0.000265898
2.72271     -0.628319    0.000209335
2.93215     -0.628319    0.000209372
3.14159     -0.628319    0.000167452

-3.14159     -0.418879    4.65751e-05
-2.93215     -0.418879    7.3953e-05
-2.72271     -0.418879    0.000149659
-2.51327     -0.418879    0.000211909
-2.30383     -0.418879    0.000227176
-2.0944     -0.418879    0.00022128
-1.88496     -0.418879    0.000240069
-1.67552     -0.418879    0.000225448
-1.46608     -0.418879    0.000189097
-1.25664     -0.418879    0.000168872
-1.0472     -0.418879    0.000178297
-0.837758     -0.418879    0.000161915
-0.628319     -0.418879    0.000225318
-0.418879     -0.418879    0.000360248
-0.20944     -0.418879    0.00042499
0     -0.418879    0.000608467
0.20944     -0.418879    0.000425793
0.418879     -0.418879    0.000360043
0.628319     -0.418879    0.000225569
0.837758     -0.418879    0.000161744
1.0472     -0.418879    0.000178306
1.25664     -0.418879    0.000168895
1.46608     -0.418879    0.000189046
1.67552     -0.418879    0.000225452
1.88496     -0.418879    0.000240062
2.0944     -0.418879    0.000221271
2.30383     -0.418879    0.00022717
2.51327     -0.418879    0.000211904
2.72271     -0.418879    0.000149639
2.93215     -0.418879    7.39472e-05
3.14159     -0.418879    4.65854e-05

-3.14159     -0.20944    3.91829e-05
-2.93215     -0.20944    2.87131e-05
-2.72271     -0.20944    3.44426e-05
-2.51327     -0.20944    7.93199e-05
-2.30383     -0.20944    0.000119783
-2.0944     -0.20944    0.000141498
-1.88496     -0.20944    0.000148676
-1.67552     -0.20944    0.000154697
-1.46608     -0.20944    0.000184295
-1.25664     -0.20944    0.000203657
-1.0472     -0.20944    0.000231873
-0.837758     -0.20944    0.000269229
-0.628319     -0.20944    0.000286446
-0.418879     -0.20944    0.000427053
-0.20944     -0.20944    0.000628999
0     -0.20944    0.000619561
0.20944     -0.20944    0.000631613
0.418879     -0.20944    0.000428927
0.628319     -0.20944    0.000286756
0.837758     -0.20944    0.000269311
1.0472     -0.20944    0.000231746
1.25664     -0.20944    0.000203612
1.46608     -0.20944    0.000184298
1.67552     -0.20944    0.000154685
1.88496     -0.20944    0.000148682
2.0944     -0.20944    0.000141491
2.30383     -0.20944    0.00011977
2.51327     -0.20944    7.93453e-05
2.72271     -0.20944    3.44412e-05
2.93215     -0.20944    2.87177e-05
3.14159     -0.20944    3.91657e-05

-3.14159     0    1.07854e-05
-2.93215     0    1.50877e-05
-2.72271     0    3.21039e-05
-2.51327     0    5.24097e-06
-2.30383     0    5.37398e-05
-2.0944     0    9.80201e-05
-1.88496     0    8.80239e-05
-1.67552     0    0.000105641
-1.46608     0    0.000143071
-1.25664     0    0.000193056
-1.0472     0    0.000220877
-0.837758     0    0.00027225
-0.628319     0    0.000377077
-0.418879     0    0.000469901
-0.20944     0    0.00077192
0     0    2.37272e-16
0.20944     0    0.00077192
0.418879     0    0.000469901
0.628319     0    0.000377077
0.837758     0    0.00027225
1.0472     0    0.000220877
1.25664     0    0.000193056
1.46608     0    0.000143071
1.67552     0    0.000105641
1.88496     0    8.80239e-05
2.0944     0    9.80201e-05
2.30383     0    5.37398e-05
2.51327     0    5.24097e-06
2.72271     0    3.21039e-05
2.93215     0    1.50877e-05
3.14159     0    1.07854e-05

-3.14159     0.20944    3.91657e-05
-2.93215     0.20944    2.87177e-05
-2.72271     0.20944    3.44412e-05
-2.51327     0.20944    7.93453e-05
-2.30383     0.20944    0.00011977
-2.0944     0.20944    0.000141491
-1.88496     0.20944    0.000148682
-1.67552     0.20944    0.000154685
-1.46608     0.20944    0.000184298
-1.25664     0.20944    0.000203612
-1.0472     0.20944    0.000231746
-0.837758     0.20944    0.000269311
-0.628319     0.20944    0.000286756
-0.418879     0.20944    0.000428927
-0.20944     0.20944    0.000631613
0     0.20944    0.000619561
0.20944     0.20944    0.000628999
0.418879     0.20944    0.000427053
0.628319     0.20944    0.000286446
0.837758     0.20944    0.000269229
1.0472     0.20944    0.000231873
1.25664     0.20944    0.000203657
1.46608     0.20944    0.000184295
1.67552     0.20944    0.000154697
1.88496     0.20944    0.000148676
2.0944     0.20944    0.000141498
2.30383     0.20944    0.000119783
2.51327     0.20944    7.93199e-05
2.72271     0.20944    3.44426e-05
2.93215     0.20944    2.87131e-05
3.14159     0.20944    3.91829e-05

-3.14159     0.418879    4.65854e-05
-2.93215     0.418879    7.39472e-05
-2.72271     0.418879    0.000149639
-2.51327     0.418879    0.000211904
-2.30383     0.418879    0.00022717
-2.0944     0.418879    0.000221271
-1.88496     0.418879    0.000240062
-1.67552     0.418879    0.000225452
-1.46608     0.418879    0.000189046
-1.25664     0.418879    0.000168895
-1.0472     0.418879    0.000178306
-0.837758     0.418879    0.000161744
-0.628319     0.418879    0.000225569
-0.418879     0.418879    0.000360043
-0.20944     0.418879    0.000425793
0     0.418879    0.000608467
0.20944     0.418879    0.00042499
0.418879     0.418879    0.000360248
0.628319     0.418879    0.000225318
0.837758     0.418879    0.000161915
1.0472     0.418879    0.000178297
1.25664     0.418879    0.000168872
1.46608     0.418879    0.000189097
1.67552     0.418879    0.000225448
1.88496     0.418879    0.000240069
2.0944     0.418879    0.00022128
2.30383     0.418879    0.000227176
2.51327     0.418879    0.000211909
2.72271     0.418879    0.000149659
2.93215     0.418879    7.3953e-05
3.14159     0.418879    4.65751e-05

-3.14159     0.628319    0.000167452
-2.93215     0.628319    0.000209372
-2.72271     0.628319    0.000209335
-2.51327     0.628319    0.000265898
-2.30383     0.628319    0.000291833
-2.0944     0.628319    0.000297452
-1.88496     0.628319    0.000275956
-1.67552     0.628319    0.000241312
-1.46608     0.628319    0.000171865
-1.25664     0.628319    0.000142365
-1.0472     0.628319    0.000113395
-0.837758     0.628319    0.000154751
-0.628319     0.628319    0.000262107
-0.418879     0.628319    0.000299986
-0.20944     0.628319    0.000333484
0     0.628319    0.000191884
0.20944     0.628319    0.000332494
0.418879     0.628319    0.000299627
0.628319     0.628319    0.000262435
0.837758     0.628319    0.000154886
1.0472     0.628319    0.00011331
1.25664     0.628319    0.000142368
1.46608     0.628319    0.000171831
1.67552     0.628319    0.00024132
1.88496     0.628319    0.000275941
2.0944     0.628319    0.000297441
2.30383     0.628319    0.000291834
2.51327     0.628319    0.000265913
2.72271     0.628319    0.000209334
2.93215     0.628319    0.00020937
3.14159     0.628319    0.00016747

-3.14159     0.837758    0.000153467
-2.93215     0.837758    0.000225856
-2.72271     0.837758    0.000270787
-2.51327     0.837758    0.000275149
-2.30383     0.837758    0.000294529
-2.0944     0.837758    0.000327312
-1.88496     0.837758    0.000289761
-1.67552     0.837758    0.000249516
-1.46608     0.837758    0.000220616
-1.25664     0.837758    0.000157306
-1.0472     0.837758    0.000151394
-0.837758     0.837758    0.000227323
-0.628319     0.837758    0.000229953
-0.418879     0.837758    0.000246499
-0.20944     0.837758    0.000262513
0     0.837758    0.00025085
0.20944     0.837758    0.000263219
0.418879     0.837758    0.000246103
0.628319     0.837758    0.000229859
0.837758     0.837758    0.000227303
1.0472     0.837758    0.000151298
1.25664     0.837758    0.000157285
1.46608     0.837758    0.000220609
1.67552     0.837758    0.000249527
1.88496     0.837758    0.000289768
2.0944     0.837758    0.00032731
2.30383     0.837758    0.00029452
2.51327     0.837758    0.00027513
2.72271     0.837758    0.000270768
2.93215     0.837758    0.000225871
3.14159     0.837758    0.000153503

-3.14159     1.0472    0.000131928
-2.93215     1.0472    0.000250921
-2.72271     1.0472    0.000322213
-2.51327     1.0472    0.000310766
-2.30383     1.0472    0.000308172
-2.0944     1.0472    0.000321675
-1.88496     1.0472    0.000318874
-1.67552     1.0472    0.000272957
-1.46608     1.0472    0.000240451
-1.25664     1.0472    0.000186904
-1.0472     1.0472    0.000194648
-0.837758     1.0472    0.000181114
-0.628319     1.0472    0.000195815
-0.418879     1.0472    0.000219776
-0.20944     1.0472    0.000208986
0     1.0472    7.8901e-05
0.20944     1.0472    0.000209269
0.418879     1.0472    0.000220151
0.628319     1.0472    0.000195743
0.837758     1.0472    0.000181078
1.0472     1.0472    0.000194638
1.25664     1.0472    0.000186921
1.46608     1.0472    0.000240473
1.67552     1.0472    0.000272962
1.88496     1.0472    0.000318877
2.0944     1.0472    0.000321663
2.30383     1.0472    0.000308139
2.51327     1.0472    0.000310746
2.72271     1.0472    0.000322212
2.93215     1.0472    0.000250963
3.14159     1.0472    0.000131978

-3.14159     1.25664    8.1333e-05
-2.93215     1.25664    0.000213229
-2.72271     1.25664    0.000313918
-2.51327     1.25664    0.000354337
-2.30383     1.25664    0.000363197
-2.0944     1.25664    0.000331021
-1.88496     1.25664    0.000330068
-1.67552     1.25664    0.000296926
-1.46608     1.25664    0.000263855
-1.25664     1.25664    0.000244834
-1.0472     1.25664    0.00018289
-0.837758     1.25664    0.000155483
-0.628319     1.25664    0.000173491
-0.418879     1.25664    0.00019786
-0.20944     1.25664    0.000167484
0     1.25664    0.000144632
0.20944     1.25664    0.000166989
0.418879     1.25664    0.000197765
0.628319     1.25664    0.000173538
0.837758     1.25664    0.00015548
1.0472     1.25664    0.000182899
1.25664     1.25664    0.000244846
1.46608     1.25664    0.000263857
1.67552     1.25664    0.000296945
1.88496     1.25664    0.00033008
2.0944     1.25664    0.000331028
2.30383     1.25664    0.000363188
2.51327     1.25664    0.000354345
2.72271     1.25664    0.00031394
2.93215     1.25664    0.000213284
3.14159     1.25664    8.13896e-05

-3.14159     1.46608    7.90953e-06
-2.93215     1.46608    0.000168923
-2.72271     1.46608    0.000301639
-2.51327     1.46608    0.000330792
-2.30383     1.46608    0.000360318
-2.0944     1.46608    0.00031691
-1.88496     1.46608    0.000303823
-1.67552     1.46608    0.000319992
-1.46608     1.46608    0.000270236
-1.25664     1.46608    0.00021516
-1.0472     1.46608    0.000132335
-0.837758     1.46608    0.000101775
-0.628319     1.46608    0.000151618
-0.418879     1.46608    0.000198108
-0.20944     1.46608    0.000148897
0     1.46608    0.000146473
0.20944     1.46608    0.000149205
0.418879     1.46608    0.000198157
0.628319     1.46608    0.000151547
0.837758     1.46608    0.000101817
1.0472     1.46608    0.000132334
1.25664     1.46608    0.000215167
1.46608     1.46608    0.000270265
1.67552     1.46608    0.000320021
1.88496     1.46608    0.000303867
2.0944     1.46608    0.000316949
2.30383     1.46608    0.000360344
2.51327     1.46608    0.000330823
2.72271     1.46608    0.000301691
2.93215     1.46608    0.000168987
3.14159     1.46608    7.94866e-06

-3.14159     1.67552    3.57823e-05
-2.93215     1.67552    8.40427e-05
-2.72271     1.67552    0.000240019
-2.51327     1.67552    0.000311543
-2.30383     1.67552    0.000342585
-2.0944     1.67552    0.000292775
-1.88496     1.67552    0.000288034
-1.67552     1.67552    0.000291784
-1.46608     1.67552    0.000222169
-1.25664     1.67552    0.000156566
-1.0472     1.67552    0.000101202
-0.837758     1.67552    0.000106243
-0.628319     1.67552    0.00019391
-0.418879     1.67552    0.00023283
-0.20944     1.67552    0.000202577
0     1.67552    0.000212134
0.20944     1.67552    0.000202401
0.418879     1.67552    0.000232808
0.628319     1.67552    0.000193987
0.837758     1.67552    0.000106282
1.0472     1.67552    0.000101266
1.25664     1.67552    0.000156612
1.46608     1.67552    0.000222193
1.67552     1.67552    0.000291823
1.88496     1.67552    0.000288067
2.0944     1.67552    0.000292817
2.30383     1.67552    0.000342635
2.51327     1.67552    0.000311594
2.72271     1.67552    0.000240086
2.93215     1.67552    8.40952e-05
3.14159     1.67552    3.57475e-05

-3.14159     1.88496    4.28526e-05
-2.93215     1.88496    6.54382e-06
-2.72271     1.88496    0.000137145
-2.51327     1.88496    0.000251821
-2.30383     1.88496    0.000304593
-2.0944     1.88496    0.000280032
-1.88496     1.88496    0.000254239
-1.67552     1.88496    0.000247644
-1.46608     1.88496    0.000185741
-1.25664     1.88496    0.000100031
-1.0472     1.88496    9.39975e-05
-0.837758     1.88496    0.000149168
-0.628319     1.88496    0.000226706
-0.418879     1.88496    0.00026523
-0.20944     1.88496    0.00025748
0     1.88496    0.000268635
0.20944     1.88496    0.000257635
0.418879     1.88496    0.000265194
0.628319     1.88496    0.000226669
0.837758     1.88496    0.000149198
1.0472     1.88496    9.40675e-05
1.25664     1.88496    0.000100099
1.46608     1.88496    0.000185809
1.67552     1.88496    0.000247677
1.88496     1.88496    0.00025427
2.0944     1.88496    0.000280076
2.30383     1.88496    0.000304646
2.51327     1.88496    0.000251877
2.72271     1.88496    0.000137208
2.93215     1.88496    6.51166e-06
3.14159     1.88496    4.28159e-05

-3.14159     2.0944    9.49607e-06
-2.93215     2.0944    4.34194e-05
-2.72271     2.0944    3.52081e-05
-2.51327     2.0944    0.000151317
-2.30383     2.0944    0.000231291
-2.0944     2.0944    0.000240139
-1.88496     2.0944    0.000193293
-1.67552     2.0944    0.000177142
-1.46608     2.0944    7.61068e-05
-1.25664     2.0944    1.16506e-05
-1.0472     2.0944    7.71124e-05
-0.837758     2.0944    0.000176444
-0.628319     2.0944    0.000253843
-0.418879     2.0944    0.000307621
-0.20944     2.0944    0.000298406
0     2.0944    0.000293628
0.20944     2.0944    0.000298321
0.418879     2.0944    0.000307665
0.628319     2.0944    0.000253881
0.837758     2.0944    0.000176455
1.0472     2.0944    7.71567e-05
1.25664     2.0944    1.1738e-05
1.46608     2.0944    7.61975e-05
1.67552     2.0944    0.000177179
1.88496     2.0944    0.000193325
2.0944     2.0944    0.00024017
2.30383     2.0944    0.000231328
2.51327     2.0944    0.000151375
2.72271     2.0944    3.5258e-05
2.93215     2.0944    4.33778e-05
3.14159     2.0944    9.46114e-06

-3.14159     2.30383    5.61511e-05
-2.93215     2.30383    5.31495e-05
-2.72271     2.30383    4.08404e-05
-2.51327     2.30383    7.7351e-05
-2.30383     2.30383    0.000149171
-2.0944     2.30383    0.000192381
-1.88496     2.30383    0.000128149
-1.67552     2.30383    2.8906e-05
-1.46608     2.30383    8.44888e-06
-1.25664     2.30383    7.83147e-06
-1.0472     2.30383    0.000102944
-0.837758     2.30383    0.000235156
-0.628319     2.30383    0.000287938
-0.418879     2.30383    0.0003158
-0.20944     2.30383    0.000322769
0     2.30383    0.000344218
0.20944     2.30383    0.000322788
0.418879     2.30383    0.00031579
0.628319     2.30383    0.00028794
0.837758     2.30383    0.000235165
1.0472     2.30383    0.000102964
1.25664     2.30383    7.78371e-06
1.46608     2.30383    8.38433e-06
1.67552     2.30383    2.89467e-05
1.88496     2.30383    0.000128189
2.0944     2.30383    0.000192419
2.30383     2.30383    0.000149217
2.51327     2.30383    7.74123e-05
2.72271     2.30383    4.07942e-05
2.93215     2.30383    5.31213e-05
3.14159     2.30383    5.62035e-05

-3.14159     2.51327    0.000122286
-2.93215     2.51327    2.3842e-05
-2.72271     2.51327    6.91532e-05
-2.51327     2.51327    5.61667e-05
-2.30383     2.51327    5.66913e-05
-2.0944     2.51327    0.00011374
-1.88496     2.51327    2.05665e-05
-1.67552     2.51327    4.31228e-05
-1.46608     2.51327    1.43491e-05
-1.25664     2.51327    1.69536e-05
-1.0472     2.51327    0.000123485
-0.837758     2.51327    0.000222266
-0.628319     2.51327    0.00027324
-0.418879     2.51327    0.000280041
-0.20944     2.51327    0.00031779
0     2.51327    0.00033535
0.20944     2.51327    0.000317815
0.418879     2.51327    0.000280052
0.628319     2.51327    0.000273243
0.837758     2.51327    0.000222298
1.0472     2.51327    0.000123512
1.25664     2.51327    1.68934e-05
1.46608     2.51327    1.44057e-05
1.67552     2.51327    4.30735e-05
1.88496     2.51327    2.06216e-05
2.0944     2.51327    0.000113795
2.30383     2.51327    5.67502e-05
2.51327     2.51327    5.61105e-05
2.72271     2.51327    6.9122e-05
2.93215     2.51327    2.38035e-05
3.14159     2.51327    0.00012234

-3.14159     2.72271    0.00014417
-2.93215     2.72271    1.51662e-05
-2.72271     2.72271    7.62176e-05
-2.51327     2.72271    4.97187e-05
-2.30383     2.72271    2.01285e-05
-2.0944     2.72271    6.13281e-05
-1.88496     2.72271    4.66989e-05
-1.67552     2.72271    1.53902e-05
-1.46608     2.72271    1.49294e-05
-1.25664     2.72271    2.45465e-05
-1.0472     2.72271    0.000122199
-0.837758     2.72271    0.000205946
-0.628319     2.72271    0.000270971
-0.418879     2.72271    0.000305744
-0.20944     2.72271    0.000343197
0     2.72271    0.00037525
0.20944     2.72271    0.000343132
0.418879     2.72271    0.000305741
0.628319     2.72271    0.000270984
0.837758     2.72271    0.00020596
1.0472     2.72271    0.000122207
1.25664     2.72271    2.45098e-05
1.46608     2.72271    1.48868e-05
1.67552     2.72271    1.53333e-05
1.88496     2.72271    4.66352e-05
2.0944     2.72271    6.12641e-05
2.30383     2.72271    2.00601e-05
2.51327     2.72271    4.96594e-05
2.72271     2.72271    7.62061e-05
2.93215     2.72271    1.52048e-05
3.14159     2.72271    0.00014421

-3.14159     2.93215    0.000173018
-2.93215     2.93215    4.85737e-05
-2.72271     2.93215    4.38361e-05
-2.51327     2.93215    6.90648e-05
-2.30383     2.93215    0.000152017
-2.0944     2.93215    0.000141408
-1.88496     2.93215    2.79113e-05
-1.67552     2.93215    8.90784e-06
-1.46608     2.93215    3.8704e-05
-1.25664     2.93215    1.11835e-05
-1.0472     2.93215    0.000160421
-0.837758     2.93215    0.000218859
-0.628319     2.93215    0.000266231
-0.418879     2.93215    0.000319052
-0.20944     2.93215    0.000338446
0     2.93215    0.000326121
0.20944     2.93215    0.000338505
0.418879     2.93215    0.000319054
0.628319     2.93215    0.00026622
0.837758     2.93215    0.000218867
1.0472     2.93215    0.000160426
1.25664     2.93215    1.11945e-05
1.46608     2.93215    3.86834e-05
1.67552     2.93215    8.93525e-06
1.88496     2.93215    2.7862e-05
2.0944     2.93215    0.000141335
2.30383     2.93215    0.000151948
2.51327     2.93215    6.90045e-05
2.72271     2.93215    4.37981e-05
2.93215     2.93215    4.85838e-05
3.14159     2.93215    0.000173044

-3.14159     3.14159    9.72469e-05
-2.93215     3.14159    5.55221e-06
-2.72271     3.14159    0.000100922
-2.51327     3.14159    0.000183605
-2.30383     3.14159    0.00014547
-2.0944     3.14159    5.43357e-05
-1.88496     3.14159    1.21497e-06
-1.67552     3.14159    1.55698e-05
-1.46608     3.14159    8.31863e-05
-1.25664     3.14159    5.9922e-06
-1.0472     3.14159    0.00012262
-0.837758     3.14159    0.000153325
-0.628319     3.14159    0.000198026
-0.418879     3.14159    0.00022675
-0.20944     3.14159    0.000253497
0     3.14159    0.000280768
0.20944     3.14159    0.000253459
0.418879     3.14159    0.00022676
0.628319     3.14159    0.000198047
0.837758     3.14159    0.000153337
1.0472     3.14159    0.000122617
1.25664     3.14159    5.99583e-06
1.46608     3.14159    8.31758e-05
1.67552     3.14159    1.55674e-05
1.88496     3.14159    1.19216e-06
2.0944     3.14159    5.42764e-05
2.30383     3.14159    0.000145408
2.51327     3.14159    0.000183581
2.72271     3.14159    0.000100895
2.93215     3.14159    5.53604e-06
3.14159     3.14159    9.72452e-05

