-3.14159     -3.14159    0.000643729
-2.93215     -3.14159    0.0053417
-2.72271     -3.14159    0.0110344
-2.51327     -3.14159    0.0117444
-2.30383     -3.14159    0.00538455
-2.0944     -3.14159    0.000907249
-1.88496     -3.14159    0.00748054
-1.67552     -3.14159    0.00306432
-1.46608     -3.14159    0.000559868
-1.25664     -3.14159    0.00517915
-1.0472     -3.14159    0.000137226
-0.837758     -3.14159    0.00101358
-0.628319     -3.14159    0.00946558
-0.418879     -3.14159    0.00761952
-0.20944     -3.14159    0.0148766
0     -3.14159    0.0330157
0.20944     -3.14159    0.0152275
0.418879     -3.14159    0.00762453
0.628319     -3.14159    0.00918611
0.837758     -3.14159    0.00101446
1.0472     -3.14159    0.000133438
1.25664     -3.14159    0.00526301
1.46608     -3.14159    0.000553504
1.67552     -3.14159    0.00317073
1.88496     -3.14159    0.00758523
2.0944     -3.14159    0.000996696
2.30383     -3.14159    0.00545388
2.51327     -3.14159    0.0117283
2.72271     -3.14159    0.0111114
2.93215     -3.14159    0.00541729
3.14159     -3.14159    0.000658903

-3.14159     -2.93215    0.000712931
-2.93215     -2.93215    0.000704513
-2.72271     -2.93215    0.00018635
-2.51327     -2.93215    0.00754168
-2.30383     -2.93215    0.013269
-2.0944     -2.93215    0.00194172
-1.88496     -2.93215    0.000404764
-1.67552     -2.93215    0.000783149
-1.46608     -2.93215    9.90727e-06
-1.25664     -2.93215    0.000361166
-1.0472     -2.93215    0.001868
-0.837758     -2.93215    0.00311987
-0.628319     -2.93215    0.00747965
-0.418879     -2.93215    0.0031268
-0.20944     -2.93215    0.000587211
0     -2.93215    0.0198739
0.20944     -2.93215    0.000788009
0.418879     -2.93215    0.00315517
0.628319     -2.93215    0.0075911
0.837758     -2.93215    0.00310565
1.0472     -2.93215    0.0019144
1.25664     -2.93215    0.000397505
1.46608     -2.93215    1.84058e-05
1.67552     -2.93215    0.000735531
1.88496     -2.93215    0.000409802
2.0944     -2.93215    0.00192026
2.30383     -2.93215    0.0132863
2.51327     -2.93215    0.00726584
2.72271     -2.93215    0.000140123
2.93215     -2.93215    0.000705622
3.14159     -2.93215    0.000736896

-3.14159     -2.72271    0.0026156
-2.93215     -2.72271    0.00298057
-2.72271     -2.72271    0.00156512
-2.51327     -2.72271    0.00966399
-2.30383     -2.72271    0.00474874
-2.0944     -2.72271    0.00497939
-1.88496     -2.72271    0.000200534
-1.67552     -2.72271    0.00105716
-1.46608     -2.72271    0.000434315
-1.25664     -2.72271    0.000912059
-1.0472     -2.72271    0.00132828
-0.837758     -2.72271    0.00131324
-0.628319     -2.72271    0.00827989
-0.418879     -2.72271    0.00302612
-0.20944     -2.72271    0.00134143
0     -2.72271    0.0141998
0.20944     -2.72271    0.001446
0.418879     -2.72271    0.00300405
0.628319     -2.72271    0.00832611
0.837758     -2.72271    0.0011956
1.0472     -2.72271    0.00131706
1.25664     -2.72271    0.00092724
1.46608     -2.72271    0.000424076
1.67552     -2.72271    0.000988406
1.88496     -2.72271    0.000221794
2.0944     -2.72271    0.00509347
2.30383     -2.72271    0.00471637
2.51327     -2.72271    0.0099063
2.72271     -2.72271    0.00149326
2.93215     -2.72271    0.00316213
3.14159     -2.72271    0.00272099

-3.14159     -2.51327    0.0162221
-2.93215     -2.51327    0.0125721
-2.72271     -2.51327    0.0197668
-2.51327     -2.51327    0.00650704
-2.30383     -2.51327    0.00138635
-2.0944     -2.51327    0.00295847
-1.88496     -2.51327    0.000850475
-1.67552     -2.51327    0.000546169
-1.46608     -2.51327    0.000187499
-1.25664     -2.51327    0.00459445
-1.0472     -2.51327    0.000108776
-0.837758     -2.51327    0.00338151
-0.628319     -2.51327    0.00230282
-0.418879     -2.51327    0.00130358
-0.20944     -2.51327    0.00447477
0     -2.51327    0.0100766
0.20944     -2.51327    0.00438584
0.418879     -2.51327    0.0013395
0.628319     -2.51327    0.0022678
0.837758     -2.51327    0.00353624
1.0472     -2.51327    6.38577e-05
1.25664     -2.51327    0.00458424
1.46608     -2.51327    0.000182298
1.67552     -2.51327    0.000526851
1.88496     -2.51327    0.000823222
2.0944     -2.51327    0.00302114
2.30383     -2.51327    0.0013881
2.51327     -2.51327    0.00636588
2.72271     -2.51327    0.019711
2.93215     -2.51327    0.0119419
3.14159     -2.51327    0.0161243

-3.14159     -2.30383    0.0283574
-2.93215     -2.30383    0.0303101
-2.72271     -2.30383    0.0182414
-2.51327     -2.30383    0.00684674
-2.30383     -2.30383    0.000930447
-2.0944     -2.30383    0.00527243
-1.88496     -2.30383    0.000132898
-1.67552     -2.30383    0.00135087
-1.46608     -2.30383    0.0031507
-1.25664     -2.30383    0.00107885
-1.0472     -2.30383    0.000394607
-0.837758     -2.30383    0.0065643
-0.628319     -2.30383    0.00121615
-0.418879     -2.30383    0.000590646
-0.20944     -2.30383    0.00335776
0     -2.30383    0.00405008
0.20944     -2.30383    0.00335789
0.418879     -2.30383    0.000619043
0.628319     -2.30383    0.00119384
0.837758     -2.30383    0.00660571
1.0472     -2.30383    0.000384769
1.25664     -2.30383    0.00104944
1.46608     -2.30383    0.00316168
1.67552     -2.30383    0.00132198
1.88496     -2.30383    0.000108709
2.0944     -2.30383    0.00524407
2.30383     -2.30383    0.000963737
2.51327     -2.30383    0.00709839
2.72271     -2.30383    0.0181218
2.93215     -2.30383    0.0300654
3.14159     -2.30383    0.0283549

-3.14159     -2.0944    0.03179
-2.93215     -2.0944    0.0465321
-2.72271     -2.0944    0.0274531
-2.51327     -2.0944    0.0166766
-2.30383     -2.0944    0.00607906
-2.0944     -2.0944    0.0015698
-1.88496     -2.0944    0.00212669
-1.67552     -2.0944    0.00219861
-1.46608     -2.0944    0.00228349
-1.25664     -2.0944    0.00216903
-1.0472     -2.0944    0.0036507
-0.837758     -2.0944    0.0113016
-0.628319     -2.0944    0.00173537
-0.418879     -2.0944    0.00135471
-0.20944     -2.0944    0.00740628
0     -2.0944    0.00425171
0.20944     -2.0944    0.00746453
0.418879     -2.0944    0.00138248
0.628319     -2.0944    0.00171498
0.837758     -2.0944    0.0112486
1.0472     -2.0944    0.00369209
1.25664     -2.0944    0.0021574
1.46608     -2.0944    0.00217991
1.67552     -2.0944    0.00208286
1.88496     -2.0944    0.0021255
2.0944     -2.0944    0.00154518
2.30383     -2.0944    0.00599639
2.51327     -2.0944    0.0167552
2.72271     -2.0944    0.0276799
2.93215     -2.0944    0.0469451
3.14159     -2.0944    0.0324407

-3.14159     -1.88496    0.0414977
-2.93215     -1.88496    0.0279155
-2.72271     -1.88496    0.024658
-2.51327     -1.88496    0.00357646
-2.30383     -1.88496    0.00643349
-2.0944     -1.88496    0.0087876
-1.88496     -1.88496    0.0038417
-1.67552     -1.88496    0.00365542
-1.46608     -1.88496    0.00956659
-1.25664     -1.88496    0.00639793
-1.0472     -1.88496    0.00165018
-0.837758     -1.88496    0.00984109
-0.628319     -1.88496    0.000413321
-0.418879     -1.88496    0.00586928
-0.20944     -1.88496    0.00410608
0     -1.88496    0.00349332
0.20944     -1.88496    0.00404915
0.418879     -1.88496    0.0059035
0.628319     -1.88496    0.000423849
0.837758     -1.88496    0.00987315
1.0472     -1.88496    0.00170142
1.25664     -1.88496    0.00634386
1.46608     -1.88496    0.00956386
1.67552     -1.88496    0.003481
1.88496     -1.88496    0.00383959
2.0944     -1.88496    0.00877259
2.30383     -1.88496    0.00639502
2.51327     -1.88496    0.00356773
2.72271     -1.88496    0.024942
2.93215     -1.88496    0.027606
3.14159     -1.88496    0.041919

-3.14159     -1.67552    0.0385215
-2.93215     -1.67552    0.0241766
-2.72271     -1.67552    0.030182
-2.51327     -1.67552    0.0063752
-2.30383     -1.67552    0.00267186
-2.0944     -1.67552    0.00208986
-1.88496     -1.67552    0.000711842
-1.67552     -1.67552    0.000803727
-1.46608     -1.67552    0.00602874
-1.25664     -1.67552    0.00894767
-1.0472     -1.67552    0.00932883
-0.837758     -1.67552    0.00932261
-0.628319     -1.67552    0.000544038
-0.418879     -1.67552    0.0102111
-0.20944     -1.67552    0.00576928
0     -1.67552    0.00321813
0.20944     -1.67552    0.0058289
0.418879     -1.67552    0.0101769
0.628319     -1.67552    0.000604404
0.837758     -1.67552    0.00927034
1.0472     -1.67552    0.00926027
1.25664     -1.67552    0.00897573
1.46608     -1.67552    0.00597054
1.67552     -1.67552    0.000872552
1.88496     -1.67552    0.000710836
2.0944     -1.67552    0.00213932
2.30383     -1.67552    0.00261914
2.51327     -1.67552    0.00631535
2.72271     -1.67552    0.0303539
2.93215     -1.67552    0.0240406
3.14159     -1.67552    0.0390698

-3.14159     -1.46608    0.0302133
-2.93215     -1.46608    0.0252767
-2.72271     -1.46608    0.0245415
-2.51327     -1.46608    0.0177588
-2.30383     -1.46608    0.00687915
-2.0944     -1.46608    0.00440397
-1.88496     -1.46608    0.00218543
-1.67552     -1.46608    0.0015736
-1.46608     -1.46608    0.000401508
-1.25664     -1.46608    0.000408221
-1.0472     -1.46608    0.00517054
-0.837758     -1.46608    0.00599899
-0.628319     -1.46608    0.00122905
-0.418879     -1.46608    0.00954662
-0.20944     -1.46608    0.00421437
0     -1.46608    0.00162344
0.20944     -1.46608    0.00411805
0.418879     -1.46608    0.00954297
0.628319     -1.46608    0.00119989
0.837758     -1.46608    0.00585046
1.0472     -1.46608    0.00504448
1.25664     -1.46608    0.000433234
1.46608     -1.46608    0.000495498
1.67552     -1.46608    0.00158435
1.88496     -1.46608    0.00224003
2.0944     -1.46608    0.00444329
2.30383     -1.46608    0.00696924
2.51327     -1.46608    0.0176017
2.72271     -1.46608    0.0246213
2.93215     -1.46608    0.0253085
3.14159     -1.46608    0.0307164

-3.14159     -1.25664    0.0260547
-2.93215     -1.25664    0.00925914
-2.72271     -1.25664    0.00199098
-2.51327     -1.25664    0.00184726
-2.30383     -1.25664    0.0140672
-2.0944     -1.25664    0.0036901
-1.88496     -1.25664    0.0027753
-1.67552     -1.25664    0.00606751
-1.46608     -1.25664    0.0049939
-1.25664     -1.25664    0.0087499
-1.0472     -1.25664    0.0019686
-0.837758     -1.25664    0.00105511
-0.628319     -1.25664    0.00816934
-0.418879     -1.25664    0.00967633
-0.20944     -1.25664    0.00164134
0     -1.25664    0.00321037
0.20944     -1.25664    0.00154075
0.418879     -1.25664    0.00978013
0.628319     -1.25664    0.00834746
0.837758     -1.25664    0.00102398
1.0472     -1.25664    0.00204149
1.25664     -1.25664    0.00870523
1.46608     -1.25664    0.00506522
1.67552     -1.25664    0.00599247
1.88496     -1.25664    0.00287092
2.0944     -1.25664    0.00367629
2.30383     -1.25664    0.0142123
2.51327     -1.25664    0.00182988
2.72271     -1.25664    0.00203853
2.93215     -1.25664    0.00926368
3.14159     -1.25664    0.0259032

-3.14159     -1.0472    0.0107699
-2.93215     -1.0472    0.00815729
-2.72271     -1.0472    0.00626533
-2.51327     -1.0472    0.000596599
-2.30383     -1.0472    0.00273815
-2.0944     -1.0472    0.00251475
-1.88496     -1.0472    0.00173458
-1.67552     -1.0472    0.00538101
-1.46608     -1.0472    0.00301602
-1.25664     -1.0472    0.00914126
-1.0472     -1.0472    0.00989296
-0.837758     -1.0472    0.0119869
-0.628319     -1.0472    0.00773016
-0.418879     -1.0472    0.000673975
-0.20944     -1.0472    0.00162693
0     -1.0472    0.00371514
0.20944     -1.0472    0.00167705
0.418879     -1.0472    0.000730384
0.628319     -1.0472    0.00785073
0.837758     -1.0472    0.011845
1.0472     -1.0472    0.00989779
1.25664     -1.0472    0.00912723
1.46608     -1.0472    0.00298899
1.67552     -1.0472    0.00537759
1.88496     -1.0472    0.00174918
2.0944     -1.0472    0.00253932
2.30383     -1.0472    0.00270267
2.51327     -1.0472    0.000598881
2.72271     -1.0472    0.00630419
2.93215     -1.0472    0.00827215
3.14159     -1.0472    0.0107791

-3.14159     -0.837758    0.000841062
-2.93215     -0.837758    0.000947234
-2.72271     -0.837758    0.00863005
-2.51327     -0.837758    0.00370403
-2.30383     -0.837758    0.000727614
-2.0944     -0.837758    0.00248789
-1.88496     -0.837758    0.00747037
-1.67552     -0.837758    0.000590145
-1.46608     -0.837758    0.00338089
-1.25664     -0.837758    0.00361075
-1.0472     -0.837758    0.000987373
-0.837758     -0.837758    0.00102239
-0.628319     -0.837758    0.000690901
-0.418879     -0.837758    0.0100986
-0.20944     -0.837758    0.00944625
0     -0.837758    0.0181429
0.20944     -0.837758    0.00947101
0.418879     -0.837758    0.00990086
0.628319     -0.837758    0.000771037
0.837758     -0.837758    0.00108761
1.0472     -0.837758    0.00101422
1.25664     -0.837758    0.00355179
1.46608     -0.837758    0.00336539
1.67552     -0.837758    0.00055505
1.88496     -0.837758    0.00743956
2.0944     -0.837758    0.00253384
2.30383     -0.837758    0.000666781
2.51327     -0.837758    0.00366204
2.72271     -0.837758    0.00868131
2.93215     -0.837758    0.000888234
3.14159     -0.837758    0.000913264

-3.14159     -0.628319    0.0010581
-2.93215     -0.628319    0.0029952
-2.72271     -0.628319    0.00253331
-2.51327     -0.628319    0.00309837
-2.30383     -0.628319    0.000923825
-2.0944     -0.628319    0.00316244
-1.88496     -0.628319    0.00461886
-1.67552     -0.628319    0.00804717
-1.46608     -0.628319    0.00631109
-1.25664     -0.628319    0.000546393
-1.0472     -0.628319    6.43261e-05
-0.837758     -0.628319    0.00469974
-0.628319     -0.628319    0.00768111
-0.418879     -0.628319    0.0258862
-0.20944     -0.628319    0.0245529
0     -0.628319    0.0127614
0.20944     -0.628319    0.0244601
0.418879     -0.628319    0.0255421
0.628319     -0.628319    0.00780225
0.837758     -0.628319    0.00465948
1.0472     -0.628319    9.87541e-05
1.25664     -0.628319    0.000543263
1.46608     -0.628319    0.00629959
1.67552     -0.628319    0.00808015
1.88496     -0.628319    0.00458784
2.0944     -0.628319    0.00318096
2.30383     -0.628319    0.000964773
2.51327     -0.628319    0.00309734
2.72271     -0.628319    0.00259969
2.93215     -0.628319    0.00295437
3.14159     -0.628319    0.00109427

-3.14159     -0.418879    0.000164862
-2.93215     -0.418879    0.000497877
-2.72271     -0.418879    0.00219828
-2.51327     -0.418879    0.00292594
-2.30383     -0.418879    0.00847225
-2.0944     -0.418879    0.0052164
-1.88496     -0.418879    0.000420126
-1.67552     -0.418879    0.00875108
-1.46608     -0.418879    0.00922119
-1.25664     -0.418879    0.00132979
-1.0472     -0.418879    0.00255987
-0.837758     -0.418879    0.00665635
-0.628319     -0.418879    0.0154196
-0.418879     -0.418879    0.0245273
-0.20944     -0.418879    0.0273664
0     -0.418879    0.0378417
0.20944     -0.418879    0.0271917
0.418879     -0.418879    0.0242278
0.628319     -0.418879    0.0154353
0.837758     -0.418879    0.00670994
1.0472     -0.418879    0.00255614
1.25664     -0.418879    0.00133983
1.46608     -0.418879    0.00917883
1.67552     -0.418879    0.00884356
1.88496     -0.418879    0.000422212
2.0944     -0.418879    0.0052048
2.30383     -0.418879    0.00843767
2.51327     -0.418879    0.00276933
2.72271     -0.418879    0.00214945
2.93215     -0.418879    0.00047728
3.14159     -0.418879    0.000162069

-3.14159     -0.20944    0.0010333
-2.93215     -0.20944    0.00129714
-2.72271     -0.20944    0.00306659
-2.51327     -0.20944    0.000667467
-2.30383     -0.20944    0.00864863
-2.0944     -0.20944    0.00907853
-1.88496     -0.20944    0.00640368
-1.67552     -0.20944    0.00113505
-1.46608     -0.20944    0.00791275
-1.25664     -0.20944    0.00870335
-1.0472     -0.20944    0.00141605
-0.837758     -0.20944    0.0107502
-0.628319     -0.20944    0.0213655
-0.418879     -0.20944    0.025769
-0.20944     -0.20944    0.0373812
0     -0.20944    0.0417582
0.20944     -0.20944    0.0377381
0.418879     -0.20944    0.02521
0.628319     -0.20944    0.0221295
0.837758     -0.20944    0.0107277
1.0472     -0.20944    0.00132643
1.25664     -0.20944    0.00860294
1.46608     -0.20944    0.00802032
1.67552     -0.20944    0.00119676
1.88496     -0.20944    0.00647053
2.0944     -0.20944    0.00910698
2.30383     -0.20944    0.00866246
2.51327     -0.20944    0.000659727
2.72271     -0.20944    0.00309845
2.93215     -0.20944    0.00127008
3.14159     -0.20944    0.00106986

-3.14159     0    0.00118936
-2.93215     0    0.000228666
-2.72271     0    0.00277491
-2.51327     0    0.00145054
-2.30383     0    0.000903323
-2.0944     0    0.00347996
-1.88496     0    0.0117222
-1.67552     0    0.00631686
-1.46608     0    0.00367247
-1.25664     0    0.00933906
-1.0472     0    0.00300638
-0.837758     0    0.0204596
-0.628319     0    0.028051
-0.418879     0    0.0276509
-0.20944     0    0.0541346
0     0    2.40342e-14
0.20944     0    0.0541346
0.418879     0    0.0276509
0.628319     0    0.028051
0.837758     0    0.0204596
1.0472     0    0.00300638
1.25664     0    0.00933906
1.46608     0    0.00367247
1.67552     0    0.00631686
1.88496     0    0.0117222
2.0944     0    0.00347996
2.30383     0    0.000903323
2.51327     0    0.00145054
2.72271     0    0.00277491
2.93215     0    0.000228666
3.14159     0    0.00118936

-3.14159     0.20944    0.00106986
-2.93215     0.20944    0.00127008
-2.72271     0.20944    0.00309845
-2.51327     0.20944    0.000659727
-2.30383     0.20944    0.00866246
-2.0944     0.20944    0.00910698
-1.88496     0.20944    0.00647053
-1.67552     0.20944    0.00119676
-1.46608     0.20944    0.00802032
-1.25664     0.20944    0.00860294
-1.0472     0.20944    0.00132643
-0.837758     0.20944    0.0107277
-0.628319     0.20944    0.0221295
-0.418879     0.20944    0.02521
-0.20944     0.20944    0.0377381
0     0.20944    0.0417582
0.20944     0.20944    0.0373812
0.418879     0.20944    0.025769
0.628319     0.20944    0.0213655
0.837758     0.20944    0.0107502
1.0472     0.20944    0.00141605
1.25664     0.20944    0.00870335
1.46608     0.20944    0.00791275
1.67552     0.20944    0.00113505
1.88496     0.20944    0.00640368
2.0944     0.20944    0.00907853
2.30383     0.20944    0.00864863
2.51327     0.20944    0.000667467
2.72271     0.20944    0.00306659
2.93215     0.20944    0.00129714
3.14159     0.20944    0.0010333

-3.14159     0.418879    0.000162069
-2.93215     0.418879    0.00047728
-2.72271     0.418879    0.00214945
-2.51327     0.418879    0.00276933
-2.30383     0.418879    0.00843767
-2.0944     0.418879    0.0052048
-1.88496     0.418879    0.000422212
-1.67552     0.418879    0.00884356
-1.46608     0.418879    0.00917883
-1.25664     0.418879    0.00133983
-1.0472     0.418879    0.00255614
-0.837758     0.418879    0.00670994
-0.628319     0.418879    0.0154353
-0.418879     0.418879    0.0242278
-0.20944     0.418879    0.0271917
0     0.418879    0.0378417
0.20944     0.418879    0.0273664
0.418879     0.418879    0.0245273
0.628319     0.418879    0.0154196
0.837758     0.418879    0.00665635
1.0472     0.418879    0.00255987
1.25664     0.418879    0.00132979
1.46608     0.418879    0.00922119
1.67552     0.418879    0.00875108
1.88496     0.418879    0.000420126
2.0944     0.418879    0.0052164
2.30383     0.418879    0.00847225
2.51327     0.418879    0.00292594
2.72271     0.418879    0.00219828
2.93215     0.418879    0.000497877
3.14159     0.418879    0.000164862

-3.14159     0.628319    0.00109427
-2.93215     0.628319    0.00295437
-2.72271     0.628319    0.00259969
-2.51327     0.628319    0.00309734
-2.30383     0.628319    0.000964773
-2.0944     0.628319    0.00318096
-1.88496     0.628319    0.00458784
-1.67552     0.628319    0.00808015
-1.46608     0.628319    0.00629959
-1.25664     0.628319    0.000543263
-1.0472     0.628319    9.87541e-05
-0.837758     0.628319    0.00465948
-0.628319     0.628319    0.00780225
-0.418879     0.628319    0.0255421
-0.20944     0.628319    0.0244601
0     0.628319    0.0127614
0.20944     0.628319    0.0245529
0.418879     0.628319    0.0258862
0.628319     0.628319    0.00768111
0.837758     0.628319    0.00469974
1.0472     0.628319    6.43261e-05
1.25664     0.628319    0.000546393
1.46608     0.628319    0.00631109
1.67552     0.628319    0.00804717
1.88496     0.628319    0.00461886
2.0944     0.628319    0.00316244
2.30383     0.628319    0.000923825
2.51327     0.628319    0.00309837
2.72271     0.628319    0.00253331
2.93215     0.628319    0.0029952
3.14159     0.628319    0.0010581

-3.14159     0.837758    0.000913264
-2.93215     0.837758    0.000888234
-2.72271     0.837758    0.00868131
-2.51327     0.837758    0.00366204
-2.30383     0.837758    0.000666781
-2.0944     0.837758    0.00253384
-1.88496     0.837758    0.00743956
-1.67552     0.837758    0.00055505
-1.46608     0.837758    0.00336539
-1.25664     0.837758    0.00355179
-1.0472     0.837758    0.00101422
-0.837758     0.837758    0.00108761
-0.628319     0.837758    0.000771037
-0.418879     0.837758    0.00990086
-0.20944     0.837758    0.00947101
0     0.837758    0.0181429
0.20944     0.837758    0.00944625
0.418879     0.837758    0.0100986
0.628319     0.837758    0.000690901
0.837758     0.837758    0.00102239
1.0472     0.837758    0.000987373
1.25664     0.837758    0.00361075
1.46608     0.837758    0.00338089
1.67552     0.837758    0.000590145
1.88496     0.837758    0.00747037
2.0944     0.837758    0.00248789
2.30383     0.837758    0.000727614
2.51327     0.837758    0.00370403
2.72271     0.837758    0.00863005
2.93215     0.837758    0.000947234
3.14159     0.837758    0.000841062

-3.14159     1.0472    0.0107791
-2.93215     1.0472    0.00827215
-2.72271     1.0472    0.00630419
-2.51327     1.0472    0.000598881
-2.30383     1.0472    0.00270267
-2.0944     1.0472    0.00253932
-1.88496     1.0472    0.00174918
-1.67552     1.0472    0.00537759
-1.46608     1.0472    0.00298899
-1.25664     1.0472    0.00912723
-1.0472     1.0472    0.00989779
-0.837758     1.0472    0.011845
-0.628319     1.0472    0.00785073
-0.418879     1.0472    0.000730384
-0.20944     1.0472    0.00167705
0     1.0472    0.00371514
0.20944     1.0472    0.00162693
0.418879     1.0472    0.000673975
0.628319     1.0472    0.00773016
0.837758     1.0472    0.0119869
1.0472     1.0472    0.00989296
1.25664     1.0472    0.00914126
1.46608     1.0472    0.00301602
1.67552     1.0472    0.00538101
1.88496     1.0472    0.00173458
2.0944     1.0472    0.00251475
2.30383     1.0472    0.00273815
2.51327     1.0472    0.000596599
2.72271     1.0472    0.00626533
2.93215     1.0472    0.00815729
3.14159     1.0472    0.0107699

-3.14159     1.25664    0.0259032
-2.93215     1.25664    0.00926368
-2.72271     1.25664    0.00203853
-2.51327     1.25664    0.00182988
-2.30383     1.25664    0.0142123
-2.0944     1.25664    0.00367629
-1.88496     1.25664    0.00287092
-1.67552     1.25664    0.00599247
-1.46608     1.25664    0.00506522
-1.25664     1.25664    0.00870523
-1.0472     1.25664    0.00204149
-0.837758     1.25664    0.00102398
-0.628319     1.25664    0.00834746
-0.418879     1.25664    0.00978013
-0.20944     1.25664    0.00154075
0     1.25664    0.00321037
0.20944     1.25664    0.00164134
0.418879     1.25664    0.00967633
0.628319     1.25664    0.00816934
0.837758     1.25664    0.00105511
1.0472     1.25664    0.0019686
1.25664     1.25664    0.0087499
1.46608     1.25664    0.0049939
1.67552     1.25664    0.00606751
1.88496     1.25664    0.0027753
2.0944     1.25664    0.0036901
2.30383     1.25664    0.0140672
2.51327     1.25664    0.00184726
2.72271     1.25664    0.00199098
2.93215     1.25664    0.00925914
3.14159     1.25664    0.0260547

-3.14159     1.46608    0.0307164
-2.93215     1.46608    0.0253085
-2.72271     1.46608    0.0246213
-2.51327     1.46608    0.0176017
-2.30383     1.46608    0.00696924
-2.0944     1.46608    0.00444329
-1.88496     1.46608    0.00224003
-1.67552     1.46608    0.00158435
-1.46608     1.46608    0.000495498
-1.25664     1.46608    0.000433234
-1.0472     1.46608    0.00504448
-0.837758     1.46608    0.00585046
-0.628319     1.46608    0.00119989
-0.418879     1.46608    0.00954297
-0.20944     1.46608    0.00411805
0     1.46608    0.00162344
0.20944     1.46608    0.00421437
0.418879     1.46608    0.00954662
0.628319     1.46608    0.00122905
0.837758     1.46608    0.00599899
1.0472     1.46608    0.00517054
1.25664     1.46608    0.000408221
1.46608     1.46608    0.000401508
1.67552     1.46608    0.0015736
1.88496     1.46608    0.00218543
2.0944     1.46608    0.00440397
2.30383     1.46608    0.00687915
2.51327     1.46608    0.0177588
2.72271     1.46608    0.0245415
2.93215     1.46608    0.0252767
3.14159     1.46608    0.0302133

-3.14159     1.67552    0.0390698
-2.93215     1.67552    0.0240406
-2.72271     1.67552    0.0303539
-2.51327     1.67552    0.00631535
-2.30383     1.67552    0.00261914
-2.0944     1.67552    0.00213932
-1.88496     1.67552    0.000710836
-1.67552     1.67552    0.000872552
-1.46608     1.67552    0.00597054
-1.25664     1.67552    0.00897573
-1.0472     1.67552    0.00926027
-0.837758     1.67552    0.00927034
-0.628319     1.67552    0.000604404
-0.418879     1.67552    0.0101769
-0.20944     1.67552    0.0058289
0     1.67552    0.00321813
0.20944     1.67552    0.00576928
0.418879     1.67552    0.0102111
0.628319     1.67552    0.000544038
0.837758     1.67552    0.00932261
1.0472     1.67552    0.00932883
1.25664     1.67552    0.00894767
1.46608     1.67552    0.00602874
1.67552     1.67552    0.000803727
1.88496     1.67552    0.000711842
2.0944     1.67552    0.00208986
2.30383     1.67552    0.00267186
2.51327     1.67552    0.0063752
2.72271     1.67552    0.030182
2.93215     1.67552    0.0241766
3.14159     1.67552    0.0385215

-3.14159     1.88496    0.041919
-2.93215     1.88496    0.027606
-2.72271     1.88496    0.024942
-2.51327     1.88496    0.00356773
-2.30383     1.88496    0.00639502
-2.0944     1.88496    0.00877259
-1.88496     1.88496    0.00383959
-1.67552     1.88496    0.003481
-1.46608     1.88496    0.00956386
-1.25664     1.88496    0.00634386
-1.0472     1.88496    0.00170142
-0.837758     1.88496    0.00987315
-0.628319     1.88496    0.000423849
-0.418879     1.88496    0.0059035
-0.20944     1.88496    0.00404915
0     1.88496    0.00349332
0.20944     1.88496    0.00410608
0.418879     1.88496    0.00586928
0.628319     1.88496    0.000413321
0.837758     1.88496    0.00984109
1.0472     1.88496    0.00165018
1.25664     1.88496    0.00639793
1.46608     1.88496    0.00956659
1.67552     1.88496    0.00365542
1.88496     1.88496    0.0038417
2.0944     1.88496    0.0087876
2.30383     1.88496    0.00643349
2.51327     1.88496    0.00357646
2.72271     1.88496    0.024658
2.93215     1.88496    0.0279155
3.14159     1.88496    0.0414977

-3.14159     2.0944    0.0324407
-2.93215     2.0944    0.0469451
-2.72271     2.0944    0.0276799
-2.51327     2.0944    0.0167552
-2.30383     2.0944    0.00599639
-2.0944     2.0944    0.00154518
-1.88496     2.0944    0.0021255
-1.67552     2.0944    0.00208286
-1.46608     2.0944    0.00217991
-1.25664     2.0944    0.0021574
-1.0472     2.0944    0.00369209
-0.837758     2.0944    0.0112486
-0.628319     2.0944    0.00171498
-0.418879     2.0944    0.00138248
-0.20944     2.0944    0.00746453
0     2.0944    0.00425171
0.20944     2.0944    0.00740628
0.418879     2.0944    0.00135471
0.628319     2.0944    0.00173537
0.837758     2.0944    0.0113016
1.0472     2.0944    0.0036507
1.25664     2.0944    0.00216903
1.46608     2.0944    0.00228349
1.67552     2.0944    0.00219861
1.88496     2.0944    0.00212669
2.0944     2.0944    0.0015698
2.30383     2.0944    0.00607906
2.51327     2.0944    0.0166766
2.72271     2.0944    0.0274531
2.93215     2.0944    0.0465321
3.14159     2.0944    0.03179

-3.14159     2.30383    0.0283549
-2.93215     2.30383    0.0300654
-2.72271     2.30383    0.0181218
-2.51327     2.30383    0.00709839
-2.30383     2.30383    0.000963737
-2.0944     2.30383    0.00524407
-1.88496     2.30383    0.000108709
-1.67552     2.30383    0.00132198
-1.46608     2.30383    0.00316168
-1.25664     2.30383    0.00104944
-1.0472     2.30383    0.000384769
-0.837758     2.30383    0.00660571
-0.628319     2.30383    0.00119384
-0.418879     2.30383    0.000619043
-0.20944     2.30383    0.00335789
0     2.30383    0.00405008
0.20944     2.30383    0.00335776
0.418879     2.30383    0.000590646
0.628319     2.30383    0.00121615
0.837758     2.30383    0.0065643
1.0472     2.30383    0.000394607
1.25664     2.30383    0.00107885
1.46608     2.30383    0.0031507
1.67552     2.30383    0.00135087
1.88496     2.30383    0.000132898
2.0944     2.30383    0.00527243
2.30383     2.30383    0.000930447
2.51327     2.30383    0.00684674
2.72271     2.30383    0.0182414
2.93215     2.30383    0.0303101
3.14159     2.30383    0.0283574

-3.14159     2.51327    0.0161243
-2.93215     2.51327    0.0119419
-2.72271     2.51327    0.019711
-2.51327     2.51327    0.00636588
-2.30383     2.51327    0.0013881
-2.0944     2.51327    0.00302114
-1.88496     2.51327    0.000823222
-1.67552     2.51327    0.000526851
-1.46608     2.51327    0.000182298
-1.25664     2.51327    0.00458424
-1.0472     2.51327    6.38577e-05
-0.837758     2.51327    0.00353624
-0.628319     2.51327    0.0022678
-0.418879     2.51327    0.0013395
-0.20944     2.51327    0.00438584
0     2.51327    0.0100766
0.20944     2.51327    0.00447477
0.418879     2.51327    0.00130358
0.628319     2.51327    0.00230282
0.837758     2.51327    0.00338151
1.0472     2.51327    0.000108776
1.25664     2.51327    0.00459445
1.46608     2.51327    0.000187499
1.67552     2.51327    0.000546169
1.88496     2.51327    0.000850475
2.0944     2.51327    0.00295847
2.30383     2.51327    0.00138635
2.51327     2.51327    0.00650704
2.72271     2.51327    0.0197668
2.93215     2.51327    0.0125721
3.14159     2.51327    0.0162221

-3.14159     2.72271    0.00272099
-2.93215     2.72271    0.00316213
-2.72271     2.72271    0.00149326
-2.51327     2.72271    0.0099063
-2.30383     2.72271    0.00471637
-2.0944     2.72271    0.00509347
-1.88496     2.72271    0.000221794
-1.67552     2.72271    0.000988406
-1.46608     2.72271    0.000424076
-1.25664     2.72271    0.00092724
-1.0472     2.72271    0.00131706
-0.837758     2.72271    0.0011956
-0.628319     2.72271    0.00832611
-0.418879     2.72271    0.00300405
-0.20944     2.72271    0.001446
0     2.72271    0.0141998
0.20944     2.72271    0.00134143
0.418879     2.72271    0.00302612
0.628319     2.72271    0.00827989
0.837758     2.72271    0.00131324
1.0472     2.72271    0.00132828
1.25664     2.72271    0.000912059
1.46608     2.72271    0.000434315
1.67552     2.72271    0.00105716
1.88496     2.72271    0.000200534
2.0944     2.72271    0.00497939
2.30383     2.72271    0.00474874
2.51327     2.72271    0.00966399
2.72271     2.72271    0.00156512
2.93215     2.72271    0.00298057
3.14159     2.72271    0.0026156

-3.14159     2.93215    0.000736896
-2.93215     2.93215    0.000705622
-2.72271     2.93215    0.000140123
-2.51327     2.93215    0.00726584
-2.30383     2.93215    0.0132863
-2.0944     2.93215    0.00192026
-1.88496     2.93215    0.000409802
-1.67552     2.93215    0.000735531
-1.46608     2.93215    1.84058e-05
-1.25664     2.93215    0.000397505
-1.0472     2.93215    0.0019144
-0.837758     2.93215    0.00310565
-0.628319     2.93215    0.0075911
-0.418879     2.93215    0.00315517
-0.20944     2.93215    0.000788009
0     2.93215    0.0198739
0.20944     2.93215    0.000587211
0.418879     2.93215    0.0031268
0.628319     2.93215    0.00747965
0.837758     2.93215    0.00311987
1.0472     2.93215    0.001868
1.25664     2.93215    0.000361166
1.46608     2.93215    9.90727e-06
1.67552     2.93215    0.000783149
1.88496     2.93215    0.000404764
2.0944     2.93215    0.00194172
2.30383     2.93215    0.013269
2.51327     2.93215    0.00754168
2.72271     2.93215    0.00018635
2.93215     2.93215    0.000704513
3.14159     2.93215    0.000712931

-3.14159     3.14159    0.000658903
-2.93215     3.14159    0.00541729
-2.72271     3.14159    0.0111114
-2.51327     3.14159    0.0117283
-2.30383     3.14159    0.00545388
-2.0944     3.14159    0.000996696
-1.88496     3.14159    0.00758523
-1.67552     3.14159    0.00317073
-1.46608     3.14159    0.000553504
-1.25664     3.14159    0.00526301
-1.0472     3.14159    0.000133438
-0.837758     3.14159    0.00101446
-0.628319     3.14159    0.00918611
-0.418879     3.14159    0.00762453
-0.20944     3.14159    0.0152275
0     3.14159    0.0330157
0.20944     3.14159    0.0148766
0.418879     3.14159    0.00761952
0.628319     3.14159    0.00946558
0.837758     3.14159    0.00101358
1.0472     3.14159    0.000137226
1.25664     3.14159    0.00517915
1.46608     3.14159    0.000559868
1.67552     3.14159    0.00306432
1.88496     3.14159    0.00748054
2.0944     3.14159    0.000907249
2.30383     3.14159    0.00538455
2.51327     3.14159    0.0117444
2.72271     3.14159    0.0110344
2.93215     3.14159    0.0053417
3.14159     3.14159    0.000643729

