-3.14159     -3.14159    0.000497854
-2.93215     -3.14159    0.00416327
-2.72271     -3.14159    0.00888165
-2.51327     -3.14159    0.00947291
-2.30383     -3.14159    0.00423139
-2.0944     -3.14159    0.00109012
-1.88496     -3.14159    0.00617593
-1.67552     -3.14159    0.00256869
-1.46608     -3.14159    0.000426378
-1.25664     -3.14159    0.00401553
-1.0472     -3.14159    7.75262e-06
-0.837758     -3.14159    0.000670822
-0.628319     -3.14159    0.00732839
-0.418879     -3.14159    0.00632737
-0.20944     -3.14159    0.0122684
0     -3.14159    0.0268571
0.20944     -3.14159    0.0125575
0.418879     -3.14159    0.00633117
0.628319     -3.14159    0.0071236
0.837758     -3.14159    0.000673428
1.0472     -3.14159    2.90949e-05
1.25664     -3.14159    0.00409453
1.46608     -3.14159    0.000419798
1.67552     -3.14159    0.00266343
1.88496     -3.14159    0.0062497
2.0944     -3.14159    0.00114901
2.30383     -3.14159    0.00429289
2.51327     -3.14159    0.00940296
2.72271     -3.14159    0.0089526
2.93215     -3.14159    0.00421211
3.14159     -3.14159    0.000503517

-3.14159     -2.93215    0.000377105
-2.93215     -2.93215    0.00097587
-2.72271     -2.93215    0.000697938
-2.51327     -2.93215    0.00697438
-2.30383     -2.93215    0.0107105
-2.0944     -2.93215    0.00141133
-1.88496     -2.93215    0.000425839
-1.67552     -2.93215    0.000558639
-1.46608     -2.93215    7.19263e-05
-1.25664     -2.93215    0.000171703
-1.0472     -2.93215    0.00153196
-0.837758     -2.93215    0.0028035
-0.628319     -2.93215    0.00602737
-0.418879     -2.93215    0.00277295
-0.20944     -2.93215    0.000223291
0     -2.93215    0.0162153
0.20944     -2.93215    0.000391318
0.418879     -2.93215    0.00280861
0.628319     -2.93215    0.00612691
0.837758     -2.93215    0.00276918
1.0472     -2.93215    0.0015628
1.25664     -2.93215    0.000181575
1.46608     -2.93215    5.64203e-05
1.67552     -2.93215    0.000518739
1.88496     -2.93215    0.000438683
2.0944     -2.93215    0.00140135
2.30383     -2.93215    0.0107135
2.51327     -2.93215    0.00670971
2.72271     -2.93215    0.000662306
2.93215     -2.93215    0.000978328
3.14159     -2.93215    0.000407491

-3.14159     -2.72271    0.00181167
-2.93215     -2.72271    0.00207524
-2.72271     -2.72271    0.000816067
-2.51327     -2.72271    0.00871671
-2.30383     -2.72271    0.00346946
-2.0944     -2.72271    0.00380587
-1.88496     -2.72271    0.000143858
-1.67552     -2.72271    0.00116186
-1.46608     -2.72271    0.000643306
-1.25664     -2.72271    0.000489015
-1.0472     -2.72271    0.000637781
-0.837758     -2.72271    0.000777262
-0.628319     -2.72271    0.00680076
-0.418879     -2.72271    0.00257937
-0.20944     -2.72271    0.00121394
0     -2.72271    0.0123866
0.20944     -2.72271    0.00128348
0.418879     -2.72271    0.0025225
0.628319     -2.72271    0.0068415
0.837758     -2.72271    0.000673466
1.0472     -2.72271    0.000633516
1.25664     -2.72271    0.000494074
1.46608     -2.72271    0.000640738
1.67552     -2.72271    0.00109889
1.88496     -2.72271    0.00016316
2.0944     -2.72271    0.00390842
2.30383     -2.72271    0.00343681
2.51327     -2.72271    0.00892279
2.72271     -2.72271    0.000740319
2.93215     -2.72271    0.00222669
3.14159     -2.72271    0.00187824

-3.14159     -2.51327    0.0128442
-2.93215     -2.51327    0.00968689
-2.72271     -2.51327    0.0158229
-2.51327     -2.51327    0.00505428
-2.30383     -2.51327    0.00149002
-2.0944     -2.51327    0.00253452
-1.88496     -2.51327    0.000469812
-1.67552     -2.51327    0.000602596
-1.46608     -2.51327    0.000194345
-1.25664     -2.51327    0.00387447
-1.0472     -2.51327    0.000406689
-0.837758     -2.51327    0.00271324
-0.628319     -2.51327    0.00191264
-0.418879     -2.51327    0.000853985
-0.20944     -2.51327    0.0036162
0     -2.51327    0.00883983
0.20944     -2.51327    0.0035377
0.418879     -2.51327    0.000895524
0.628319     -2.51327    0.00189137
0.837758     -2.51327    0.00287279
1.0472     -2.51327    0.000442763
1.25664     -2.51327    0.00386452
1.46608     -2.51327    0.000191821
1.67552     -2.51327    0.000604433
1.88496     -2.51327    0.000440381
2.0944     -2.51327    0.00258527
2.30383     -2.51327    0.00148901
2.51327     -2.51327    0.00493127
2.72271     -2.51327    0.0158733
2.93215     -2.51327    0.00923315
3.14159     -2.51327    0.0127219

-3.14159     -2.30383    0.0231763
-2.93215     -2.30383    0.0241054
-2.72271     -2.30383    0.0141236
-2.51327     -2.30383    0.00504342
-2.30383     -2.30383    0.000601339
-2.0944     -2.30383    0.00427532
-1.88496     -2.30383    0.000286388
-1.67552     -2.30383    0.00151607
-1.46608     -2.30383    0.00255705
-1.25664     -2.30383    0.000996867
-1.0472     -2.30383    0.00108353
-0.837758     -2.30383    0.00537418
-0.628319     -2.30383    0.00112334
-0.418879     -2.30383    0.000486386
-0.20944     -2.30383    0.00295898
0     -2.30383    0.00328176
0.20944     -2.30383    0.00294874
0.418879     -2.30383    0.000539302
0.628319     -2.30383    0.00111198
0.837758     -2.30383    0.00541584
1.0472     -2.30383    0.00107155
1.25664     -2.30383    0.000977479
1.46608     -2.30383    0.0025657
1.67552     -2.30383    0.00146901
1.88496     -2.30383    0.000300742
2.0944     -2.30383    0.00425187
2.30383     -2.30383    0.000627114
2.51327     -2.30383    0.0052427
2.72271     -2.30383    0.0142061
2.93215     -2.30383    0.023943
3.14159     -2.30383    0.0232036

-3.14159     -2.0944    0.0261576
-2.93215     -2.0944    0.0379039
-2.72271     -2.0944    0.0223599
-2.51327     -2.0944    0.0133887
-2.30383     -2.0944    0.00466772
-2.0944     -2.0944    0.000987543
-1.88496     -2.0944    0.00138114
-1.67552     -2.0944    0.00146235
-1.46608     -2.0944    0.00263378
-1.25664     -2.0944    0.00226381
-1.0472     -2.0944    0.00271167
-0.837758     -2.0944    0.00918091
-0.628319     -2.0944    0.00143281
-0.418879     -2.0944    0.00107236
-0.20944     -2.0944    0.00634794
0     -2.0944    0.00367766
0.20944     -2.0944    0.0063986
0.418879     -2.0944    0.0010833
0.628319     -2.0944    0.00141576
0.837758     -2.0944    0.00913573
1.0472     -2.0944    0.00274348
1.25664     -2.0944    0.00225325
1.46608     -2.0944    0.00255849
1.67552     -2.0944    0.00135257
1.88496     -2.0944    0.00137585
2.0944     -2.0944    0.000957914
2.30383     -2.0944    0.00461867
2.51327     -2.0944    0.0134145
2.72271     -2.0944    0.0225343
2.93215     -2.0944    0.0381705
3.14159     -2.0944    0.0267234

-3.14159     -1.88496    0.034386
-2.93215     -1.88496    0.0230786
-2.72271     -1.88496    0.0203786
-2.51327     -1.88496    0.00307429
-2.30383     -1.88496    0.00544689
-2.0944     -1.88496    0.00732185
-1.88496     -1.88496    0.00310349
-1.67552     -1.88496    0.00315386
-1.46608     -1.88496    0.0075884
-1.25664     -1.88496    0.00519763
-1.0472     -1.88496    0.00139322
-0.837758     -1.88496    0.00801742
-0.628319     -1.88496    0.000499901
-0.418879     -1.88496    0.00501017
-0.20944     -1.88496    0.00357027
0     -1.88496    0.00282701
0.20944     -1.88496    0.00353587
0.418879     -1.88496    0.00501221
0.628319     -1.88496    0.000512803
0.837758     -1.88496    0.00803936
1.0472     -1.88496    0.00143493
1.25664     -1.88496    0.00516409
1.46608     -1.88496    0.00754077
1.67552     -1.88496    0.00296719
1.88496     -1.88496    0.0031049
2.0944     -1.88496    0.0073061
2.30383     -1.88496    0.0054184
2.51327     -1.88496    0.00307989
2.72271     -1.88496    0.0205449
2.93215     -1.88496    0.0228038
3.14159     -1.88496    0.0345003

-3.14159     -1.67552    0.0318642
-2.93215     -1.67552    0.0199136
-2.72271     -1.67552    0.0244555
-2.51327     -1.67552    0.00542763
-2.30383     -1.67552    0.0020483
-2.0944     -1.67552    0.00159474
-1.88496     -1.67552    0.000508276
-1.67552     -1.67552    0.000760304
-1.46608     -1.67552    0.00500517
-1.25664     -1.67552    0.00729244
-1.0472     -1.67552    0.00739063
-0.837758     -1.67552    0.0072397
-0.628319     -1.67552    0.000447076
-0.418879     -1.67552    0.00862507
-0.20944     -1.67552    0.00488954
0     -1.67552    0.00301792
0.20944     -1.67552    0.0049309
0.418879     -1.67552    0.008603
0.628319     -1.67552    0.000513295
0.837758     -1.67552    0.0072058
1.0472     -1.67552    0.00733886
1.25664     -1.67552    0.00731025
1.46608     -1.67552    0.00494122
1.67552     -1.67552    0.000821908
1.88496     -1.67552    0.000502753
2.0944     -1.67552    0.00164098
2.30383     -1.67552    0.00202271
2.51327     -1.67552    0.00536655
2.72271     -1.67552    0.0246613
2.93215     -1.67552    0.0197826
3.14159     -1.67552    0.0321617

-3.14159     -1.46608    0.0248121
-2.93215     -1.46608    0.020682
-2.72271     -1.46608    0.0200766
-2.51327     -1.46608    0.0145748
-2.30383     -1.46608    0.0061516
-2.0944     -1.46608    0.0035146
-1.88496     -1.46608    0.00174622
-1.67552     -1.46608    0.0011807
-1.46608     -1.46608    0.000350299
-1.25664     -1.46608    0.000479839
-1.0472     -1.46608    0.00387038
-0.837758     -1.46608    0.00553363
-0.628319     -1.46608    0.00069876
-0.418879     -1.46608    0.00784271
-0.20944     -1.46608    0.00320858
0     -1.46608    0.00139866
0.20944     -1.46608    0.00314412
0.418879     -1.46608    0.00785143
0.628319     -1.46608    0.000684294
0.837758     -1.46608    0.00540327
1.0472     -1.46608    0.00376659
1.25664     -1.46608    0.000497055
1.46608     -1.46608    0.000429177
1.67552     -1.46608    0.00120489
1.88496     -1.46608    0.00177984
2.0944     -1.46608    0.00353441
2.30383     -1.46608    0.00622422
2.51327     -1.46608    0.0144679
2.72271     -1.46608    0.0201857
2.93215     -1.46608    0.0207093
3.14159     -1.46608    0.025294

-3.14159     -1.25664    0.021183
-2.93215     -1.25664    0.00767566
-2.72271     -1.25664    0.00137217
-2.51327     -1.25664    0.00164533
-2.30383     -1.25664    0.0123064
-2.0944     -1.25664    0.00338471
-1.88496     -1.25664    0.00258449
-1.67552     -1.25664    0.00529562
-1.46608     -1.25664    0.0042323
-1.25664     -1.25664    0.00754444
-1.0472     -1.25664    0.00151536
-0.837758     -1.25664    0.00067341
-0.628319     -1.25664    0.00660935
-0.418879     -1.25664    0.00807149
-0.20944     -1.25664    0.00156394
0     -1.25664    0.00260099
0.20944     -1.25664    0.00148936
0.418879     -1.25664    0.00813822
0.628319     -1.25664    0.00679454
0.837758     -1.25664    0.000624969
1.0472     -1.25664    0.00157744
1.25664     -1.25664    0.00750721
1.46608     -1.25664    0.00429044
1.67552     -1.25664    0.00521267
1.88496     -1.25664    0.00267797
2.0944     -1.25664    0.00336528
2.30383     -1.25664    0.0124352
2.51327     -1.25664    0.00165014
2.72271     -1.25664    0.00142289
2.93215     -1.25664    0.00766773
3.14159     -1.25664    0.0210512

-3.14159     -1.0472    0.00831089
-2.93215     -1.0472    0.0065914
-2.72271     -1.0472    0.005366
-2.51327     -1.0472    0.000531095
-2.30383     -1.0472    0.00201696
-2.0944     -1.0472    0.00233411
-1.88496     -1.0472    0.00180096
-1.67552     -1.0472    0.00446372
-1.46608     -1.0472    0.00272306
-1.25664     -1.0472    0.00743847
-1.0472     -1.0472    0.00808348
-0.837758     -1.0472    0.00991361
-0.628319     -1.0472    0.00590432
-0.418879     -1.0472    0.000464978
-0.20944     -1.0472    0.00138659
0     -1.0472    0.00323543
0.20944     -1.0472    0.00144007
0.418879     -1.0472    0.000493021
0.628319     -1.0472    0.00603914
0.837758     -1.0472    0.00979648
1.0472     -1.0472    0.00808338
1.25664     -1.0472    0.00742204
1.46608     -1.0472    0.00271044
1.67552     -1.0472    0.00446197
1.88496     -1.0472    0.00181164
2.0944     -1.0472    0.00235125
2.30383     -1.0472    0.00198525
2.51327     -1.0472    0.000533519
2.72271     -1.0472    0.00539797
2.93215     -1.0472    0.00664968
3.14159     -1.0472    0.00828149

-3.14159     -0.837758    0.000555755
-2.93215     -0.837758    0.000442198
-2.72271     -0.837758    0.00711078
-2.51327     -0.837758    0.0028358
-2.30383     -0.837758    0.000484767
-2.0944     -0.837758    0.00218849
-1.88496     -0.837758    0.00638331
-1.67552     -0.837758    0.000519334
-1.46608     -0.837758    0.00312706
-1.25664     -0.837758    0.00307739
-1.0472     -0.837758    0.00114118
-0.837758     -0.837758    0.000849195
-0.628319     -0.837758    0.000185135
-0.418879     -0.837758    0.00798728
-0.20944     -0.837758    0.00782421
0     -0.837758    0.0143489
0.20944     -0.837758    0.0078521
0.418879     -0.837758    0.00776404
0.628319     -0.837758    0.000258527
0.837758     -0.837758    0.000899609
1.0472     -0.837758    0.00116904
1.25664     -0.837758    0.00304153
1.46608     -0.837758    0.00311132
1.67552     -0.837758    0.000479931
1.88496     -0.837758    0.00635295
2.0944     -0.837758    0.00223069
2.30383     -0.837758    0.000431493
2.51327     -0.837758    0.00282053
2.72271     -0.837758    0.00716107
2.93215     -0.837758    0.000420526
3.14159     -0.837758    0.000598729

-3.14159     -0.628319    0.00063134
-2.93215     -0.628319    0.00271479
-2.72271     -0.628319    0.00178981
-2.51327     -0.628319    0.00277068
-2.30383     -0.628319    0.000906645
-2.0944     -0.628319    0.00253736
-1.88496     -0.628319    0.00391147
-1.67552     -0.628319    0.00691402
-1.46608     -0.628319    0.0051735
-1.25664     -0.628319    0.000622572
-1.0472     -0.628319    0.000118582
-0.837758     -0.628319    0.00391891
-0.628319     -0.628319    0.00641429
-0.418879     -0.628319    0.0212696
-0.20944     -0.628319    0.0203886
0     -0.628319    0.0102017
0.20944     -0.628319    0.0203334
0.418879     -0.628319    0.0210169
0.628319     -0.628319    0.0064997
0.837758     -0.628319    0.00389249
1.0472     -0.628319    0.000152266
1.25664     -0.628319    0.000614399
1.46608     -0.628319    0.00516996
1.67552     -0.628319    0.00694882
1.88496     -0.628319    0.00388883
2.0944     -0.628319    0.00253878
2.30383     -0.628319    0.000941008
2.51327     -0.628319    0.00274421
2.72271     -0.628319    0.00183888
2.93215     -0.628319    0.00269784
3.14159     -0.628319    0.000666279

-3.14159     -0.418879    2.80335e-05
-2.93215     -0.418879    7.05482e-05
-2.72271     -0.418879    0.00131197
-2.51327     -0.418879    0.00215606
-2.30383     -0.418879    0.0068679
-2.0944     -0.418879    0.00427891
-1.88496     -0.418879    0.000143337
-1.67552     -0.418879    0.00735273
-1.46608     -0.418879    0.00752174
-1.25664     -0.418879    0.000908342
-1.0472     -0.418879    0.00225688
-0.837758     -0.418879    0.00562798
-0.628319     -0.418879    0.0120646
-0.418879     -0.418879    0.0203825
-0.20944     -0.418879    0.0225563
0     -0.418879    0.0314408
0.20944     -0.418879    0.0225391
0.418879     -0.418879    0.0202246
0.628319     -0.418879    0.0120198
0.837758     -0.418879    0.00566738
1.0472     -0.418879    0.00225628
1.25664     -0.418879    0.0009041
1.46608     -0.418879    0.00748409
1.67552     -0.418879    0.0074214
1.88496     -0.418879    0.000152876
2.0944     -0.418879    0.00426439
2.30383     -0.418879    0.00682187
2.51327     -0.418879    0.00202221
2.72271     -0.418879    0.00126428
2.93215     -0.418879    7.42856e-05
3.14159     -0.418879    2.99931e-05

-3.14159     -0.20944    0.000511065
-2.93215     -0.20944    0.00126445
-2.72271     -0.20944    0.00271866
-2.51327     -0.20944    0.00126384
-2.30383     -0.20944    0.00699511
-2.0944     -0.20944    0.00741503
-1.88496     -0.20944    0.00514207
-1.67552     -0.20944    0.00122067
-1.46608     -0.20944    0.00647697
-1.25664     -0.20944    0.00720783
-1.0472     -0.20944    0.00148928
-0.837758     -0.20944    0.00886208
-0.628319     -0.20944    0.0172353
-0.418879     -0.20944    0.0214314
-0.20944     -0.20944    0.0307371
0     -0.20944    0.0342835
0.20944     -0.20944    0.0310515
0.418879     -0.20944    0.021
0.628319     -0.20944    0.0178453
0.837758     -0.20944    0.00883037
1.0472     -0.20944    0.00141897
1.25664     -0.20944    0.00715298
1.46608     -0.20944    0.006568
1.67552     -0.20944    0.00127699
1.88496     -0.20944    0.00522303
2.0944     -0.20944    0.00742982
2.30383     -0.20944    0.00700525
2.51327     -0.20944    0.00128677
2.72271     -0.20944    0.00274657
2.93215     -0.20944    0.0012383
3.14159     -0.20944    0.000548794

-3.14159     0    0.00128455
-2.93215     0    8.21091e-05
-2.72271     0    0.00216299
-2.51327     0    0.00162286
-2.30383     0    0.000958967
-2.0944     0    0.00280922
-1.88496     0    0.00908248
-1.67552     0    0.00576549
-1.46608     0    0.00276358
-1.25664     0    0.00739009
-1.0472     0    0.00204898
-0.837758     0    0.0167103
-0.628319     0    0.0236918
-0.418879     0    0.0227542
-0.20944     0    0.044642
0     0    1.41248e-14
0.20944     0    0.044642
0.418879     0    0.0227542
0.628319     0    0.0236918
0.837758     0    0.0167103
1.0472     0    0.00204898
1.25664     0    0.00739009
1.46608     0    0.00276358
1.67552     0    0.00576549
1.88496     0    0.00908248
2.0944     0    0.00280922
2.30383     0    0.000958967
2.51327     0    0.00162286
2.72271     0    0.00216299
2.93215     0    8.21091e-05
3.14159     0    0.00128455

-3.14159     0.20944    0.000548794
-2.93215     0.20944    0.0012383
-2.72271     0.20944    0.00274657
-2.51327     0.20944    0.00128677
-2.30383     0.20944    0.00700525
-2.0944     0.20944    0.00742982
-1.88496     0.20944    0.00522303
-1.67552     0.20944    0.00127699
-1.46608     0.20944    0.006568
-1.25664     0.20944    0.00715298
-1.0472     0.20944    0.00141897
-0.837758     0.20944    0.00883037
-0.628319     0.20944    0.0178453
-0.418879     0.20944    0.021
-0.20944     0.20944    0.0310515
0     0.20944    0.0342835
0.20944     0.20944    0.0307371
0.418879     0.20944    0.0214314
0.628319     0.20944    0.0172353
0.837758     0.20944    0.00886208
1.0472     0.20944    0.00148928
1.25664     0.20944    0.00720783
1.46608     0.20944    0.00647697
1.67552     0.20944    0.00122067
1.88496     0.20944    0.00514207
2.0944     0.20944    0.00741503
2.30383     0.20944    0.00699511
2.51327     0.20944    0.00126384
2.72271     0.20944    0.00271866
2.93215     0.20944    0.00126445
3.14159     0.20944    0.000511065

-3.14159     0.418879    2.99931e-05
-2.93215     0.418879    7.42856e-05
-2.72271     0.418879    0.00126428
-2.51327     0.418879    0.00202221
-2.30383     0.418879    0.00682187
-2.0944     0.418879    0.00426439
-1.88496     0.418879    0.000152876
-1.67552     0.418879    0.0074214
-1.46608     0.418879    0.00748409
-1.25664     0.418879    0.0009041
-1.0472     0.418879    0.00225628
-0.837758     0.418879    0.00566738
-0.628319     0.418879    0.0120198
-0.418879     0.418879    0.0202246
-0.20944     0.418879    0.0225391
0     0.418879    0.0314408
0.20944     0.418879    0.0225563
0.418879     0.418879    0.0203825
0.628319     0.418879    0.0120646
0.837758     0.418879    0.00562798
1.0472     0.418879    0.00225688
1.25664     0.418879    0.000908342
1.46608     0.418879    0.00752174
1.67552     0.418879    0.00735273
1.88496     0.418879    0.000143337
2.0944     0.418879    0.00427891
2.30383     0.418879    0.0068679
2.51327     0.418879    0.00215606
2.72271     0.418879    0.00131197
2.93215     0.418879    7.05482e-05
3.14159     0.418879    2.80335e-05

-3.14159     0.628319    0.000666279
-2.93215     0.628319    0.00269784
-2.72271     0.628319    0.00183888
-2.51327     0.628319    0.00274421
-2.30383     0.628319    0.000941008
-2.0944     0.628319    0.00253878
-1.88496     0.628319    0.00388883
-1.67552     0.628319    0.00694882
-1.46608     0.628319    0.00516996
-1.25664     0.628319    0.000614399
-1.0472     0.628319    0.000152266
-0.837758     0.628319    0.00389249
-0.628319     0.628319    0.0064997
-0.418879     0.628319    0.0210169
-0.20944     0.628319    0.0203334
0     0.628319    0.0102017
0.20944     0.628319    0.0203886
0.418879     0.628319    0.0212696
0.628319     0.628319    0.00641429
0.837758     0.628319    0.00391891
1.0472     0.628319    0.000118582
1.25664     0.628319    0.000622572
1.46608     0.628319    0.0051735
1.67552     0.628319    0.00691402
1.88496     0.628319    0.00391147
2.0944     0.628319    0.00253736
2.30383     0.628319    0.000906645
2.51327     0.628319    0.00277068
2.72271     0.628319    0.00178981
2.93215     0.628319    0.00271479
3.14159     0.628319    0.00063134

-3.14159     0.837758    0.000598729
-2.93215     0.837758    0.000420526
-2.72271     0.837758    0.00716107
-2.51327     0.837758    0.00282053
-2.30383     0.837758    0.000431493
-2.0944     0.837758    0.00223069
-1.88496     0.837758    0.00635295
-1.67552     0.837758    0.000479931
-1.46608     0.837758    0.00311132
-1.25664     0.837758    0.00304153
-1.0472     0.837758    0.00116904
-0.837758     0.837758    0.000899609
-0.628319     0.837758    0.000258527
-0.418879     0.837758    0.00776404
-0.20944     0.837758    0.0078521
0     0.837758    0.0143489
0.20944     0.837758    0.00782421
0.418879     0.837758    0.00798728
0.628319     0.837758    0.000185135
0.837758     0.837758    0.000849195
1.0472     0.837758    0.00114118
1.25664     0.837758    0.00307739
1.46608     0.837758    0.00312706
1.67552     0.837758    0.000519334
1.88496     0.837758    0.00638331
2.0944     0.837758    0.00218849
2.30383     0.837758    0.000484767
2.51327     0.837758    0.0028358
2.72271     0.837758    0.00711078
2.93215     0.837758    0.000442198
3.14159     0.837758    0.000555755

-3.14159     1.0472    0.00828149
-2.93215     1.0472    0.00664968
-2.72271     1.0472    0.00539797
-2.51327     1.0472    0.000533519
-2.30383     1.0472    0.00198525
-2.0944     1.0472    0.00235125
-1.88496     1.0472    0.00181164
-1.67552     1.0472    0.00446197
-1.46608     1.0472    0.00271044
-1.25664     1.0472    0.00742204
-1.0472     1.0472    0.00808338
-0.837758     1.0472    0.00979648
-0.628319     1.0472    0.00603914
-0.418879     1.0472    0.000493021
-0.20944     1.0472    0.00144007
0     1.0472    0.00323543
0.20944     1.0472    0.00138659
0.418879     1.0472    0.000464978
0.628319     1.0472    0.00590432
0.837758     1.0472    0.00991361
1.0472     1.0472    0.00808348
1.25664     1.0472    0.00743847
1.46608     1.0472    0.00272306
1.67552     1.0472    0.00446372
1.88496     1.0472    0.00180096
2.0944     1.0472    0.00233411
2.30383     1.0472    0.00201696
2.51327     1.0472    0.000531095
2.72271     1.0472    0.005366
2.93215     1.0472    0.0065914
3.14159     1.0472    0.00831089

-3.14159     1.25664    0.0210512
-2.93215     1.25664    0.00766773
-2.72271     1.25664    0.00142289
-2.51327     1.25664    0.00165014
-2.30383     1.25664    0.0124352
-2.0944     1.25664    0.00336528
-1.88496     1.25664    0.00267797
-1.67552     1.25664    0.00521267
-1.46608     1.25664    0.00429044
-1.25664     1.25664    0.00750721
-1.0472     1.25664    0.00157744
-0.837758     1.25664    0.000624969
-0.628319     1.25664    0.00679454
-0.418879     1.25664    0.00813822
-0.20944     1.25664    0.00148936
0     1.25664    0.00260099
0.20944     1.25664    0.00156394
0.418879     1.25664    0.00807149
0.628319     1.25664    0.00660935
0.837758     1.25664    0.00067341
1.0472     1.25664    0.00151536
1.25664     1.25664    0.00754444
1.46608     1.25664    0.0042323
1.67552     1.25664    0.00529562
1.88496     1.25664    0.00258449
2.0944     1.25664    0.00338471
2.30383     1.25664    0.0123064
2.51327     1.25664    0.00164533
2.72271     1.25664    0.00137217
2.93215     1.25664    0.00767566
3.14159     1.25664    0.021183

-3.14159     1.46608    0.025294
-2.93215     1.46608    0.0207093
-2.72271     1.46608    0.0201857
-2.51327     1.46608    0.0144679
-2.30383     1.46608    0.00622422
-2.0944     1.46608    0.00353441
-1.88496     1.46608    0.00177984
-1.67552     1.46608    0.00120489
-1.46608     1.46608    0.000429177
-1.25664     1.46608    0.000497055
-1.0472     1.46608    0.00376659
-0.837758     1.46608    0.00540327
-0.628319     1.46608    0.000684294
-0.418879     1.46608    0.00785143
-0.20944     1.46608    0.00314412
0     1.46608    0.00139866
0.20944     1.46608    0.00320858
0.418879     1.46608    0.00784271
0.628319     1.46608    0.00069876
0.837758     1.46608    0.00553363
1.0472     1.46608    0.00387038
1.25664     1.46608    0.000479839
1.46608     1.46608    0.000350299
1.67552     1.46608    0.0011807
1.88496     1.46608    0.00174622
2.0944     1.46608    0.0035146
2.30383     1.46608    0.0061516
2.51327     1.46608    0.0145748
2.72271     1.46608    0.0200766
2.93215     1.46608    0.020682
3.14159     1.46608    0.0248121

-3.14159     1.67552    0.0321617
-2.93215     1.67552    0.0197826
-2.72271     1.67552    0.0246613
-2.51327     1.67552    0.00536655
-2.30383     1.67552    0.00202271
-2.0944     1.67552    0.00164098
-1.88496     1.67552    0.000502753
-1.67552     1.67552    0.000821908
-1.46608     1.67552    0.00494122
-1.25664     1.67552    0.00731025
-1.0472     1.67552    0.00733886
-0.837758     1.67552    0.0072058
-0.628319     1.67552    0.000513295
-0.418879     1.67552    0.008603
-0.20944     1.67552    0.0049309
0     1.67552    0.00301792
0.20944     1.67552    0.00488954
0.418879     1.67552    0.00862507
0.628319     1.67552    0.000447076
0.837758     1.67552    0.0072397
1.0472     1.67552    0.00739063
1.25664     1.67552    0.00729244
1.46608     1.67552    0.00500517
1.67552     1.67552    0.000760304
1.88496     1.67552    0.000508276
2.0944     1.67552    0.00159474
2.30383     1.67552    0.0020483
2.51327     1.67552    0.00542763
2.72271     1.67552    0.0244555
2.93215     1.67552    0.0199136
3.14159     1.67552    0.0318642

-3.14159     1.88496    0.0345003
-2.93215     1.88496    0.0228038
-2.72271     1.88496    0.0205449
-2.51327     1.88496    0.00307989
-2.30383     1.88496    0.0054184
-2.0944     1.88496    0.0073061
-1.88496     1.88496    0.0031049
-1.67552     1.88496    0.00296719
-1.46608     1.88496    0.00754077
-1.25664     1.88496    0.00516409
-1.0472     1.88496    0.00143493
-0.837758     1.88496    0.00803936
-0.628319     1.88496    0.000512803
-0.418879     1.88496    0.00501221
-0.20944     1.88496    0.00353587
0     1.88496    0.00282701
0.20944     1.88496    0.00357027
0.418879     1.88496    0.00501017
0.628319     1.88496    0.000499901
0.837758     1.88496    0.00801742
1.0472     1.88496    0.00139322
1.25664     1.88496    0.00519763
1.46608     1.88496    0.0075884
1.67552     1.88496    0.00315386
1.88496     1.88496    0.00310349
2.0944     1.88496    0.00732185
2.30383     1.88496    0.00544689
2.51327     1.88496    0.00307429
2.72271     1.88496    0.0203786
2.93215     1.88496    0.0230786
3.14159     1.88496    0.034386

-3.14159     2.0944    0.0267234
-2.93215     2.0944    0.0381705
-2.72271     2.0944    0.0225343
-2.51327     2.0944    0.0134145
-2.30383     2.0944    0.00461867
-2.0944     2.0944    0.000957914
-1.88496     2.0944    0.00137585
-1.67552     2.0944    0.00135257
-1.46608     2.0944    0.00255849
-1.25664     2.0944    0.00225325
-1.0472     2.0944    0.00274348
-0.837758     2.0944    0.00913573
-0.628319     2.0944    0.00141576
-0.418879     2.0944    0.0010833
-0.20944     2.0944    0.0063986
0     2.0944    0.00367766
0.20944     2.0944    0.00634794
0.418879     2.0944    0.00107236
0.628319     2.0944    0.00143281
0.837758     2.0944    0.00918091
1.0472     2.0944    0.00271167
1.25664     2.0944    0.00226381
1.46608     2.0944    0.00263378
1.67552     2.0944    0.00146235
1.88496     2.0944    0.00138114
2.0944     2.0944    0.000987543
2.30383     2.0944    0.00466772
2.51327     2.0944    0.0133887
2.72271     2.0944    0.0223599
2.93215     2.0944    0.0379039
3.14159     2.0944    0.0261576

-3.14159     2.30383    0.0232036
-2.93215     2.30383    0.023943
-2.72271     2.30383    0.0142061
-2.51327     2.30383    0.0052427
-2.30383     2.30383    0.000627114
-2.0944     2.30383    0.00425187
-1.88496     2.30383    0.000300742
-1.67552     2.30383    0.00146901
-1.46608     2.30383    0.0025657
-1.25664     2.30383    0.000977479
-1.0472     2.30383    0.00107155
-0.837758     2.30383    0.00541584
-0.628319     2.30383    0.00111198
-0.418879     2.30383    0.000539302
-0.20944     2.30383    0.00294874
0     2.30383    0.00328176
0.20944     2.30383    0.00295898
0.418879     2.30383    0.000486386
0.628319     2.30383    0.00112334
0.837758     2.30383    0.00537418
1.0472     2.30383    0.00108353
1.25664     2.30383    0.000996867
1.46608     2.30383    0.00255705
1.67552     2.30383    0.00151607
1.88496     2.30383    0.000286388
2.0944     2.30383    0.00427532
2.30383     2.30383    0.000601339
2.51327     2.30383    0.00504342
2.72271     2.30383    0.0141236
2.93215     2.30383    0.0241054
3.14159     2.30383    0.0231763

-3.14159     2.51327    0.0127219
-2.93215     2.51327    0.00923315
-2.72271     2.51327    0.0158733
-2.51327     2.51327    0.00493127
-2.30383     2.51327    0.00148901
-2.0944     2.51327    0.00258527
-1.88496     2.51327    0.000440381
-1.67552     2.51327    0.000604433
-1.46608     2.51327    0.000191821
-1.25664     2.51327    0.00386452
-1.0472     2.51327    0.000442763
-0.837758     2.51327    0.00287279
-0.628319     2.51327    0.00189137
-0.418879     2.51327    0.000895524
-0.20944     2.51327    0.0035377
0     2.51327    0.00883983
0.20944     2.51327    0.0036162
0.418879     2.51327    0.000853985
0.628319     2.51327    0.00191264
0.837758     2.51327    0.00271324
1.0472     2.51327    0.000406689
1.25664     2.51327    0.00387447
1.46608     2.51327    0.000194345
1.67552     2.51327    0.000602596
1.88496     2.51327    0.000469812
2.0944     2.51327    0.00253452
2.30383     2.51327    0.00149002
2.51327     2.51327    0.00505428
2.72271     2.51327    0.0158229
2.93215     2.51327    0.00968689
3.14159     2.51327    0.0128442

-3.14159     2.72271    0.00187824
-2.93215     2.72271    0.00222669
-2.72271     2.72271    0.000740319
-2.51327     2.72271    0.00892279
-2.30383     2.72271    0.00343681
-2.0944     2.72271    0.00390842
-1.88496     2.72271    0.00016316
-1.67552     2.72271    0.00109889
-1.46608     2.72271    0.000640738
-1.25664     2.72271    0.000494074
-1.0472     2.72271    0.000633516
-0.837758     2.72271    0.000673466
-0.628319     2.72271    0.0068415
-0.418879     2.72271    0.0025225
-0.20944     2.72271    0.00128348
0     2.72271    0.0123866
0.20944     2.72271    0.00121394
0.418879     2.72271    0.00257937
0.628319     2.72271    0.00680076
0.837758     2.72271    0.000777262
1.0472     2.72271    0.000637781
1.25664     2.72271    0.000489015
1.46608     2.72271    0.000643306
1.67552     2.72271    0.00116186
1.88496     2.72271    0.000143858
2.0944     2.72271    0.00380587
2.30383     2.72271    0.00346946
2.51327     2.72271    0.00871671
2.72271     2.72271    0.000816067
2.93215     2.72271    0.00207524
3.14159     2.72271    0.00181167

-3.14159     2.93215    0.000407491
-2.93215     2.93215    0.000978328
-2.72271     2.93215    0.000662306
-2.51327     2.93215    0.00670971
-2.30383     2.93215    0.0107135
-2.0944     2.93215    0.00140135
-1.88496     2.93215    0.000438683
-1.67552     2.93215    0.000518739
-1.46608     2.93215    5.64203e-05
-1.25664     2.93215    0.000181575
-1.0472     2.93215    0.0015628
-0.837758     2.93215    0.00276918
-0.628319     2.93215    0.00612691
-0.418879     2.93215    0.00280861
-0.20944     2.93215    0.000391318
0     2.93215    0.0162153
0.20944     2.93215    0.000223291
0.418879     2.93215    0.00277295
0.628319     2.93215    0.00602737
0.837758     2.93215    0.0028035
1.0472     2.93215    0.00153196
1.25664     2.93215    0.000171703
1.46608     2.93215    7.19263e-05
1.67552     2.93215    0.000558639
1.88496     2.93215    0.000425839
2.0944     2.93215    0.00141133
2.30383     2.93215    0.0107105
2.51327     2.93215    0.00697438
2.72271     2.93215    0.000697938
2.93215     2.93215    0.00097587
3.14159     2.93215    0.000377105

-3.14159     3.14159    0.000503517
-2.93215     3.14159    0.00421211
-2.72271     3.14159    0.0089526
-2.51327     3.14159    0.00940296
-2.30383     3.14159    0.00429289
-2.0944     3.14159    0.00114901
-1.88496     3.14159    0.0062497
-1.67552     3.14159    0.00266343
-1.46608     3.14159    0.000419798
-1.25664     3.14159    0.00409453
-1.0472     3.14159    2.90949e-05
-0.837758     3.14159    0.000673428
-0.628319     3.14159    0.0071236
-0.418879     3.14159    0.00633117
-0.20944     3.14159    0.0125575
0     3.14159    0.0268571
0.20944     3.14159    0.0122684
0.418879     3.14159    0.00632737
0.628319     3.14159    0.00732839
0.837758     3.14159    0.000670822
1.0472     3.14159    7.75262e-06
1.25664     3.14159    0.00401553
1.46608     3.14159    0.000426378
1.67552     3.14159    0.00256869
1.88496     3.14159    0.00617593
2.0944     3.14159    0.00109012
2.30383     3.14159    0.00423139
2.51327     3.14159    0.00947291
2.72271     3.14159    0.00888165
2.93215     3.14159    0.00416327
3.14159     3.14159    0.000497854

