-3.14159     -3.14159    5.01047e-05
-2.93215     -3.14159    3.49848e-05
-2.72271     -3.14159    1.61301e-05
-2.51327     -3.14159    5.63521e-07
-2.30383     -3.14159    7.85499e-06
-2.0944     -3.14159    2.4498e-05
-1.88496     -3.14159    3.56503e-05
-1.67552     -3.14159    3.3175e-05
-1.46608     -3.14159    2.04236e-05
-1.25664     -3.14159    3.48486e-05
-1.0472     -3.14159    6.0939e-05
-0.837758     -3.14159    6.64781e-05
-0.628319     -3.14159    7.36794e-05
-0.418879     -3.14159    7.59737e-05
-0.20944     -3.14159    8.05506e-05
0     -3.14159    8.4649e-05
0.20944     -3.14159    8.06397e-05
0.418879     -3.14159    7.59637e-05
0.628319     -3.14159    7.36706e-05
0.837758     -3.14159    6.64755e-05
1.0472     -3.14159    6.09452e-05
1.25664     -3.14159    3.48538e-05
1.46608     -3.14159    2.04292e-05
1.67552     -3.14159    3.31793e-05
1.88496     -3.14159    3.56462e-05
2.0944     -3.14159    2.44832e-05
2.30383     -3.14159    7.84179e-06
2.51327     -3.14159    5.69197e-07
2.72271     -3.14159    1.61305e-05
2.93215     -3.14159    3.49883e-05
3.14159     -3.14159    5.01101e-05

-3.14159     -2.93215    6.80806e-05
-2.93215     -2.93215    4.88881e-05
-2.72271     -2.93215    2.91108e-05
-2.51327     -2.93215    2.04323e-05
-2.30383     -2.93215    6.13967e-06
-2.0944     -2.93215    9.79683e-06
-1.88496     -2.93215    3.05646e-05
-1.67552     -2.93215    3.58199e-05
-1.46608     -2.93215    2.46254e-05
-1.25664     -2.93215    3.29394e-05
-1.0472     -2.93215    6.07744e-05
-0.837758     -2.93215    7.01499e-05
-0.628319     -2.93215    7.67728e-05
-0.418879     -2.93215    8.34065e-05
-0.20944     -2.93215    8.3392e-05
0     -2.93215    8.11401e-05
0.20944     -2.93215    8.32616e-05
0.418879     -2.93215    8.32952e-05
0.628319     -2.93215    7.67922e-05
0.837758     -2.93215    7.0149e-05
1.0472     -2.93215    6.07767e-05
1.25664     -2.93215    3.29441e-05
1.46608     -2.93215    2.46282e-05
1.67552     -2.93215    3.58209e-05
1.88496     -2.93215    3.05584e-05
2.0944     -2.93215    9.78048e-06
2.30383     -2.93215    6.13122e-06
2.51327     -2.93215    2.04283e-05
2.72271     -2.93215    2.91067e-05
2.93215     -2.93215    4.88985e-05
3.14159     -2.93215    6.80782e-05

-3.14159     -2.72271    6.56105e-05
-2.93215     -2.72271    4.54832e-05
-2.72271     -2.72271    2.72953e-05
-2.51327     -2.72271    2.93504e-05
-2.30383     -2.72271    3.28014e-05
-2.0944     -2.72271    2.47116e-05
-1.88496     -2.72271    2.43604e-05
-1.67552     -2.72271    2.68954e-05
-1.46608     -2.72271    2.41934e-05
-1.25664     -2.72271    1.94743e-05
-1.0472     -2.72271    4.69376e-05
-0.837758     -2.72271    5.9762e-05
-0.628319     -2.72271    6.89717e-05
-0.418879     -2.72271    7.16197e-05
-0.20944     -2.72271    7.59479e-05
0     -2.72271    7.8737e-05
0.20944     -2.72271    7.60748e-05
0.418879     -2.72271    7.18397e-05
0.628319     -2.72271    6.89627e-05
0.837758     -2.72271    5.9752e-05
1.0472     -2.72271    4.69373e-05
1.25664     -2.72271    1.94692e-05
1.46608     -2.72271    2.41926e-05
1.67552     -2.72271    2.68895e-05
1.88496     -2.72271    2.43554e-05
2.0944     -2.72271    2.4709e-05
2.30383     -2.72271    3.279e-05
2.51327     -2.72271    2.93408e-05
2.72271     -2.72271    2.73039e-05
2.93215     -2.72271    4.54769e-05
3.14159     -2.72271    6.56039e-05

-3.14159     -2.51327    6.39399e-05
-2.93215     -2.51327    3.87448e-05
-2.72271     -2.51327    2.87548e-05
-2.51327     -2.51327    3.29291e-05
-2.30383     -2.51327    5.12028e-05
-2.0944     -2.51327    5.65974e-05
-1.88496     -2.51327    3.32683e-05
-1.67552     -2.51327    1.63036e-05
-1.46608     -2.51327    2.50593e-05
-1.25664     -2.51327    1.54227e-05
-1.0472     -2.51327    4.14289e-05
-0.837758     -2.51327    5.65548e-05
-0.628319     -2.51327    6.18414e-05
-0.418879     -2.51327    5.96726e-05
-0.20944     -2.51327    6.27581e-05
0     -2.51327    6.75026e-05
0.20944     -2.51327    6.26882e-05
0.418879     -2.51327    5.94046e-05
0.628319     -2.51327    6.18484e-05
0.837758     -2.51327    5.65543e-05
1.0472     -2.51327    4.14256e-05
1.25664     -2.51327    1.54208e-05
1.46608     -2.51327    2.50557e-05
1.67552     -2.51327    1.63024e-05
1.88496     -2.51327    3.32685e-05
2.0944     -2.51327    5.65964e-05
2.30383     -2.51327    5.11922e-05
2.51327     -2.51327    3.29194e-05
2.72271     -2.51327    2.87516e-05
2.93215     -2.51327    3.87339e-05
3.14159     -2.51327    6.39305e-05

-3.14159     -2.30383    5.23701e-05
-2.93215     -2.30383    3.18311e-05
-2.72271     -2.30383    3.49538e-05
-2.51327     -2.30383    5.65894e-05
-2.30383     -2.30383    6.59501e-05
-2.0944     -2.30383    6.7646e-05
-1.88496     -2.30383    4.98065e-05
-1.67552     -2.30383    2.60913e-05
-1.46608     -2.30383    1.48426e-05
-1.25664     -2.30383    1.18313e-05
-1.0472     -2.30383    2.994e-05
-0.837758     -2.30383    5.247e-05
-0.628319     -2.30383    5.7577e-05
-0.418879     -2.30383    5.95538e-05
-0.20944     -2.30383    5.79749e-05
0     -2.30383    5.63005e-05
0.20944     -2.30383    5.7948e-05
0.418879     -2.30383    5.98454e-05
0.628319     -2.30383    5.75776e-05
0.837758     -2.30383    5.24596e-05
1.0472     -2.30383    2.99411e-05
1.25664     -2.30383    1.18257e-05
1.46608     -2.30383    1.48429e-05
1.67552     -2.30383    2.60979e-05
1.88496     -2.30383    4.98079e-05
2.0944     -2.30383    6.76517e-05
2.30383     -2.30383    6.59534e-05
2.51327     -2.30383    5.65841e-05
2.72271     -2.30383    3.49461e-05
2.93215     -2.30383    3.18285e-05
3.14159     -2.30383    5.23585e-05

-3.14159     -2.0944    3.88492e-05
-2.93215     -2.0944    3.24838e-05
-2.72271     -2.0944    4.88301e-05
-2.51327     -2.0944    6.74606e-05
-2.30383     -2.0944    7.56122e-05
-2.0944     -2.0944    7.04485e-05
-1.88496     -2.0944    5.65552e-05
-1.67552     -2.0944    5.06255e-05
-1.46608     -2.0944    2.55797e-05
-1.25664     -2.0944    9.41977e-06
-1.0472     -2.0944    1.76437e-05
-0.837758     -2.0944    3.31615e-05
-0.628319     -2.0944    4.41099e-05
-0.418879     -2.0944    5.08331e-05
-0.20944     -2.0944    4.69467e-05
0     -2.0944    4.94728e-05
0.20944     -2.0944    4.71075e-05
0.418879     -2.0944    5.05974e-05
0.628319     -2.0944    4.40915e-05
0.837758     -2.0944    3.31646e-05
1.0472     -2.0944    1.76407e-05
1.25664     -2.0944    9.42224e-06
1.46608     -2.0944    2.55844e-05
1.67552     -2.0944    5.06348e-05
1.88496     -2.0944    5.65605e-05
2.0944     -2.0944    7.04588e-05
2.30383     -2.0944    7.56161e-05
2.51327     -2.0944    6.74592e-05
2.72271     -2.0944    4.88277e-05
2.93215     -2.0944    3.24771e-05
3.14159     -2.0944    3.8846e-05

-3.14159     -1.88496    3.1286e-05
-2.93215     -1.88496    3.92176e-05
-2.72271     -1.88496    6.52081e-05
-2.51327     -1.88496    7.88583e-05
-2.30383     -1.88496    8.22587e-05
-2.0944     -1.88496    7.12517e-05
-1.88496     -1.88496    6.13274e-05
-1.67552     -1.88496    5.67251e-05
-1.46608     -1.88496    4.0555e-05
-1.25664     -1.88496    1.89162e-05
-1.0472     -1.88496    1.34954e-05
-0.837758     -1.88496    1.98963e-05
-0.628319     -1.88496    3.19077e-05
-0.418879     -1.88496    3.60028e-05
-0.20944     -1.88496    3.20246e-05
0     -1.88496    3.0388e-05
0.20944     -1.88496    3.16786e-05
0.418879     -1.88496    3.61636e-05
0.628319     -1.88496    3.194e-05
0.837758     -1.88496    1.99038e-05
1.0472     -1.88496    1.34973e-05
1.25664     -1.88496    1.89284e-05
1.46608     -1.88496    4.05553e-05
1.67552     -1.88496    5.67342e-05
1.88496     -1.88496    6.13372e-05
2.0944     -1.88496    7.12558e-05
2.30383     -1.88496    8.22609e-05
2.51327     -1.88496    7.88607e-05
2.72271     -1.88496    6.52028e-05
2.93215     -1.88496    3.92101e-05
3.14159     -1.88496    3.12773e-05

-3.14159     -1.67552    3.29032e-05
-2.93215     -1.67552    5.65776e-05
-2.72271     -1.67552    8.0157e-05
-2.51327     -1.67552    8.33136e-05
-2.30383     -1.67552    8.1046e-05
-2.0944     -1.67552    6.61937e-05
-1.88496     -1.67552    6.14342e-05
-1.67552     -1.67552    5.75177e-05
-1.46608     -1.67552    4.03141e-05
-1.25664     -1.67552    2.26731e-05
-1.0472     -1.67552    6.8557e-06
-0.837758     -1.67552    3.90057e-06
-0.628319     -1.67552    1.85895e-05
-0.418879     -1.67552    2.25795e-05
-0.20944     -1.67552    1.5465e-05
0     -1.67552    1.71117e-05
0.20944     -1.67552    1.58564e-05
0.418879     -1.67552    2.25034e-05
0.628319     -1.67552    1.85488e-05
0.837758     -1.67552    3.90711e-06
1.0472     -1.67552    6.86005e-06
1.25664     -1.67552    2.26653e-05
1.46608     -1.67552    4.03069e-05
1.67552     -1.67552    5.75272e-05
1.88496     -1.67552    6.14393e-05
2.0944     -1.67552    6.62053e-05
2.30383     -1.67552    8.10444e-05
2.51327     -1.67552    8.33147e-05
2.72271     -1.67552    8.01518e-05
2.93215     -1.67552    5.6574e-05
3.14159     -1.67552    3.28972e-05

-3.14159     -1.46608    4.26302e-05
-2.93215     -1.46608    7.02784e-05
-2.72271     -1.46608    8.54209e-05
-2.51327     -1.46608    8.03346e-05
-2.30383     -1.46608    7.85285e-05
-2.0944     -1.46608    6.40811e-05
-1.88496     -1.46608    5.79512e-05
-1.67552     -1.46608    5.63281e-05
-1.46608     -1.46608    4.25075e-05
-1.25664     -1.46608    2.77788e-05
-1.0472     -1.46608    6.76218e-06
-0.837758     -1.46608    3.93659e-06
-0.628319     -1.46608    3.1604e-06
-0.418879     -1.46608    7.84903e-06
-0.20944     -1.46608    4.59996e-06
0     -1.46608    3.16447e-06
0.20944     -1.46608    4.91231e-06
0.418879     -1.46608    7.79506e-06
0.628319     -1.46608    3.22995e-06
0.837758     -1.46608    3.95281e-06
1.0472     -1.46608    6.74995e-06
1.25664     -1.46608    2.7771e-05
1.46608     -1.46608    4.25064e-05
1.67552     -1.46608    5.63319e-05
1.88496     -1.46608    5.79519e-05
2.0944     -1.46608    6.40813e-05
2.30383     -1.46608    7.8528e-05
2.51327     -1.46608    8.03356e-05
2.72271     -1.46608    8.54146e-05
2.93215     -1.46608    7.02693e-05
3.14159     -1.46608    4.26251e-05

-3.14159     -1.25664    5.70852e-05
-2.93215     -1.25664    7.41814e-05
-2.72271     -1.25664    8.29293e-05
-2.51327     -1.25664    8.0435e-05
-2.30383     -1.25664    7.43317e-05
-2.0944     -1.25664    6.16308e-05
-1.88496     -1.25664    5.7624e-05
-1.67552     -1.25664    4.62084e-05
-1.46608     -1.25664    3.5507e-05
-1.25664     -1.25664    2.69753e-05
-1.0472     -1.25664    1.06236e-05
-0.837758     -1.25664    5.49194e-07
-0.628319     -1.25664    2.37465e-07
-0.418879     -1.25664    6.32878e-07
-0.20944     -1.25664    9.21988e-06
0     -1.25664    1.94827e-05
0.20944     -1.25664    8.57549e-06
0.418879     -1.25664    6.61509e-07
0.628319     -1.25664    3.6325e-07
0.837758     -1.25664    5.40187e-07
1.0472     -1.25664    1.06196e-05
1.25664     -1.25664    2.69818e-05
1.46608     -1.25664    3.55204e-05
1.67552     -1.25664    4.62075e-05
1.88496     -1.25664    5.76308e-05
2.0944     -1.25664    6.16325e-05
2.30383     -1.25664    7.43504e-05
2.51327     -1.25664    8.04442e-05
2.72271     -1.25664    8.293e-05
2.93215     -1.25664    7.41728e-05
3.14159     -1.25664    5.70726e-05

-3.14159     -1.0472    6.50595e-05
-2.93215     -1.0472    7.91252e-05
-2.72271     -1.0472    8.2303e-05
-2.51327     -1.0472    7.0829e-05
-2.30383     -1.0472    6.18728e-05
-2.0944     -1.0472    5.79488e-05
-1.88496     -1.0472    5.20687e-05
-1.67552     -1.0472    3.76204e-05
-1.46608     -1.0472    2.60502e-05
-1.25664     -1.0472    9.71554e-06
-1.0472     -1.0472    4.94992e-06
-0.837758     -1.0472    2.17543e-06
-0.628319     -1.0472    5.05796e-06
-0.418879     -1.0472    6.08125e-06
-0.20944     -1.0472    1.30061e-05
0     -1.0472    2.79318e-05
0.20944     -1.0472    1.36771e-05
0.418879     -1.0472    6.24265e-06
0.628319     -1.0472    5.01616e-06
0.837758     -1.0472    2.12402e-06
1.0472     -1.0472    5.00566e-06
1.25664     -1.0472    9.73412e-06
1.46608     -1.0472    2.60603e-05
1.67552     -1.0472    3.76228e-05
1.88496     -1.0472    5.20758e-05
2.0944     -1.0472    5.79668e-05
2.30383     -1.0472    6.18937e-05
2.51327     -1.0472    7.08461e-05
2.72271     -1.0472    8.23134e-05
2.93215     -1.0472    7.91219e-05
3.14159     -1.0472    6.50519e-05

-3.14159     -0.837758    6.64736e-05
-2.93215     -0.837758    7.15177e-05
-2.72271     -0.837758    7.11286e-05
-2.51327     -0.837758    6.27889e-05
-2.30383     -0.837758    5.94488e-05
-2.0944     -0.837758    5.79265e-05
-1.88496     -0.837758    4.36563e-05
-1.67552     -0.837758    3.03911e-05
-1.46608     -0.837758    1.76757e-05
-1.25664     -0.837758    8.19962e-07
-1.0472     -0.837758    9.2818e-06
-0.837758     -0.837758    3.04262e-06
-0.628319     -0.837758    9.36982e-06
-0.418879     -0.837758    1.48403e-05
-0.20944     -0.837758    1.89636e-05
0     -0.837758    3.87403e-05
0.20944     -0.837758    1.88317e-05
0.418879     -0.837758    1.4407e-05
0.628319     -0.837758    9.40134e-06
0.837758     -0.837758    3.05802e-06
1.0472     -0.837758    9.31299e-06
1.25664     -0.837758    8.18529e-07
1.46608     -0.837758    1.76867e-05
1.67552     -0.837758    3.03926e-05
1.88496     -0.837758    4.3665e-05
2.0944     -0.837758    5.79376e-05
2.30383     -0.837758    5.9454e-05
2.51327     -0.837758    6.28014e-05
2.72271     -0.837758    7.11382e-05
2.93215     -0.837758    7.15201e-05
3.14159     -0.837758    6.64673e-05

-3.14159     -0.628319    6.59089e-05
-2.93215     -0.628319    6.64704e-05
-2.72271     -0.628319    5.83749e-05
-2.51327     -0.628319    6.1938e-05
-2.30383     -0.628319    5.81602e-05
-2.0944     -0.628319    5.12779e-05
-1.88496     -0.628319    3.97389e-05
-1.67552     -0.628319    2.58699e-05
-1.46608     -0.628319    5.15668e-06
-1.25664     -0.628319    8.12668e-06
-1.0472     -0.628319    2.0884e-05
-0.837758     -0.628319    2.36501e-05
-0.628319     -0.628319    1.65711e-05
-0.418879     -0.628319    2.04488e-05
-0.20944     -0.628319    2.79874e-05
0     -0.628319    4.2592e-05
0.20944     -0.628319    2.80956e-05
0.418879     -0.628319    2.1017e-05
0.628319     -0.628319    1.65704e-05
0.837758     -0.628319    2.36771e-05
1.0472     -0.628319    2.09083e-05
1.25664     -0.628319    8.1355e-06
1.46608     -0.628319    5.15617e-06
1.67552     -0.628319    2.58675e-05
1.88496     -0.628319    3.9747e-05
2.0944     -0.628319    5.12851e-05
2.30383     -0.628319    5.81609e-05
2.51327     -0.628319    6.19342e-05
2.72271     -0.628319    5.83747e-05
2.93215     -0.628319    6.64752e-05
3.14159     -0.628319    6.59095e-05

-3.14159     -0.418879    3.94191e-05
-2.93215     -0.418879    3.83991e-05
-2.72271     -0.418879    4.72718e-05
-2.51327     -0.418879    5.15411e-05
-2.30383     -0.418879    4.5999e-05
-2.0944     -0.418879    3.6398e-05
-1.88496     -0.418879    3.24151e-05
-1.67552     -0.418879    2.16776e-05
-1.46608     -0.418879    5.97126e-06
-1.25664     -0.418879    6.749e-06
-1.0472     -0.418879    1.48605e-05
-0.837758     -0.418879    3.06062e-05
-0.628319     -0.418879    3.80237e-05
-0.418879     -0.418879    3.61348e-05
-0.20944     -0.418879    4.58859e-05
0     -0.418879    4.73685e-05
0.20944     -0.418879    4.49666e-05
0.418879     -0.418879    3.58851e-05
0.628319     -0.418879    3.76079e-05
0.837758     -0.418879    3.05555e-05
1.0472     -0.418879    1.4784e-05
1.25664     -0.418879    6.74082e-06
1.46608     -0.418879    5.96142e-06
1.67552     -0.418879    2.16711e-05
1.88496     -0.418879    3.24128e-05
2.0944     -0.418879    3.63987e-05
2.30383     -0.418879    4.59964e-05
2.51327     -0.418879    5.15417e-05
2.72271     -0.418879    4.72672e-05
2.93215     -0.418879    3.83974e-05
3.14159     -0.418879    3.94254e-05

-3.14159     -0.20944    2.10986e-05
-2.93215     -0.20944    1.68861e-05
-2.72271     -0.20944    2.39662e-05
-2.51327     -0.20944    2.50629e-05
-2.30383     -0.20944    2.50987e-05
-2.0944     -0.20944    2.0171e-05
-1.88496     -0.20944    1.33283e-05
-1.67552     -0.20944    7.21408e-06
-1.46608     -0.20944    4.244e-06
-1.25664     -0.20944    1.5375e-06
-1.0472     -0.20944    8.38452e-06
-0.837758     -0.20944    1.74123e-05
-0.628319     -0.20944    3.69528e-05
-0.418879     -0.20944    4.92927e-05
-0.20944     -0.20944    6.67056e-05
0     -0.20944    2.94952e-05
0.20944     -0.20944    5.1119e-05
0.418879     -0.20944    4.87183e-05
0.628319     -0.20944    3.76322e-05
0.837758     -0.20944    1.75332e-05
1.0472     -0.20944    8.47734e-06
1.25664     -0.20944    1.55636e-06
1.46608     -0.20944    4.26506e-06
1.67552     -0.20944    7.21279e-06
1.88496     -0.20944    1.33347e-05
2.0944     -0.20944    2.01717e-05
2.30383     -0.20944    2.50909e-05
2.51327     -0.20944    2.50747e-05
2.72271     -0.20944    2.39678e-05
2.93215     -0.20944    1.68844e-05
3.14159     -0.20944    2.11048e-05

-3.14159     0    2.61377e-05
-2.93215     0    2.58455e-05
-2.72271     0    9.35585e-06
-2.51327     0    8.73687e-06
-2.30383     0    1.14254e-05
-2.0944     0    1.14772e-05
-1.88496     0    6.45152e-07
-1.67552     0    3.68838e-06
-1.46608     0    3.11529e-06
-1.25664     0    3.64934e-06
-1.0472     0    1.06453e-05
-0.837758     0    1.79998e-05
-0.628319     0    2.43726e-05
-0.418879     0    4.87189e-05
-0.20944     0    6.27479e-05
0     0    1.40433e-15
0.20944     0    6.27479e-05
0.418879     0    4.87189e-05
0.628319     0    2.43726e-05
0.837758     0    1.79998e-05
1.0472     0    1.06453e-05
1.25664     0    3.64934e-06
1.46608     0    3.11529e-06
1.67552     0    3.68838e-06
1.88496     0    6.45152e-07
2.0944     0    1.14772e-05
2.30383     0    1.14254e-05
2.51327     0    8.73687e-06
2.72271     0    9.35585e-06
2.93215     0    2.58455e-05
3.14159     0    2.61377e-05

-3.14159     0.20944    2.11048e-05
-2.93215     0.20944    1.68844e-05
-2.72271     0.20944    2.39678e-05
-2.51327     0.20944    2.50747e-05
-2.30383     0.20944    2.50909e-05
-2.0944     0.20944    2.01717e-05
-1.88496     0.20944    1.33347e-05
-1.67552     0.20944    7.21279e-06
-1.46608     0.20944    4.26506e-06
-1.25664     0.20944    1.55636e-06
-1.0472     0.20944    8.47734e-06
-0.837758     0.20944    1.75332e-05
-0.628319     0.20944    3.76322e-05
-0.418879     0.20944    4.87183e-05
-0.20944     0.20944    5.1119e-05
0     0.20944    2.94952e-05
0.20944     0.20944    6.67056e-05
0.418879     0.20944    4.92927e-05
0.628319     0.20944    3.69528e-05
0.837758     0.20944    1.74123e-05
1.0472     0.20944    8.38452e-06
1.25664     0.20944    1.5375e-06
1.46608     0.20944    4.244e-06
1.67552     0.20944    7.21408e-06
1.88496     0.20944    1.33283e-05
2.0944     0.20944    2.0171e-05
2.30383     0.20944    2.50987e-05
2.51327     0.20944    2.50629e-05
2.72271     0.20944    2.39662e-05
2.93215     0.20944    1.68861e-05
3.14159     0.20944    2.10986e-05

-3.14159     0.418879    3.94254e-05
-2.93215     0.418879    3.83974e-05
-2.72271     0.418879    4.72672e-05
-2.51327     0.418879    5.15417e-05
-2.30383     0.418879    4.59964e-05
-2.0944     0.418879    3.63987e-05
-1.88496     0.418879    3.24128e-05
-1.67552     0.418879    2.16711e-05
-1.46608     0.418879    5.96142e-06
-1.25664     0.418879    6.74082e-06
-1.0472     0.418879    1.4784e-05
-0.837758     0.418879    3.05555e-05
-0.628319     0.418879    3.76079e-05
-0.418879     0.418879    3.58851e-05
-0.20944     0.418879    4.49666e-05
0     0.418879    4.73685e-05
0.20944     0.418879    4.58859e-05
0.418879     0.418879    3.61348e-05
0.628319     0.418879    3.80237e-05
0.837758     0.418879    3.06062e-05
1.0472     0.418879    1.48605e-05
1.25664     0.418879    6.749e-06
1.46608     0.418879    5.97126e-06
1.67552     0.418879    2.16776e-05
1.88496     0.418879    3.24151e-05
2.0944     0.418879    3.6398e-05
2.30383     0.418879    4.5999e-05
2.51327     0.418879    5.15411e-05
2.72271     0.418879    4.72718e-05
2.93215     0.418879    3.83991e-05
3.14159     0.418879    3.94191e-05

-3.14159     0.628319    6.59095e-05
-2.93215     0.628319    6.64752e-05
-2.72271     0.628319    5.83747e-05
-2.51327     0.628319    6.19342e-05
-2.30383     0.628319    5.81609e-05
-2.0944     0.628319    5.12851e-05
-1.88496     0.628319    3.9747e-05
-1.67552     0.628319    2.58675e-05
-1.46608     0.628319    5.15617e-06
-1.25664     0.628319    8.1355e-06
-1.0472     0.628319    2.09083e-05
-0.837758     0.628319    2.36771e-05
-0.628319     0.628319    1.65704e-05
-0.418879     0.628319    2.1017e-05
-0.20944     0.628319    2.80956e-05
0     0.628319    4.2592e-05
0.20944     0.628319    2.79874e-05
0.418879     0.628319    2.04488e-05
0.628319     0.628319    1.65711e-05
0.837758     0.628319    2.36501e-05
1.0472     0.628319    2.0884e-05
1.25664     0.628319    8.12668e-06
1.46608     0.628319    5.15668e-06
1.67552     0.628319    2.58699e-05
1.88496     0.628319    3.97389e-05
2.0944     0.628319    5.12779e-05
2.30383     0.628319    5.81602e-05
2.51327     0.628319    6.1938e-05
2.72271     0.628319    5.83749e-05
2.93215     0.628319    6.64704e-05
3.14159     0.628319    6.59089e-05

-3.14159     0.837758    6.64673e-05
-2.93215     0.837758    7.15201e-05
-2.72271     0.837758    7.11382e-05
-2.51327     0.837758    6.28014e-05
-2.30383     0.837758    5.9454e-05
-2.0944     0.837758    5.79376e-05
-1.88496     0.837758    4.3665e-05
-1.67552     0.837758    3.03926e-05
-1.46608     0.837758    1.76867e-05
-1.25664     0.837758    8.18529e-07
-1.0472     0.837758    9.31299e-06
-0.837758     0.837758    3.05802e-06
-0.628319     0.837758    9.40134e-06
-0.418879     0.837758    1.4407e-05
-0.20944     0.837758    1.88317e-05
0     0.837758    3.87403e-05
0.20944     0.837758    1.89636e-05
0.418879     0.837758    1.48403e-05
0.628319     0.837758    9.36982e-06
0.837758     0.837758    3.04262e-06
1.0472     0.837758    9.2818e-06
1.25664     0.837758    8.19962e-07
1.46608     0.837758    1.76757e-05
1.67552     0.837758    3.03911e-05
1.88496     0.837758    4.36563e-05
2.0944     0.837758    5.79265e-05
2.30383     0.837758    5.94488e-05
2.51327     0.837758    6.27889e-05
2.72271     0.837758    7.11286e-05
2.93215     0.837758    7.15177e-05
3.14159     0.837758    6.64736e-05

-3.14159     1.0472    6.50519e-05
-2.93215     1.0472    7.91219e-05
-2.72271     1.0472    8.23134e-05
-2.51327     1.0472    7.08461e-05
-2.30383     1.0472    6.18937e-05
-2.0944     1.0472    5.79668e-05
-1.88496     1.0472    5.20758e-05
-1.67552     1.0472    3.76228e-05
-1.46608     1.0472    2.60603e-05
-1.25664     1.0472    9.73412e-06
-1.0472     1.0472    5.00566e-06
-0.837758     1.0472    2.12402e-06
-0.628319     1.0472    5.01616e-06
-0.418879     1.0472    6.24265e-06
-0.20944     1.0472    1.36771e-05
0     1.0472    2.79318e-05
0.20944     1.0472    1.30061e-05
0.418879     1.0472    6.08125e-06
0.628319     1.0472    5.05796e-06
0.837758     1.0472    2.17543e-06
1.0472     1.0472    4.94992e-06
1.25664     1.0472    9.71554e-06
1.46608     1.0472    2.60502e-05
1.67552     1.0472    3.76204e-05
1.88496     1.0472    5.20687e-05
2.0944     1.0472    5.79488e-05
2.30383     1.0472    6.18728e-05
2.51327     1.0472    7.0829e-05
2.72271     1.0472    8.2303e-05
2.93215     1.0472    7.91252e-05
3.14159     1.0472    6.50595e-05

-3.14159     1.25664    5.70726e-05
-2.93215     1.25664    7.41728e-05
-2.72271     1.25664    8.293e-05
-2.51327     1.25664    8.04442e-05
-2.30383     1.25664    7.43504e-05
-2.0944     1.25664    6.16325e-05
-1.88496     1.25664    5.76308e-05
-1.67552     1.25664    4.62075e-05
-1.46608     1.25664    3.55204e-05
-1.25664     1.25664    2.69818e-05
-1.0472     1.25664    1.06196e-05
-0.837758     1.25664    5.40187e-07
-0.628319     1.25664    3.6325e-07
-0.418879     1.25664    6.61509e-07
-0.20944     1.25664    8.57549e-06
0     1.25664    1.94827e-05
0.20944     1.25664    9.21988e-06
0.418879     1.25664    6.32878e-07
0.628319     1.25664    2.37465e-07
0.837758     1.25664    5.49194e-07
1.0472     1.25664    1.06236e-05
1.25664     1.25664    2.69753e-05
1.46608     1.25664    3.5507e-05
1.67552     1.25664    4.62084e-05
1.88496     1.25664    5.7624e-05
2.0944     1.25664    6.16308e-05
2.30383     1.25664    7.43317e-05
2.51327     1.25664    8.0435e-05
2.72271     1.25664    8.29293e-05
2.93215     1.25664    7.41814e-05
3.14159     1.25664    5.70852e-05

-3.14159     1.46608    4.26251e-05
-2.93215     1.46608    7.02693e-05
-2.72271     1.46608    8.54146e-05
-2.51327     1.46608    8.03356e-05
-2.30383     1.46608    7.8528e-05
-2.0944     1.46608    6.40813e-05
-1.88496     1.46608    5.79519e-05
-1.67552     1.46608    5.63319e-05
-1.46608     1.46608    4.25064e-05
-1.25664     1.46608    2.7771e-05
-1.0472     1.46608    6.74995e-06
-0.837758     1.46608    3.95281e-06
-0.628319     1.46608    3.22995e-06
-0.418879     1.46608    7.79506e-06
-0.20944     1.46608    4.91231e-06
0     1.46608    3.16447e-06
0.20944     1.46608    4.59996e-06
0.418879     1.46608    7.84903e-06
0.628319     1.46608    3.1604e-06
0.837758     1.46608    3.93659e-06
1.0472     1.46608    6.76218e-06
1.25664     1.46608    2.77788e-05
1.46608     1.46608    4.25075e-05
1.67552     1.46608    5.63281e-05
1.88496     1.46608    5.79512e-05
2.0944     1.46608    6.40811e-05
2.30383     1.46608    7.85285e-05
2.51327     1.46608    8.03346e-05
2.72271     1.46608    8.54209e-05
2.93215     1.46608    7.02784e-05
3.14159     1.46608    4.26302e-05

-3.14159     1.67552    3.28972e-05
-2.93215     1.67552    5.6574e-05
-2.72271     1.67552    8.01518e-05
-2.51327     1.67552    8.33147e-05
-2.30383     1.67552    8.10444e-05
-2.0944     1.67552    6.62053e-05
-1.88496     1.67552    6.14393e-05
-1.67552     1.67552    5.75272e-05
-1.46608     1.67552    4.03069e-05
-1.25664     1.67552    2.26653e-05
-1.0472     1.67552    6.86005e-06
-0.837758     1.67552    3.90711e-06
-0.628319     1.67552    1.85488e-05
-0.418879     1.67552    2.25034e-05
-0.20944     1.67552    1.58564e-05
0     1.67552    1.71117e-05
0.20944     1.67552    1.5465e-05
0.418879     1.67552    2.25795e-05
0.628319     1.67552    1.85895e-05
0.837758     1.67552    3.90057e-06
1.0472     1.67552    6.8557e-06
1.25664     1.67552    2.26731e-05
1.46608     1.67552    4.03141e-05
1.67552     1.67552    5.75177e-05
1.88496     1.67552    6.14342e-05
2.0944     1.67552    6.61937e-05
2.30383     1.67552    8.1046e-05
2.51327     1.67552    8.33136e-05
2.72271     1.67552    8.0157e-05
2.93215     1.67552    5.65776e-05
3.14159     1.67552    3.29032e-05

-3.14159     1.88496    3.12773e-05
-2.93215     1.88496    3.92101e-05
-2.72271     1.88496    6.52028e-05
-2.51327     1.88496    7.88607e-05
-2.30383     1.88496    8.22609e-05
-2.0944     1.88496    7.12558e-05
-1.88496     1.88496    6.13372e-05
-1.67552     1.88496    5.67342e-05
-1.46608     1.88496    4.05553e-05
-1.25664     1.88496    1.89284e-05
-1.0472     1.88496    1.34973e-05
-0.837758     1.88496    1.99038e-05
-0.628319     1.88496    3.194e-05
-0.418879     1.88496    3.61636e-05
-0.20944     1.88496    3.16786e-05
0     1.88496    3.0388e-05
0.20944     1.88496    3.20246e-05
0.418879     1.88496    3.60028e-05
0.628319     1.88496    3.19077e-05
0.837758     1.88496    1.98963e-05
1.0472     1.88496    1.34954e-05
1.25664     1.88496    1.89162e-05
1.46608     1.88496    4.0555e-05
1.67552     1.88496    5.67251e-05
1.88496     1.88496    6.13274e-05
2.0944     1.88496    7.12517e-05
2.30383     1.88496    8.22587e-05
2.51327     1.88496    7.88583e-05
2.72271     1.88496    6.52081e-05
2.93215     1.88496    3.92176e-05
3.14159     1.88496    3.1286e-05

-3.14159     2.0944    3.8846e-05
-2.93215     2.0944    3.24771e-05
-2.72271     2.0944    4.88277e-05
-2.51327     2.0944    6.74592e-05
-2.30383     2.0944    7.56161e-05
-2.0944     2.0944    7.04588e-05
-1.88496     2.0944    5.65605e-05
-1.67552     2.0944    5.06348e-05
-1.46608     2.0944    2.55844e-05
-1.25664     2.0944    9.42224e-06
-1.0472     2.0944    1.76407e-05
-0.837758     2.0944    3.31646e-05
-0.628319     2.0944    4.40915e-05
-0.418879     2.0944    5.05974e-05
-0.20944     2.0944    4.71075e-05
0     2.0944    4.94728e-05
0.20944     2.0944    4.69467e-05
0.418879     2.0944    5.08331e-05
0.628319     2.0944    4.41099e-05
0.837758     2.0944    3.31615e-05
1.0472     2.0944    1.76437e-05
1.25664     2.0944    9.41977e-06
1.46608     2.0944    2.55797e-05
1.67552     2.0944    5.06255e-05
1.88496     2.0944    5.65552e-05
2.0944     2.0944    7.04485e-05
2.30383     2.0944    7.56122e-05
2.51327     2.0944    6.74606e-05
2.72271     2.0944    4.88301e-05
2.93215     2.0944    3.24838e-05
3.14159     2.0944    3.88492e-05

-3.14159     2.30383    5.23585e-05
-2.93215     2.30383    3.18285e-05
-2.72271     2.30383    3.49461e-05
-2.51327     2.30383    5.65841e-05
-2.30383     2.30383    6.59534e-05
-2.0944     2.30383    6.76517e-05
-1.88496     2.30383    4.98079e-05
-1.67552     2.30383    2.60979e-05
-1.46608     2.30383    1.48429e-05
-1.25664     2.30383    1.18257e-05
-1.0472     2.30383    2.99411e-05
-0.837758     2.30383    5.24596e-05
-0.628319     2.30383    5.75776e-05
-0.418879     2.30383    5.98454e-05
-0.20944     2.30383    5.7948e-05
0     2.30383    5.63005e-05
0.20944     2.30383    5.79749e-05
0.418879     2.30383    5.95538e-05
0.628319     2.30383    5.7577e-05
0.837758     2.30383    5.247e-05
1.0472     2.30383    2.994e-05
1.25664     2.30383    1.18313e-05
1.46608     2.30383    1.48426e-05
1.67552     2.30383    2.60913e-05
1.88496     2.30383    4.98065e-05
2.0944     2.30383    6.7646e-05
2.30383     2.30383    6.59501e-05
2.51327     2.30383    5.65894e-05
2.72271     2.30383    3.49538e-05
2.93215     2.30383    3.18311e-05
3.14159     2.30383    5.23701e-05

-3.14159     2.51327    6.39305e-05
-2.93215     2.51327    3.87339e-05
-2.72271     2.51327    2.87516e-05
-2.51327     2.51327    3.29194e-05
-2.30383     2.51327    5.11922e-05
-2.0944     2.51327    5.65964e-05
-1.88496     2.51327    3.32685e-05
-1.67552     2.51327    1.63024e-05
-1.46608     2.51327    2.50557e-05
-1.25664     2.51327    1.54208e-05
-1.0472     2.51327    4.14256e-05
-0.837758     2.51327    5.65543e-05
-0.628319     2.51327    6.18484e-05
-0.418879     2.51327    5.94046e-05
-0.20944     2.51327    6.26882e-05
0     2.51327    6.75026e-05
0.20944     2.51327    6.27581e-05
0.418879     2.51327    5.96726e-05
0.628319     2.51327    6.18414e-05
0.837758     2.51327    5.65548e-05
1.0472     2.51327    4.14289e-05
1.25664     2.51327    1.54227e-05
1.46608     2.51327    2.50593e-05
1.67552     2.51327    1.63036e-05
1.88496     2.51327    3.32683e-05
2.0944     2.51327    5.65974e-05
2.30383     2.51327    5.12028e-05
2.51327     2.51327    3.29291e-05
2.72271     2.51327    2.87548e-05
2.93215     2.51327    3.87448e-05
3.14159     2.51327    6.39399e-05

-3.14159     2.72271    6.56039e-05
-2.93215     2.72271    4.54769e-05
-2.72271     2.72271    2.73039e-05
-2.51327     2.72271    2.93408e-05
-2.30383     2.72271    3.279e-05
-2.0944     2.72271    2.4709e-05
-1.88496     2.72271    2.43554e-05
-1.67552     2.72271    2.68895e-05
-1.46608     2.72271    2.41926e-05
-1.25664     2.72271    1.94692e-05
-1.0472     2.72271    4.69373e-05
-0.837758     2.72271    5.9752e-05
-0.628319     2.72271    6.89627e-05
-0.418879     2.72271    7.18397e-05
-0.20944     2.72271    7.60748e-05
0     2.72271    7.8737e-05
0.20944     2.72271    7.59479e-05
0.418879     2.72271    7.16197e-05
0.628319     2.72271    6.89717e-05
0.837758     2.72271    5.9762e-05
1.0472     2.72271    4.69376e-05
1.25664     2.72271    1.94743e-05
1.46608     2.72271    2.41934e-05
1.67552     2.72271    2.68954e-05
1.88496     2.72271    2.43604e-05
2.0944     2.72271    2.47116e-05
2.30383     2.72271    3.28014e-05
2.51327     2.72271    2.93504e-05
2.72271     2.72271    2.72953e-05
2.93215     2.72271    4.54832e-05
3.14159     2.72271    6.56105e-05

-3.14159     2.93215    6.80782e-05
-2.93215     2.93215    4.88985e-05
-2.72271     2.93215    2.91067e-05
-2.51327     2.93215    2.04283e-05
-2.30383     2.93215    6.13122e-06
-2.0944     2.93215    9.78048e-06
-1.88496     2.93215    3.05584e-05
-1.67552     2.93215    3.58209e-05
-1.46608     2.93215    2.46282e-05
-1.25664     2.93215    3.29441e-05
-1.0472     2.93215    6.07767e-05
-0.837758     2.93215    7.0149e-05
-0.628319     2.93215    7.67922e-05
-0.418879     2.93215    8.32952e-05
-0.20944     2.93215    8.32616e-05
0     2.93215    8.11401e-05
0.20944     2.93215    8.3392e-05
0.418879     2.93215    8.34065e-05
0.628319     2.93215    7.67728e-05
0.837758     2.93215    7.01499e-05
1.0472     2.93215    6.07744e-05
1.25664     2.93215    3.29394e-05
1.46608     2.93215    2.46254e-05
1.67552     2.93215    3.58199e-05
1.88496     2.93215    3.05646e-05
2.0944     2.93215    9.79683e-06
2.30383     2.93215    6.13967e-06
2.51327     2.93215    2.04323e-05
2.72271     2.93215    2.91108e-05
2.93215     2.93215    4.88881e-05
3.14159     2.93215    6.80806e-05

-3.14159     3.14159    5.01101e-05
-2.93215     3.14159    3.49883e-05
-2.72271     3.14159    1.61305e-05
-2.51327     3.14159    5.69197e-07
-2.30383     3.14159    7.84179e-06
-2.0944     3.14159    2.44832e-05
-1.88496     3.14159    3.56462e-05
-1.67552     3.14159    3.31793e-05
-1.46608     3.14159    2.04292e-05
-1.25664     3.14159    3.48538e-05
-1.0472     3.14159    6.09452e-05
-0.837758     3.14159    6.64755e-05
-0.628319     3.14159    7.36706e-05
-0.418879     3.14159    7.59637e-05
-0.20944     3.14159    8.06397e-05
0     3.14159    8.4649e-05
0.20944     3.14159    8.05506e-05
0.418879     3.14159    7.59737e-05
0.628319     3.14159    7.36794e-05
0.837758     3.14159    6.64781e-05
1.0472     3.14159    6.0939e-05
1.25664     3.14159    3.48486e-05
1.46608     3.14159    2.04236e-05
1.67552     3.14159    3.3175e-05
1.88496     3.14159    3.56503e-05
2.0944     3.14159    2.4498e-05
2.30383     3.14159    7.85499e-06
2.51327     3.14159    5.63521e-07
2.72271     3.14159    1.61301e-05
2.93215     3.14159    3.49848e-05
3.14159     3.14159    5.01047e-05

