-3.14159     -3.14159    4.28221e-06
-2.93215     -3.14159    8.28393e-06
-2.72271     -3.14159    1.18932e-05
-2.51327     -3.14159    1.41915e-05
-2.30383     -3.14159    1.50573e-05
-2.0944     -3.14159    1.51215e-05
-1.88496     -3.14159    1.48311e-05
-1.67552     -3.14159    1.41039e-05
-1.46608     -3.14159    1.21173e-05
-1.25664     -3.14159    8.28496e-06
-1.0472     -3.14159    3.65351e-06
-0.837758     -3.14159    3.29898e-07
-0.628319     -3.14159    3.15753e-06
-0.418879     -3.14159    4.89685e-06
-0.20944     -3.14159    5.78552e-06
0     -3.14159    6.05278e-06
0.20944     -3.14159    5.79562e-06
0.418879     -3.14159    4.89889e-06
0.628319     -3.14159    3.15705e-06
0.837758     -3.14159    3.23935e-07
1.0472     -3.14159    3.64952e-06
1.25664     -3.14159    8.29032e-06
1.46608     -3.14159    1.21188e-05
1.67552     -3.14159    1.41065e-05
1.88496     -3.14159    1.48301e-05
2.0944     -3.14159    1.51188e-05
2.30383     -3.14159    1.50655e-05
2.51327     -3.14159    1.41968e-05
2.72271     -3.14159    1.19051e-05
2.93215     -3.14159    8.28212e-06
3.14159     -3.14159    4.27909e-06

-3.14159     -2.93215    1.25195e-06
-2.93215     -2.93215    5.41382e-06
-2.72271     -2.93215    9.25292e-06
-2.51327     -2.93215    1.18003e-05
-2.30383     -2.93215    1.30907e-05
-2.0944     -2.93215    1.34823e-05
-1.88496     -2.93215    1.32244e-05
-1.67552     -2.93215    1.23306e-05
-1.46608     -2.93215    1.02755e-05
-1.25664     -2.93215    6.45487e-06
-1.0472     -2.93215    1.73204e-06
-0.837758     -2.93215    2.21293e-06
-0.628319     -2.93215    4.73851e-06
-0.418879     -2.93215    6.11837e-06
-0.20944     -2.93215    6.74295e-06
0     -2.93215    6.90784e-06
0.20944     -2.93215    6.7373e-06
0.418879     -2.93215    6.12952e-06
0.628319     -2.93215    4.73919e-06
0.837758     -2.93215    2.21155e-06
1.0472     -2.93215    1.7317e-06
1.25664     -2.93215    6.45409e-06
1.46608     -2.93215    1.02815e-05
1.67552     -2.93215    1.2337e-05
1.88496     -2.93215    1.32302e-05
2.0944     -2.93215    1.3477e-05
2.30383     -2.93215    1.30908e-05
2.51327     -2.93215    1.17946e-05
2.72271     -2.93215    9.26121e-06
2.93215     -2.93215    5.42212e-06
3.14159     -2.93215    1.24648e-06

-3.14159     -2.72271    7.43735e-07
-2.93215     -2.72271    3.18756e-06
-2.72271     -2.72271    6.48834e-06
-2.51327     -2.72271    8.37391e-06
-2.30383     -2.72271    9.23395e-06
-2.0944     -2.72271    9.7361e-06
-1.88496     -2.72271    1.00499e-05
-1.67552     -2.72271    9.83113e-06
-1.46608     -2.72271    8.4237e-06
-1.25664     -2.72271    5.15016e-06
-1.0472     -2.72271    6.91716e-07
-0.837758     -2.72271    3.06425e-06
-0.628319     -2.72271    5.28324e-06
-0.418879     -2.72271    6.30121e-06
-0.20944     -2.72271    6.68562e-06
0     -2.72271    6.78051e-06
0.20944     -2.72271    6.69226e-06
0.418879     -2.72271    6.29073e-06
0.628319     -2.72271    5.28536e-06
0.837758     -2.72271    3.06091e-06
1.0472     -2.72271    6.93255e-07
1.25664     -2.72271    5.15011e-06
1.46608     -2.72271    8.41749e-06
1.67552     -2.72271    9.8308e-06
1.88496     -2.72271    1.00458e-05
2.0944     -2.72271    9.74262e-06
2.30383     -2.72271    9.24228e-06
2.51327     -2.72271    8.37419e-06
2.72271     -2.72271    6.49291e-06
2.93215     -2.72271    3.19189e-06
3.14159     -2.72271    7.47302e-07

-3.14159     -2.51327    1.78452e-06
-2.93215     -2.51327    1.58688e-06
-2.72271     -2.51327    3.80568e-06
-2.51327     -2.51327    4.48551e-06
-2.30383     -2.51327    4.44211e-06
-2.0944     -2.51327    4.7328e-06
-1.88496     -2.51327    5.65157e-06
-1.67552     -2.51327    6.55972e-06
-1.46608     -2.51327    6.33848e-06
-1.25664     -2.51327    4.09439e-06
-1.0472     -2.51327    2.41385e-07
-0.837758     -2.51327    3.26326e-06
-0.628319     -2.51327    5.2717e-06
-0.418879     -2.51327    6.07687e-06
-0.20944     -2.51327    6.29364e-06
0     -2.51327    6.28294e-06
0.20944     -2.51327    6.28132e-06
0.418879     -2.51327    6.08802e-06
0.628319     -2.51327    5.27086e-06
0.837758     -2.51327    3.26562e-06
1.0472     -2.51327    2.40365e-07
1.25664     -2.51327    4.09586e-06
1.46608     -2.51327    6.33435e-06
1.67552     -2.51327    6.56429e-06
1.88496     -2.51327    5.65446e-06
2.0944     -2.51327    4.73868e-06
2.30383     -2.51327    4.44116e-06
2.51327     -2.51327    4.48414e-06
2.72271     -2.51327    3.80562e-06
2.93215     -2.51327    1.58262e-06
3.14159     -2.51327    1.79145e-06

-3.14159     -2.30383    2.09154e-06
-2.93215     -2.30383    3.00417e-07
-2.72271     -2.30383    1.0636e-06
-2.51327     -2.30383    5.00259e-07
-2.30383     -2.30383    1.74551e-07
-2.0944     -2.30383    5.86888e-08
-1.88496     -2.30383    1.03243e-06
-1.67552     -2.30383    2.64315e-06
-1.46608     -2.30383    3.65486e-06
-1.25664     -2.30383    2.78809e-06
-1.0472     -2.30383    5.97479e-08
-0.837758     -2.30383    3.17513e-06
-0.628319     -2.30383    5.06159e-06
-0.418879     -2.30383    5.7657e-06
-0.20944     -2.30383    5.90827e-06
0     -2.30383    5.96241e-06
0.20944     -2.30383    5.91089e-06
0.418879     -2.30383    5.74375e-06
0.628319     -2.30383    5.06722e-06
0.837758     -2.30383    3.18118e-06
1.0472     -2.30383    5.66924e-08
1.25664     -2.30383    2.78679e-06
1.46608     -2.30383    3.65248e-06
1.67552     -2.30383    2.63666e-06
1.88496     -2.30383    1.03118e-06
2.0944     -2.30383    5.54282e-08
2.30383     -2.30383    1.77161e-07
2.51327     -2.30383    4.93844e-07
2.72271     -2.30383    1.06769e-06
2.93215     -2.30383    3.03689e-07
3.14159     -2.30383    2.09534e-06

-3.14159     -2.0944    1.97649e-06
-2.93215     -2.0944    9.32171e-07
-2.72271     -2.0944    1.62079e-06
-2.51327     -2.0944    2.9468e-06
-2.30383     -2.0944    3.70855e-06
-2.0944     -2.0944    3.58369e-06
-1.88496     -2.0944    2.65114e-06
-1.67552     -2.0944    1.10125e-06
-1.46608     -2.0944    5.09285e-07
-1.25664     -2.0944    9.24715e-07
-1.0472     -2.0944    5.98396e-07
-0.837758     -2.0944    3.06436e-06
-0.628319     -2.0944    4.84567e-06
-0.418879     -2.0944    5.57308e-06
-0.20944     -2.0944    5.68279e-06
0     -2.0944    5.63798e-06
0.20944     -2.0944    5.70231e-06
0.418879     -2.0944    5.58018e-06
0.628319     -2.0944    4.84418e-06
0.837758     -2.0944    3.07134e-06
1.0472     -2.0944    6.0127e-07
1.25664     -2.0944    9.26991e-07
1.46608     -2.0944    5.06183e-07
1.67552     -2.0944    1.0989e-06
1.88496     -2.0944    2.65317e-06
2.0944     -2.0944    3.58213e-06
2.30383     -2.0944    3.71388e-06
2.51327     -2.0944    2.95057e-06
2.72271     -2.0944    1.62451e-06
2.93215     -2.0944    9.29803e-07
3.14159     -2.0944    1.97223e-06

-3.14159     -1.88496    1.81266e-06
-2.93215     -1.88496    2.25704e-06
-2.72271     -1.88496    3.93684e-06
-2.51327     -1.88496    5.33677e-06
-2.30383     -1.88496    5.79197e-06
-2.0944     -1.88496    5.54494e-06
-1.88496     -1.88496    4.85592e-06
-1.67552     -1.88496    3.75963e-06
-1.46608     -1.88496    2.33763e-06
-1.25664     -1.88496    1.27289e-06
-1.0472     -1.88496    1.56858e-06
-0.837758     -1.88496    3.13735e-06
-0.628319     -1.88496    4.67593e-06
-0.418879     -1.88496    5.41176e-06
-0.20944     -1.88496    5.62613e-06
0     -1.88496    5.65471e-06
0.20944     -1.88496    5.59226e-06
0.418879     -1.88496    5.39667e-06
0.628319     -1.88496    4.66786e-06
0.837758     -1.88496    3.12905e-06
1.0472     -1.88496    1.5747e-06
1.25664     -1.88496    1.27272e-06
1.46608     -1.88496    2.34246e-06
1.67552     -1.88496    3.75827e-06
1.88496     -1.88496    4.85223e-06
2.0944     -1.88496    5.5427e-06
2.30383     -1.88496    5.79241e-06
2.51327     -1.88496    5.33423e-06
2.72271     -1.88496    3.94171e-06
2.93215     -1.88496    2.26411e-06
3.14159     -1.88496    1.81023e-06

-3.14159     -1.67552    1.85054e-06
-2.93215     -1.67552    3.56812e-06
-2.72271     -1.67552    5.54978e-06
-2.51327     -1.67552    6.55376e-06
-2.30383     -1.67552    6.64646e-06
-2.0944     -1.67552    6.28588e-06
-1.88496     -1.67552    5.78407e-06
-1.67552     -1.67552    5.13556e-06
-1.46608     -1.67552    4.24013e-06
-1.25664     -1.67552    3.23619e-06
-1.0472     -1.67552    2.83315e-06
-0.837758     -1.67552    3.4912e-06
-0.628319     -1.67552    4.60708e-06
-0.418879     -1.67552    5.34012e-06
-0.20944     -1.67552    5.57589e-06
0     -1.67552    5.62459e-06
0.20944     -1.67552    5.60979e-06
0.418879     -1.67552    5.34483e-06
0.628319     -1.67552    4.6097e-06
0.837758     -1.67552    3.48966e-06
1.0472     -1.67552    2.82899e-06
1.25664     -1.67552    3.23298e-06
1.46608     -1.67552    4.23567e-06
1.67552     -1.67552    5.13589e-06
1.88496     -1.67552    5.78709e-06
2.0944     -1.67552    6.28504e-06
2.30383     -1.67552    6.64064e-06
2.51327     -1.67552    6.55362e-06
2.72271     -1.67552    5.54312e-06
2.93215     -1.67552    3.57483e-06
3.14159     -1.67552    1.84702e-06

-3.14159     -1.46608    2.03578e-06
-2.93215     -1.46608    4.5319e-06
-2.72271     -1.46608    6.34775e-06
-2.51327     -1.46608    6.92074e-06
-2.30383     -1.46608    6.75949e-06
-2.0944     -1.46608    6.3531e-06
-1.88496     -1.46608    5.96209e-06
-1.67552     -1.46608    5.62207e-06
-1.46608     -1.46608    5.18385e-06
-1.25664     -1.46608    4.57307e-06
-1.0472     -1.46608    4.02855e-06
-0.837758     -1.46608    4.06592e-06
-0.628319     -1.46608    4.67488e-06
-0.418879     -1.46608    5.26516e-06
-0.20944     -1.46608    5.56719e-06
0     -1.46608    5.61473e-06
0.20944     -1.46608    5.54744e-06
0.418879     -1.46608    5.27265e-06
0.628319     -1.46608    4.65951e-06
0.837758     -1.46608    4.07209e-06
1.0472     -1.46608    4.03275e-06
1.25664     -1.46608    4.56383e-06
1.46608     -1.46608    5.18963e-06
1.67552     -1.46608    5.6099e-06
1.88496     -1.46608    5.95766e-06
2.0944     -1.46608    6.34808e-06
2.30383     -1.46608    6.75462e-06
2.51327     -1.46608    6.92196e-06
2.72271     -1.46608    6.34237e-06
2.93215     -1.46608    4.53691e-06
3.14159     -1.46608    2.03318e-06

-3.14159     -1.25664    2.05708e-06
-2.93215     -1.25664    4.8843e-06
-2.72271     -1.25664    6.47679e-06
-2.51327     -1.25664    6.82604e-06
-2.30383     -1.25664    6.5515e-06
-2.0944     -1.25664    6.16743e-06
-1.88496     -1.25664    5.85137e-06
-1.67552     -1.25664    5.6804e-06
-1.46608     -1.25664    5.51592e-06
-1.25664     -1.25664    5.25489e-06
-1.0472     -1.25664    4.8676e-06
-0.837758     -1.25664    4.65636e-06
-0.628319     -1.25664    4.80812e-06
-0.418879     -1.25664    5.11908e-06
-0.20944     -1.25664    5.36506e-06
0     -1.25664    5.49691e-06
0.20944     -1.25664    5.4128e-06
0.418879     -1.25664    5.12065e-06
0.628319     -1.25664    4.8078e-06
0.837758     -1.25664    4.64743e-06
1.0472     -1.25664    4.86697e-06
1.25664     -1.25664    5.25673e-06
1.46608     -1.25664    5.5298e-06
1.67552     -1.25664    5.68638e-06
1.88496     -1.25664    5.84988e-06
2.0944     -1.25664    6.16628e-06
2.30383     -1.25664    6.55509e-06
2.51327     -1.25664    6.82711e-06
2.72271     -1.25664    6.47778e-06
2.93215     -1.25664    4.88838e-06
3.14159     -1.25664    2.06336e-06

-3.14159     -1.0472    1.54136e-06
-2.93215     -1.0472    4.54117e-06
-2.72271     -1.0472    6.0732e-06
-2.51327     -1.0472    6.45906e-06
-2.30383     -1.0472    6.28043e-06
-2.0944     -1.0472    5.97136e-06
-1.88496     -1.0472    5.73866e-06
-1.67552     -1.0472    5.6312e-06
-1.46608     -1.0472    5.61154e-06
-1.25664     -1.0472    5.5393e-06
-1.0472     -1.0472    5.32102e-06
-0.837758     -1.0472    5.03416e-06
-0.628319     -1.0472    4.89252e-06
-0.418879     -1.0472    4.96768e-06
-0.20944     -1.0472    5.01987e-06
0     -1.0472    4.90923e-06
0.20944     -1.0472    4.98011e-06
0.418879     -1.0472    4.98411e-06
0.628319     -1.0472    4.87382e-06
0.837758     -1.0472    5.04e-06
1.0472     -1.0472    5.32066e-06
1.25664     -1.0472    5.53656e-06
1.46608     -1.0472    5.60078e-06
1.67552     -1.0472    5.63176e-06
1.88496     -1.0472    5.74087e-06
2.0944     -1.0472    5.97215e-06
2.30383     -1.0472    6.28544e-06
2.51327     -1.0472    6.46248e-06
2.72271     -1.0472    6.07872e-06
2.93215     -1.0472    4.54466e-06
3.14159     -1.0472    1.54696e-06

-3.14159     -0.837758    2.19907e-07
-2.93215     -0.837758    3.394e-06
-2.72271     -0.837758    5.15828e-06
-2.51327     -0.837758    5.82788e-06
-2.30383     -0.837758    5.90891e-06
-2.0944     -0.837758    5.78994e-06
-1.88496     -0.837758    5.66488e-06
-1.67552     -0.837758    5.61837e-06
-1.46608     -0.837758    5.62968e-06
-1.25664     -0.837758    5.62718e-06
-1.0472     -0.837758    5.46475e-06
-0.837758     -0.837758    5.15646e-06
-0.628319     -0.837758    4.80075e-06
-0.418879     -0.837758    4.47837e-06
-0.20944     -0.837758    4.41415e-06
0     -0.837758    4.57926e-06
0.20944     -0.837758    4.42706e-06
0.418879     -0.837758    4.4413e-06
0.628319     -0.837758    4.79347e-06
0.837758     -0.837758    5.16124e-06
1.0472     -0.837758    5.47484e-06
1.25664     -0.837758    5.63113e-06
1.46608     -0.837758    5.63209e-06
1.67552     -0.837758    5.61808e-06
1.88496     -0.837758    5.66353e-06
2.0944     -0.837758    5.7817e-06
2.30383     -0.837758    5.90814e-06
2.51327     -0.837758    5.8272e-06
2.72271     -0.837758    5.15508e-06
2.93215     -0.837758    3.39456e-06
3.14159     -0.837758    2.23786e-07

-3.14159     -0.628319    2.12579e-06
-2.93215     -0.628319    1.25229e-06
-2.72271     -0.628319    3.43913e-06
-2.51327     -0.628319    4.63837e-06
-2.30383     -0.628319    5.18034e-06
-2.0944     -0.628319    5.40088e-06
-1.88496     -0.628319    5.49333e-06
-1.67552     -0.628319    5.54615e-06
-1.46608     -0.628319    5.58043e-06
-1.25664     -0.628319    5.58771e-06
-1.0472     -0.628319    5.39286e-06
-0.837758     -0.628319    5.01393e-06
-0.628319     -0.628319    4.51139e-06
-0.418879     -0.628319    4.10827e-06
-0.20944     -0.628319    3.71829e-06
0     -0.628319    3.38281e-06
0.20944     -0.628319    3.73443e-06
0.418879     -0.628319    4.12651e-06
0.628319     -0.628319    4.53057e-06
0.837758     -0.628319    5.00016e-06
1.0472     -0.628319    5.3819e-06
1.25664     -0.628319    5.58977e-06
1.46608     -0.628319    5.59533e-06
1.67552     -0.628319    5.55444e-06
1.88496     -0.628319    5.49553e-06
2.0944     -0.628319    5.39813e-06
2.30383     -0.628319    5.18683e-06
2.51327     -0.628319    4.63983e-06
2.72271     -0.628319    3.43588e-06
2.93215     -0.628319    1.25345e-06
3.14159     -0.628319    2.12036e-06

-3.14159     -0.418879    5.36006e-06
-2.93215     -0.418879    1.99335e-06
-2.72271     -0.418879    6.12086e-07
-2.51327     -0.418879    2.45666e-06
-2.30383     -0.418879    3.66885e-06
-2.0944     -0.418879    4.41724e-06
-1.88496     -0.418879    4.89875e-06
-1.67552     -0.418879    5.19734e-06
-1.46608     -0.418879    5.36764e-06
-1.25664     -0.418879    5.39417e-06
-1.0472     -0.418879    5.17766e-06
-0.837758     -0.418879    4.70496e-06
-0.628319     -0.418879    4.13898e-06
-0.418879     -0.418879    3.40382e-06
-0.20944     -0.418879    3.30819e-06
0     -0.418879    3.20896e-06
0.20944     -0.418879    2.82379e-06
0.418879     -0.418879    3.24799e-06
0.628319     -0.418879    4.10151e-06
0.837758     -0.418879    4.69177e-06
1.0472     -0.418879    5.18354e-06
1.25664     -0.418879    5.38364e-06
1.46608     -0.418879    5.3653e-06
1.67552     -0.418879    5.18951e-06
1.88496     -0.418879    4.89754e-06
2.0944     -0.418879    4.41673e-06
2.30383     -0.418879    3.66457e-06
2.51327     -0.418879    2.45551e-06
2.72271     -0.418879    6.17202e-07
2.93215     -0.418879    1.98875e-06
3.14159     -0.418879    5.35812e-06

-3.14159     -0.20944    8.22258e-06
-2.93215     -0.20944    5.256e-06
-2.72271     -0.20944    2.59064e-06
-2.51327     -0.20944    3.28647e-07
-2.30383     -0.20944    1.48562e-06
-2.0944     -0.20944    2.84985e-06
-1.88496     -0.20944    3.8396e-06
-1.67552     -0.20944    4.51961e-06
-1.46608     -0.20944    4.92767e-06
-1.25664     -0.20944    5.04846e-06
-1.0472     -0.20944    4.87676e-06
-0.837758     -0.20944    4.41951e-06
-0.628319     -0.20944    3.77576e-06
-0.418879     -0.20944    3.09251e-06
-0.20944     -0.20944    2.65138e-06
0     -0.20944    2.03298e-06
0.20944     -0.20944    2.4738e-06
0.418879     -0.20944    2.76225e-06
0.628319     -0.20944    3.78598e-06
0.837758     -0.20944    4.40958e-06
1.0472     -0.20944    4.91537e-06
1.25664     -0.20944    5.07015e-06
1.46608     -0.20944    4.92295e-06
1.67552     -0.20944    4.5173e-06
1.88496     -0.20944    3.83315e-06
2.0944     -0.20944    2.85265e-06
2.30383     -0.20944    1.48381e-06
2.51327     -0.20944    3.34084e-07
2.72271     -0.20944    2.59041e-06
2.93215     -0.20944    5.25674e-06
3.14159     -0.20944    8.22116e-06

-3.14159     0    9.31427e-06
-2.93215     0    6.62836e-06
-2.72271     0    4.09498e-06
-2.51327     0    1.72479e-06
-2.30383     0    3.353e-07
-2.0944     0    1.98352e-06
-1.88496     0    3.23904e-06
-1.67552     0    4.11789e-06
-1.46608     0    4.66035e-06
-1.25664     0    4.87791e-06
-1.0472     0    4.73626e-06
-0.837758     0    4.29196e-06
-0.628319     0    3.64555e-06
-0.418879     0    3.31784e-06
-0.20944     0    2.35523e-06
0     0    3.83212e-16
0.20944     0    2.35523e-06
0.418879     0    3.31784e-06
0.628319     0    3.64555e-06
0.837758     0    4.29196e-06
1.0472     0    4.73626e-06
1.25664     0    4.87791e-06
1.46608     0    4.66035e-06
1.67552     0    4.11789e-06
1.88496     0    3.23904e-06
2.0944     0    1.98352e-06
2.30383     0    3.353e-07
2.51327     0    1.72479e-06
2.72271     0    4.09498e-06
2.93215     0    6.62836e-06
3.14159     0    9.31427e-06

-3.14159     0.20944    8.22116e-06
-2.93215     0.20944    5.25674e-06
-2.72271     0.20944    2.59041e-06
-2.51327     0.20944    3.34084e-07
-2.30383     0.20944    1.48381e-06
-2.0944     0.20944    2.85265e-06
-1.88496     0.20944    3.83315e-06
-1.67552     0.20944    4.5173e-06
-1.46608     0.20944    4.92295e-06
-1.25664     0.20944    5.07015e-06
-1.0472     0.20944    4.91537e-06
-0.837758     0.20944    4.40958e-06
-0.628319     0.20944    3.78598e-06
-0.418879     0.20944    2.76225e-06
-0.20944     0.20944    2.4738e-06
0     0.20944    2.03298e-06
0.20944     0.20944    2.65138e-06
0.418879     0.20944    3.09251e-06
0.628319     0.20944    3.77576e-06
0.837758     0.20944    4.41951e-06
1.0472     0.20944    4.87676e-06
1.25664     0.20944    5.04846e-06
1.46608     0.20944    4.92767e-06
1.67552     0.20944    4.51961e-06
1.88496     0.20944    3.8396e-06
2.0944     0.20944    2.84985e-06
2.30383     0.20944    1.48562e-06
2.51327     0.20944    3.28647e-07
2.72271     0.20944    2.59064e-06
2.93215     0.20944    5.256e-06
3.14159     0.20944    8.22258e-06

-3.14159     0.418879    5.35812e-06
-2.93215     0.418879    1.98875e-06
-2.72271     0.418879    6.17202e-07
-2.51327     0.418879    2.45551e-06
-2.30383     0.418879    3.66457e-06
-2.0944     0.418879    4.41673e-06
-1.88496     0.418879    4.89754e-06
-1.67552     0.418879    5.18951e-06
-1.46608     0.418879    5.3653e-06
-1.25664     0.418879    5.38364e-06
-1.0472     0.418879    5.18354e-06
-0.837758     0.418879    4.69177e-06
-0.628319     0.418879    4.10151e-06
-0.418879     0.418879    3.24799e-06
-0.20944     0.418879    2.82379e-06
0     0.418879    3.20896e-06
0.20944     0.418879    3.30819e-06
0.418879     0.418879    3.40382e-06
0.628319     0.418879    4.13898e-06
0.837758     0.418879    4.70496e-06
1.0472     0.418879    5.17766e-06
1.25664     0.418879    5.39417e-06
1.46608     0.418879    5.36764e-06
1.67552     0.418879    5.19734e-06
1.88496     0.418879    4.89875e-06
2.0944     0.418879    4.41724e-06
2.30383     0.418879    3.66885e-06
2.51327     0.418879    2.45666e-06
2.72271     0.418879    6.12086e-07
2.93215     0.418879    1.99335e-06
3.14159     0.418879    5.36006e-06

-3.14159     0.628319    2.12036e-06
-2.93215     0.628319    1.25345e-06
-2.72271     0.628319    3.43588e-06
-2.51327     0.628319    4.63983e-06
-2.30383     0.628319    5.18683e-06
-2.0944     0.628319    5.39813e-06
-1.88496     0.628319    5.49553e-06
-1.67552     0.628319    5.55444e-06
-1.46608     0.628319    5.59533e-06
-1.25664     0.628319    5.58977e-06
-1.0472     0.628319    5.3819e-06
-0.837758     0.628319    5.00016e-06
-0.628319     0.628319    4.53057e-06
-0.418879     0.628319    4.12651e-06
-0.20944     0.628319    3.73443e-06
0     0.628319    3.38281e-06
0.20944     0.628319    3.71829e-06
0.418879     0.628319    4.10827e-06
0.628319     0.628319    4.51139e-06
0.837758     0.628319    5.01393e-06
1.0472     0.628319    5.39286e-06
1.25664     0.628319    5.58771e-06
1.46608     0.628319    5.58043e-06
1.67552     0.628319    5.54615e-06
1.88496     0.628319    5.49333e-06
2.0944     0.628319    5.40088e-06
2.30383     0.628319    5.18034e-06
2.51327     0.628319    4.63837e-06
2.72271     0.628319    3.43913e-06
2.93215     0.628319    1.25229e-06
3.14159     0.628319    2.12579e-06

-3.14159     0.837758    2.23786e-07
-2.93215     0.837758    3.39456e-06
-2.72271     0.837758    5.15508e-06
-2.51327     0.837758    5.8272e-06
-2.30383     0.837758    5.90814e-06
-2.0944     0.837758    5.7817e-06
-1.88496     0.837758    5.66353e-06
-1.67552     0.837758    5.61808e-06
-1.46608     0.837758    5.63209e-06
-1.25664     0.837758    5.63113e-06
-1.0472     0.837758    5.47484e-06
-0.837758     0.837758    5.16124e-06
-0.628319     0.837758    4.79347e-06
-0.418879     0.837758    4.4413e-06
-0.20944     0.837758    4.42706e-06
0     0.837758    4.57926e-06
0.20944     0.837758    4.41415e-06
0.418879     0.837758    4.47837e-06
0.628319     0.837758    4.80075e-06
0.837758     0.837758    5.15646e-06
1.0472     0.837758    5.46475e-06
1.25664     0.837758    5.62718e-06
1.46608     0.837758    5.62968e-06
1.67552     0.837758    5.61837e-06
1.88496     0.837758    5.66488e-06
2.0944     0.837758    5.78994e-06
2.30383     0.837758    5.90891e-06
2.51327     0.837758    5.82788e-06
2.72271     0.837758    5.15828e-06
2.93215     0.837758    3.394e-06
3.14159     0.837758    2.19907e-07

-3.14159     1.0472    1.54696e-06
-2.93215     1.0472    4.54466e-06
-2.72271     1.0472    6.07872e-06
-2.51327     1.0472    6.46248e-06
-2.30383     1.0472    6.28544e-06
-2.0944     1.0472    5.97215e-06
-1.88496     1.0472    5.74087e-06
-1.67552     1.0472    5.63176e-06
-1.46608     1.0472    5.60078e-06
-1.25664     1.0472    5.53656e-06
-1.0472     1.0472    5.32066e-06
-0.837758     1.0472    5.04e-06
-0.628319     1.0472    4.87382e-06
-0.418879     1.0472    4.98411e-06
-0.20944     1.0472    4.98011e-06
0     1.0472    4.90923e-06
0.20944     1.0472    5.01987e-06
0.418879     1.0472    4.96768e-06
0.628319     1.0472    4.89252e-06
0.837758     1.0472    5.03416e-06
1.0472     1.0472    5.32102e-06
1.25664     1.0472    5.5393e-06
1.46608     1.0472    5.61154e-06
1.67552     1.0472    5.6312e-06
1.88496     1.0472    5.73866e-06
2.0944     1.0472    5.97136e-06
2.30383     1.0472    6.28043e-06
2.51327     1.0472    6.45906e-06
2.72271     1.0472    6.0732e-06
2.93215     1.0472    4.54117e-06
3.14159     1.0472    1.54136e-06

-3.14159     1.25664    2.06336e-06
-2.93215     1.25664    4.88838e-06
-2.72271     1.25664    6.47778e-06
-2.51327     1.25664    6.82711e-06
-2.30383     1.25664    6.55509e-06
-2.0944     1.25664    6.16628e-06
-1.88496     1.25664    5.84988e-06
-1.67552     1.25664    5.68638e-06
-1.46608     1.25664    5.5298e-06
-1.25664     1.25664    5.25673e-06
-1.0472     1.25664    4.86697e-06
-0.837758     1.25664    4.64743e-06
-0.628319     1.25664    4.8078e-06
-0.418879     1.25664    5.12065e-06
-0.20944     1.25664    5.4128e-06
0     1.25664    5.49691e-06
0.20944     1.25664    5.36506e-06
0.418879     1.25664    5.11908e-06
0.628319     1.25664    4.80812e-06
0.837758     1.25664    4.65636e-06
1.0472     1.25664    4.8676e-06
1.25664     1.25664    5.25489e-06
1.46608     1.25664    5.51592e-06
1.67552     1.25664    5.6804e-06
1.88496     1.25664    5.85137e-06
2.0944     1.25664    6.16743e-06
2.30383     1.25664    6.5515e-06
2.51327     1.25664    6.82604e-06
2.72271     1.25664    6.47679e-06
2.93215     1.25664    4.8843e-06
3.14159     1.25664    2.05708e-06

-3.14159     1.46608    2.03318e-06
-2.93215     1.46608    4.53691e-06
-2.72271     1.46608    6.34237e-06
-2.51327     1.46608    6.92196e-06
-2.30383     1.46608    6.75462e-06
-2.0944     1.46608    6.34808e-06
-1.88496     1.46608    5.95766e-06
-1.67552     1.46608    5.6099e-06
-1.46608     1.46608    5.18963e-06
-1.25664     1.46608    4.56383e-06
-1.0472     1.46608    4.03275e-06
-0.837758     1.46608    4.07209e-06
-0.628319     1.46608    4.65951e-06
-0.418879     1.46608    5.27265e-06
-0.20944     1.46608    5.54744e-06
0     1.46608    5.61473e-06
0.20944     1.46608    5.56719e-06
0.418879     1.46608    5.26516e-06
0.628319     1.46608    4.67488e-06
0.837758     1.46608    4.06592e-06
1.0472     1.46608    4.02855e-06
1.25664     1.46608    4.57307e-06
1.46608     1.46608    5.18385e-06
1.67552     1.46608    5.62207e-06
1.88496     1.46608    5.96209e-06
2.0944     1.46608    6.3531e-06
2.30383     1.46608    6.75949e-06
2.51327     1.46608    6.92074e-06
2.72271     1.46608    6.34775e-06
2.93215     1.46608    4.5319e-06
3.14159     1.46608    2.03578e-06

-3.14159     1.67552    1.84702e-06
-2.93215     1.67552    3.57483e-06
-2.72271     1.67552    5.54312e-06
-2.51327     1.67552    6.55362e-06
-2.30383     1.67552    6.64064e-06
-2.0944     1.67552    6.28504e-06
-1.88496     1.67552    5.78709e-06
-1.67552     1.67552    5.13589e-06
-1.46608     1.67552    4.23567e-06
-1.25664     1.67552    3.23298e-06
-1.0472     1.67552    2.82899e-06
-0.837758     1.67552    3.48966e-06
-0.628319     1.67552    4.6097e-06
-0.418879     1.67552    5.34483e-06
-0.20944     1.67552    5.60979e-06
0     1.67552    5.62459e-06
0.20944     1.67552    5.57589e-06
0.418879     1.67552    5.34012e-06
0.628319     1.67552    4.60708e-06
0.837758     1.67552    3.4912e-06
1.0472     1.67552    2.83315e-06
1.25664     1.67552    3.23619e-06
1.46608     1.67552    4.24013e-06
1.67552     1.67552    5.13556e-06
1.88496     1.67552    5.78407e-06
2.0944     1.67552    6.28588e-06
2.30383     1.67552    6.64646e-06
2.51327     1.67552    6.55376e-06
2.72271     1.67552    5.54978e-06
2.93215     1.67552    3.56812e-06
3.14159     1.67552    1.85054e-06

-3.14159     1.88496    1.81023e-06
-2.93215     1.88496    2.26411e-06
-2.72271     1.88496    3.94171e-06
-2.51327     1.88496    5.33423e-06
-2.30383     1.88496    5.79241e-06
-2.0944     1.88496    5.5427e-06
-1.88496     1.88496    4.85223e-06
-1.67552     1.88496    3.75827e-06
-1.46608     1.88496    2.34246e-06
-1.25664     1.88496    1.27272e-06
-1.0472     1.88496    1.5747e-06
-0.837758     1.88496    3.12905e-06
-0.628319     1.88496    4.66786e-06
-0.418879     1.88496    5.39667e-06
-0.20944     1.88496    5.59226e-06
0     1.88496    5.65471e-06
0.20944     1.88496    5.62613e-06
0.418879     1.88496    5.41176e-06
0.628319     1.88496    4.67593e-06
0.837758     1.88496    3.13735e-06
1.0472     1.88496    1.56858e-06
1.25664     1.88496    1.27289e-06
1.46608     1.88496    2.33763e-06
1.67552     1.88496    3.75963e-06
1.88496     1.88496    4.85592e-06
2.0944     1.88496    5.54494e-06
2.30383     1.88496    5.79197e-06
2.51327     1.88496    5.33677e-06
2.72271     1.88496    3.93684e-06
2.93215     1.88496    2.25704e-06
3.14159     1.88496    1.81266e-06

-3.14159     2.0944    1.97223e-06
-2.93215     2.0944    9.29803e-07
-2.72271     2.0944    1.62451e-06
-2.51327     2.0944    2.95057e-06
-2.30383     2.0944    3.71388e-06
-2.0944     2.0944    3.58213e-06
-1.88496     2.0944    2.65317e-06
-1.67552     2.0944    1.0989e-06
-1.46608     2.0944    5.06183e-07
-1.25664     2.0944    9.26991e-07
-1.0472     2.0944    6.0127e-07
-0.837758     2.0944    3.07134e-06
-0.628319     2.0944    4.84418e-06
-0.418879     2.0944    5.58018e-06
-0.20944     2.0944    5.70231e-06
0     2.0944    5.63798e-06
0.20944     2.0944    5.68279e-06
0.418879     2.0944    5.57308e-06
0.628319     2.0944    4.84567e-06
0.837758     2.0944    3.06436e-06
1.0472     2.0944    5.98396e-07
1.25664     2.0944    9.24715e-07
1.46608     2.0944    5.09285e-07
1.67552     2.0944    1.10125e-06
1.88496     2.0944    2.65114e-06
2.0944     2.0944    3.58369e-06
2.30383     2.0944    3.70855e-06
2.51327     2.0944    2.9468e-06
2.72271     2.0944    1.62079e-06
2.93215     2.0944    9.32171e-07
3.14159     2.0944    1.97649e-06

-3.14159     2.30383    2.09534e-06
-2.93215     2.30383    3.03689e-07
-2.72271     2.30383    1.06769e-06
-2.51327     2.30383    4.93844e-07
-2.30383     2.30383    1.77161e-07
-2.0944     2.30383    5.54282e-08
-1.88496     2.30383    1.03118e-06
-1.67552     2.30383    2.63666e-06
-1.46608     2.30383    3.65248e-06
-1.25664     2.30383    2.78679e-06
-1.0472     2.30383    5.66924e-08
-0.837758     2.30383    3.18118e-06
-0.628319     2.30383    5.06722e-06
-0.418879     2.30383    5.74375e-06
-0.20944     2.30383    5.91089e-06
0     2.30383    5.96241e-06
0.20944     2.30383    5.90827e-06
0.418879     2.30383    5.7657e-06
0.628319     2.30383    5.06159e-06
0.837758     2.30383    3.17513e-06
1.0472     2.30383    5.97479e-08
1.25664     2.30383    2.78809e-06
1.46608     2.30383    3.65486e-06
1.67552     2.30383    2.64315e-06
1.88496     2.30383    1.03243e-06
2.0944     2.30383    5.86888e-08
2.30383     2.30383    1.74551e-07
2.51327     2.30383    5.00259e-07
2.72271     2.30383    1.0636e-06
2.93215     2.30383    3.00417e-07
3.14159     2.30383    2.09154e-06

-3.14159     2.51327    1.79145e-06
-2.93215     2.51327    1.58262e-06
-2.72271     2.51327    3.80562e-06
-2.51327     2.51327    4.48414e-06
-2.30383     2.51327    4.44116e-06
-2.0944     2.51327    4.73868e-06
-1.88496     2.51327    5.65446e-06
-1.67552     2.51327    6.56429e-06
-1.46608     2.51327    6.33435e-06
-1.25664     2.51327    4.09586e-06
-1.0472     2.51327    2.40365e-07
-0.837758     2.51327    3.26562e-06
-0.628319     2.51327    5.27086e-06
-0.418879     2.51327    6.08802e-06
-0.20944     2.51327    6.28132e-06
0     2.51327    6.28294e-06
0.20944     2.51327    6.29364e-06
0.418879     2.51327    6.07687e-06
0.628319     2.51327    5.2717e-06
0.837758     2.51327    3.26326e-06
1.0472     2.51327    2.41385e-07
1.25664     2.51327    4.09439e-06
1.46608     2.51327    6.33848e-06
1.67552     2.51327    6.55972e-06
1.88496     2.51327    5.65157e-06
2.0944     2.51327    4.7328e-06
2.30383     2.51327    4.44211e-06
2.51327     2.51327    4.48551e-06
2.72271     2.51327    3.80568e-06
2.93215     2.51327    1.58688e-06
3.14159     2.51327    1.78452e-06

-3.14159     2.72271    7.47302e-07
-2.93215     2.72271    3.19189e-06
-2.72271     2.72271    6.49291e-06
-2.51327     2.72271    8.37419e-06
-2.30383     2.72271    9.24228e-06
-2.0944     2.72271    9.74262e-06
-1.88496     2.72271    1.00458e-05
-1.67552     2.72271    9.8308e-06
-1.46608     2.72271    8.41749e-06
-1.25664     2.72271    5.15011e-06
-1.0472     2.72271    6.93255e-07
-0.837758     2.72271    3.06091e-06
-0.628319     2.72271    5.28536e-06
-0.418879     2.72271    6.29073e-06
-0.20944     2.72271    6.69226e-06
0     2.72271    6.78051e-06
0.20944     2.72271    6.68562e-06
0.418879     2.72271    6.30121e-06
0.628319     2.72271    5.28324e-06
0.837758     2.72271    3.06425e-06
1.0472     2.72271    6.91716e-07
1.25664     2.72271    5.15016e-06
1.46608     2.72271    8.4237e-06
1.67552     2.72271    9.83113e-06
1.88496     2.72271    1.00499e-05
2.0944     2.72271    9.7361e-06
2.30383     2.72271    9.23395e-06
2.51327     2.72271    8.37391e-06
2.72271     2.72271    6.48834e-06
2.93215     2.72271    3.18756e-06
3.14159     2.72271    7.43735e-07

-3.14159     2.93215    1.24648e-06
-2.93215     2.93215    5.42212e-06
-2.72271     2.93215    9.26121e-06
-2.51327     2.93215    1.17946e-05
-2.30383     2.93215    1.30908e-05
-2.0944     2.93215    1.3477e-05
-1.88496     2.93215    1.32302e-05
-1.67552     2.93215    1.2337e-05
-1.46608     2.93215    1.02815e-05
-1.25664     2.93215    6.45409e-06
-1.0472     2.93215    1.7317e-06
-0.837758     2.93215    2.21155e-06
-0.628319     2.93215    4.73919e-06
-0.418879     2.93215    6.12952e-06
-0.20944     2.93215    6.7373e-06
0     2.93215    6.90784e-06
0.20944     2.93215    6.74295e-06
0.418879     2.93215    6.11837e-06
0.628319     2.93215    4.73851e-06
0.837758     2.93215    2.21293e-06
1.0472     2.93215    1.73204e-06
1.25664     2.93215    6.45487e-06
1.46608     2.93215    1.02755e-05
1.67552     2.93215    1.23306e-05
1.88496     2.93215    1.32244e-05
2.0944     2.93215    1.34823e-05
2.30383     2.93215    1.30907e-05
2.51327     2.93215    1.18003e-05
2.72271     2.93215    9.25292e-06
2.93215     2.93215    5.41382e-06
3.14159     2.93215    1.25195e-06

-3.14159     3.14159    4.27909e-06
-2.93215     3.14159    8.28212e-06
-2.72271     3.14159    1.19051e-05
-2.51327     3.14159    1.41968e-05
-2.30383     3.14159    1.50655e-05
-2.0944     3.14159    1.51188e-05
-1.88496     3.14159    1.48301e-05
-1.67552     3.14159    1.41065e-05
-1.46608     3.14159    1.21188e-05
-1.25664     3.14159    8.29032e-06
-1.0472     3.14159    3.64952e-06
-0.837758     3.14159    3.23935e-07
-0.628319     3.14159    3.15705e-06
-0.418879     3.14159    4.89889e-06
-0.20944     3.14159    5.79562e-06
0     3.14159    6.05278e-06
0.20944     3.14159    5.78552e-06
0.418879     3.14159    4.89685e-06
0.628319     3.14159    3.15753e-06
0.837758     3.14159    3.29898e-07
1.0472     3.14159    3.65351e-06
1.25664     3.14159    8.28496e-06
1.46608     3.14159    1.21173e-05
1.67552     3.14159    1.41039e-05
1.88496     3.14159    1.48311e-05
2.0944     3.14159    1.51215e-05
2.30383     3.14159    1.50573e-05
2.51327     3.14159    1.41915e-05
2.72271     3.14159    1.18932e-05
2.93215     3.14159    8.28393e-06
3.14159     3.14159    4.28221e-06

