-3.14159     -3.14159    2.15382e-05
-2.93215     -3.14159    2.71728e-05
-2.72271     -3.14159    3.15866e-05
-2.51327     -3.14159    3.37425e-05
-2.30383     -3.14159    3.3953e-05
-2.0944     -3.14159    3.35278e-05
-1.88496     -3.14159    3.33143e-05
-1.67552     -3.14159    3.31763e-05
-1.46608     -3.14159    3.1612e-05
-1.25664     -3.14159    2.71747e-05
-1.0472     -3.14159    2.09299e-05
-0.837758     -3.14159    1.50141e-05
-0.628319     -3.14159    1.04625e-05
-0.418879     -3.14159    7.43203e-06
-0.20944     -3.14159    5.78141e-06
0     -3.14159    5.26883e-06
0.20944     -3.14159    5.772e-06
0.418879     -3.14159    7.43116e-06
0.628319     -3.14159    1.04643e-05
0.837758     -3.14159    1.50264e-05
1.0472     -3.14159    2.09192e-05
1.25664     -3.14159    2.71843e-05
1.46608     -3.14159    3.16122e-05
1.67552     -3.14159    3.31815e-05
1.88496     -3.14159    3.33103e-05
2.0944     -3.14159    3.35213e-05
2.30383     -3.14159    3.39718e-05
2.51327     -3.14159    3.37572e-05
2.72271     -3.14159    3.15963e-05
2.93215     -3.14159    2.71718e-05
3.14159     -3.14159    2.15329e-05

-3.14159     -2.93215    1.72725e-05
-2.93215     -2.93215    2.35655e-05
-2.72271     -2.93215    2.87418e-05
-2.51327     -2.93215    3.17088e-05
-2.30383     -2.93215    3.28704e-05
-2.0944     -2.93215    3.30079e-05
-1.88496     -2.93215    3.25597e-05
-1.67552     -2.93215    3.16433e-05
-1.46608     -2.93215    2.94231e-05
-1.25664     -2.93215    2.45378e-05
-1.0472     -2.93215    1.77371e-05
-0.837758     -2.93215    1.14637e-05
-0.628319     -2.93215    6.96351e-06
-0.418879     -2.93215    4.22574e-06
-0.20944     -2.93215    2.79928e-06
0     -2.93215    2.44224e-06
0.20944     -2.93215    2.8074e-06
0.418879     -2.93215    4.22076e-06
0.628319     -2.93215    6.96638e-06
0.837758     -2.93215    1.14679e-05
1.0472     -2.93215    1.77444e-05
1.25664     -2.93215    2.45341e-05
1.46608     -2.93215    2.94253e-05
1.67552     -2.93215    3.16531e-05
1.88496     -2.93215    3.25522e-05
2.0944     -2.93215    3.30069e-05
2.30383     -2.93215    3.28865e-05
2.51327     -2.93215    3.17142e-05
2.72271     -2.93215    2.87544e-05
2.93215     -2.93215    2.35754e-05
3.14159     -2.93215    1.72613e-05

-3.14159     -2.72271    1.44457e-05
-2.93215     -2.72271    2.06968e-05
-2.72271     -2.72271    2.54339e-05
-2.51327     -2.72271    2.78065e-05
-2.30383     -2.72271    2.8625e-05
-2.0944     -2.72271    2.90066e-05
-1.88496     -2.72271    2.91973e-05
-1.67552     -2.72271    2.88294e-05
-1.46608     -2.72271    2.70221e-05
-1.25664     -2.72271    2.25154e-05
-1.0472     -2.72271    1.57718e-05
-0.837758     -2.72271    9.45349e-06
-0.628319     -2.72271    5.15398e-06
-0.418879     -2.72271    2.71306e-06
-0.20944     -2.72271    1.54036e-06
0     -2.72271    1.10661e-06
0.20944     -2.72271    1.53224e-06
0.418879     -2.72271    2.69534e-06
0.628319     -2.72271    5.15104e-06
0.837758     -2.72271    9.45697e-06
1.0472     -2.72271    1.57738e-05
1.25664     -2.72271    2.25152e-05
1.46608     -2.72271    2.70154e-05
1.67552     -2.72271    2.88286e-05
1.88496     -2.72271    2.91863e-05
2.0944     -2.72271    2.90066e-05
2.30383     -2.72271    2.86323e-05
2.51327     -2.72271    2.77963e-05
2.72271     -2.72271    2.54451e-05
2.93215     -2.72271    2.07007e-05
3.14159     -2.72271    1.44413e-05

-3.14159     -2.51327    1.30884e-05
-2.93215     -2.51327    1.86209e-05
-2.72271     -2.51327    2.19057e-05
-2.51327     -2.51327    2.26405e-05
-2.30383     -2.51327    2.22442e-05
-2.0944     -2.51327    2.23335e-05
-1.88496     -2.51327    2.33773e-05
-1.67552     -2.51327    2.44995e-05
-1.46608     -2.51327    2.41115e-05
-1.25664     -2.51327    2.08048e-05
-1.0472     -2.51327    1.47226e-05
-0.837758     -2.51327    8.5943e-06
-0.628319     -2.51327    4.41717e-06
-0.418879     -2.51327    2.18876e-06
-0.20944     -2.51327    1.14859e-06
0     -2.51327    1.20592e-06
0.20944     -2.51327    1.16589e-06
0.418879     -2.51327    2.21561e-06
0.628319     -2.51327    4.41909e-06
0.837758     -2.51327    8.59516e-06
1.0472     -2.51327    1.47217e-05
1.25664     -2.51327    2.0804e-05
1.46608     -2.51327    2.41023e-05
1.67552     -2.51327    2.4506e-05
1.88496     -2.51327    2.33861e-05
2.0944     -2.51327    2.23325e-05
2.30383     -2.51327    2.22411e-05
2.51327     -2.51327    2.26449e-05
2.72271     -2.51327    2.19073e-05
2.93215     -2.51327    1.86139e-05
3.14159     -2.51327    1.3084e-05

-3.14159     -2.30383    1.288e-05
-2.93215     -2.30383    1.68832e-05
-2.72271     -2.30383    1.79438e-05
-2.51327     -2.30383    1.6738e-05
-2.30383     -2.30383    1.52721e-05
-2.0944     -2.30383    1.50432e-05
-1.88496     -2.30383    1.64118e-05
-1.67552     -2.30383    1.86638e-05
-1.46608     -2.30383    2.00719e-05
-1.25664     -2.30383    1.8639e-05
-1.0472     -2.30383    1.395e-05
-0.837758     -2.30383    8.33743e-06
-0.628319     -2.30383    4.26919e-06
-0.418879     -2.30383    2.0554e-06
-0.20944     -2.30383    1.10183e-06
0     -2.30383    7.20815e-07
0.20944     -2.30383    1.10038e-06
0.418879     -2.30383    2.0412e-06
0.628319     -2.30383    4.2613e-06
0.837758     -2.30383    8.32832e-06
1.0472     -2.30383    1.39551e-05
1.25664     -2.30383    1.86391e-05
1.46608     -2.30383    2.00687e-05
1.67552     -2.30383    1.86548e-05
1.88496     -2.30383    1.6411e-05
2.0944     -2.30383    1.50413e-05
2.30383     -2.30383    1.52703e-05
2.51327     -2.30383    1.67333e-05
2.72271     -2.30383    1.79412e-05
2.93215     -2.30383    1.68788e-05
3.14159     -2.30383    1.28791e-05

-3.14159     -2.0944    1.32719e-05
-2.93215     -2.0944    1.50101e-05
-2.72271     -2.0944    1.36641e-05
-2.51327     -2.0944    1.10556e-05
-2.30383     -2.0944    9.20581e-06
-2.0944     -2.0944    8.89172e-06
-1.88496     -2.0944    1.00909e-05
-1.67552     -2.0944    1.2442e-05
-1.46608     -2.0944    1.4924e-05
-1.25664     -2.0944    1.54771e-05
-1.0472     -2.0944    1.27944e-05
-0.837758     -2.0944    8.2122e-06
-0.628319     -2.0944    4.33267e-06
-0.418879     -2.0944    2.11423e-06
-0.20944     -2.0944    1.10695e-06
0     -2.0944    1.22776e-06
0.20944     -2.0944    1.07766e-06
0.418879     -2.0944    2.14062e-06
0.628319     -2.0944    4.33978e-06
0.837758     -2.0944    8.20281e-06
1.0472     -2.0944    1.27888e-05
1.25664     -2.0944    1.54793e-05
1.46608     -2.0944    1.49203e-05
1.67552     -2.0944    1.24444e-05
1.88496     -2.0944    1.00882e-05
2.0944     -2.0944    8.89377e-06
2.30383     -2.0944    9.19587e-06
2.51327     -2.0944    1.10495e-05
2.72271     -2.0944    1.36717e-05
2.93215     -2.0944    1.50099e-05
3.14159     -2.0944    1.32761e-05

-3.14159     -1.88496    1.3634e-05
-2.93215     -1.88496    1.2808e-05
-2.72271     -1.88496    9.61583e-06
-2.51327     -1.88496    6.54632e-06
-2.30383     -1.88496    4.92909e-06
-2.0944     -1.88496    4.70359e-06
-1.88496     -1.88496    5.5639e-06
-1.67552     -1.88496    7.36953e-06
-1.46608     -1.88496    9.78205e-06
-1.25664     -1.88496    1.15175e-05
-1.0472     -1.88496    1.08514e-05
-0.837758     -1.88496    7.77147e-06
-0.628319     -1.88496    4.37793e-06
-0.418879     -1.88496    2.12659e-06
-0.20944     -1.88496    1.03099e-06
0     -1.88496    5.61628e-07
0.20944     -1.88496    1.07531e-06
0.418879     -1.88496    2.11967e-06
0.628319     -1.88496    4.38661e-06
0.837758     -1.88496    7.78439e-06
1.0472     -1.88496    1.084e-05
1.25664     -1.88496    1.15197e-05
1.46608     -1.88496    9.77302e-06
1.67552     -1.88496    7.37249e-06
1.88496     -1.88496    5.56919e-06
2.0944     -1.88496    4.70298e-06
2.30383     -1.88496    4.93014e-06
2.51327     -1.88496    6.54652e-06
2.72271     -1.88496    9.61813e-06
2.93215     -1.88496    1.28026e-05
3.14159     -1.88496    1.36353e-05

-3.14159     -1.67552    1.35541e-05
-2.93215     -1.67552    1.04663e-05
-2.72271     -1.67552    6.42943e-06
-2.51327     -1.67552    3.66333e-06
-2.30383     -1.67552    2.46615e-06
-2.0944     -1.67552    2.34322e-06
-1.88496     -1.67552    2.89466e-06
-1.67552     -1.67552    4.04744e-06
-1.46608     -1.67552    5.78706e-06
-1.25664     -1.67552    7.62812e-06
-1.0472     -1.67552    8.23428e-06
-0.837758     -1.67552    6.76345e-06
-0.628319     -1.67552    4.19761e-06
-0.418879     -1.67552    2.08852e-06
-0.20944     -1.67552    9.58919e-07
0     -1.67552    7.06906e-07
0.20944     -1.67552    9.20181e-07
0.418879     -1.67552    2.09048e-06
0.628319     -1.67552    4.20226e-06
0.837758     -1.67552    6.76427e-06
1.0472     -1.67552    8.24066e-06
1.25664     -1.67552    7.63067e-06
1.46608     -1.67552    5.79627e-06
1.67552     -1.67552    4.04738e-06
1.88496     -1.67552    2.89118e-06
2.0944     -1.67552    2.34511e-06
2.30383     -1.67552    2.47228e-06
2.51327     -1.67552    3.66332e-06
2.72271     -1.67552    6.43594e-06
2.93215     -1.67552    1.04563e-05
3.14159     -1.67552    1.35565e-05

-3.14159     -1.46608    1.31212e-05
-2.93215     -1.46608    8.52256e-06
-2.72271     -1.46608    4.46715e-06
-2.51327     -1.46608    2.18525e-06
-2.30383     -1.46608    1.31136e-06
-2.0944     -1.46608    1.21679e-06
-1.88496     -1.46608    1.54195e-06
-1.67552     -1.46608    2.17108e-06
-1.46608     -1.46608    3.20342e-06
-1.25664     -1.46608    4.53105e-06
-1.0472     -1.46608    5.51404e-06
-0.837758     -1.46608    5.19587e-06
-0.628319     -1.46608    3.57252e-06
-0.418879     -1.46608    1.83862e-06
-0.20944     -1.46608    7.0496e-07
0     -1.46608    4.71987e-07
0.20944     -1.46608    7.26966e-07
0.418879     -1.46608    1.83827e-06
0.628319     -1.46608    3.59191e-06
0.837758     -1.46608    5.18578e-06
1.0472     -1.46608    5.50442e-06
1.25664     -1.46608    4.54226e-06
1.46608     -1.46608    3.19556e-06
1.67552     -1.46608    2.18563e-06
1.88496     -1.46608    1.54406e-06
2.0944     -1.46608    1.22757e-06
2.30383     -1.46608    1.31065e-06
2.51327     -1.46608    2.18309e-06
2.72271     -1.46608    4.47215e-06
2.93215     -1.46608    8.51274e-06
3.14159     -1.46608    1.31248e-05

-3.14159     -1.25664    1.28502e-05
-2.93215     -1.25664    7.53978e-06
-2.72271     -1.25664    3.71458e-06
-2.51327     -1.25664    1.7483e-06
-2.30383     -1.25664    1.00737e-06
-2.0944     -1.25664    8.42983e-07
-1.88496     -1.25664    9.62553e-07
-1.67552     -1.25664    1.21784e-06
-1.46608     -1.25664    1.71651e-06
-1.25664     -1.25664    2.43842e-06
-1.0472     -1.25664    3.20888e-06
-0.837758     -1.25664    3.36424e-06
-0.628319     -1.25664    2.57516e-06
-0.418879     -1.25664    1.27437e-06
-0.20944     -1.25664    3.47404e-07
0     -1.25664    5.43908e-07
0.20944     -1.25664    2.89283e-07
0.418879     -1.25664    1.24973e-06
0.628319     -1.25664    2.58036e-06
0.837758     -1.25664    3.37278e-06
1.0472     -1.25664    3.20874e-06
1.25664     -1.25664    2.43947e-06
1.46608     -1.25664    1.70508e-06
1.67552     -1.25664    1.20908e-06
1.88496     -1.25664    9.63112e-07
2.0944     -1.25664    8.50983e-07
2.30383     -1.25664    1.00348e-06
2.51327     -1.25664    1.74423e-06
2.72271     -1.25664    3.70594e-06
2.93215     -1.25664    7.53345e-06
3.14159     -1.25664    1.28471e-05

-3.14159     -1.0472    1.338e-05
-2.93215     -1.0472    7.79186e-06
-2.72271     -1.0472    4.07539e-06
-2.51327     -1.0472    2.12658e-06
-2.30383     -1.0472    1.27253e-06
-2.0944     -1.0472    9.41126e-07
-1.88496     -1.0472    8.21256e-07
-1.67552     -1.0472    8.14712e-07
-1.46608     -1.0472    9.09314e-07
-1.25664     -1.0472    1.16223e-06
-1.0472     -1.0472    1.51167e-06
-0.837758     -1.0472    1.69237e-06
-0.628319     -1.0472    1.29206e-06
-0.418879     -1.0472    5.28907e-07
-0.20944     -1.0472    3.11108e-07
0     -1.0472    5.39357e-07
0.20944     -1.0472    2.74453e-07
0.418879     -1.0472    5.44584e-07
0.628319     -1.0472    1.31806e-06
0.837758     -1.0472    1.6832e-06
1.0472     -1.0472    1.51988e-06
1.25664     -1.0472    1.1671e-06
1.46608     -1.0472    9.24663e-07
1.67552     -1.0472    8.17326e-07
1.88496     -1.0472    8.20229e-07
2.0944     -1.0472    9.49157e-07
2.30383     -1.0472    1.27379e-06
2.51327     -1.0472    2.12505e-06
2.72271     -1.0472    4.06783e-06
2.93215     -1.0472    7.78968e-06
3.14159     -1.0472    1.33763e-05

-3.14159     -0.837758    1.5179e-05
-2.93215     -0.837758    9.5032e-06
-2.72271     -0.837758    5.60679e-06
-2.51327     -0.837758    3.34882e-06
-2.30383     -0.837758    2.15723e-06
-2.0944     -0.837758    1.50173e-06
-1.88496     -0.837758    1.10231e-06
-1.67552     -0.837758    8.29564e-07
-1.46608     -0.837758    6.0986e-07
-1.25664     -0.837758    4.7924e-07
-1.0472     -0.837758    4.54367e-07
-0.837758     -0.837758    3.48442e-07
-0.628319     -0.837758    8.6583e-09
-0.418879     -0.837758    7.42494e-07
-0.20944     -0.837758    1.33854e-06
0     -0.837758    2.98709e-06
0.20944     -0.837758    1.34798e-06
0.418879     -0.837758    7.59137e-07
0.628319     -0.837758    4.83986e-08
0.837758     -0.837758    3.42873e-07
1.0472     -0.837758    4.46734e-07
1.25664     -0.837758    4.70155e-07
1.46608     -0.837758    6.01567e-07
1.67552     -0.837758    8.28889e-07
1.88496     -0.837758    1.10684e-06
2.0944     -0.837758    1.51205e-06
2.30383     -0.837758    2.15844e-06
2.51327     -0.837758    3.34828e-06
2.72271     -0.837758    5.61055e-06
2.93215     -0.837758    9.50552e-06
3.14159     -0.837758    1.51724e-05

-3.14159     -0.628319    1.85147e-05
-2.93215     -0.628319    1.28773e-05
-2.72271     -0.628319    8.6432e-06
-2.51327     -0.628319    5.78611e-06
-2.30383     -0.628319    3.9848e-06
-2.0944     -0.628319    2.80624e-06
-1.88496     -0.628319    1.97834e-06
-1.67552     -0.628319    1.34561e-06
-1.46608     -0.628319    8.14344e-07
-1.25664     -0.628319    3.1302e-07
-1.0472     -0.628319    6.8147e-08
-0.837758     -0.628319    5.14046e-07
-0.628319     -0.628319    1.18638e-06
-0.418879     -0.628319    1.93521e-06
-0.20944     -0.628319    3.00027e-06
0     -0.628319    1.71569e-06
0.20944     -0.628319    2.98804e-06
0.418879     -0.628319    1.90509e-06
0.628319     -0.628319    1.20291e-06
0.837758     -0.628319    4.91874e-07
1.0472     -0.628319    5.89094e-08
1.25664     -0.628319    2.99077e-07
1.46608     -0.628319    7.94519e-07
1.67552     -0.628319    1.32991e-06
1.88496     -0.628319    1.97782e-06
2.0944     -0.628319    2.81318e-06
2.30383     -0.628319    3.97522e-06
2.51327     -0.628319    5.78568e-06
2.72271     -0.628319    8.64791e-06
2.93215     -0.628319    1.28767e-05
3.14159     -0.628319    1.85037e-05

-3.14159     -0.418879    2.30183e-05
-2.93215     -0.418879    1.78492e-05
-2.72271     -0.418879    1.3385e-05
-2.51327     -0.418879    9.84897e-06
-2.30383     -0.418879    7.18249e-06
-2.0944     -0.418879    5.23603e-06
-1.88496     -0.418879    3.73376e-06
-1.67552     -0.418879    2.53107e-06
-1.46608     -0.418879    1.52389e-06
-1.25664     -0.418879    6.13929e-07
-1.0472     -0.418879    1.77362e-07
-0.837758     -0.418879    1.03027e-06
-0.628319     -0.418879    2.20038e-06
-0.418879     -0.418879    3.90654e-06
-0.20944     -0.418879    5.04332e-06
0     -0.418879    8.26156e-06
0.20944     -0.418879    5.4563e-06
0.418879     -0.418879    4.10558e-06
0.628319     -0.418879    2.20296e-06
0.837758     -0.418879    1.01116e-06
1.0472     -0.418879    1.87693e-07
1.25664     -0.418879    6.33181e-07
1.46608     -0.418879    1.52167e-06
1.67552     -0.418879    2.54372e-06
1.88496     -0.418879    3.7335e-06
2.0944     -0.418879    5.23309e-06
2.30383     -0.418879    7.18982e-06
2.51327     -0.418879    9.8444e-06
2.72271     -0.418879    1.33768e-05
2.93215     -0.418879    1.7842e-05
3.14159     -0.418879    2.30157e-05

-3.14159     -0.20944    2.68061e-05
-2.93215     -0.20944    2.26093e-05
-2.72271     -0.20944    1.8443e-05
-2.51327     -0.20944    1.45831e-05
-2.30383     -0.20944    1.12037e-05
-2.0944     -0.20944    8.39166e-06
-1.88496     -0.20944    6.08303e-06
-1.67552     -0.20944    4.18738e-06
-1.46608     -0.20944    2.58917e-06
-1.25664     -0.20944    1.24368e-06
-1.0472     -0.20944    8.12497e-09
-0.837758     -0.20944    1.32533e-06
-0.628319     -0.20944    2.98949e-06
-0.418879     -0.20944    5.30503e-06
-0.20944     -0.20944    7.30709e-06
0     -0.20944    9.35718e-06
0.20944     -0.20944    9.1151e-06
0.418879     -0.20944    5.7348e-06
0.628319     -0.20944    2.99309e-06
0.837758     -0.20944    1.31606e-06
1.0472     -0.20944    3.88506e-08
1.25664     -0.20944    1.21713e-06
1.46608     -0.20944    2.60232e-06
1.67552     -0.20944    4.19172e-06
1.88496     -0.20944    6.09346e-06
2.0944     -0.20944    8.38772e-06
2.30383     -0.20944    1.12058e-05
2.51327     -0.20944    1.45934e-05
2.72271     -0.20944    1.84452e-05
2.93215     -0.20944    2.26099e-05
3.14159     -0.20944    2.68035e-05

-3.14159     0    2.81733e-05
-2.93215     0    2.45308e-05
-2.72271     0    2.07303e-05
-2.51327     0    1.68505e-05
-2.30383     0    1.32057e-05
-2.0944     0    1.00048e-05
-1.88496     0    7.29513e-06
-1.67552     0    5.05438e-06
-1.46608     0    3.18032e-06
-1.25664     0    1.56946e-06
-1.0472     0    1.33797e-07
-0.837758     0    1.38092e-06
-0.628319     0    3.36572e-06
-0.418879     0    5.35172e-06
-0.20944     0    9.88972e-06
0     0    9.96213e-17
0.20944     0    9.88972e-06
0.418879     0    5.35172e-06
0.628319     0    3.36572e-06
0.837758     0    1.38092e-06
1.0472     0    1.33797e-07
1.25664     0    1.56946e-06
1.46608     0    3.18032e-06
1.67552     0    5.05438e-06
1.88496     0    7.29513e-06
2.0944     0    1.00048e-05
2.30383     0    1.32057e-05
2.51327     0    1.68505e-05
2.72271     0    2.07303e-05
2.93215     0    2.45308e-05
3.14159     0    2.81733e-05

-3.14159     0.20944    2.68035e-05
-2.93215     0.20944    2.26099e-05
-2.72271     0.20944    1.84452e-05
-2.51327     0.20944    1.45934e-05
-2.30383     0.20944    1.12058e-05
-2.0944     0.20944    8.38772e-06
-1.88496     0.20944    6.09346e-06
-1.67552     0.20944    4.19172e-06
-1.46608     0.20944    2.60232e-06
-1.25664     0.20944    1.21713e-06
-1.0472     0.20944    3.88506e-08
-0.837758     0.20944    1.31606e-06
-0.628319     0.20944    2.99309e-06
-0.418879     0.20944    5.7348e-06
-0.20944     0.20944    9.1151e-06
0     0.20944    9.35718e-06
0.20944     0.20944    7.30709e-06
0.418879     0.20944    5.30503e-06
0.628319     0.20944    2.98949e-06
0.837758     0.20944    1.32533e-06
1.0472     0.20944    8.12497e-09
1.25664     0.20944    1.24368e-06
1.46608     0.20944    2.58917e-06
1.67552     0.20944    4.18738e-06
1.88496     0.20944    6.08303e-06
2.0944     0.20944    8.39166e-06
2.30383     0.20944    1.12037e-05
2.51327     0.20944    1.45831e-05
2.72271     0.20944    1.8443e-05
2.93215     0.20944    2.26093e-05
3.14159     0.20944    2.68061e-05

-3.14159     0.418879    2.30157e-05
-2.93215     0.418879    1.7842e-05
-2.72271     0.418879    1.33768e-05
-2.51327     0.418879    9.8444e-06
-2.30383     0.418879    7.18982e-06
-2.0944     0.418879    5.23309e-06
-1.88496     0.418879    3.7335e-06
-1.67552     0.418879    2.54372e-06
-1.46608     0.418879    1.52167e-06
-1.25664     0.418879    6.33181e-07
-1.0472     0.418879    1.87693e-07
-0.837758     0.418879    1.01116e-06
-0.628319     0.418879    2.20296e-06
-0.418879     0.418879    4.10558e-06
-0.20944     0.418879    5.4563e-06
0     0.418879    8.26156e-06
0.20944     0.418879    5.04332e-06
0.418879     0.418879    3.90654e-06
0.628319     0.418879    2.20038e-06
0.837758     0.418879    1.03027e-06
1.0472     0.418879    1.77362e-07
1.25664     0.418879    6.13929e-07
1.46608     0.418879    1.52389e-06
1.67552     0.418879    2.53107e-06
1.88496     0.418879    3.73376e-06
2.0944     0.418879    5.23603e-06
2.30383     0.418879    7.18249e-06
2.51327     0.418879    9.84897e-06
2.72271     0.418879    1.3385e-05
2.93215     0.418879    1.78492e-05
3.14159     0.418879    2.30183e-05

-3.14159     0.628319    1.85037e-05
-2.93215     0.628319    1.28767e-05
-2.72271     0.628319    8.64791e-06
-2.51327     0.628319    5.78568e-06
-2.30383     0.628319    3.97522e-06
-2.0944     0.628319    2.81318e-06
-1.88496     0.628319    1.97782e-06
-1.67552     0.628319    1.32991e-06
-1.46608     0.628319    7.94519e-07
-1.25664     0.628319    2.99077e-07
-1.0472     0.628319    5.89094e-08
-0.837758     0.628319    4.91874e-07
-0.628319     0.628319    1.20291e-06
-0.418879     0.628319    1.90509e-06
-0.20944     0.628319    2.98804e-06
0     0.628319    1.71569e-06
0.20944     0.628319    3.00027e-06
0.418879     0.628319    1.93521e-06
0.628319     0.628319    1.18638e-06
0.837758     0.628319    5.14046e-07
1.0472     0.628319    6.8147e-08
1.25664     0.628319    3.1302e-07
1.46608     0.628319    8.14344e-07
1.67552     0.628319    1.34561e-06
1.88496     0.628319    1.97834e-06
2.0944     0.628319    2.80624e-06
2.30383     0.628319    3.9848e-06
2.51327     0.628319    5.78611e-06
2.72271     0.628319    8.6432e-06
2.93215     0.628319    1.28773e-05
3.14159     0.628319    1.85147e-05

-3.14159     0.837758    1.51724e-05
-2.93215     0.837758    9.50552e-06
-2.72271     0.837758    5.61055e-06
-2.51327     0.837758    3.34828e-06
-2.30383     0.837758    2.15844e-06
-2.0944     0.837758    1.51205e-06
-1.88496     0.837758    1.10684e-06
-1.67552     0.837758    8.28889e-07
-1.46608     0.837758    6.01567e-07
-1.25664     0.837758    4.70155e-07
-1.0472     0.837758    4.46734e-07
-0.837758     0.837758    3.42873e-07
-0.628319     0.837758    4.83986e-08
-0.418879     0.837758    7.59137e-07
-0.20944     0.837758    1.34798e-06
0     0.837758    2.98709e-06
0.20944     0.837758    1.33854e-06
0.418879     0.837758    7.42494e-07
0.628319     0.837758    8.6583e-09
0.837758     0.837758    3.48442e-07
1.0472     0.837758    4.54367e-07
1.25664     0.837758    4.7924e-07
1.46608     0.837758    6.0986e-07
1.67552     0.837758    8.29564e-07
1.88496     0.837758    1.10231e-06
2.0944     0.837758    1.50173e-06
2.30383     0.837758    2.15723e-06
2.51327     0.837758    3.34882e-06
2.72271     0.837758    5.60679e-06
2.93215     0.837758    9.5032e-06
3.14159     0.837758    1.5179e-05

-3.14159     1.0472    1.33763e-05
-2.93215     1.0472    7.78968e-06
-2.72271     1.0472    4.06783e-06
-2.51327     1.0472    2.12505e-06
-2.30383     1.0472    1.27379e-06
-2.0944     1.0472    9.49157e-07
-1.88496     1.0472    8.20229e-07
-1.67552     1.0472    8.17326e-07
-1.46608     1.0472    9.24663e-07
-1.25664     1.0472    1.1671e-06
-1.0472     1.0472    1.51988e-06
-0.837758     1.0472    1.6832e-06
-0.628319     1.0472    1.31806e-06
-0.418879     1.0472    5.44584e-07
-0.20944     1.0472    2.74453e-07
0     1.0472    5.39357e-07
0.20944     1.0472    3.11108e-07
0.418879     1.0472    5.28907e-07
0.628319     1.0472    1.29206e-06
0.837758     1.0472    1.69237e-06
1.0472     1.0472    1.51167e-06
1.25664     1.0472    1.16223e-06
1.46608     1.0472    9.09314e-07
1.67552     1.0472    8.14712e-07
1.88496     1.0472    8.21256e-07
2.0944     1.0472    9.41126e-07
2.30383     1.0472    1.27253e-06
2.51327     1.0472    2.12658e-06
2.72271     1.0472    4.07539e-06
2.93215     1.0472    7.79186e-06
3.14159     1.0472    1.338e-05

-3.14159     1.25664    1.28471e-05
-2.93215     1.25664    7.53345e-06
-2.72271     1.25664    3.70594e-06
-2.51327     1.25664    1.74423e-06
-2.30383     1.25664    1.00348e-06
-2.0944     1.25664    8.50983e-07
-1.88496     1.25664    9.63112e-07
-1.67552     1.25664    1.20908e-06
-1.46608     1.25664    1.70508e-06
-1.25664     1.25664    2.43947e-06
-1.0472     1.25664    3.20874e-06
-0.837758     1.25664    3.37278e-06
-0.628319     1.25664    2.58036e-06
-0.418879     1.25664    1.24973e-06
-0.20944     1.25664    2.89283e-07
0     1.25664    5.43908e-07
0.20944     1.25664    3.47404e-07
0.418879     1.25664    1.27437e-06
0.628319     1.25664    2.57516e-06
0.837758     1.25664    3.36424e-06
1.0472     1.25664    3.20888e-06
1.25664     1.25664    2.43842e-06
1.46608     1.25664    1.71651e-06
1.67552     1.25664    1.21784e-06
1.88496     1.25664    9.62553e-07
2.0944     1.25664    8.42983e-07
2.30383     1.25664    1.00737e-06
2.51327     1.25664    1.7483e-06
2.72271     1.25664    3.71458e-06
2.93215     1.25664    7.53978e-06
3.14159     1.25664    1.28502e-05

-3.14159     1.46608    1.31248e-05
-2.93215     1.46608    8.51274e-06
-2.72271     1.46608    4.47215e-06
-2.51327     1.46608    2.18309e-06
-2.30383     1.46608    1.31065e-06
-2.0944     1.46608    1.22757e-06
-1.88496     1.46608    1.54406e-06
-1.67552     1.46608    2.18563e-06
-1.46608     1.46608    3.19556e-06
-1.25664     1.46608    4.54226e-06
-1.0472     1.46608    5.50442e-06
-0.837758     1.46608    5.18578e-06
-0.628319     1.46608    3.59191e-06
-0.418879     1.46608    1.83827e-06
-0.20944     1.46608    7.26966e-07
0     1.46608    4.71987e-07
0.20944     1.46608    7.0496e-07
0.418879     1.46608    1.83862e-06
0.628319     1.46608    3.57252e-06
0.837758     1.46608    5.19587e-06
1.0472     1.46608    5.51404e-06
1.25664     1.46608    4.53105e-06
1.46608     1.46608    3.20342e-06
1.67552     1.46608    2.17108e-06
1.88496     1.46608    1.54195e-06
2.0944     1.46608    1.21679e-06
2.30383     1.46608    1.31136e-06
2.51327     1.46608    2.18525e-06
2.72271     1.46608    4.46715e-06
2.93215     1.46608    8.52256e-06
3.14159     1.46608    1.31212e-05

-3.14159     1.67552    1.35565e-05
-2.93215     1.67552    1.04563e-05
-2.72271     1.67552    6.43594e-06
-2.51327     1.67552    3.66332e-06
-2.30383     1.67552    2.47228e-06
-2.0944     1.67552    2.34511e-06
-1.88496     1.67552    2.89118e-06
-1.67552     1.67552    4.04738e-06
-1.46608     1.67552    5.79627e-06
-1.25664     1.67552    7.63067e-06
-1.0472     1.67552    8.24066e-06
-0.837758     1.67552    6.76427e-06
-0.628319     1.67552    4.20226e-06
-0.418879     1.67552    2.09048e-06
-0.20944     1.67552    9.20181e-07
0     1.67552    7.06906e-07
0.20944     1.67552    9.58919e-07
0.418879     1.67552    2.08852e-06
0.628319     1.67552    4.19761e-06
0.837758     1.67552    6.76345e-06
1.0472     1.67552    8.23428e-06
1.25664     1.67552    7.62812e-06
1.46608     1.67552    5.78706e-06
1.67552     1.67552    4.04744e-06
1.88496     1.67552    2.89466e-06
2.0944     1.67552    2.34322e-06
2.30383     1.67552    2.46615e-06
2.51327     1.67552    3.66333e-06
2.72271     1.67552    6.42943e-06
2.93215     1.67552    1.04663e-05
3.14159     1.67552    1.35541e-05

-3.14159     1.88496    1.36353e-05
-2.93215     1.88496    1.28026e-05
-2.72271     1.88496    9.61813e-06
-2.51327     1.88496    6.54652e-06
-2.30383     1.88496    4.93014e-06
-2.0944     1.88496    4.70298e-06
-1.88496     1.88496    5.56919e-06
-1.67552     1.88496    7.37249e-06
-1.46608     1.88496    9.77302e-06
-1.25664     1.88496    1.15197e-05
-1.0472     1.88496    1.084e-05
-0.837758     1.88496    7.78439e-06
-0.628319     1.88496    4.38661e-06
-0.418879     1.88496    2.11967e-06
-0.20944     1.88496    1.07531e-06
0     1.88496    5.61628e-07
0.20944     1.88496    1.03099e-06
0.418879     1.88496    2.12659e-06
0.628319     1.88496    4.37793e-06
0.837758     1.88496    7.77147e-06
1.0472     1.88496    1.08514e-05
1.25664     1.88496    1.15175e-05
1.46608     1.88496    9.78205e-06
1.67552     1.88496    7.36953e-06
1.88496     1.88496    5.5639e-06
2.0944     1.88496    4.70359e-06
2.30383     1.88496    4.92909e-06
2.51327     1.88496    6.54632e-06
2.72271     1.88496    9.61583e-06
2.93215     1.88496    1.2808e-05
3.14159     1.88496    1.3634e-05

-3.14159     2.0944    1.32761e-05
-2.93215     2.0944    1.50099e-05
-2.72271     2.0944    1.36717e-05
-2.51327     2.0944    1.10495e-05
-2.30383     2.0944    9.19587e-06
-2.0944     2.0944    8.89377e-06
-1.88496     2.0944    1.00882e-05
-1.67552     2.0944    1.24444e-05
-1.46608     2.0944    1.49203e-05
-1.25664     2.0944    1.54793e-05
-1.0472     2.0944    1.27888e-05
-0.837758     2.0944    8.20281e-06
-0.628319     2.0944    4.33978e-06
-0.418879     2.0944    2.14062e-06
-0.20944     2.0944    1.07766e-06
0     2.0944    1.22776e-06
0.20944     2.0944    1.10695e-06
0.418879     2.0944    2.11423e-06
0.628319     2.0944    4.33267e-06
0.837758     2.0944    8.2122e-06
1.0472     2.0944    1.27944e-05
1.25664     2.0944    1.54771e-05
1.46608     2.0944    1.4924e-05
1.67552     2.0944    1.2442e-05
1.88496     2.0944    1.00909e-05
2.0944     2.0944    8.89172e-06
2.30383     2.0944    9.20581e-06
2.51327     2.0944    1.10556e-05
2.72271     2.0944    1.36641e-05
2.93215     2.0944    1.50101e-05
3.14159     2.0944    1.32719e-05

-3.14159     2.30383    1.28791e-05
-2.93215     2.30383    1.68788e-05
-2.72271     2.30383    1.79412e-05
-2.51327     2.30383    1.67333e-05
-2.30383     2.30383    1.52703e-05
-2.0944     2.30383    1.50413e-05
-1.88496     2.30383    1.6411e-05
-1.67552     2.30383    1.86548e-05
-1.46608     2.30383    2.00687e-05
-1.25664     2.30383    1.86391e-05
-1.0472     2.30383    1.39551e-05
-0.837758     2.30383    8.32832e-06
-0.628319     2.30383    4.2613e-06
-0.418879     2.30383    2.0412e-06
-0.20944     2.30383    1.10038e-06
0     2.30383    7.20815e-07
0.20944     2.30383    1.10183e-06
0.418879     2.30383    2.0554e-06
0.628319     2.30383    4.26919e-06
0.837758     2.30383    8.33743e-06
1.0472     2.30383    1.395e-05
1.25664     2.30383    1.8639e-05
1.46608     2.30383    2.00719e-05
1.67552     2.30383    1.86638e-05
1.88496     2.30383    1.64118e-05
2.0944     2.30383    1.50432e-05
2.30383     2.30383    1.52721e-05
2.51327     2.30383    1.6738e-05
2.72271     2.30383    1.79438e-05
2.93215     2.30383    1.68832e-05
3.14159     2.30383    1.288e-05

-3.14159     2.51327    1.3084e-05
-2.93215     2.51327    1.86139e-05
-2.72271     2.51327    2.19073e-05
-2.51327     2.51327    2.26449e-05
-2.30383     2.51327    2.22411e-05
-2.0944     2.51327    2.23325e-05
-1.88496     2.51327    2.33861e-05
-1.67552     2.51327    2.4506e-05
-1.46608     2.51327    2.41023e-05
-1.25664     2.51327    2.0804e-05
-1.0472     2.51327    1.47217e-05
-0.837758     2.51327    8.59516e-06
-0.628319     2.51327    4.41909e-06
-0.418879     2.51327    2.21561e-06
-0.20944     2.51327    1.16589e-06
0     2.51327    1.20592e-06
0.20944     2.51327    1.14859e-06
0.418879     2.51327    2.18876e-06
0.628319     2.51327    4.41717e-06
0.837758     2.51327    8.5943e-06
1.0472     2.51327    1.47226e-05
1.25664     2.51327    2.08048e-05
1.46608     2.51327    2.41115e-05
1.67552     2.51327    2.44995e-05
1.88496     2.51327    2.33773e-05
2.0944     2.51327    2.23335e-05
2.30383     2.51327    2.22442e-05
2.51327     2.51327    2.26405e-05
2.72271     2.51327    2.19057e-05
2.93215     2.51327    1.86209e-05
3.14159     2.51327    1.30884e-05

-3.14159     2.72271    1.44413e-05
-2.93215     2.72271    2.07007e-05
-2.72271     2.72271    2.54451e-05
-2.51327     2.72271    2.77963e-05
-2.30383     2.72271    2.86323e-05
-2.0944     2.72271    2.90066e-05
-1.88496     2.72271    2.91863e-05
-1.67552     2.72271    2.88286e-05
-1.46608     2.72271    2.70154e-05
-1.25664     2.72271    2.25152e-05
-1.0472     2.72271    1.57738e-05
-0.837758     2.72271    9.45697e-06
-0.628319     2.72271    5.15104e-06
-0.418879     2.72271    2.69534e-06
-0.20944     2.72271    1.53224e-06
0     2.72271    1.10661e-06
0.20944     2.72271    1.54036e-06
0.418879     2.72271    2.71306e-06
0.628319     2.72271    5.15398e-06
0.837758     2.72271    9.45349e-06
1.0472     2.72271    1.57718e-05
1.25664     2.72271    2.25154e-05
1.46608     2.72271    2.70221e-05
1.67552     2.72271    2.88294e-05
1.88496     2.72271    2.91973e-05
2.0944     2.72271    2.90066e-05
2.30383     2.72271    2.8625e-05
2.51327     2.72271    2.78065e-05
2.72271     2.72271    2.54339e-05
2.93215     2.72271    2.06968e-05
3.14159     2.72271    1.44457e-05

-3.14159     2.93215    1.72613e-05
-2.93215     2.93215    2.35754e-05
-2.72271     2.93215    2.87544e-05
-2.51327     2.93215    3.17142e-05
-2.30383     2.93215    3.28865e-05
-2.0944     2.93215    3.30069e-05
-1.88496     2.93215    3.25522e-05
-1.67552     2.93215    3.16531e-05
-1.46608     2.93215    2.94253e-05
-1.25664     2.93215    2.45341e-05
-1.0472     2.93215    1.77444e-05
-0.837758     2.93215    1.14679e-05
-0.628319     2.93215    6.96638e-06
-0.418879     2.93215    4.22076e-06
-0.20944     2.93215    2.8074e-06
0     2.93215    2.44224e-06
0.20944     2.93215    2.79928e-06
0.418879     2.93215    4.22574e-06
0.628319     2.93215    6.96351e-06
0.837758     2.93215    1.14637e-05
1.0472     2.93215    1.77371e-05
1.25664     2.93215    2.45378e-05
1.46608     2.93215    2.94231e-05
1.67552     2.93215    3.16433e-05
1.88496     2.93215    3.25597e-05
2.0944     2.93215    3.30079e-05
2.30383     2.93215    3.28704e-05
2.51327     2.93215    3.17088e-05
2.72271     2.93215    2.87418e-05
2.93215     2.93215    2.35655e-05
3.14159     2.93215    1.72725e-05

-3.14159     3.14159    2.15329e-05
-2.93215     3.14159    2.71718e-05
-2.72271     3.14159    3.15963e-05
-2.51327     3.14159    3.37572e-05
-2.30383     3.14159    3.39718e-05
-2.0944     3.14159    3.35213e-05
-1.88496     3.14159    3.33103e-05
-1.67552     3.14159    3.31815e-05
-1.46608     3.14159    3.16122e-05
-1.25664     3.14159    2.71843e-05
-1.0472     3.14159    2.09192e-05
-0.837758     3.14159    1.50264e-05
-0.628319     3.14159    1.04643e-05
-0.418879     3.14159    7.43116e-06
-0.20944     3.14159    5.772e-06
0     3.14159    5.26883e-06
0.20944     3.14159    5.78141e-06
0.418879     3.14159    7.43203e-06
0.628319     3.14159    1.04625e-05
0.837758     3.14159    1.50141e-05
1.0472     3.14159    2.09299e-05
1.25664     3.14159    2.71747e-05
1.46608     3.14159    3.1612e-05
1.67552     3.14159    3.31763e-05
1.88496     3.14159    3.33143e-05
2.0944     3.14159    3.35278e-05
2.30383     3.14159    3.3953e-05
2.51327     3.14159    3.37425e-05
2.72271     3.14159    3.15866e-05
2.93215     3.14159    2.71728e-05
3.14159     3.14159    2.15382e-05

