-3.14159     -3.14159    0.00242958
-2.93215     -3.14159    0.0017671
-2.72271     -3.14159    0.0028112
-2.51327     -3.14159    0.00283595
-2.30383     -3.14159    0.000876678
-2.0944     -3.14159    0.000173678
-1.88496     -3.14159    0.00151019
-1.67552     -3.14159    0.000166578
-1.46608     -3.14159    0.0015212
-1.25664     -3.14159    0.00170287
-1.0472     -3.14159    0.00251449
-0.837758     -3.14159    0.000307432
-0.628319     -3.14159    0.00425219
-0.418879     -3.14159    0.0030965
-0.20944     -3.14159    0.00542587
0     -3.14159    0.00945927
0.20944     -3.14159    0.00548182
0.418879     -3.14159    0.00308877
0.628319     -3.14159    0.00415443
0.837758     -3.14159    0.000316656
1.0472     -3.14159    0.00249636
1.25664     -3.14159    0.00174498
1.46608     -3.14159    0.00151154
1.67552     -3.14159    0.000166039
1.88496     -3.14159    0.00155197
2.0944     -3.14159    0.000168066
2.30383     -3.14159    0.000916926
2.51327     -3.14159    0.00282177
2.72271     -3.14159    0.00283346
2.93215     -3.14159    0.00179399
3.14159     -3.14159    0.00245549

-3.14159     -2.93215    0.0028073
-2.93215     -2.93215    8.8712e-05
-2.72271     -2.93215    0.000606618
-2.51327     -2.93215    0.00310328
-2.30383     -2.93215    0.00341325
-2.0944     -2.93215    0.000356857
-1.88496     -2.93215    0.00131214
-1.67552     -2.93215    0.003112
-1.46608     -2.93215    0.00179013
-1.25664     -2.93215    0.000225236
-1.0472     -2.93215    0.00276962
-0.837758     -2.93215    0.00284577
-0.628319     -2.93215    0.00358826
-0.418879     -2.93215    0.000702263
-0.20944     -2.93215    0.000109186
0     -2.93215    0.00583946
0.20944     -2.93215    0.000114661
0.418879     -2.93215    0.00071716
0.628319     -2.93215    0.00362793
0.837758     -2.93215    0.00274042
1.0472     -2.93215    0.00275159
1.25664     -2.93215    0.000200564
1.46608     -2.93215    0.00180521
1.67552     -2.93215    0.0029672
1.88496     -2.93215    0.00136111
2.0944     -2.93215    0.000366478
2.30383     -2.93215    0.00337754
2.51327     -2.93215    0.00306631
2.72271     -2.93215    0.000579678
2.93215     -2.93215    8.55197e-05
3.14159     -2.93215    0.00282488

-3.14159     -2.72271    0.00158228
-2.93215     -2.72271    0.00118758
-2.72271     -2.72271    0.000370341
-2.51327     -2.72271    0.00294805
-2.30383     -2.72271    0.00177676
-2.0944     -2.72271    0.00162942
-1.88496     -2.72271    0.0018515
-1.67552     -2.72271    0.000800676
-1.46608     -2.72271    0.000277428
-1.25664     -2.72271    0.000465786
-1.0472     -2.72271    0.00107942
-0.837758     -2.72271    0.00151625
-0.628319     -2.72271    0.00380928
-0.418879     -2.72271    0.0017087
-0.20944     -2.72271    0.000783836
0     -2.72271    0.00357282
0.20944     -2.72271    0.000782331
0.418879     -2.72271    0.00169079
0.628319     -2.72271    0.00384931
0.837758     -2.72271    0.00147941
1.0472     -2.72271    0.00107331
1.25664     -2.72271    0.000441329
1.46608     -2.72271    0.000272099
1.67552     -2.72271    0.000760494
1.88496     -2.72271    0.00192676
2.0944     -2.72271    0.00164598
2.30383     -2.72271    0.0017661
2.51327     -2.72271    0.00296908
2.72271     -2.72271    0.000397289
2.93215     -2.72271    0.00123676
3.14159     -2.72271    0.00160817

-3.14159     -2.51327    0.00540214
-2.93215     -2.51327    0.00364854
-2.72271     -2.51327    0.00313319
-2.51327     -2.51327    0.00197033
-2.30383     -2.51327    0.000400778
-2.0944     -2.51327    0.000801013
-1.88496     -2.51327    0.000209132
-1.67552     -2.51327    0.00104708
-1.46608     -2.51327    0.00176034
-1.25664     -2.51327    0.00449328
-1.0472     -2.51327    0.0010526
-0.837758     -2.51327    0.000876725
-0.628319     -2.51327    0.00152445
-0.418879     -2.51327    0.00171717
-0.20944     -2.51327    0.00195617
0     -2.51327    0.00142617
0.20944     -2.51327    0.00193322
0.418879     -2.51327    0.0017274
0.628319     -2.51327    0.00149903
0.837758     -2.51327    0.000992263
1.0472     -2.51327    0.00104109
1.25664     -2.51327    0.00448653
1.46608     -2.51327    0.00174857
1.67552     -2.51327    0.00102138
1.88496     -2.51327    0.000237578
2.0944     -2.51327    0.000734212
2.30383     -2.51327    0.000423328
2.51327     -2.51327    0.00200265
2.72271     -2.51327    0.00315703
2.93215     -2.51327    0.0035454
3.14159     -2.51327    0.00538453

-3.14159     -2.30383    0.00854256
-2.93215     -2.30383    0.00744667
-2.72271     -2.30383    0.00432926
-2.51327     -2.30383    0.00300286
-2.30383     -2.30383    0.000272939
-2.0944     -2.30383    0.00529259
-1.88496     -2.30383    0.000304547
-1.67552     -2.30383    0.000907764
-1.46608     -2.30383    0.00398484
-1.25664     -2.30383    0.00167908
-1.0472     -2.30383    0.00187281
-0.837758     -2.30383    0.00193142
-0.628319     -2.30383    0.000637671
-0.418879     -2.30383    0.0010585
-0.20944     -2.30383    2.21359e-05
0     -2.30383    0.00282743
0.20944     -2.30383    1.03921e-05
0.418879     -2.30383    0.00109615
0.628319     -2.30383    0.000637693
0.837758     -2.30383    0.0019871
1.0472     -2.30383    0.00185459
1.25664     -2.30383    0.00163585
1.46608     -2.30383    0.00402515
1.67552     -2.30383    0.000876183
1.88496     -2.30383    0.000292298
2.0944     -2.30383    0.00524247
2.30383     -2.30383    0.000279446
2.51327     -2.30383    0.0030294
2.72271     -2.30383    0.00428524
2.93215     -2.30383    0.00738717
3.14159     -2.30383    0.00850931

-3.14159     -2.0944    0.00938629
-2.93215     -2.0944    0.0140877
-2.72271     -2.0944    0.00817974
-2.51327     -2.0944    0.00552483
-2.30383     -2.0944    0.00332378
-2.0944     -2.0944    0.000545616
-1.88496     -2.0944    0.0017218
-1.67552     -2.0944    0.00150909
-1.46608     -2.0944    0.000653487
-1.25664     -2.0944    0.00104446
-1.0472     -2.0944    0.000501855
-0.837758     -2.0944    0.00502889
-0.628319     -2.0944    0.00117868
-0.418879     -2.0944    0.000260951
-0.20944     -2.0944    0.00158518
0     -2.0944    0.00128003
0.20944     -2.0944    0.00159649
0.418879     -2.0944    0.000272815
0.628319     -2.0944    0.00118567
0.837758     -2.0944    0.00501493
1.0472     -2.0944    0.000514303
1.25664     -2.0944    0.00101984
1.46608     -2.0944    0.000705147
1.67552     -2.0944    0.00146225
1.88496     -2.0944    0.0016989
2.0944     -2.0944    0.000536997
2.30383     -2.0944    0.00333695
2.51327     -2.0944    0.00552191
2.72271     -2.0944    0.00817534
2.93215     -2.0944    0.0141521
3.14159     -2.0944    0.00943587

-3.14159     -1.88496    0.0100689
-2.93215     -1.88496    0.00717395
-2.72271     -1.88496    0.00796938
-2.51327     -1.88496    0.00209549
-2.30383     -1.88496    0.00210633
-2.0944     -1.88496    0.00385562
-1.88496     -1.88496    0.00223181
-1.67552     -1.88496    0.000438574
-1.46608     -1.88496    0.00490084
-1.25664     -1.88496    0.00107676
-1.0472     -1.88496    0.00106012
-0.837758     -1.88496    0.00404871
-0.628319     -1.88496    0.000233051
-0.418879     -1.88496    0.00114819
-0.20944     -1.88496    0.00104437
0     -1.88496    0.00140558
0.20944     -1.88496    0.00104551
0.418879     -1.88496    0.00114654
0.628319     -1.88496    0.000256137
0.837758     -1.88496    0.00407678
1.0472     -1.88496    0.00102239
1.25664     -1.88496    0.00104942
1.46608     -1.88496    0.00489357
1.67552     -1.88496    0.000397477
1.88496     -1.88496    0.00222703
2.0944     -1.88496    0.00386222
2.30383     -1.88496    0.00209763
2.51327     -1.88496    0.00208806
2.72271     -1.88496    0.00800928
2.93215     -1.88496    0.00716591
3.14159     -1.88496    0.0100105

-3.14159     -1.67552    0.00983715
-2.93215     -1.67552    0.00544244
-2.72271     -1.67552    0.00880672
-2.51327     -1.67552    0.00252684
-2.30383     -1.67552    0.000902333
-2.0944     -1.67552    0.00186094
-1.88496     -1.67552    0.00127042
-1.67552     -1.67552    0.000735451
-1.46608     -1.67552    0.00244893
-1.25664     -1.67552    0.0038856
-1.0472     -1.67552    0.00309649
-0.837758     -1.67552    0.00337595
-0.628319     -1.67552    0.00117806
-0.418879     -1.67552    0.00436019
-0.20944     -1.67552    0.000734047
0     -1.67552    0.00113241
0.20944     -1.67552    0.000748204
0.418879     -1.67552    0.00435613
0.628319     -1.67552    0.00117872
0.837758     -1.67552    0.00338228
1.0472     -1.67552    0.00305944
1.25664     -1.67552    0.00390795
1.46608     -1.67552    0.00241061
1.67552     -1.67552    0.000770284
1.88496     -1.67552    0.00127169
2.0944     -1.67552    0.001889
2.30383     -1.67552    0.000879914
2.51327     -1.67552    0.00253077
2.72271     -1.67552    0.00881997
2.93215     -1.67552    0.00548158
3.14159     -1.67552    0.00982045

-3.14159     -1.46608    0.00925645
-2.93215     -1.46608    0.00802477
-2.72271     -1.46608    0.00745807
-2.51327     -1.46608    0.00512785
-2.30383     -1.46608    0.0018067
-2.0944     -1.46608    0.00220575
-1.88496     -1.46608    0.00122413
-1.67552     -1.46608    0.000521755
-1.46608     -1.46608    0.00048268
-1.25664     -1.46608    0.000354036
-1.0472     -1.46608    0.00264934
-0.837758     -1.46608    0.00300639
-0.628319     -1.46608    0.00184022
-0.418879     -1.46608    0.00416082
-0.20944     -1.46608    0.00101757
0     -1.46608    0.000281558
0.20944     -1.46608    0.00101087
0.418879     -1.46608    0.00415997
0.628319     -1.46608    0.0018578
0.837758     -1.46608    0.00295855
1.0472     -1.46608    0.00262113
1.25664     -1.46608    0.00035629
1.46608     -1.46608    0.000495853
1.67552     -1.46608    0.000501594
1.88496     -1.46608    0.00124718
2.0944     -1.46608    0.0022074
2.30383     -1.46608    0.00183772
2.51327     -1.46608    0.00510321
2.72271     -1.46608    0.00749539
2.93215     -1.46608    0.00800565
3.14159     -1.46608    0.00929494

-3.14159     -1.25664    0.00776439
-2.93215     -1.25664    0.00328267
-2.72271     -1.25664    1.29172e-05
-2.51327     -1.25664    0.000783323
-2.30383     -1.25664    0.00313656
-2.0944     -1.25664    0.000823036
-1.88496     -1.25664    0.000920534
-1.67552     -1.25664    0.00145787
-1.46608     -1.25664    0.000434305
-1.25664     -1.25664    0.00355889
-1.0472     -1.25664    0.00234343
-0.837758     -1.25664    0.000696632
-0.628319     -1.25664    0.00287673
-0.418879     -1.25664    0.00325554
-0.20944     -1.25664    0.00076769
0     -1.25664    0.000898417
0.20944     -1.25664    0.000764423
0.418879     -1.25664    0.00327343
0.628319     -1.25664    0.00290514
0.837758     -1.25664    0.000693508
1.0472     -1.25664    0.00236803
1.25664     -1.25664    0.00354672
1.46608     -1.25664    0.000434613
1.67552     -1.25664    0.00142813
1.88496     -1.25664    0.000917608
2.0944     -1.25664    0.000820474
2.30383     -1.25664    0.0031956
2.51327     -1.25664    0.000781864
2.72271     -1.25664    3.18934e-05
2.93215     -1.25664    0.00327184
3.14159     -1.25664    0.00771378

-3.14159     -1.0472    0.00420485
-2.93215     -1.0472    0.00435649
-2.72271     -1.0472    0.00166571
-2.51327     -1.0472    0.00062146
-2.30383     -1.0472    0.00201038
-2.0944     -1.0472    0.00132934
-1.88496     -1.0472    0.000921517
-1.67552     -1.0472    0.00172529
-1.46608     -1.0472    0.000722773
-1.25664     -1.0472    0.00290522
-1.0472     -1.0472    0.00389749
-0.837758     -1.0472    0.00429641
-0.628319     -1.0472    0.0043417
-0.418879     -1.0472    0.00202274
-0.20944     -1.0472    0.000577322
0     -1.0472    0.00267089
0.20944     -1.0472    0.000555828
0.418879     -1.0472    0.00203196
0.628319     -1.0472    0.00435586
0.837758     -1.0472    0.00428203
1.0472     -1.0472    0.00389476
1.25664     -1.0472    0.00291359
1.46608     -1.0472    0.000724886
1.67552     -1.0472    0.00169596
1.88496     -1.0472    0.000903952
2.0944     -1.0472    0.00131366
2.30383     -1.0472    0.00199003
2.51327     -1.0472    0.000609155
2.72271     -1.0472    0.00167942
2.93215     -1.0472    0.00439119
3.14159     -1.0472    0.00421377

-3.14159     -0.837758    0.000158419
-2.93215     -0.837758    0.000354981
-2.72271     -0.837758    0.00394688
-2.51327     -0.837758    0.00308571
-2.30383     -0.837758    0.0012858
-2.0944     -0.837758    0.0012743
-1.88496     -0.837758    0.00183716
-1.67552     -0.837758    0.000451824
-1.46608     -0.837758    0.00123597
-1.25664     -0.837758    0.000478219
-1.0472     -0.837758    0.000467366
-0.837758     -0.837758    0.00102242
-0.628319     -0.837758    0.00222255
-0.418879     -0.837758    0.0043137
-0.20944     -0.837758    0.00320118
0     -0.837758    0.00534134
0.20944     -0.837758    0.003166
0.418879     -0.837758    0.00425919
0.628319     -0.837758    0.00223717
0.837758     -0.837758    0.00103274
1.0472     -0.837758    0.000477668
1.25664     -0.837758    0.000439868
1.46608     -0.837758    0.00121953
1.67552     -0.837758    0.000456259
1.88496     -0.837758    0.0018424
2.0944     -0.837758    0.0012878
2.30383     -0.837758    0.00125883
2.51327     -0.837758    0.00304224
2.72271     -0.837758    0.00400133
2.93215     -0.837758    0.000331735
3.14159     -0.837758    0.000172969

-3.14159     -0.628319    0.00354373
-2.93215     -0.628319    0.00190933
-2.72271     -0.628319    0.00206451
-2.51327     -0.628319    0.000445513
-2.30383     -0.628319    0.000453225
-2.0944     -0.628319    0.000427492
-1.88496     -0.628319    0.000730634
-1.67552     -0.628319    0.00217423
-1.46608     -0.628319    0.0011055
-1.25664     -0.628319    0.000460231
-1.0472     -0.628319    0.00144767
-0.837758     -0.628319    0.000643754
-0.628319     -0.628319    0.00272026
-0.418879     -0.628319    0.00658423
-0.20944     -0.628319    0.00598317
0     -0.628319    0.00541353
0.20944     -0.628319    0.00597957
0.418879     -0.628319    0.00650069
0.628319     -0.628319    0.00271829
0.837758     -0.628319    0.000700291
1.0472     -0.628319    0.00146434
1.25664     -0.628319    0.000449869
1.46608     -0.628319    0.00110828
1.67552     -0.628319    0.00218602
1.88496     -0.628319    0.000720893
2.0944     -0.628319    0.000408231
2.30383     -0.628319    0.00049188
2.51327     -0.628319    0.00044263
2.72271     -0.628319    0.00207941
2.93215     -0.628319    0.00188109
3.14159     -0.628319    0.00357057

-3.14159     -0.418879    0.00102112
-2.93215     -0.418879    0.00037117
-2.72271     -0.418879    0.0016806
-2.51327     -0.418879    0.000790137
-2.30383     -0.418879    0.00394368
-2.0944     -0.418879    0.00254479
-1.88496     -0.418879    0.000202056
-1.67552     -0.418879    0.00442866
-1.46608     -0.418879    0.00352439
-1.25664     -0.418879    0.000416107
-1.0472     -0.418879    3.81318e-05
-0.837758     -0.418879    0.000640861
-0.628319     -0.418879    0.0060231
-0.418879     -0.418879    0.00630307
-0.20944     -0.418879    0.00816945
0     -0.418879    0.0110443
0.20944     -0.418879    0.00818032
0.418879     -0.418879    0.00630908
0.628319     -0.418879    0.00606111
0.837758     -0.418879    0.000546308
1.0472     -0.418879    4.08956e-05
1.25664     -0.418879    0.000420876
1.46608     -0.418879    0.00349875
1.67552     -0.418879    0.00444289
1.88496     -0.418879    0.000190852
2.0944     -0.418879    0.00254155
2.30383     -0.418879    0.0039272
2.51327     -0.418879    0.000732003
2.72271     -0.418879    0.00168399
2.93215     -0.418879    0.000363782
3.14159     -0.418879    0.00103447

-3.14159     -0.20944    0.00087404
-2.93215     -0.20944    0.00182592
-2.72271     -0.20944    0.00199955
-2.51327     -0.20944    0.00162917
-2.30383     -0.20944    0.00253003
-2.0944     -0.20944    0.00358176
-1.88496     -0.20944    0.0025711
-1.67552     -0.20944    0.000885485
-1.46608     -0.20944    0.00354232
-1.25664     -0.20944    0.00339697
-1.0472     -0.20944    0.00117602
-0.837758     -0.20944    0.00376139
-0.628319     -0.20944    0.00655733
-0.418879     -0.20944    0.00796545
-0.20944     -0.20944    0.0117358
0     -0.20944    0.0121682
0.20944     -0.20944    0.0118193
0.418879     -0.20944    0.00797483
0.628319     -0.20944    0.00657074
0.837758     -0.20944    0.00376536
1.0472     -0.20944    0.00119589
1.25664     -0.20944    0.00337896
1.46608     -0.20944    0.0035713
1.67552     -0.20944    0.000845516
1.88496     -0.20944    0.00257397
2.0944     -0.20944    0.00360924
2.30383     -0.20944    0.00255563
2.51327     -0.20944    0.00168025
2.72271     -0.20944    0.00203751
2.93215     -0.20944    0.00180972
3.14159     -0.20944    0.000921651

-3.14159     0    0.00103034
-2.93215     0    0.00129416
-2.72271     0    0.00512267
-2.51327     0    0.000467765
-2.30383     0    0.00210749
-2.0944     0    0.000147492
-1.88496     0    0.00436068
-1.67552     0    0.0030738
-1.46608     0    0.00129995
-1.25664     0    0.00437625
-1.0472     0    0.00316798
-0.837758     0    0.0060698
-0.628319     0    0.00612375
-0.418879     0    0.00879647
-0.20944     0    0.0150859
0     0    9.45116e-15
0.20944     0    0.0150859
0.418879     0    0.00879647
0.628319     0    0.00612375
0.837758     0    0.0060698
1.0472     0    0.00316798
1.25664     0    0.00437625
1.46608     0    0.00129995
1.67552     0    0.0030738
1.88496     0    0.00436068
2.0944     0    0.000147492
2.30383     0    0.00210749
2.51327     0    0.000467765
2.72271     0    0.00512267
2.93215     0    0.00129416
3.14159     0    0.00103034

-3.14159     0.20944    0.000921651
-2.93215     0.20944    0.00180972
-2.72271     0.20944    0.00203751
-2.51327     0.20944    0.00168025
-2.30383     0.20944    0.00255563
-2.0944     0.20944    0.00360924
-1.88496     0.20944    0.00257397
-1.67552     0.20944    0.000845516
-1.46608     0.20944    0.0035713
-1.25664     0.20944    0.00337896
-1.0472     0.20944    0.00119589
-0.837758     0.20944    0.00376536
-0.628319     0.20944    0.00657074
-0.418879     0.20944    0.00797483
-0.20944     0.20944    0.0118193
0     0.20944    0.0121682
0.20944     0.20944    0.0117358
0.418879     0.20944    0.00796545
0.628319     0.20944    0.00655733
0.837758     0.20944    0.00376139
1.0472     0.20944    0.00117602
1.25664     0.20944    0.00339697
1.46608     0.20944    0.00354232
1.67552     0.20944    0.000885485
1.88496     0.20944    0.0025711
2.0944     0.20944    0.00358176
2.30383     0.20944    0.00253003
2.51327     0.20944    0.00162917
2.72271     0.20944    0.00199955
2.93215     0.20944    0.00182592
3.14159     0.20944    0.00087404

-3.14159     0.418879    0.00103447
-2.93215     0.418879    0.000363782
-2.72271     0.418879    0.00168399
-2.51327     0.418879    0.000732003
-2.30383     0.418879    0.0039272
-2.0944     0.418879    0.00254155
-1.88496     0.418879    0.000190852
-1.67552     0.418879    0.00444289
-1.46608     0.418879    0.00349875
-1.25664     0.418879    0.000420876
-1.0472     0.418879    4.08956e-05
-0.837758     0.418879    0.000546308
-0.628319     0.418879    0.00606111
-0.418879     0.418879    0.00630908
-0.20944     0.418879    0.00818032
0     0.418879    0.0110443
0.20944     0.418879    0.00816945
0.418879     0.418879    0.00630307
0.628319     0.418879    0.0060231
0.837758     0.418879    0.000640861
1.0472     0.418879    3.81318e-05
1.25664     0.418879    0.000416107
1.46608     0.418879    0.00352439
1.67552     0.418879    0.00442866
1.88496     0.418879    0.000202056
2.0944     0.418879    0.00254479
2.30383     0.418879    0.00394368
2.51327     0.418879    0.000790137
2.72271     0.418879    0.0016806
2.93215     0.418879    0.00037117
3.14159     0.418879    0.00102112

-3.14159     0.628319    0.00357057
-2.93215     0.628319    0.00188109
-2.72271     0.628319    0.00207941
-2.51327     0.628319    0.00044263
-2.30383     0.628319    0.00049188
-2.0944     0.628319    0.000408231
-1.88496     0.628319    0.000720893
-1.67552     0.628319    0.00218602
-1.46608     0.628319    0.00110828
-1.25664     0.628319    0.000449869
-1.0472     0.628319    0.00146434
-0.837758     0.628319    0.000700291
-0.628319     0.628319    0.00271829
-0.418879     0.628319    0.00650069
-0.20944     0.628319    0.00597957
0     0.628319    0.00541353
0.20944     0.628319    0.00598317
0.418879     0.628319    0.00658423
0.628319     0.628319    0.00272026
0.837758     0.628319    0.000643754
1.0472     0.628319    0.00144767
1.25664     0.628319    0.000460231
1.46608     0.628319    0.0011055
1.67552     0.628319    0.00217423
1.88496     0.628319    0.000730634
2.0944     0.628319    0.000427492
2.30383     0.628319    0.000453225
2.51327     0.628319    0.000445513
2.72271     0.628319    0.00206451
2.93215     0.628319    0.00190933
3.14159     0.628319    0.00354373

-3.14159     0.837758    0.000172969
-2.93215     0.837758    0.000331735
-2.72271     0.837758    0.00400133
-2.51327     0.837758    0.00304224
-2.30383     0.837758    0.00125883
-2.0944     0.837758    0.0012878
-1.88496     0.837758    0.0018424
-1.67552     0.837758    0.000456259
-1.46608     0.837758    0.00121953
-1.25664     0.837758    0.000439868
-1.0472     0.837758    0.000477668
-0.837758     0.837758    0.00103274
-0.628319     0.837758    0.00223717
-0.418879     0.837758    0.00425919
-0.20944     0.837758    0.003166
0     0.837758    0.00534134
0.20944     0.837758    0.00320118
0.418879     0.837758    0.0043137
0.628319     0.837758    0.00222255
0.837758     0.837758    0.00102242
1.0472     0.837758    0.000467366
1.25664     0.837758    0.000478219
1.46608     0.837758    0.00123597
1.67552     0.837758    0.000451824
1.88496     0.837758    0.00183716
2.0944     0.837758    0.0012743
2.30383     0.837758    0.0012858
2.51327     0.837758    0.00308571
2.72271     0.837758    0.00394688
2.93215     0.837758    0.000354981
3.14159     0.837758    0.000158419

-3.14159     1.0472    0.00421377
-2.93215     1.0472    0.00439119
-2.72271     1.0472    0.00167942
-2.51327     1.0472    0.000609155
-2.30383     1.0472    0.00199003
-2.0944     1.0472    0.00131366
-1.88496     1.0472    0.000903952
-1.67552     1.0472    0.00169596
-1.46608     1.0472    0.000724886
-1.25664     1.0472    0.00291359
-1.0472     1.0472    0.00389476
-0.837758     1.0472    0.00428203
-0.628319     1.0472    0.00435586
-0.418879     1.0472    0.00203196
-0.20944     1.0472    0.000555828
0     1.0472    0.00267089
0.20944     1.0472    0.000577322
0.418879     1.0472    0.00202274
0.628319     1.0472    0.0043417
0.837758     1.0472    0.00429641
1.0472     1.0472    0.00389749
1.25664     1.0472    0.00290522
1.46608     1.0472    0.000722773
1.67552     1.0472    0.00172529
1.88496     1.0472    0.000921517
2.0944     1.0472    0.00132934
2.30383     1.0472    0.00201038
2.51327     1.0472    0.00062146
2.72271     1.0472    0.00166571
2.93215     1.0472    0.00435649
3.14159     1.0472    0.00420485

-3.14159     1.25664    0.00771378
-2.93215     1.25664    0.00327184
-2.72271     1.25664    3.18934e-05
-2.51327     1.25664    0.000781864
-2.30383     1.25664    0.0031956
-2.0944     1.25664    0.000820474
-1.88496     1.25664    0.000917608
-1.67552     1.25664    0.00142813
-1.46608     1.25664    0.000434613
-1.25664     1.25664    0.00354672
-1.0472     1.25664    0.00236803
-0.837758     1.25664    0.000693508
-0.628319     1.25664    0.00290514
-0.418879     1.25664    0.00327343
-0.20944     1.25664    0.000764423
0     1.25664    0.000898417
0.20944     1.25664    0.00076769
0.418879     1.25664    0.00325554
0.628319     1.25664    0.00287673
0.837758     1.25664    0.000696632
1.0472     1.25664    0.00234343
1.25664     1.25664    0.00355889
1.46608     1.25664    0.000434305
1.67552     1.25664    0.00145787
1.88496     1.25664    0.000920534
2.0944     1.25664    0.000823036
2.30383     1.25664    0.00313656
2.51327     1.25664    0.000783323
2.72271     1.25664    1.29172e-05
2.93215     1.25664    0.00328267
3.14159     1.25664    0.00776439

-3.14159     1.46608    0.00929494
-2.93215     1.46608    0.00800565
-2.72271     1.46608    0.00749539
-2.51327     1.46608    0.00510321
-2.30383     1.46608    0.00183772
-2.0944     1.46608    0.0022074
-1.88496     1.46608    0.00124718
-1.67552     1.46608    0.000501594
-1.46608     1.46608    0.000495853
-1.25664     1.46608    0.00035629
-1.0472     1.46608    0.00262113
-0.837758     1.46608    0.00295855
-0.628319     1.46608    0.0018578
-0.418879     1.46608    0.00415997
-0.20944     1.46608    0.00101087
0     1.46608    0.000281558
0.20944     1.46608    0.00101757
0.418879     1.46608    0.00416082
0.628319     1.46608    0.00184022
0.837758     1.46608    0.00300639
1.0472     1.46608    0.00264934
1.25664     1.46608    0.000354036
1.46608     1.46608    0.00048268
1.67552     1.46608    0.000521755
1.88496     1.46608    0.00122413
2.0944     1.46608    0.00220575
2.30383     1.46608    0.0018067
2.51327     1.46608    0.00512785
2.72271     1.46608    0.00745807
2.93215     1.46608    0.00802477
3.14159     1.46608    0.00925645

-3.14159     1.67552    0.00982045
-2.93215     1.67552    0.00548158
-2.72271     1.67552    0.00881997
-2.51327     1.67552    0.00253077
-2.30383     1.67552    0.000879914
-2.0944     1.67552    0.001889
-1.88496     1.67552    0.00127169
-1.67552     1.67552    0.000770284
-1.46608     1.67552    0.00241061
-1.25664     1.67552    0.00390795
-1.0472     1.67552    0.00305944
-0.837758     1.67552    0.00338228
-0.628319     1.67552    0.00117872
-0.418879     1.67552    0.00435613
-0.20944     1.67552    0.000748204
0     1.67552    0.00113241
0.20944     1.67552    0.000734047
0.418879     1.67552    0.00436019
0.628319     1.67552    0.00117806
0.837758     1.67552    0.00337595
1.0472     1.67552    0.00309649
1.25664     1.67552    0.0038856
1.46608     1.67552    0.00244893
1.67552     1.67552    0.000735451
1.88496     1.67552    0.00127042
2.0944     1.67552    0.00186094
2.30383     1.67552    0.000902333
2.51327     1.67552    0.00252684
2.72271     1.67552    0.00880672
2.93215     1.67552    0.00544244
3.14159     1.67552    0.00983715

-3.14159     1.88496    0.0100105
-2.93215     1.88496    0.00716591
-2.72271     1.88496    0.00800928
-2.51327     1.88496    0.00208806
-2.30383     1.88496    0.00209763
-2.0944     1.88496    0.00386222
-1.88496     1.88496    0.00222703
-1.67552     1.88496    0.000397477
-1.46608     1.88496    0.00489357
-1.25664     1.88496    0.00104942
-1.0472     1.88496    0.00102239
-0.837758     1.88496    0.00407678
-0.628319     1.88496    0.000256137
-0.418879     1.88496    0.00114654
-0.20944     1.88496    0.00104551
0     1.88496    0.00140558
0.20944     1.88496    0.00104437
0.418879     1.88496    0.00114819
0.628319     1.88496    0.000233051
0.837758     1.88496    0.00404871
1.0472     1.88496    0.00106012
1.25664     1.88496    0.00107676
1.46608     1.88496    0.00490084
1.67552     1.88496    0.000438574
1.88496     1.88496    0.00223181
2.0944     1.88496    0.00385562
2.30383     1.88496    0.00210633
2.51327     1.88496    0.00209549
2.72271     1.88496    0.00796938
2.93215     1.88496    0.00717395
3.14159     1.88496    0.0100689

-3.14159     2.0944    0.00943587
-2.93215     2.0944    0.0141521
-2.72271     2.0944    0.00817534
-2.51327     2.0944    0.00552191
-2.30383     2.0944    0.00333695
-2.0944     2.0944    0.000536997
-1.88496     2.0944    0.0016989
-1.67552     2.0944    0.00146225
-1.46608     2.0944    0.000705147
-1.25664     2.0944    0.00101984
-1.0472     2.0944    0.000514303
-0.837758     2.0944    0.00501493
-0.628319     2.0944    0.00118567
-0.418879     2.0944    0.000272815
-0.20944     2.0944    0.00159649
0     2.0944    0.00128003
0.20944     2.0944    0.00158518
0.418879     2.0944    0.000260951
0.628319     2.0944    0.00117868
0.837758     2.0944    0.00502889
1.0472     2.0944    0.000501855
1.25664     2.0944    0.00104446
1.46608     2.0944    0.000653487
1.67552     2.0944    0.00150909
1.88496     2.0944    0.0017218
2.0944     2.0944    0.000545616
2.30383     2.0944    0.00332378
2.51327     2.0944    0.00552483
2.72271     2.0944    0.00817974
2.93215     2.0944    0.0140877
3.14159     2.0944    0.00938629

-3.14159     2.30383    0.00850931
-2.93215     2.30383    0.00738717
-2.72271     2.30383    0.00428524
-2.51327     2.30383    0.0030294
-2.30383     2.30383    0.000279446
-2.0944     2.30383    0.00524247
-1.88496     2.30383    0.000292298
-1.67552     2.30383    0.000876183
-1.46608     2.30383    0.00402515
-1.25664     2.30383    0.00163585
-1.0472     2.30383    0.00185459
-0.837758     2.30383    0.0019871
-0.628319     2.30383    0.000637693
-0.418879     2.30383    0.00109615
-0.20944     2.30383    1.03921e-05
0     2.30383    0.00282743
0.20944     2.30383    2.21359e-05
0.418879     2.30383    0.0010585
0.628319     2.30383    0.000637671
0.837758     2.30383    0.00193142
1.0472     2.30383    0.00187281
1.25664     2.30383    0.00167908
1.46608     2.30383    0.00398484
1.67552     2.30383    0.000907764
1.88496     2.30383    0.000304547
2.0944     2.30383    0.00529259
2.30383     2.30383    0.000272939
2.51327     2.30383    0.00300286
2.72271     2.30383    0.00432926
2.93215     2.30383    0.00744667
3.14159     2.30383    0.00854256

-3.14159     2.51327    0.00538453
-2.93215     2.51327    0.0035454
-2.72271     2.51327    0.00315703
-2.51327     2.51327    0.00200265
-2.30383     2.51327    0.000423328
-2.0944     2.51327    0.000734212
-1.88496     2.51327    0.000237578
-1.67552     2.51327    0.00102138
-1.46608     2.51327    0.00174857
-1.25664     2.51327    0.00448653
-1.0472     2.51327    0.00104109
-0.837758     2.51327    0.000992263
-0.628319     2.51327    0.00149903
-0.418879     2.51327    0.0017274
-0.20944     2.51327    0.00193322
0     2.51327    0.00142617
0.20944     2.51327    0.00195617
0.418879     2.51327    0.00171717
0.628319     2.51327    0.00152445
0.837758     2.51327    0.000876725
1.0472     2.51327    0.0010526
1.25664     2.51327    0.00449328
1.46608     2.51327    0.00176034
1.67552     2.51327    0.00104708
1.88496     2.51327    0.000209132
2.0944     2.51327    0.000801013
2.30383     2.51327    0.000400778
2.51327     2.51327    0.00197033
2.72271     2.51327    0.00313319
2.93215     2.51327    0.00364854
3.14159     2.51327    0.00540214

-3.14159     2.72271    0.00160817
-2.93215     2.72271    0.00123676
-2.72271     2.72271    0.000397289
-2.51327     2.72271    0.00296908
-2.30383     2.72271    0.0017661
-2.0944     2.72271    0.00164598
-1.88496     2.72271    0.00192676
-1.67552     2.72271    0.000760494
-1.46608     2.72271    0.000272099
-1.25664     2.72271    0.000441329
-1.0472     2.72271    0.00107331
-0.837758     2.72271    0.00147941
-0.628319     2.72271    0.00384931
-0.418879     2.72271    0.00169079
-0.20944     2.72271    0.000782331
0     2.72271    0.00357282
0.20944     2.72271    0.000783836
0.418879     2.72271    0.0017087
0.628319     2.72271    0.00380928
0.837758     2.72271    0.00151625
1.0472     2.72271    0.00107942
1.25664     2.72271    0.000465786
1.46608     2.72271    0.000277428
1.67552     2.72271    0.000800676
1.88496     2.72271    0.0018515
2.0944     2.72271    0.00162942
2.30383     2.72271    0.00177676
2.51327     2.72271    0.00294805
2.72271     2.72271    0.000370341
2.93215     2.72271    0.00118758
3.14159     2.72271    0.00158228

-3.14159     2.93215    0.00282488
-2.93215     2.93215    8.55197e-05
-2.72271     2.93215    0.000579678
-2.51327     2.93215    0.00306631
-2.30383     2.93215    0.00337754
-2.0944     2.93215    0.000366478
-1.88496     2.93215    0.00136111
-1.67552     2.93215    0.0029672
-1.46608     2.93215    0.00180521
-1.25664     2.93215    0.000200564
-1.0472     2.93215    0.00275159
-0.837758     2.93215    0.00274042
-0.628319     2.93215    0.00362793
-0.418879     2.93215    0.00071716
-0.20944     2.93215    0.000114661
0     2.93215    0.00583946
0.20944     2.93215    0.000109186
0.418879     2.93215    0.000702263
0.628319     2.93215    0.00358826
0.837758     2.93215    0.00284577
1.0472     2.93215    0.00276962
1.25664     2.93215    0.000225236
1.46608     2.93215    0.00179013
1.67552     2.93215    0.003112
1.88496     2.93215    0.00131214
2.0944     2.93215    0.000356857
2.30383     2.93215    0.00341325
2.51327     2.93215    0.00310328
2.72271     2.93215    0.000606618
2.93215     2.93215    8.8712e-05
3.14159     2.93215    0.0028073

-3.14159     3.14159    0.00245549
-2.93215     3.14159    0.00179399
-2.72271     3.14159    0.00283346
-2.51327     3.14159    0.00282177
-2.30383     3.14159    0.000916926
-2.0944     3.14159    0.000168066
-1.88496     3.14159    0.00155197
-1.67552     3.14159    0.000166039
-1.46608     3.14159    0.00151154
-1.25664     3.14159    0.00174498
-1.0472     3.14159    0.00249636
-0.837758     3.14159    0.000316656
-0.628319     3.14159    0.00415443
-0.418879     3.14159    0.00308877
-0.20944     3.14159    0.00548182
0     3.14159    0.00945927
0.20944     3.14159    0.00542587
0.418879     3.14159    0.0030965
0.628319     3.14159    0.00425219
0.837758     3.14159    0.000307432
1.0472     3.14159    0.00251449
1.25664     3.14159    0.00170287
1.46608     3.14159    0.0015212
1.67552     3.14159    0.000166578
1.88496     3.14159    0.00151019
2.0944     3.14159    0.000173678
2.30383     3.14159    0.000876678
2.51327     3.14159    0.00283595
2.72271     3.14159    0.0028112
2.93215     3.14159    0.0017671
3.14159     3.14159    0.00242958

