-3.14159     -3.14159    9.52008e-06
-2.93215     -3.14159    1.65963e-05
-2.72271     -3.14159    2.26876e-05
-2.51327     -3.14159    2.62399e-05
-2.30383     -3.14159    2.72829e-05
-2.0944     -3.14159    2.70242e-05
-1.88496     -3.14159    2.62538e-05
-1.67552     -3.14159    2.50799e-05
-1.46608     -3.14159    2.23182e-05
-1.25664     -3.14159    1.65855e-05
-1.0472     -3.14159    8.98647e-06
-0.837758     -3.14159    2.11474e-06
-0.628319     -3.14159    2.97178e-06
-0.418879     -3.14159    6.2766e-06
-0.20944     -3.14159    7.98107e-06
0     -3.14159    8.58911e-06
0.20944     -3.14159    7.96424e-06
0.418879     -3.14159    6.28006e-06
0.628319     -3.14159    2.97515e-06
0.837758     -3.14159    2.12076e-06
1.0472     -3.14159    8.98525e-06
1.25664     -3.14159    1.65905e-05
1.46608     -3.14159    2.2321e-05
1.67552     -3.14159    2.50858e-05
1.88496     -3.14159    2.6246e-05
2.0944     -3.14159    2.70186e-05
2.30383     -3.14159    2.73038e-05
2.51327     -3.14159    2.62487e-05
2.72271     -3.14159    2.27087e-05
2.93215     -3.14159    1.65933e-05
3.14159     -3.14159    9.51285e-06

-3.14159     -2.93215    4.64452e-06
-2.93215     -2.93215    1.22736e-05
-2.72271     -2.93215    1.88984e-05
-2.51327     -2.93215    2.29811e-05
-2.30383     -2.93215    2.47004e-05
-2.0944     -2.93215    2.47667e-05
-1.88496     -2.93215    2.36779e-05
-1.67552     -2.93215    2.1856e-05
-1.46608     -2.93215    1.87033e-05
-1.25664     -2.93215    1.29428e-05
-1.0472     -2.93215    5.13184e-06
-0.837758     -2.93215    1.87212e-06
-0.628319     -2.93215    6.61233e-06
-0.418879     -2.93215    9.34227e-06
-0.20944     -2.93215    1.06807e-05
0     -2.93215    1.10652e-05
0.20944     -2.93215    1.07157e-05
0.418879     -2.93215    9.36631e-06
0.628319     -2.93215    6.61662e-06
0.837758     -2.93215    1.87399e-06
1.0472     -2.93215    5.12739e-06
1.25664     -2.93215    1.29425e-05
1.46608     -2.93215    1.87131e-05
1.67552     -2.93215    2.18662e-05
1.88496     -2.93215    2.36911e-05
2.0944     -2.93215    2.47552e-05
2.30383     -2.93215    2.46943e-05
2.51327     -2.93215    2.29729e-05
2.72271     -2.93215    1.8911e-05
2.93215     -2.93215    1.22849e-05
3.14159     -2.93215    4.63611e-06

-3.14159     -2.72271    1.49339e-06
-2.93215     -2.72271    8.85243e-06
-2.72271     -2.72271    1.45871e-05
-2.51327     -2.72271    1.76289e-05
-2.30383     -2.72271    1.87241e-05
-2.0944     -2.72271    1.89598e-05
-1.88496     -2.72271    1.86477e-05
-1.67552     -2.72271    1.76243e-05
-1.46608     -2.72271    1.52833e-05
-1.25664     -2.72271    1.03704e-05
-1.0472     -2.72271    3.05684e-06
-0.837758     -2.72271    3.76301e-06
-0.628319     -2.72271    8.06611e-06
-0.418879     -2.72271    1.01662e-05
-0.20944     -2.72271    1.10201e-05
0     -2.72271    1.11602e-05
0.20944     -2.72271    1.09862e-05
0.418879     -2.72271    1.01377e-05
0.628319     -2.72271    8.06968e-06
0.837758     -2.72271    3.7516e-06
1.0472     -2.72271    3.05442e-06
1.25664     -2.72271    1.03777e-05
1.46608     -2.72271    1.52739e-05
1.67552     -2.72271    1.76238e-05
1.88496     -2.72271    1.86403e-05
2.0944     -2.72271    1.89738e-05
2.30383     -2.72271    1.874e-05
2.51327     -2.72271    1.76293e-05
2.72271     -2.72271    1.45943e-05
2.93215     -2.72271    8.85738e-06
3.14159     -2.72271    1.4875e-06

-3.14159     -2.51327    2.11623e-08
-2.93215     -2.51327    6.43436e-06
-2.72271     -2.51327    1.028e-05
-2.51327     -2.51327    1.11855e-05
-2.30383     -2.51327    1.06558e-05
-2.0944     -2.51327    1.05819e-05
-1.88496     -2.51327    1.15456e-05
-1.67552     -2.51327    1.24923e-05
-1.46608     -2.51327    1.19487e-05
-1.25664     -2.51327    8.59722e-06
-1.0472     -2.51327    2.29059e-06
-0.837758     -2.51327    4.16036e-06
-0.628319     -2.51327    8.21236e-06
-0.418879     -2.51327    9.99327e-06
-0.20944     -2.51327    1.05662e-05
0     -2.51327    1.08213e-05
0.20944     -2.51327    1.05714e-05
0.418879     -2.51327    1.00292e-05
0.628319     -2.51327    8.21391e-06
0.837758     -2.51327    4.1735e-06
1.0472     -2.51327    2.29201e-06
1.25664     -2.51327    8.59946e-06
1.46608     -2.51327    1.19431e-05
1.67552     -2.51327    1.25013e-05
1.88496     -2.51327    1.15463e-05
2.0944     -2.51327    1.05898e-05
2.30383     -2.51327    1.06535e-05
2.51327     -2.51327    1.11807e-05
2.72271     -2.51327    1.028e-05
2.93215     -2.51327    6.42844e-06
3.14159     -2.51327    8.02086e-09

-3.14159     -2.30383    2.20211e-07
-2.93215     -2.30383    4.35339e-06
-2.72271     -2.30383    5.62761e-06
-2.51327     -2.30383    4.23018e-06
-2.30383     -2.30383    2.40505e-06
-2.0944     -2.30383    2.07257e-06
-1.88496     -2.30383    3.6942e-06
-1.67552     -2.30383    6.30755e-06
-1.46608     -2.30383    7.93964e-06
-1.25664     -2.30383    6.67927e-06
-1.0472     -2.30383    2.02283e-06
-0.837758     -2.30383    3.79124e-06
-0.628319     -2.30383    7.7364e-06
-0.418879     -2.30383    9.37919e-06
-0.20944     -2.30383    9.85814e-06
0     -2.30383    9.72055e-06
0.20944     -2.30383    9.87345e-06
0.418879     -2.30383    9.32507e-06
0.628319     -2.30383    7.74572e-06
0.837758     -2.30383    3.79383e-06
1.0472     -2.30383    2.02673e-06
1.25664     -2.30383    6.68389e-06
1.46608     -2.30383    7.93662e-06
1.67552     -2.30383    6.29468e-06
1.88496     -2.30383    3.69027e-06
2.0944     -2.30383    2.07731e-06
2.30383     -2.30383    2.40018e-06
2.51327     -2.30383    4.21922e-06
2.72271     -2.30383    5.63424e-06
2.93215     -2.30383    4.35861e-06
3.14159     -2.30383    2.26667e-07

-3.14159     -2.0944    1.78763e-07
-2.93215     -2.0944    2.1615e-06
-2.72271     -2.0944    6.90649e-07
-2.51327     -2.0944    2.30329e-06
-2.30383     -2.0944    4.3458e-06
-2.0944     -2.0944    4.56469e-06
-1.88496     -2.0944    3.0038e-06
-1.67552     -2.0944    7.55529e-08
-1.46608     -2.0944    2.9786e-06
-1.25664     -2.0944    3.95338e-06
-1.0472     -2.0944    1.47882e-06
-0.837758     -2.0944    3.18463e-06
-0.628319     -2.0944    7.00769e-06
-0.418879     -2.0944    8.83436e-06
-0.20944     -2.0944    9.26812e-06
0     -2.0944    9.57191e-06
0.20944     -2.0944    9.24511e-06
0.418879     -2.0944    8.8553e-06
0.628319     -2.0944    7.0098e-06
0.837758     -2.0944    3.19923e-06
1.0472     -2.0944    1.48046e-06
1.25664     -2.0944    3.96085e-06
1.46608     -2.0944    2.97617e-06
1.67552     -2.0944    7.00066e-08
1.88496     -2.0944    3.00767e-06
2.0944     -2.0944    4.55894e-06
2.30383     -2.0944    4.34976e-06
2.51327     -2.0944    2.30838e-06
2.72271     -2.0944    6.8529e-07
2.93215     -2.0944    2.16494e-06
3.14159     -2.0944    1.8353e-07

-3.14159     -1.88496    5.44974e-07
-2.93215     -1.88496    3.50385e-07
-2.72271     -1.88496    3.90392e-06
-2.51327     -1.88496    7.20481e-06
-2.30383     -1.88496    8.66561e-06
-2.0944     -1.88496    8.54157e-06
-1.88496     -1.88496    7.33067e-06
-1.67552     -1.88496    5.06113e-06
-1.46608     -1.88496    1.992e-06
-1.25664     -1.88496    4.18837e-07
-1.0472     -1.88496    1.76086e-07
-0.837758     -1.88496    2.79043e-06
-0.628319     -1.88496    6.16448e-06
-0.418879     -1.88496    8.06219e-06
-0.20944     -1.88496    8.79679e-06
0     -1.88496    8.68943e-06
0.20944     -1.88496    8.84992e-06
0.418879     -1.88496    8.02314e-06
0.628319     -1.88496    6.14805e-06
0.837758     -1.88496    2.77654e-06
1.0472     -1.88496    1.7208e-07
1.25664     -1.88496    4.15089e-07
1.46608     -1.88496    1.99993e-06
1.67552     -1.88496    5.05953e-06
1.88496     -1.88496    7.32604e-06
2.0944     -1.88496    8.53418e-06
2.30383     -1.88496    8.66579e-06
2.51327     -1.88496    7.20117e-06
2.72271     -1.88496    3.91221e-06
2.93215     -1.88496    3.61711e-07
3.14159     -1.88496    5.46836e-07

-3.14159     -1.67552    4.64651e-07
-2.93215     -1.67552    2.98749e-06
-2.72271     -1.67552    7.39398e-06
-2.51327     -1.67552    1.00085e-05
-2.30383     -1.67552    1.06823e-05
-2.0944     -1.67552    1.02659e-05
-1.88496     -1.67552    9.34831e-06
-1.67552     -1.67552    7.88887e-06
-1.46608     -1.67552    5.67165e-06
-1.25664     -1.67552    3.11074e-06
-1.0472     -1.67552    1.83116e-06
-0.837758     -1.67552    2.95121e-06
-0.628319     -1.67552    5.40402e-06
-0.418879     -1.67552    7.34189e-06
-0.20944     -1.67552    8.16782e-06
0     -1.67552    8.48428e-06
0.20944     -1.67552    8.06053e-06
0.418879     -1.67552    7.35262e-06
0.628319     -1.67552    5.41262e-06
0.837758     -1.67552    2.94102e-06
1.0472     -1.67552    1.82304e-06
1.25664     -1.67552    3.09968e-06
1.46608     -1.67552    5.66505e-06
1.67552     -1.67552    7.88943e-06
1.88496     -1.67552    9.35362e-06
2.0944     -1.67552    1.02652e-05
2.30383     -1.67552    1.0673e-05
2.51327     -1.67552    1.00086e-05
2.72271     -1.67552    7.38404e-06
2.93215     -1.67552    3.00042e-06
3.14159     -1.67552    4.67999e-07

-3.14159     -1.46608    2.50412e-08
-2.93215     -1.46608    5.13713e-06
-2.72271     -1.46608    9.34399e-06
-2.51327     -1.46608    1.11068e-05
-2.30383     -1.46608    1.12155e-05
-2.0944     -1.46608    1.06363e-05
-1.88496     -1.46608    9.88378e-06
-1.67552     -1.46608    9.00906e-06
-1.46608     -1.46608    7.66683e-06
-1.25664     -1.46608    5.7457e-06
-1.0472     -1.46608    3.97258e-06
-0.837758     -1.46608    3.65491e-06
-0.628319     -1.46608    4.94996e-06
-0.418879     -1.46608    6.49543e-06
-0.20944     -1.46608    7.36337e-06
0     -1.46608    7.78667e-06
0.20944     -1.46608    7.56673e-06
0.418879     -1.46608    6.51425e-06
0.628319     -1.46608    4.91709e-06
0.837758     -1.46608    3.66497e-06
1.0472     -1.46608    3.97672e-06
1.25664     -1.46608    5.72703e-06
1.46608     -1.46608    7.68193e-06
1.67552     -1.46608    8.98201e-06
1.88496     -1.46608    9.86987e-06
2.0944     -1.46608    1.063e-05
2.30383     -1.46608    1.12081e-05
2.51327     -1.46608    1.11098e-05
2.72271     -1.46608    9.3346e-06
2.93215     -1.46608    5.14552e-06
3.14159     -1.46608    2.76887e-08

-3.14159     -1.25664    2.46251e-07
-2.93215     -1.25664    6.16618e-06
-2.72271     -1.25664    9.92502e-06
-2.51327     -1.25664    1.1157e-05
-2.30383     -1.25664    1.10034e-05
-2.0944     -1.25664    1.03948e-05
-1.88496     -1.25664    9.76466e-06
-1.67552     -1.25664    9.21499e-06
-1.46608     -1.25664    8.42028e-06
-1.25664     -1.25664    7.20832e-06
-1.0472     -1.25664    5.63259e-06
-0.837758     -1.25664    4.62492e-06
-0.628319     -1.25664    4.76548e-06
-0.418879     -1.25664    5.51761e-06
-0.20944     -1.25664    6.29469e-06
0     -1.25664    6.20435e-06
0.20944     -1.25664    6.16082e-06
0.418879     -1.25664    5.5295e-06
0.628319     -1.25664    4.76532e-06
0.837758     -1.25664    4.59841e-06
1.0472     -1.25664    5.63051e-06
1.25664     -1.25664    7.21472e-06
1.46608     -1.25664    8.45543e-06
1.67552     -1.25664    9.22754e-06
1.88496     -1.25664    9.76283e-06
2.0944     -1.25664    1.03909e-05
2.30383     -1.25664    1.10139e-05
2.51327     -1.25664    1.11601e-05
2.72271     -1.25664    9.92846e-06
2.93215     -1.25664    6.17195e-06
3.14159     -1.25664    2.56999e-07

-3.14159     -1.0472    3.38043e-07
-2.93215     -1.0472    5.85142e-06
-2.72271     -1.0472    9.37151e-06
-2.51327     -1.0472    1.05651e-05
-2.30383     -1.0472    1.05006e-05
-2.0944     -1.0472    1.00213e-05
-1.88496     -1.0472    9.50645e-06
-1.67552     -1.0472    9.05783e-06
-1.46608     -1.0472    8.59011e-06
-1.25664     -1.0472    7.77512e-06
-1.0472     -1.0472    6.54105e-06
-0.837758     -1.0472    5.29798e-06
-0.628319     -1.0472    4.61703e-06
-0.418879     -1.0472    4.76761e-06
-0.20944     -1.0472    4.79763e-06
0     -1.0472    5.55168e-06
0.20944     -1.0472    4.88706e-06
0.418879     -1.0472    4.79579e-06
0.628319     -1.0472    4.57827e-06
0.837758     -1.0472    5.32432e-06
1.0472     -1.0472    6.54628e-06
1.25664     -1.0472    7.77181e-06
1.46608     -1.0472    8.56615e-06
1.67552     -1.0472    9.06426e-06
1.88496     -1.0472    9.51004e-06
2.0944     -1.0472    1.00208e-05
2.30383     -1.0472    1.05158e-05
2.51327     -1.0472    1.05725e-05
2.72271     -1.0472    9.38017e-06
2.93215     -1.0472    5.86002e-06
3.14159     -1.0472    3.26948e-07

-3.14159     -0.837758    2.29748e-06
-2.93215     -0.837758    3.99646e-06
-2.72271     -0.837758    7.74069e-06
-2.51327     -0.837758    9.32575e-06
-2.30383     -0.837758    9.68609e-06
-2.0944     -0.837758    9.50528e-06
-1.88496     -0.837758    9.17077e-06
-1.67552     -0.837758    8.81795e-06
-1.46608     -0.837758    8.41159e-06
-1.25664     -0.837758    7.81643e-06
-1.0472     -0.837758    6.69077e-06
-0.837758     -0.837758    5.39134e-06
-0.628319     -0.837758    4.19065e-06
-0.418879     -0.837758    3.22537e-06
-0.20944     -0.837758    3.06484e-06
0     -0.837758    2.24283e-06
0.20944     -0.837758    3.05139e-06
0.418879     -0.837758    3.08552e-06
0.628319     -0.837758    4.18022e-06
0.837758     -0.837758    5.40128e-06
1.0472     -0.837758    6.72827e-06
1.25664     -0.837758    7.82085e-06
1.46608     -0.837758    8.41602e-06
1.67552     -0.837758    8.81958e-06
1.88496     -0.837758    9.16917e-06
2.0944     -0.837758    9.48862e-06
2.30383     -0.837758    9.68595e-06
2.51327     -0.837758    9.32873e-06
2.72271     -0.837758    7.73555e-06
2.93215     -0.837758    4.00172e-06
3.14159     -0.837758    2.29206e-06

-3.14159     -0.628319    6.06174e-06
-2.93215     -0.628319    2.68148e-07
-2.72271     -0.628319    4.50774e-06
-2.51327     -0.628319    6.90735e-06
-2.30383     -0.628319    8.00882e-06
-2.0944     -0.628319    8.39694e-06
-1.88496     -0.628319    8.42045e-06
-1.67552     -0.628319    8.2491e-06
-1.46608     -0.628319    7.87686e-06
-1.25664     -0.628319    7.34802e-06
-1.0472     -0.628319    6.3118e-06
-0.837758     -0.628319    4.86311e-06
-0.628319     -0.628319    3.37028e-06
-0.418879     -0.628319    2.22051e-06
-0.20944     -0.628319    1.24543e-06
0     -0.628319    2.00575e-06
0.20944     -0.628319    9.75315e-07
0.418879     -0.628319    2.28537e-06
0.628319     -0.628319    3.42764e-06
0.837758     -0.628319    4.82866e-06
1.0472     -0.628319    6.28023e-06
1.25664     -0.628319    7.33549e-06
1.46608     -0.628319    7.91449e-06
1.67552     -0.628319    8.26491e-06
1.88496     -0.628319    8.42758e-06
2.0944     -0.628319    8.39037e-06
2.30383     -0.628319    8.02008e-06
2.51327     -0.628319    6.90874e-06
2.72271     -0.628319    4.50228e-06
2.93215     -0.628319    2.70757e-07
3.14159     -0.628319    6.05218e-06

-3.14159     -0.418879    1.11906e-05
-2.93215     -0.418879    5.29616e-06
-2.72271     -0.418879    7.55934e-07
-2.51327     -0.418879    2.48579e-06
-2.30383     -0.418879    4.63192e-06
-2.0944     -0.418879    5.89837e-06
-1.88496     -0.418879    6.58898e-06
-1.67552     -0.418879    6.88224e-06
-1.46608     -0.418879    6.83467e-06
-1.25664     -0.418879    6.3916e-06
-1.0472     -0.418879    5.43718e-06
-0.837758     -0.418879    3.90337e-06
-0.628319     -0.418879    2.189e-06
-0.418879     -0.418879    1.85829e-07
-0.20944     -0.418879    3.97155e-07
0     -0.418879    3.15978e-06
0.20944     -0.418879    1.28346e-06
0.418879     -0.418879    1.10186e-07
0.628319     -0.418879    2.13202e-06
0.837758     -0.418879    3.88489e-06
1.0472     -0.418879    5.45633e-06
1.25664     -0.418879    6.37058e-06
1.46608     -0.418879    6.82538e-06
1.67552     -0.418879    6.86662e-06
1.88496     -0.418879    6.58466e-06
2.0944     -0.418879    5.89654e-06
2.30383     -0.418879    4.62757e-06
2.51327     -0.418879    2.48229e-06
2.72271     -0.418879    7.55245e-07
2.93215     -0.418879    5.2909e-06
3.14159     -0.418879    1.11862e-05

-3.14159     -0.20944    1.52825e-05
-2.93215     -0.20944    1.0431e-05
-2.72271     -0.20944    6.24906e-06
-2.51327     -0.20944    2.73305e-06
-2.30383     -0.20944    1.4551e-07
-2.0944     -0.20944    2.30582e-06
-1.88496     -0.20944    3.84508e-06
-1.67552     -0.20944    4.83595e-06
-1.46608     -0.20944    5.32007e-06
-1.25664     -0.20944    5.20225e-06
-1.0472     -0.20944    4.38783e-06
-0.837758     -0.20944    3.07892e-06
-0.628319     -0.20944    1.2137e-06
-0.418879     -0.20944    7.27591e-07
-0.20944     -0.20944    2.54921e-06
0     -0.20944    5.21621e-06
0.20944     -0.20944    4.50109e-06
0.418879     -0.20944    1.46163e-06
0.628319     -0.20944    1.31374e-06
0.837758     -0.20944    3.03211e-06
1.0472     -0.20944    4.54677e-06
1.25664     -0.20944    5.26994e-06
1.46608     -0.20944    5.31575e-06
1.67552     -0.20944    4.83214e-06
1.88496     -0.20944    3.84221e-06
2.0944     -0.20944    2.30632e-06
2.30383     -0.20944    1.43145e-07
2.51327     -0.20944    2.73577e-06
2.72271     -0.20944    6.24844e-06
2.93215     -0.20944    1.04332e-05
3.14159     -0.20944    1.52842e-05

-3.14159     0    1.66488e-05
-2.93215     0    1.23887e-05
-2.72271     0    8.62786e-06
-2.51327     0    5.14501e-06
-2.30383     0    2.09474e-06
-2.0944     0    4.41981e-07
-1.88496     0    2.39673e-06
-1.67552     0    3.72657e-06
-1.46608     0    4.51138e-06
-1.25664     0    4.64876e-06
-1.0472     0    4.02123e-06
-0.837758     0    2.73951e-06
-0.628319     0    1.02782e-06
-0.418879     0    6.15322e-07
-0.20944     0    4.36792e-06
0     0    2.25929e-16
0.20944     0    4.36792e-06
0.418879     0    6.15322e-07
0.628319     0    1.02782e-06
0.837758     0    2.73951e-06
1.0472     0    4.02123e-06
1.25664     0    4.64876e-06
1.46608     0    4.51138e-06
1.67552     0    3.72657e-06
1.88496     0    2.39673e-06
2.0944     0    4.41981e-07
2.30383     0    2.09474e-06
2.51327     0    5.14501e-06
2.72271     0    8.62786e-06
2.93215     0    1.23887e-05
3.14159     0    1.66488e-05

-3.14159     0.20944    1.52842e-05
-2.93215     0.20944    1.04332e-05
-2.72271     0.20944    6.24844e-06
-2.51327     0.20944    2.73577e-06
-2.30383     0.20944    1.43145e-07
-2.0944     0.20944    2.30632e-06
-1.88496     0.20944    3.84221e-06
-1.67552     0.20944    4.83214e-06
-1.46608     0.20944    5.31575e-06
-1.25664     0.20944    5.26994e-06
-1.0472     0.20944    4.54677e-06
-0.837758     0.20944    3.03211e-06
-0.628319     0.20944    1.31374e-06
-0.418879     0.20944    1.46163e-06
-0.20944     0.20944    4.50109e-06
0     0.20944    5.21621e-06
0.20944     0.20944    2.54921e-06
0.418879     0.20944    7.27591e-07
0.628319     0.20944    1.2137e-06
0.837758     0.20944    3.07892e-06
1.0472     0.20944    4.38783e-06
1.25664     0.20944    5.20225e-06
1.46608     0.20944    5.32007e-06
1.67552     0.20944    4.83595e-06
1.88496     0.20944    3.84508e-06
2.0944     0.20944    2.30582e-06
2.30383     0.20944    1.4551e-07
2.51327     0.20944    2.73305e-06
2.72271     0.20944    6.24906e-06
2.93215     0.20944    1.0431e-05
3.14159     0.20944    1.52825e-05

-3.14159     0.418879    1.11862e-05
-2.93215     0.418879    5.2909e-06
-2.72271     0.418879    7.55245e-07
-2.51327     0.418879    2.48229e-06
-2.30383     0.418879    4.62757e-06
-2.0944     0.418879    5.89654e-06
-1.88496     0.418879    6.58466e-06
-1.67552     0.418879    6.86662e-06
-1.46608     0.418879    6.82538e-06
-1.25664     0.418879    6.37058e-06
-1.0472     0.418879    5.45633e-06
-0.837758     0.418879    3.88489e-06
-0.628319     0.418879    2.13202e-06
-0.418879     0.418879    1.10186e-07
-0.20944     0.418879    1.28346e-06
0     0.418879    3.15978e-06
0.20944     0.418879    3.97155e-07
0.418879     0.418879    1.85829e-07
0.628319     0.418879    2.189e-06
0.837758     0.418879    3.90337e-06
1.0472     0.418879    5.43718e-06
1.25664     0.418879    6.3916e-06
1.46608     0.418879    6.83467e-06
1.67552     0.418879    6.88224e-06
1.88496     0.418879    6.58898e-06
2.0944     0.418879    5.89837e-06
2.30383     0.418879    4.63192e-06
2.51327     0.418879    2.48579e-06
2.72271     0.418879    7.55934e-07
2.93215     0.418879    5.29616e-06
3.14159     0.418879    1.11906e-05

-3.14159     0.628319    6.05218e-06
-2.93215     0.628319    2.70757e-07
-2.72271     0.628319    4.50228e-06
-2.51327     0.628319    6.90874e-06
-2.30383     0.628319    8.02008e-06
-2.0944     0.628319    8.39037e-06
-1.88496     0.628319    8.42758e-06
-1.67552     0.628319    8.26491e-06
-1.46608     0.628319    7.91449e-06
-1.25664     0.628319    7.33549e-06
-1.0472     0.628319    6.28023e-06
-0.837758     0.628319    4.82866e-06
-0.628319     0.628319    3.42764e-06
-0.418879     0.628319    2.28537e-06
-0.20944     0.628319    9.75315e-07
0     0.628319    2.00575e-06
0.20944     0.628319    1.24543e-06
0.418879     0.628319    2.22051e-06
0.628319     0.628319    3.37028e-06
0.837758     0.628319    4.86311e-06
1.0472     0.628319    6.3118e-06
1.25664     0.628319    7.34802e-06
1.46608     0.628319    7.87686e-06
1.67552     0.628319    8.2491e-06
1.88496     0.628319    8.42045e-06
2.0944     0.628319    8.39694e-06
2.30383     0.628319    8.00882e-06
2.51327     0.628319    6.90735e-06
2.72271     0.628319    4.50774e-06
2.93215     0.628319    2.68148e-07
3.14159     0.628319    6.06174e-06

-3.14159     0.837758    2.29206e-06
-2.93215     0.837758    4.00172e-06
-2.72271     0.837758    7.73555e-06
-2.51327     0.837758    9.32873e-06
-2.30383     0.837758    9.68595e-06
-2.0944     0.837758    9.48862e-06
-1.88496     0.837758    9.16917e-06
-1.67552     0.837758    8.81958e-06
-1.46608     0.837758    8.41602e-06
-1.25664     0.837758    7.82085e-06
-1.0472     0.837758    6.72827e-06
-0.837758     0.837758    5.40128e-06
-0.628319     0.837758    4.18022e-06
-0.418879     0.837758    3.08552e-06
-0.20944     0.837758    3.05139e-06
0     0.837758    2.24283e-06
0.20944     0.837758    3.06484e-06
0.418879     0.837758    3.22537e-06
0.628319     0.837758    4.19065e-06
0.837758     0.837758    5.39134e-06
1.0472     0.837758    6.69077e-06
1.25664     0.837758    7.81643e-06
1.46608     0.837758    8.41159e-06
1.67552     0.837758    8.81795e-06
1.88496     0.837758    9.17077e-06
2.0944     0.837758    9.50528e-06
2.30383     0.837758    9.68609e-06
2.51327     0.837758    9.32575e-06
2.72271     0.837758    7.74069e-06
2.93215     0.837758    3.99646e-06
3.14159     0.837758    2.29748e-06

-3.14159     1.0472    3.26948e-07
-2.93215     1.0472    5.86002e-06
-2.72271     1.0472    9.38017e-06
-2.51327     1.0472    1.05725e-05
-2.30383     1.0472    1.05158e-05
-2.0944     1.0472    1.00208e-05
-1.88496     1.0472    9.51004e-06
-1.67552     1.0472    9.06426e-06
-1.46608     1.0472    8.56615e-06
-1.25664     1.0472    7.77181e-06
-1.0472     1.0472    6.54628e-06
-0.837758     1.0472    5.32432e-06
-0.628319     1.0472    4.57827e-06
-0.418879     1.0472    4.79579e-06
-0.20944     1.0472    4.88706e-06
0     1.0472    5.55168e-06
0.20944     1.0472    4.79763e-06
0.418879     1.0472    4.76761e-06
0.628319     1.0472    4.61703e-06
0.837758     1.0472    5.29798e-06
1.0472     1.0472    6.54105e-06
1.25664     1.0472    7.77512e-06
1.46608     1.0472    8.59011e-06
1.67552     1.0472    9.05783e-06
1.88496     1.0472    9.50645e-06
2.0944     1.0472    1.00213e-05
2.30383     1.0472    1.05006e-05
2.51327     1.0472    1.05651e-05
2.72271     1.0472    9.37151e-06
2.93215     1.0472    5.85142e-06
3.14159     1.0472    3.38043e-07

-3.14159     1.25664    2.56999e-07
-2.93215     1.25664    6.17195e-06
-2.72271     1.25664    9.92846e-06
-2.51327     1.25664    1.11601e-05
-2.30383     1.25664    1.10139e-05
-2.0944     1.25664    1.03909e-05
-1.88496     1.25664    9.76283e-06
-1.67552     1.25664    9.22754e-06
-1.46608     1.25664    8.45543e-06
-1.25664     1.25664    7.21472e-06
-1.0472     1.25664    5.63051e-06
-0.837758     1.25664    4.59841e-06
-0.628319     1.25664    4.76532e-06
-0.418879     1.25664    5.5295e-06
-0.20944     1.25664    6.16082e-06
0     1.25664    6.20435e-06
0.20944     1.25664    6.29469e-06
0.418879     1.25664    5.51761e-06
0.628319     1.25664    4.76548e-06
0.837758     1.25664    4.62492e-06
1.0472     1.25664    5.63259e-06
1.25664     1.25664    7.20832e-06
1.46608     1.25664    8.42028e-06
1.67552     1.25664    9.21499e-06
1.88496     1.25664    9.76466e-06
2.0944     1.25664    1.03948e-05
2.30383     1.25664    1.10034e-05
2.51327     1.25664    1.1157e-05
2.72271     1.25664    9.92502e-06
2.93215     1.25664    6.16618e-06
3.14159     1.25664    2.46251e-07

-3.14159     1.46608    2.76887e-08
-2.93215     1.46608    5.14552e-06
-2.72271     1.46608    9.3346e-06
-2.51327     1.46608    1.11098e-05
-2.30383     1.46608    1.12081e-05
-2.0944     1.46608    1.063e-05
-1.88496     1.46608    9.86987e-06
-1.67552     1.46608    8.98201e-06
-1.46608     1.46608    7.68193e-06
-1.25664     1.46608    5.72703e-06
-1.0472     1.46608    3.97672e-06
-0.837758     1.46608    3.66497e-06
-0.628319     1.46608    4.91709e-06
-0.418879     1.46608    6.51425e-06
-0.20944     1.46608    7.56673e-06
0     1.46608    7.78667e-06
0.20944     1.46608    7.36337e-06
0.418879     1.46608    6.49543e-06
0.628319     1.46608    4.94996e-06
0.837758     1.46608    3.65491e-06
1.0472     1.46608    3.97258e-06
1.25664     1.46608    5.7457e-06
1.46608     1.46608    7.66683e-06
1.67552     1.46608    9.00906e-06
1.88496     1.46608    9.88378e-06
2.0944     1.46608    1.06363e-05
2.30383     1.46608    1.12155e-05
2.51327     1.46608    1.11068e-05
2.72271     1.46608    9.34399e-06
2.93215     1.46608    5.13713e-06
3.14159     1.46608    2.50412e-08

-3.14159     1.67552    4.67999e-07
-2.93215     1.67552    3.00042e-06
-2.72271     1.67552    7.38404e-06
-2.51327     1.67552    1.00086e-05
-2.30383     1.67552    1.0673e-05
-2.0944     1.67552    1.02652e-05
-1.88496     1.67552    9.35362e-06
-1.67552     1.67552    7.88943e-06
-1.46608     1.67552    5.66505e-06
-1.25664     1.67552    3.09968e-06
-1.0472     1.67552    1.82304e-06
-0.837758     1.67552    2.94102e-06
-0.628319     1.67552    5.41262e-06
-0.418879     1.67552    7.35262e-06
-0.20944     1.67552    8.06053e-06
0     1.67552    8.48428e-06
0.20944     1.67552    8.16782e-06
0.418879     1.67552    7.34189e-06
0.628319     1.67552    5.40402e-06
0.837758     1.67552    2.95121e-06
1.0472     1.67552    1.83116e-06
1.25664     1.67552    3.11074e-06
1.46608     1.67552    5.67165e-06
1.67552     1.67552    7.88887e-06
1.88496     1.67552    9.34831e-06
2.0944     1.67552    1.02659e-05
2.30383     1.67552    1.06823e-05
2.51327     1.67552    1.00085e-05
2.72271     1.67552    7.39398e-06
2.93215     1.67552    2.98749e-06
3.14159     1.67552    4.64651e-07

-3.14159     1.88496    5.46836e-07
-2.93215     1.88496    3.61711e-07
-2.72271     1.88496    3.91221e-06
-2.51327     1.88496    7.20117e-06
-2.30383     1.88496    8.66579e-06
-2.0944     1.88496    8.53418e-06
-1.88496     1.88496    7.32604e-06
-1.67552     1.88496    5.05953e-06
-1.46608     1.88496    1.99993e-06
-1.25664     1.88496    4.15089e-07
-1.0472     1.88496    1.7208e-07
-0.837758     1.88496    2.77654e-06
-0.628319     1.88496    6.14805e-06
-0.418879     1.88496    8.02314e-06
-0.20944     1.88496    8.84992e-06
0     1.88496    8.68943e-06
0.20944     1.88496    8.79679e-06
0.418879     1.88496    8.06219e-06
0.628319     1.88496    6.16448e-06
0.837758     1.88496    2.79043e-06
1.0472     1.88496    1.76086e-07
1.25664     1.88496    4.18837e-07
1.46608     1.88496    1.992e-06
1.67552     1.88496    5.06113e-06
1.88496     1.88496    7.33067e-06
2.0944     1.88496    8.54157e-06
2.30383     1.88496    8.66561e-06
2.51327     1.88496    7.20481e-06
2.72271     1.88496    3.90392e-06
2.93215     1.88496    3.50385e-07
3.14159     1.88496    5.44974e-07

-3.14159     2.0944    1.8353e-07
-2.93215     2.0944    2.16494e-06
-2.72271     2.0944    6.8529e-07
-2.51327     2.0944    2.30838e-06
-2.30383     2.0944    4.34976e-06
-2.0944     2.0944    4.55894e-06
-1.88496     2.0944    3.00767e-06
-1.67552     2.0944    7.00066e-08
-1.46608     2.0944    2.97617e-06
-1.25664     2.0944    3.96085e-06
-1.0472     2.0944    1.48046e-06
-0.837758     2.0944    3.19923e-06
-0.628319     2.0944    7.0098e-06
-0.418879     2.0944    8.8553e-06
-0.20944     2.0944    9.24511e-06
0     2.0944    9.57191e-06
0.20944     2.0944    9.26812e-06
0.418879     2.0944    8.83436e-06
0.628319     2.0944    7.00769e-06
0.837758     2.0944    3.18463e-06
1.0472     2.0944    1.47882e-06
1.25664     2.0944    3.95338e-06
1.46608     2.0944    2.9786e-06
1.67552     2.0944    7.55529e-08
1.88496     2.0944    3.0038e-06
2.0944     2.0944    4.56469e-06
2.30383     2.0944    4.3458e-06
2.51327     2.0944    2.30329e-06
2.72271     2.0944    6.90649e-07
2.93215     2.0944    2.1615e-06
3.14159     2.0944    1.78763e-07

-3.14159     2.30383    2.26667e-07
-2.93215     2.30383    4.35861e-06
-2.72271     2.30383    5.63424e-06
-2.51327     2.30383    4.21922e-06
-2.30383     2.30383    2.40018e-06
-2.0944     2.30383    2.07731e-06
-1.88496     2.30383    3.69027e-06
-1.67552     2.30383    6.29468e-06
-1.46608     2.30383    7.93662e-06
-1.25664     2.30383    6.68389e-06
-1.0472     2.30383    2.02673e-06
-0.837758     2.30383    3.79383e-06
-0.628319     2.30383    7.74572e-06
-0.418879     2.30383    9.32507e-06
-0.20944     2.30383    9.87345e-06
0     2.30383    9.72055e-06
0.20944     2.30383    9.85814e-06
0.418879     2.30383    9.37919e-06
0.628319     2.30383    7.7364e-06
0.837758     2.30383    3.79124e-06
1.0472     2.30383    2.02283e-06
1.25664     2.30383    6.67927e-06
1.46608     2.30383    7.93964e-06
1.67552     2.30383    6.30755e-06
1.88496     2.30383    3.6942e-06
2.0944     2.30383    2.07257e-06
2.30383     2.30383    2.40505e-06
2.51327     2.30383    4.23018e-06
2.72271     2.30383    5.62761e-06
2.93215     2.30383    4.35339e-06
3.14159     2.30383    2.20211e-07

-3.14159     2.51327    8.02086e-09
-2.93215     2.51327    6.42844e-06
-2.72271     2.51327    1.028e-05
-2.51327     2.51327    1.11807e-05
-2.30383     2.51327    1.06535e-05
-2.0944     2.51327    1.05898e-05
-1.88496     2.51327    1.15463e-05
-1.67552     2.51327    1.25013e-05
-1.46608     2.51327    1.19431e-05
-1.25664     2.51327    8.59946e-06
-1.0472     2.51327    2.29201e-06
-0.837758     2.51327    4.1735e-06
-0.628319     2.51327    8.21391e-06
-0.418879     2.51327    1.00292e-05
-0.20944     2.51327    1.05714e-05
0     2.51327    1.08213e-05
0.20944     2.51327    1.05662e-05
0.418879     2.51327    9.99327e-06
0.628319     2.51327    8.21236e-06
0.837758     2.51327    4.16036e-06
1.0472     2.51327    2.29059e-06
1.25664     2.51327    8.59722e-06
1.46608     2.51327    1.19487e-05
1.67552     2.51327    1.24923e-05
1.88496     2.51327    1.15456e-05
2.0944     2.51327    1.05819e-05
2.30383     2.51327    1.06558e-05
2.51327     2.51327    1.11855e-05
2.72271     2.51327    1.028e-05
2.93215     2.51327    6.43436e-06
3.14159     2.51327    2.11623e-08

-3.14159     2.72271    1.4875e-06
-2.93215     2.72271    8.85738e-06
-2.72271     2.72271    1.45943e-05
-2.51327     2.72271    1.76293e-05
-2.30383     2.72271    1.874e-05
-2.0944     2.72271    1.89738e-05
-1.88496     2.72271    1.86403e-05
-1.67552     2.72271    1.76238e-05
-1.46608     2.72271    1.52739e-05
-1.25664     2.72271    1.03777e-05
-1.0472     2.72271    3.05442e-06
-0.837758     2.72271    3.7516e-06
-0.628319     2.72271    8.06968e-06
-0.418879     2.72271    1.01377e-05
-0.20944     2.72271    1.09862e-05
0     2.72271    1.11602e-05
0.20944     2.72271    1.10201e-05
0.418879     2.72271    1.01662e-05
0.628319     2.72271    8.06611e-06
0.837758     2.72271    3.76301e-06
1.0472     2.72271    3.05684e-06
1.25664     2.72271    1.03704e-05
1.46608     2.72271    1.52833e-05
1.67552     2.72271    1.76243e-05
1.88496     2.72271    1.86477e-05
2.0944     2.72271    1.89598e-05
2.30383     2.72271    1.87241e-05
2.51327     2.72271    1.76289e-05
2.72271     2.72271    1.45871e-05
2.93215     2.72271    8.85243e-06
3.14159     2.72271    1.49339e-06

-3.14159     2.93215    4.63611e-06
-2.93215     2.93215    1.22849e-05
-2.72271     2.93215    1.8911e-05
-2.51327     2.93215    2.29729e-05
-2.30383     2.93215    2.46943e-05
-2.0944     2.93215    2.47552e-05
-1.88496     2.93215    2.36911e-05
-1.67552     2.93215    2.18662e-05
-1.46608     2.93215    1.87131e-05
-1.25664     2.93215    1.29425e-05
-1.0472     2.93215    5.12739e-06
-0.837758     2.93215    1.87399e-06
-0.628319     2.93215    6.61662e-06
-0.418879     2.93215    9.36631e-06
-0.20944     2.93215    1.07157e-05
0     2.93215    1.10652e-05
0.20944     2.93215    1.06807e-05
0.418879     2.93215    9.34227e-06
0.628319     2.93215    6.61233e-06
0.837758     2.93215    1.87212e-06
1.0472     2.93215    5.13184e-06
1.25664     2.93215    1.29428e-05
1.46608     2.93215    1.87033e-05
1.67552     2.93215    2.1856e-05
1.88496     2.93215    2.36779e-05
2.0944     2.93215    2.47667e-05
2.30383     2.93215    2.47004e-05
2.51327     2.93215    2.29811e-05
2.72271     2.93215    1.88984e-05
2.93215     2.93215    1.22736e-05
3.14159     2.93215    4.64452e-06

-3.14159     3.14159    9.51285e-06
-2.93215     3.14159    1.65933e-05
-2.72271     3.14159    2.27087e-05
-2.51327     3.14159    2.62487e-05
-2.30383     3.14159    2.73038e-05
-2.0944     3.14159    2.70186e-05
-1.88496     3.14159    2.6246e-05
-1.67552     3.14159    2.50858e-05
-1.46608     3.14159    2.2321e-05
-1.25664     3.14159    1.65905e-05
-1.0472     3.14159    8.98525e-06
-0.837758     3.14159    2.12076e-06
-0.628319     3.14159    2.97515e-06
-0.418879     3.14159    6.28006e-06
-0.20944     3.14159    7.96424e-06
0     3.14159    8.58911e-06
0.20944     3.14159    7.98107e-06
0.418879     3.14159    6.2766e-06
0.628319     3.14159    2.97178e-06
0.837758     3.14159    2.11474e-06
1.0472     3.14159    8.98647e-06
1.25664     3.14159    1.65855e-05
1.46608     3.14159    2.23182e-05
1.67552     3.14159    2.50799e-05
1.88496     3.14159    2.62538e-05
2.0944     3.14159    2.70242e-05
2.30383     3.14159    2.72829e-05
2.51327     3.14159    2.62399e-05
2.72271     3.14159    2.26876e-05
2.93215     3.14159    1.65963e-05
3.14159     3.14159    9.52008e-06

