-3.14159     -3.14159    5.94093e-05
-2.93215     -3.14159    0.000124415
-2.72271     -3.14159    0.00018993
-2.51327     -3.14159    0.000240873
-2.30383     -3.14159    0.000236425
-2.0944     -3.14159    0.000199259
-1.88496     -3.14159    0.000175394
-1.67552     -3.14159    0.000172638
-1.46608     -3.14159    0.000180176
-1.25664     -3.14159    0.000124437
-1.0472     -3.14159    6.21609e-05
-0.837758     -3.14159    2.73946e-05
-0.628319     -3.14159    5.60507e-07
-0.418879     -3.14159    2.19152e-05
-0.20944     -3.14159    3.40553e-05
0     -3.14159    4.29124e-05
0.20944     -3.14159    3.40301e-05
0.418879     -3.14159    2.19129e-05
0.628319     -3.14159    5.58881e-07
0.837758     -3.14159    2.73972e-05
1.0472     -3.14159    6.21608e-05
1.25664     -3.14159    0.000124438
1.46608     -3.14159    0.00018018
1.67552     -3.14159    0.000172639
1.88496     -3.14159    0.000175399
2.0944     -3.14159    0.000199267
2.30383     -3.14159    0.000236433
2.51327     -3.14159    0.000240871
2.72271     -3.14159    0.000189932
2.93215     -3.14159    0.000124418
3.14159     -3.14159    5.94068e-05

-3.14159     -2.93215    2.67838e-05
-2.93215     -2.93215    0.00010044
-2.72271     -2.93215    0.000159184
-2.51327     -2.93215    0.000187014
-2.30383     -2.93215    0.000219985
-2.0944     -2.93215    0.000214212
-1.88496     -2.93215    0.000169187
-1.67552     -2.93215    0.000145742
-1.46608     -2.93215    0.000142792
-1.25664     -2.93215    9.49904e-05
-1.0472     -2.93215    2.29647e-05
-0.837758     -2.93215    1.80109e-05
-0.628319     -2.93215    4.79641e-05
-0.418879     -2.93215    7.06113e-05
-0.20944     -2.93215    8.06673e-05
0     -2.93215    7.81968e-05
0.20944     -2.93215    8.07013e-05
0.418879     -2.93215    7.05827e-05
0.628319     -2.93215    4.7961e-05
0.837758     -2.93215    1.80057e-05
1.0472     -2.93215    2.29647e-05
1.25664     -2.93215    9.49898e-05
1.46608     -2.93215    0.000142797
1.67552     -2.93215    0.000145747
1.88496     -2.93215    0.000169195
2.0944     -2.93215    0.000214224
2.30383     -2.93215    0.000219991
2.51327     -2.93215    0.000187014
2.72271     -2.93215    0.000159187
2.93215     -2.93215    0.000100441
3.14159     -2.93215    2.67854e-05

-3.14159     -2.72271    3.04046e-05
-2.93215     -2.72271    0.000111676
-2.72271     -2.72271    0.000165899
-2.51327     -2.72271    0.000162513
-2.30383     -2.72271    0.000147706
-2.0944     -2.72271    0.000153925
-1.88496     -2.72271    0.000145284
-1.67552     -2.72271    0.000129999
-1.46608     -2.72271    0.000119245
-1.25664     -2.72271    9.10988e-05
-1.0472     -2.72271    1.32849e-05
-0.837758     -2.72271    3.54725e-05
-0.628319     -2.72271    6.99891e-05
-0.418879     -2.72271    8.27014e-05
-0.20944     -2.72271    9.33872e-05
0     -2.72271    0.000102857
0.20944     -2.72271    9.33537e-05
0.418879     -2.72271    8.27537e-05
0.628319     -2.72271    6.99899e-05
0.837758     -2.72271    3.54748e-05
1.0472     -2.72271    1.32884e-05
1.25664     -2.72271    9.11055e-05
1.46608     -2.72271    0.000119255
1.67552     -2.72271    0.00013001
1.88496     -2.72271    0.000145295
2.0944     -2.72271    0.000153932
2.30383     -2.72271    0.000147713
2.51327     -2.72271    0.000162519
2.72271     -2.72271    0.0001659
2.93215     -2.72271    0.000111674
3.14159     -2.72271    3.04094e-05

-3.14159     -2.51327    4.37305e-05
-2.93215     -2.51327    0.00012427
-2.72271     -2.51327    0.000155454
-2.51327     -2.51327    0.000146707
-2.30383     -2.51327    9.38746e-05
-2.0944     -2.51327    6.32696e-05
-1.88496     -2.51327    8.42463e-05
-1.67552     -2.51327    0.000110996
-1.46608     -2.51327    9.84812e-05
-1.25664     -2.51327    8.45413e-05
-1.0472     -2.51327    3.55422e-06
-0.837758     -2.51327    4.97439e-05
-0.628319     -2.51327    8.08203e-05
-0.418879     -2.51327    8.44406e-05
-0.20944     -2.51327    9.2963e-05
0     -2.51327    9.39582e-05
0.20944     -2.51327    9.29832e-05
0.418879     -2.51327    8.43792e-05
0.628319     -2.51327    8.0818e-05
0.837758     -2.51327    4.97331e-05
1.0472     -2.51327    3.55593e-06
1.25664     -2.51327    8.455e-05
1.46608     -2.51327    9.84913e-05
1.67552     -2.51327    0.000111005
1.88496     -2.51327    8.4257e-05
2.0944     -2.51327    6.32808e-05
2.30383     -2.51327    9.38866e-05
2.51327     -2.51327    0.000146715
2.72271     -2.51327    0.000155454
2.93215     -2.51327    0.000124274
3.14159     -2.51327    4.37344e-05

-3.14159     -2.30383    7.38387e-05
-2.93215     -2.30383    0.000132322
-2.72271     -2.30383    0.000130338
-2.51327     -2.30383    7.5104e-05
-2.30383     -2.30383    3.00562e-05
-2.0944     -2.30383    7.60845e-06
-1.88496     -2.30383    1.69525e-05
-1.67552     -2.30383    5.29147e-05
-1.46608     -2.30383    7.93597e-05
-1.25664     -2.30383    6.95406e-05
-1.0472     -2.30383    1.87323e-06
-0.837758     -2.30383    5.97221e-05
-0.628319     -2.30383    8.79953e-05
-0.418879     -2.30383    9.81077e-05
-0.20944     -2.30383    9.61498e-05
0     -2.30383    0.000104615
0.20944     -2.30383    9.61581e-05
0.418879     -2.30383    9.81735e-05
0.628319     -2.30383    8.7994e-05
0.837758     -2.30383    5.97264e-05
1.0472     -2.30383    1.87682e-06
1.25664     -2.30383    6.95541e-05
1.46608     -2.30383    7.93726e-05
1.67552     -2.30383    5.29246e-05
1.88496     -2.30383    1.69612e-05
2.0944     -2.30383    7.61364e-06
2.30383     -2.30383    3.00651e-05
2.51327     -2.30383    7.51117e-05
2.72271     -2.30383    0.000130345
2.93215     -2.30383    0.000132321
3.14159     -2.30383    7.38422e-05

-3.14159     -2.0944    0.000103698
-2.93215     -2.0944    0.000122364
-2.72271     -2.0944    8.51866e-05
-2.51327     -2.0944    2.22822e-05
-2.30383     -2.0944    2.29409e-05
-2.0944     -2.0944    3.94524e-05
-1.88496     -2.0944    3.13884e-05
-1.67552     -2.0944    2.20918e-05
-1.46608     -2.0944    1.62386e-05
-1.25664     -2.0944    3.92224e-05
-1.0472     -2.0944    3.02412e-07
-0.837758     -2.0944    5.32843e-05
-0.628319     -2.0944    8.34891e-05
-0.418879     -2.0944    0.000101272
-0.20944     -2.0944    9.42506e-05
0     -2.0944    8.87227e-05
0.20944     -2.0944    9.422e-05
0.418879     -2.0944    0.000101209
0.628319     -2.0944    8.34908e-05
0.837758     -2.0944    5.32758e-05
1.0472     -2.0944    2.91264e-07
1.25664     -2.0944    3.92326e-05
1.46608     -2.0944    1.62566e-05
1.67552     -2.0944    2.20795e-05
1.88496     -2.0944    3.13786e-05
2.0944     -2.0944    3.94437e-05
2.30383     -2.0944    2.29353e-05
2.51327     -2.0944    2.22896e-05
2.72271     -2.0944    8.51937e-05
2.93215     -2.0944    0.000122367
3.14159     -2.0944    0.000103701

-3.14159     -1.88496    0.000118436
-2.93215     -1.88496    0.000101555
-2.72271     -1.88496    2.94701e-05
-2.51327     -1.88496    3.46248e-05
-2.30383     -1.88496    6.32808e-05
-2.0944     -1.88496    7.11507e-05
-1.88496     -1.88496    7.05581e-05
-1.67552     -1.88496    6.32991e-05
-1.46608     -1.88496    4.58764e-05
-1.25664     -1.88496    1.59483e-05
-1.0472     -1.88496    1.79616e-05
-0.837758     -1.88496    5.23175e-05
-0.628319     -1.88496    8.25413e-05
-0.418879     -1.88496    9.38648e-05
-0.20944     -1.88496    8.6933e-05
0     -1.88496    9.00011e-05
0.20944     -1.88496    8.7002e-05
0.418879     -1.88496    9.39005e-05
0.628319     -1.88496    8.2537e-05
0.837758     -1.88496    5.23234e-05
1.0472     -1.88496    1.79592e-05
1.25664     -1.88496    1.5941e-05
1.46608     -1.88496    4.58664e-05
1.67552     -1.88496    6.32916e-05
1.88496     -1.88496    7.05494e-05
2.0944     -1.88496    7.11418e-05
2.30383     -1.88496    6.32715e-05
2.51327     -1.88496    3.46139e-05
2.72271     -1.88496    2.94771e-05
2.93215     -1.88496    0.000101562
3.14159     -1.88496    0.000118438

-3.14159     -1.67552    0.000115531
-2.93215     -1.67552    5.97973e-05
-2.72271     -1.67552    2.16176e-05
-2.51327     -1.67552    6.63889e-05
-2.30383     -1.67552    8.73814e-05
-2.0944     -1.67552    8.3391e-05
-1.88496     -1.67552    8.8002e-05
-1.67552     -1.67552    9.00436e-05
-1.46608     -1.67552    7.09544e-05
-1.25664     -1.67552    5.42436e-05
-1.0472     -1.67552    3.5413e-05
-0.837758     -1.67552    4.43225e-05
-0.628319     -1.67552    7.87552e-05
-0.418879     -1.67552    9.11098e-05
-0.20944     -1.67552    7.40675e-05
0     -1.67552    7.6512e-05
0.20944     -1.67552    7.38783e-05
0.418879     -1.67552    9.10838e-05
0.628319     -1.67552    7.87533e-05
0.837758     -1.67552    4.43125e-05
1.0472     -1.67552    3.54012e-05
1.25664     -1.67552    5.42369e-05
1.46608     -1.67552    7.09459e-05
1.67552     -1.67552    9.00391e-05
1.88496     -1.67552    8.79941e-05
2.0944     -1.67552    8.33892e-05
2.30383     -1.67552    8.73698e-05
2.51327     -1.67552    6.63803e-05
2.72271     -1.67552    2.16061e-05
2.93215     -1.67552    5.98018e-05
3.14159     -1.67552    0.000115534

-3.14159     -1.46608    9.55467e-05
-2.93215     -1.46608    1.39305e-05
-2.72271     -1.46608    5.6496e-05
-2.51327     -1.46608    8.08004e-05
-2.30383     -1.46608    9.70463e-05
-2.0944     -1.46608    9.22607e-05
-1.88496     -1.46608    9.16396e-05
-1.67552     -1.46608    0.000102794
-1.46608     -1.46608    9.291e-05
-1.25664     -1.46608    8.08816e-05
-1.0472     -1.46608    5.76356e-05
-0.837758     -1.46608    4.76316e-05
-0.628319     -1.46608    6.95947e-05
-0.418879     -1.46608    8.48546e-05
-0.20944     -1.46608    6.1932e-05
0     -1.46608    5.74204e-05
0.20944     -1.46608    6.21627e-05
0.418879     -1.46608    8.48468e-05
0.628319     -1.46608    6.95997e-05
0.837758     -1.46608    4.76332e-05
1.0472     -1.46608    5.76365e-05
1.25664     -1.46608    8.08789e-05
1.46608     -1.46608    9.29075e-05
1.67552     -1.46608    0.000102776
1.88496     -1.46608    9.16304e-05
2.0944     -1.46608    9.22512e-05
2.30383     -1.46608    9.70366e-05
2.51327     -1.46608    8.07922e-05
2.72271     -1.46608    5.64895e-05
2.93215     -1.46608    1.39418e-05
3.14159     -1.46608    9.55506e-05

-3.14159     -1.25664    6.28739e-05
-2.93215     -1.25664    1.54304e-05
-2.72271     -1.25664    6.80358e-05
-2.51327     -1.25664    9.33964e-05
-2.30383     -1.25664    0.000101528
-2.0944     -1.25664    9.58954e-05
-1.88496     -1.25664    9.8428e-05
-1.67552     -1.25664    9.5265e-05
-1.46608     -1.25664    9.12598e-05
-1.25664     -1.25664    9.42445e-05
-1.0472     -1.25664    7.89001e-05
-0.837758     -1.25664    7.2162e-05
-0.628319     -1.25664    8.11748e-05
-0.418879     -1.25664    8.92351e-05
-0.20944     -1.25664    7.27877e-05
0     -1.25664    5.99335e-05
0.20944     -1.25664    7.26969e-05
0.418879     -1.25664    8.92309e-05
0.628319     -1.25664    8.11527e-05
0.837758     -1.25664    7.21603e-05
1.0472     -1.25664    7.88927e-05
1.25664     -1.25664    9.42398e-05
1.46608     -1.25664    9.12511e-05
1.67552     -1.25664    9.52478e-05
1.88496     -1.25664    9.84257e-05
2.0944     -1.25664    9.58995e-05
2.30383     -1.25664    0.000101538
2.51327     -1.25664    9.33905e-05
2.72271     -1.25664    6.80351e-05
2.93215     -1.25664    1.54249e-05
3.14159     -1.25664    6.28774e-05

-3.14159     -1.0472    3.79016e-05
-2.93215     -1.0472    3.22598e-05
-2.72271     -1.0472    7.49418e-05
-2.51327     -1.0472    8.44565e-05
-2.30383     -1.0472    9.0676e-05
-2.0944     -1.0472    9.3708e-05
-1.88496     -1.0472    9.7545e-05
-1.67552     -1.0472    8.73727e-05
-1.46608     -1.0472    8.31333e-05
-1.25664     -1.0472    7.35401e-05
-1.0472     -1.0472    8.40098e-05
-0.837758     -1.0472    8.38763e-05
-0.628319     -1.0472    9.51218e-05
-0.418879     -1.0472    0.000101792
-0.20944     -1.0472    9.44305e-05
0     -1.0472    3.64309e-05
0.20944     -1.0472    9.44794e-05
0.418879     -1.0472    0.000101705
0.628319     -1.0472    9.50783e-05
0.837758     -1.0472    8.38494e-05
1.0472     -1.0472    8.40348e-05
1.25664     -1.0472    7.35316e-05
1.46608     -1.0472    8.31383e-05
1.67552     -1.0472    8.73797e-05
1.88496     -1.0472    9.7549e-05
2.0944     -1.0472    9.37155e-05
2.30383     -1.0472    9.06884e-05
2.51327     -1.0472    8.44592e-05
2.72271     -1.0472    7.49388e-05
2.93215     -1.0472    3.22544e-05
3.14159     -1.0472    3.7906e-05

-3.14159     -0.837758    2.78239e-05
-2.93215     -0.837758    2.48267e-05
-2.72271     -0.837758    6.5001e-05
-2.51327     -0.837758    8.25878e-05
-2.30383     -0.837758    8.99239e-05
-2.0944     -0.837758    0.000102378
-1.88496     -0.837758    9.30618e-05
-1.67552     -0.837758    8.24425e-05
-1.46608     -0.837758    7.95676e-05
-1.25664     -0.837758    6.08453e-05
-1.0472     -0.837758    6.52825e-05
-0.837758     -0.837758    0.000100613
-0.628319     -0.837758    0.000108104
-0.418879     -0.837758    0.000117803
-0.20944     -0.837758    0.000119193
0     -0.837758    0.000118122
0.20944     -0.837758    0.000119063
0.418879     -0.837758    0.000118089
0.628319     -0.837758    0.000108164
0.837758     -0.837758    0.000100657
1.0472     -0.837758    6.52664e-05
1.25664     -0.837758    6.08418e-05
1.46608     -0.837758    7.95823e-05
1.67552     -0.837758    8.24461e-05
1.88496     -0.837758    9.30611e-05
2.0944     -0.837758    0.000102377
2.30383     -0.837758    8.99209e-05
2.51327     -0.837758    8.2591e-05
2.72271     -0.837758    6.50038e-05
2.93215     -0.837758    2.48229e-05
3.14159     -0.837758    2.78283e-05

-3.14159     -0.628319    3.17415e-05
-2.93215     -0.628319    1.57378e-05
-2.72271     -0.628319    4.20604e-05
-2.51327     -0.628319    7.26199e-05
-2.30383     -0.628319    8.93553e-05
-2.0944     -0.628319    9.67596e-05
-1.88496     -0.628319    9.48679e-05
-1.67552     -0.628319    8.70572e-05
-1.46608     -0.628319    6.63804e-05
-1.25664     -0.628319    5.85773e-05
-1.0472     -0.628319    4.71885e-05
-0.837758     -0.628319    7.16467e-05
-0.628319     -0.628319    0.000118246
-0.418879     -0.628319    0.000136034
-0.20944     -0.628319    0.000149864
0     -0.628319    9.70264e-05
0.20944     -0.628319    0.000149242
0.418879     -0.628319    0.000136068
0.628319     -0.628319    0.000118373
0.837758     -0.628319    7.16993e-05
1.0472     -0.628319    4.71416e-05
1.25664     -0.628319    5.85693e-05
1.46608     -0.628319    6.6374e-05
1.67552     -0.628319    8.70525e-05
1.88496     -0.628319    9.48672e-05
2.0944     -0.628319    9.67651e-05
2.30383     -0.628319    8.93556e-05
2.51327     -0.628319    7.26192e-05
2.72271     -0.628319    4.20641e-05
2.93215     -0.628319    1.57425e-05
3.14159     -0.628319    3.17416e-05

-3.14159     -0.418879    7.79429e-05
-2.93215     -0.418879    3.76818e-05
-2.72271     -0.418879    9.65022e-06
-2.51327     -0.418879    4.52482e-05
-2.30383     -0.418879    6.68234e-05
-2.0944     -0.418879    7.57682e-05
-1.88496     -0.418879    8.8759e-05
-1.67552     -0.418879    9.03314e-05
-1.46608     -0.418879    7.98933e-05
-1.25664     -0.418879    7.3752e-05
-1.0472     -0.418879    7.84248e-05
-0.837758     -0.418879    7.49757e-05
-0.628319     -0.418879    0.000109456
-0.418879     -0.418879    0.00016332
-0.20944     -0.418879    0.000188935
0     -0.418879    0.000271722
0.20944     -0.418879    0.000189303
0.418879     -0.418879    0.000163075
0.628319     -0.418879    0.000109404
0.837758     -0.418879    7.50101e-05
1.0472     -0.418879    7.84828e-05
1.25664     -0.418879    7.37374e-05
1.46608     -0.418879    7.98997e-05
1.67552     -0.418879    9.03364e-05
1.88496     -0.418879    8.87623e-05
2.0944     -0.418879    7.57653e-05
2.30383     -0.418879    6.68255e-05
2.51327     -0.418879    4.52444e-05
2.72271     -0.418879    9.64882e-06
2.93215     -0.418879    3.76824e-05
3.14159     -0.418879    7.79397e-05

-3.14159     -0.20944    0.000121275
-2.93215     -0.20944    9.53097e-05
-2.72271     -0.20944    5.32803e-05
-2.51327     -0.20944    1.24907e-05
-2.30383     -0.20944    2.15107e-05
-2.0944     -0.20944    4.67157e-05
-1.88496     -0.20944    5.88104e-05
-1.67552     -0.20944    6.81952e-05
-1.46608     -0.20944    8.33979e-05
-1.25664     -0.20944    9.31639e-05
-1.0472     -0.20944    0.000107605
-0.837758     -0.20944    0.00012258
-0.628319     -0.20944    0.000134233
-0.418879     -0.20944    0.00019558
-0.20944     -0.20944    0.000274972
0     -0.20944    0.000268181
0.20944     -0.20944    0.000274174
0.418879     -0.20944    0.000195334
0.628319     -0.20944    0.000134052
0.837758     -0.20944    0.000122584
1.0472     -0.20944    0.000107583
1.25664     -0.20944    9.31696e-05
1.46608     -0.20944    8.33978e-05
1.67552     -0.20944    6.81916e-05
1.88496     -0.20944    5.88131e-05
2.0944     -0.20944    4.67043e-05
2.30383     -0.20944    2.15153e-05
2.51327     -0.20944    1.24893e-05
2.72271     -0.20944    5.32769e-05
2.93215     -0.20944    9.5307e-05
3.14159     -0.20944    0.000121271

-3.14159     0    0.000127002
-2.93215     0    0.000100238
-2.72271     0    9.28436e-05
-2.51327     0    5.48352e-05
-2.30383     0    8.60861e-06
-2.0944     0    2.41926e-05
-1.88496     0    3.72171e-05
-1.67552     0    4.9322e-05
-1.46608     0    6.83703e-05
-1.25664     0    9.30795e-05
-1.0472     0    0.000105184
-0.837758     0    0.000127313
-0.628319     0    0.000166185
-0.418879     0    0.000207663
-0.20944     0    0.000334976
0     0    4.14955e-16
0.20944     0    0.000334976
0.418879     0    0.000207663
0.628319     0    0.000166185
0.837758     0    0.000127313
1.0472     0    0.000105184
1.25664     0    9.30795e-05
1.46608     0    6.83703e-05
1.67552     0    4.9322e-05
1.88496     0    3.72171e-05
2.0944     0    2.41926e-05
2.30383     0    8.60861e-06
2.51327     0    5.48352e-05
2.72271     0    9.28436e-05
2.93215     0    0.000100238
3.14159     0    0.000127002

-3.14159     0.20944    0.000121271
-2.93215     0.20944    9.5307e-05
-2.72271     0.20944    5.32769e-05
-2.51327     0.20944    1.24893e-05
-2.30383     0.20944    2.15153e-05
-2.0944     0.20944    4.67043e-05
-1.88496     0.20944    5.88131e-05
-1.67552     0.20944    6.81916e-05
-1.46608     0.20944    8.33978e-05
-1.25664     0.20944    9.31696e-05
-1.0472     0.20944    0.000107583
-0.837758     0.20944    0.000122584
-0.628319     0.20944    0.000134052
-0.418879     0.20944    0.000195334
-0.20944     0.20944    0.000274174
0     0.20944    0.000268181
0.20944     0.20944    0.000274972
0.418879     0.20944    0.00019558
0.628319     0.20944    0.000134233
0.837758     0.20944    0.00012258
1.0472     0.20944    0.000107605
1.25664     0.20944    9.31639e-05
1.46608     0.20944    8.33979e-05
1.67552     0.20944    6.81952e-05
1.88496     0.20944    5.88104e-05
2.0944     0.20944    4.67157e-05
2.30383     0.20944    2.15107e-05
2.51327     0.20944    1.24907e-05
2.72271     0.20944    5.32803e-05
2.93215     0.20944    9.53097e-05
3.14159     0.20944    0.000121275

-3.14159     0.418879    7.79397e-05
-2.93215     0.418879    3.76824e-05
-2.72271     0.418879    9.64882e-06
-2.51327     0.418879    4.52444e-05
-2.30383     0.418879    6.68255e-05
-2.0944     0.418879    7.57653e-05
-1.88496     0.418879    8.87623e-05
-1.67552     0.418879    9.03364e-05
-1.46608     0.418879    7.98997e-05
-1.25664     0.418879    7.37374e-05
-1.0472     0.418879    7.84828e-05
-0.837758     0.418879    7.50101e-05
-0.628319     0.418879    0.000109404
-0.418879     0.418879    0.000163075
-0.20944     0.418879    0.000189303
0     0.418879    0.000271722
0.20944     0.418879    0.000188935
0.418879     0.418879    0.00016332
0.628319     0.418879    0.000109456
0.837758     0.418879    7.49757e-05
1.0472     0.418879    7.84248e-05
1.25664     0.418879    7.3752e-05
1.46608     0.418879    7.98933e-05
1.67552     0.418879    9.03314e-05
1.88496     0.418879    8.8759e-05
2.0944     0.418879    7.57682e-05
2.30383     0.418879    6.68234e-05
2.51327     0.418879    4.52482e-05
2.72271     0.418879    9.65022e-06
2.93215     0.418879    3.76818e-05
3.14159     0.418879    7.79429e-05

-3.14159     0.628319    3.17416e-05
-2.93215     0.628319    1.57425e-05
-2.72271     0.628319    4.20641e-05
-2.51327     0.628319    7.26192e-05
-2.30383     0.628319    8.93556e-05
-2.0944     0.628319    9.67651e-05
-1.88496     0.628319    9.48672e-05
-1.67552     0.628319    8.70525e-05
-1.46608     0.628319    6.6374e-05
-1.25664     0.628319    5.85693e-05
-1.0472     0.628319    4.71416e-05
-0.837758     0.628319    7.16993e-05
-0.628319     0.628319    0.000118373
-0.418879     0.628319    0.000136068
-0.20944     0.628319    0.000149242
0     0.628319    9.70264e-05
0.20944     0.628319    0.000149864
0.418879     0.628319    0.000136034
0.628319     0.628319    0.000118246
0.837758     0.628319    7.16467e-05
1.0472     0.628319    4.71885e-05
1.25664     0.628319    5.85773e-05
1.46608     0.628319    6.63804e-05
1.67552     0.628319    8.70572e-05
1.88496     0.628319    9.48679e-05
2.0944     0.628319    9.67596e-05
2.30383     0.628319    8.93553e-05
2.51327     0.628319    7.26199e-05
2.72271     0.628319    4.20604e-05
2.93215     0.628319    1.57378e-05
3.14159     0.628319    3.17415e-05

-3.14159     0.837758    2.78283e-05
-2.93215     0.837758    2.48229e-05
-2.72271     0.837758    6.50038e-05
-2.51327     0.837758    8.2591e-05
-2.30383     0.837758    8.99209e-05
-2.0944     0.837758    0.000102377
-1.88496     0.837758    9.30611e-05
-1.67552     0.837758    8.24461e-05
-1.46608     0.837758    7.95823e-05
-1.25664     0.837758    6.08418e-05
-1.0472     0.837758    6.52664e-05
-0.837758     0.837758    0.000100657
-0.628319     0.837758    0.000108164
-0.418879     0.837758    0.000118089
-0.20944     0.837758    0.000119063
0     0.837758    0.000118122
0.20944     0.837758    0.000119193
0.418879     0.837758    0.000117803
0.628319     0.837758    0.000108104
0.837758     0.837758    0.000100613
1.0472     0.837758    6.52825e-05
1.25664     0.837758    6.08453e-05
1.46608     0.837758    7.95676e-05
1.67552     0.837758    8.24425e-05
1.88496     0.837758    9.30618e-05
2.0944     0.837758    0.000102378
2.30383     0.837758    8.99239e-05
2.51327     0.837758    8.25878e-05
2.72271     0.837758    6.5001e-05
2.93215     0.837758    2.48267e-05
3.14159     0.837758    2.78239e-05

-3.14159     1.0472    3.7906e-05
-2.93215     1.0472    3.22544e-05
-2.72271     1.0472    7.49388e-05
-2.51327     1.0472    8.44592e-05
-2.30383     1.0472    9.06884e-05
-2.0944     1.0472    9.37155e-05
-1.88496     1.0472    9.7549e-05
-1.67552     1.0472    8.73797e-05
-1.46608     1.0472    8.31383e-05
-1.25664     1.0472    7.35316e-05
-1.0472     1.0472    8.40348e-05
-0.837758     1.0472    8.38494e-05
-0.628319     1.0472    9.50783e-05
-0.418879     1.0472    0.000101705
-0.20944     1.0472    9.44794e-05
0     1.0472    3.64309e-05
0.20944     1.0472    9.44305e-05
0.418879     1.0472    0.000101792
0.628319     1.0472    9.51218e-05
0.837758     1.0472    8.38763e-05
1.0472     1.0472    8.40098e-05
1.25664     1.0472    7.35401e-05
1.46608     1.0472    8.31333e-05
1.67552     1.0472    8.73727e-05
1.88496     1.0472    9.7545e-05
2.0944     1.0472    9.3708e-05
2.30383     1.0472    9.0676e-05
2.51327     1.0472    8.44565e-05
2.72271     1.0472    7.49418e-05
2.93215     1.0472    3.22598e-05
3.14159     1.0472    3.79016e-05

-3.14159     1.25664    6.28774e-05
-2.93215     1.25664    1.54249e-05
-2.72271     1.25664    6.80351e-05
-2.51327     1.25664    9.33905e-05
-2.30383     1.25664    0.000101538
-2.0944     1.25664    9.58995e-05
-1.88496     1.25664    9.84257e-05
-1.67552     1.25664    9.52478e-05
-1.46608     1.25664    9.12511e-05
-1.25664     1.25664    9.42398e-05
-1.0472     1.25664    7.88927e-05
-0.837758     1.25664    7.21603e-05
-0.628319     1.25664    8.11527e-05
-0.418879     1.25664    8.92309e-05
-0.20944     1.25664    7.26969e-05
0     1.25664    5.99335e-05
0.20944     1.25664    7.27877e-05
0.418879     1.25664    8.92351e-05
0.628319     1.25664    8.11748e-05
0.837758     1.25664    7.2162e-05
1.0472     1.25664    7.89001e-05
1.25664     1.25664    9.42445e-05
1.46608     1.25664    9.12598e-05
1.67552     1.25664    9.5265e-05
1.88496     1.25664    9.8428e-05
2.0944     1.25664    9.58954e-05
2.30383     1.25664    0.000101528
2.51327     1.25664    9.33964e-05
2.72271     1.25664    6.80358e-05
2.93215     1.25664    1.54304e-05
3.14159     1.25664    6.28739e-05

-3.14159     1.46608    9.55506e-05
-2.93215     1.46608    1.39418e-05
-2.72271     1.46608    5.64895e-05
-2.51327     1.46608    8.07922e-05
-2.30383     1.46608    9.70366e-05
-2.0944     1.46608    9.22512e-05
-1.88496     1.46608    9.16304e-05
-1.67552     1.46608    0.000102776
-1.46608     1.46608    9.29075e-05
-1.25664     1.46608    8.08789e-05
-1.0472     1.46608    5.76365e-05
-0.837758     1.46608    4.76332e-05
-0.628319     1.46608    6.95997e-05
-0.418879     1.46608    8.48468e-05
-0.20944     1.46608    6.21627e-05
0     1.46608    5.74204e-05
0.20944     1.46608    6.1932e-05
0.418879     1.46608    8.48546e-05
0.628319     1.46608    6.95947e-05
0.837758     1.46608    4.76316e-05
1.0472     1.46608    5.76356e-05
1.25664     1.46608    8.08816e-05
1.46608     1.46608    9.291e-05
1.67552     1.46608    0.000102794
1.88496     1.46608    9.16396e-05
2.0944     1.46608    9.22607e-05
2.30383     1.46608    9.70463e-05
2.51327     1.46608    8.08004e-05
2.72271     1.46608    5.6496e-05
2.93215     1.46608    1.39305e-05
3.14159     1.46608    9.55467e-05

-3.14159     1.67552    0.000115534
-2.93215     1.67552    5.98018e-05
-2.72271     1.67552    2.16061e-05
-2.51327     1.67552    6.63803e-05
-2.30383     1.67552    8.73698e-05
-2.0944     1.67552    8.33892e-05
-1.88496     1.67552    8.79941e-05
-1.67552     1.67552    9.00391e-05
-1.46608     1.67552    7.09459e-05
-1.25664     1.67552    5.42369e-05
-1.0472     1.67552    3.54012e-05
-0.837758     1.67552    4.43125e-05
-0.628319     1.67552    7.87533e-05
-0.418879     1.67552    9.10838e-05
-0.20944     1.67552    7.38783e-05
0     1.67552    7.6512e-05
0.20944     1.67552    7.40675e-05
0.418879     1.67552    9.11098e-05
0.628319     1.67552    7.87552e-05
0.837758     1.67552    4.43225e-05
1.0472     1.67552    3.5413e-05
1.25664     1.67552    5.42436e-05
1.46608     1.67552    7.09544e-05
1.67552     1.67552    9.00436e-05
1.88496     1.67552    8.8002e-05
2.0944     1.67552    8.3391e-05
2.30383     1.67552    8.73814e-05
2.51327     1.67552    6.63889e-05
2.72271     1.67552    2.16176e-05
2.93215     1.67552    5.97973e-05
3.14159     1.67552    0.000115531

-3.14159     1.88496    0.000118438
-2.93215     1.88496    0.000101562
-2.72271     1.88496    2.94771e-05
-2.51327     1.88496    3.46139e-05
-2.30383     1.88496    6.32715e-05
-2.0944     1.88496    7.11418e-05
-1.88496     1.88496    7.05494e-05
-1.67552     1.88496    6.32916e-05
-1.46608     1.88496    4.58664e-05
-1.25664     1.88496    1.5941e-05
-1.0472     1.88496    1.79592e-05
-0.837758     1.88496    5.23234e-05
-0.628319     1.88496    8.2537e-05
-0.418879     1.88496    9.39005e-05
-0.20944     1.88496    8.7002e-05
0     1.88496    9.00011e-05
0.20944     1.88496    8.6933e-05
0.418879     1.88496    9.38648e-05
0.628319     1.88496    8.25413e-05
0.837758     1.88496    5.23175e-05
1.0472     1.88496    1.79616e-05
1.25664     1.88496    1.59483e-05
1.46608     1.88496    4.58764e-05
1.67552     1.88496    6.32991e-05
1.88496     1.88496    7.05581e-05
2.0944     1.88496    7.11507e-05
2.30383     1.88496    6.32808e-05
2.51327     1.88496    3.46248e-05
2.72271     1.88496    2.94701e-05
2.93215     1.88496    0.000101555
3.14159     1.88496    0.000118436

-3.14159     2.0944    0.000103701
-2.93215     2.0944    0.000122367
-2.72271     2.0944    8.51937e-05
-2.51327     2.0944    2.22896e-05
-2.30383     2.0944    2.29353e-05
-2.0944     2.0944    3.94437e-05
-1.88496     2.0944    3.13786e-05
-1.67552     2.0944    2.20795e-05
-1.46608     2.0944    1.62566e-05
-1.25664     2.0944    3.92326e-05
-1.0472     2.0944    2.91264e-07
-0.837758     2.0944    5.32758e-05
-0.628319     2.0944    8.34908e-05
-0.418879     2.0944    0.000101209
-0.20944     2.0944    9.422e-05
0     2.0944    8.87227e-05
0.20944     2.0944    9.42506e-05
0.418879     2.0944    0.000101272
0.628319     2.0944    8.34891e-05
0.837758     2.0944    5.32843e-05
1.0472     2.0944    3.02412e-07
1.25664     2.0944    3.92224e-05
1.46608     2.0944    1.62386e-05
1.67552     2.0944    2.20918e-05
1.88496     2.0944    3.13884e-05
2.0944     2.0944    3.94524e-05
2.30383     2.0944    2.29409e-05
2.51327     2.0944    2.22822e-05
2.72271     2.0944    8.51866e-05
2.93215     2.0944    0.000122364
3.14159     2.0944    0.000103698

-3.14159     2.30383    7.38422e-05
-2.93215     2.30383    0.000132321
-2.72271     2.30383    0.000130345
-2.51327     2.30383    7.51117e-05
-2.30383     2.30383    3.00651e-05
-2.0944     2.30383    7.61364e-06
-1.88496     2.30383    1.69612e-05
-1.67552     2.30383    5.29246e-05
-1.46608     2.30383    7.93726e-05
-1.25664     2.30383    6.95541e-05
-1.0472     2.30383    1.87682e-06
-0.837758     2.30383    5.97264e-05
-0.628319     2.30383    8.7994e-05
-0.418879     2.30383    9.81735e-05
-0.20944     2.30383    9.61581e-05
0     2.30383    0.000104615
0.20944     2.30383    9.61498e-05
0.418879     2.30383    9.81077e-05
0.628319     2.30383    8.79953e-05
0.837758     2.30383    5.97221e-05
1.0472     2.30383    1.87323e-06
1.25664     2.30383    6.95406e-05
1.46608     2.30383    7.93597e-05
1.67552     2.30383    5.29147e-05
1.88496     2.30383    1.69525e-05
2.0944     2.30383    7.60845e-06
2.30383     2.30383    3.00562e-05
2.51327     2.30383    7.5104e-05
2.72271     2.30383    0.000130338
2.93215     2.30383    0.000132322
3.14159     2.30383    7.38387e-05

-3.14159     2.51327    4.37344e-05
-2.93215     2.51327    0.000124274
-2.72271     2.51327    0.000155454
-2.51327     2.51327    0.000146715
-2.30383     2.51327    9.38866e-05
-2.0944     2.51327    6.32808e-05
-1.88496     2.51327    8.4257e-05
-1.67552     2.51327    0.000111005
-1.46608     2.51327    9.84913e-05
-1.25664     2.51327    8.455e-05
-1.0472     2.51327    3.55593e-06
-0.837758     2.51327    4.97331e-05
-0.628319     2.51327    8.0818e-05
-0.418879     2.51327    8.43792e-05
-0.20944     2.51327    9.29832e-05
0     2.51327    9.39582e-05
0.20944     2.51327    9.2963e-05
0.418879     2.51327    8.44406e-05
0.628319     2.51327    8.08203e-05
0.837758     2.51327    4.97439e-05
1.0472     2.51327    3.55422e-06
1.25664     2.51327    8.45413e-05
1.46608     2.51327    9.84812e-05
1.67552     2.51327    0.000110996
1.88496     2.51327    8.42463e-05
2.0944     2.51327    6.32696e-05
2.30383     2.51327    9.38746e-05
2.51327     2.51327    0.000146707
2.72271     2.51327    0.000155454
2.93215     2.51327    0.00012427
3.14159     2.51327    4.37305e-05

-3.14159     2.72271    3.04094e-05
-2.93215     2.72271    0.000111674
-2.72271     2.72271    0.0001659
-2.51327     2.72271    0.000162519
-2.30383     2.72271    0.000147713
-2.0944     2.72271    0.000153932
-1.88496     2.72271    0.000145295
-1.67552     2.72271    0.00013001
-1.46608     2.72271    0.000119255
-1.25664     2.72271    9.11055e-05
-1.0472     2.72271    1.32884e-05
-0.837758     2.72271    3.54748e-05
-0.628319     2.72271    6.99899e-05
-0.418879     2.72271    8.27537e-05
-0.20944     2.72271    9.33537e-05
0     2.72271    0.000102857
0.20944     2.72271    9.33872e-05
0.418879     2.72271    8.27014e-05
0.628319     2.72271    6.99891e-05
0.837758     2.72271    3.54725e-05
1.0472     2.72271    1.32849e-05
1.25664     2.72271    9.10988e-05
1.46608     2.72271    0.000119245
1.67552     2.72271    0.000129999
1.88496     2.72271    0.000145284
2.0944     2.72271    0.000153925
2.30383     2.72271    0.000147706
2.51327     2.72271    0.000162513
2.72271     2.72271    0.000165899
2.93215     2.72271    0.000111676
3.14159     2.72271    3.04046e-05

-3.14159     2.93215    2.67854e-05
-2.93215     2.93215    0.000100441
-2.72271     2.93215    0.000159187
-2.51327     2.93215    0.000187014
-2.30383     2.93215    0.000219991
-2.0944     2.93215    0.000214224
-1.88496     2.93215    0.000169195
-1.67552     2.93215    0.000145747
-1.46608     2.93215    0.000142797
-1.25664     2.93215    9.49898e-05
-1.0472     2.93215    2.29647e-05
-0.837758     2.93215    1.80057e-05
-0.628319     2.93215    4.7961e-05
-0.418879     2.93215    7.05827e-05
-0.20944     2.93215    8.07013e-05
0     2.93215    7.81968e-05
0.20944     2.93215    8.06673e-05
0.418879     2.93215    7.06113e-05
0.628319     2.93215    4.79641e-05
0.837758     2.93215    1.80109e-05
1.0472     2.93215    2.29647e-05
1.25664     2.93215    9.49904e-05
1.46608     2.93215    0.000142792
1.67552     2.93215    0.000145742
1.88496     2.93215    0.000169187
2.0944     2.93215    0.000214212
2.30383     2.93215    0.000219985
2.51327     2.93215    0.000187014
2.72271     2.93215    0.000159184
2.93215     2.93215    0.00010044
3.14159     2.93215    2.67838e-05

-3.14159     3.14159    5.94068e-05
-2.93215     3.14159    0.000124418
-2.72271     3.14159    0.000189932
-2.51327     3.14159    0.000240871
-2.30383     3.14159    0.000236433
-2.0944     3.14159    0.000199267
-1.88496     3.14159    0.000175399
-1.67552     3.14159    0.000172639
-1.46608     3.14159    0.00018018
-1.25664     3.14159    0.000124438
-1.0472     3.14159    6.21608e-05
-0.837758     3.14159    2.73972e-05
-0.628319     3.14159    5.58881e-07
-0.418879     3.14159    2.19129e-05
-0.20944     3.14159    3.40301e-05
0     3.14159    4.29124e-05
0.20944     3.14159    3.40553e-05
0.418879     3.14159    2.19152e-05
0.628319     3.14159    5.60507e-07
0.837758     3.14159    2.73946e-05
1.0472     3.14159    6.21609e-05
1.25664     3.14159    0.000124437
1.46608     3.14159    0.000180176
1.67552     3.14159    0.000172638
1.88496     3.14159    0.000175394
2.0944     3.14159    0.000199259
2.30383     3.14159    0.000236425
2.51327     3.14159    0.000240873
2.72271     3.14159    0.00018993
2.93215     3.14159    0.000124415
3.14159     3.14159    5.94093e-05

