-3.14159     -3.14159    3.42427e-06
-2.93215     -3.14159    7.31679e-06
-2.72271     -3.14159    1.0893e-05
-2.51327     -3.14159    1.3233e-05
-2.30383     -3.14159    1.41689e-05
-2.0944     -3.14159    1.42955e-05
-1.88496     -3.14159    1.40384e-05
-1.67552     -3.14159    1.32943e-05
-1.46608     -3.14159    1.12274e-05
-1.25664     -3.14159    7.31979e-06
-1.0472     -3.14159    2.71486e-06
-0.837758     -3.14159    1.18103e-06
-0.628319     -3.14159    3.90542e-06
-0.418879     -3.14159    5.55009e-06
-0.20944     -3.14159    6.37749e-06
0     -3.14159    6.62134e-06
0.20944     -3.14159    6.38759e-06
0.418879     -3.14159    5.55213e-06
0.628319     -3.14159    3.90495e-06
0.837758     -3.14159    1.17504e-06
1.0472     -3.14159    2.71084e-06
1.25664     -3.14159    7.32521e-06
1.46608     -3.14159    1.12289e-05
1.67552     -3.14159    1.32969e-05
1.88496     -3.14159    1.40374e-05
2.0944     -3.14159    1.42928e-05
2.30383     -3.14159    1.41773e-05
2.51327     -3.14159    1.32384e-05
2.72271     -3.14159    1.09051e-05
2.93215     -3.14159    7.31496e-06
3.14159     -3.14159    3.42113e-06

-3.14159     -2.93215    3.97107e-07
-2.93215     -2.93215    4.40209e-06
-2.72271     -2.93215    8.17572e-06
-2.51327     -2.93215    1.07374e-05
-2.30383     -2.93215    1.20858e-05
-2.0944     -2.93215    1.25658e-05
-1.88496     -2.93215    1.24021e-05
-1.67552     -2.93215    1.1559e-05
-1.46608     -2.93215    9.47824e-06
-1.25664     -2.93215    5.60488e-06
-1.0472     -2.93215    9.28313e-07
-0.837758     -2.93215    2.8892e-06
-0.628319     -2.93215    5.28162e-06
-0.418879     -2.93215    6.55545e-06
-0.20944     -2.93215    7.11508e-06
0     -2.93215    7.25643e-06
0.20944     -2.93215    7.10941e-06
0.418879     -2.93215    6.56659e-06
0.628319     -2.93215    5.2823e-06
0.837758     -2.93215    2.88782e-06
1.0472     -2.93215    9.2797e-07
1.25664     -2.93215    5.60409e-06
1.46608     -2.93215    9.48435e-06
1.67552     -2.93215    1.15655e-05
1.88496     -2.93215    1.24079e-05
2.0944     -2.93215    1.25605e-05
2.30383     -2.93215    1.20859e-05
2.51327     -2.93215    1.07316e-05
2.72271     -2.93215    8.1841e-06
2.93215     -2.93215    4.41046e-06
3.14159     -2.93215    3.91609e-07

-3.14159     -2.72271    1.60007e-06
-2.93215     -2.72271    2.15709e-06
-2.72271     -2.72271    5.38993e-06
-2.51327     -2.72271    7.27602e-06
-2.30383     -2.72271    8.17742e-06
-2.0944     -2.72271    8.76656e-06
-1.88496     -2.72271    9.20646e-06
-1.67552     -2.72271    9.09226e-06
-1.46608     -2.72271    7.70559e-06
-1.25664     -2.72271    4.394e-06
-1.0472     -2.72271    2.24365e-08
-0.837758     -2.72271    3.62988e-06
-0.628319     -2.72271    5.69928e-06
-0.418879     -2.72271    6.61026e-06
-0.20944     -2.72271    6.93353e-06
0     -2.72271    7.01692e-06
0.20944     -2.72271    6.94018e-06
0.418879     -2.72271    6.59977e-06
0.628319     -2.72271    5.7014e-06
0.837758     -2.72271    3.62654e-06
1.0472     -2.72271    2.08442e-08
1.25664     -2.72271    4.39396e-06
1.46608     -2.72271    7.69931e-06
1.67552     -2.72271    9.09196e-06
1.88496     -2.72271    9.20228e-06
2.0944     -2.72271    8.77316e-06
2.30383     -2.72271    8.18586e-06
2.51327     -2.72271    7.2763e-06
2.72271     -2.72271    5.39455e-06
2.93215     -2.72271    2.16146e-06
3.14159     -2.72271    1.60364e-06

-3.14159     -2.51327    2.66715e-06
-2.93215     -2.51327    5.39654e-07
-2.72271     -2.51327    2.71038e-06
-2.51327     -2.51327    3.41534e-06
-2.30383     -2.51327    3.4399e-06
-2.0944     -2.51327    3.81526e-06
-1.88496     -2.51327    4.82302e-06
-1.67552     -2.51327    5.82211e-06
-1.46608     -2.51327    5.64468e-06
-1.25664     -2.51327    3.38179e-06
-1.0472     -2.51327    4.36726e-07
-0.837758     -2.51327    3.78742e-06
-0.628319     -2.51327    5.63082e-06
-0.418879     -2.51327    6.32577e-06
-0.20944     -2.51327    6.48406e-06
0     -2.51327    6.4428e-06
0.20944     -2.51327    6.47175e-06
0.418879     -2.51327    6.33694e-06
0.628319     -2.51327    5.62999e-06
0.837758     -2.51327    3.78979e-06
1.0472     -2.51327    4.3774e-07
1.25664     -2.51327    3.38327e-06
1.46608     -2.51327    5.64052e-06
1.67552     -2.51327    5.82669e-06
1.88496     -2.51327    4.82594e-06
2.0944     -2.51327    3.82117e-06
2.30383     -2.51327    3.43894e-06
2.51327     -2.51327    3.41398e-06
2.72271     -2.51327    2.71032e-06
2.93215     -2.51327    5.35359e-07
3.14159     -2.51327    2.6741e-06

-3.14159     -2.30383    3.01234e-06
-2.93215     -2.30383    7.39536e-07
-2.72271     -2.30383    1.41428e-08
-2.51327     -2.30383    4.74641e-07
-2.30383     -2.30383    1.03322e-06
-2.0944     -2.30383    8.28124e-07
-1.88496     -2.30383    2.95167e-07
-1.67552     -2.30383    1.919e-06
-1.46608     -2.30383    2.94759e-06
-1.25664     -2.30383    2.07788e-06
-1.0472     -2.30383    7.39935e-07
-0.837758     -2.30383    3.7101e-06
-0.628319     -2.30383    5.41994e-06
-0.418879     -2.30383    6.00658e-06
-0.20944     -2.30383    6.08618e-06
0     -2.30383    6.13904e-06
0.20944     -2.30383    6.08879e-06
0.418879     -2.30383    5.98463e-06
0.628319     -2.30383    5.42556e-06
0.837758     -2.30383    3.71616e-06
1.0472     -2.30383    7.3679e-07
1.25664     -2.30383    2.07658e-06
1.46608     -2.30383    2.94519e-06
1.67552     -2.30383    1.91248e-06
1.88496     -2.30383    2.93912e-07
2.0944     -2.30383    8.24813e-07
2.30383     -2.30383    1.03579e-06
2.51327     -2.30383    4.81096e-07
2.72271     -2.30383    1.82555e-08
2.93215     -2.30383    7.36333e-07
3.14159     -2.30383    3.01615e-06

-3.14159     -2.0944    2.93e-06
-2.93215     -2.0944    1.93806e-06
-2.72271     -2.0944    2.5673e-06
-2.51327     -2.0944    3.75196e-06
-2.30383     -2.0944    4.37043e-06
-2.0944     -2.0944    4.16421e-06
-1.88496     -2.0944    3.22992e-06
-1.67552     -2.0944    1.73632e-06
-1.46608     -2.0944    1.82389e-07
-1.25664     -2.0944    2.05272e-07
-1.0472     -2.0944    1.29828e-06
-0.837758     -2.0944    3.64171e-06
-0.628319     -2.0944    5.24563e-06
-0.418879     -2.0944    5.84014e-06
-0.20944     -2.0944    5.8817e-06
0     -2.0944    5.79793e-06
0.20944     -2.0944    5.90121e-06
0.418879     -2.0944    5.84726e-06
0.628319     -2.0944    5.24414e-06
0.837758     -2.0944    3.64869e-06
1.0472     -2.0944    1.30117e-06
1.25664     -2.0944    2.07561e-07
1.46608     -2.0944    1.85464e-07
1.67552     -2.0944    1.73399e-06
1.88496     -2.0944    3.23197e-06
2.0944     -2.0944    4.16267e-06
2.30383     -2.0944    4.37574e-06
2.51327     -2.0944    3.75573e-06
2.72271     -2.0944    2.57101e-06
2.93215     -2.0944    1.93568e-06
3.14159     -2.0944    2.92573e-06

-3.14159     -1.88496    2.78232e-06
-2.93215     -1.88496    3.19642e-06
-2.72271     -1.88496    4.73564e-06
-2.51327     -1.88496    5.94772e-06
-2.30383     -1.88496    6.26125e-06
-2.0944     -1.88496    5.95041e-06
-1.88496     -1.88496    5.26782e-06
-1.67552     -1.88496    4.24676e-06
-1.46608     -1.88496    2.93912e-06
-1.25664     -1.88496    1.96462e-06
-1.0472     -1.88496    2.28076e-06
-0.837758     -1.88496    3.76749e-06
-0.628319     -1.88496    5.14588e-06
-0.418879     -1.88496    5.74076e-06
-0.20944     -1.88496    5.87324e-06
0     -1.88496    5.89245e-06
0.20944     -1.88496    5.83936e-06
0.418879     -1.88496    5.72567e-06
0.628319     -1.88496    5.13782e-06
0.837758     -1.88496    3.75919e-06
1.0472     -1.88496    2.2869e-06
1.25664     -1.88496    1.96444e-06
1.46608     -1.88496    2.94395e-06
1.67552     -1.88496    4.2454e-06
1.88496     -1.88496    5.26411e-06
2.0944     -1.88496    5.94815e-06
2.30383     -1.88496    6.26172e-06
2.51327     -1.88496    5.94517e-06
2.72271     -1.88496    4.74052e-06
2.93215     -1.88496    3.20351e-06
3.14159     -1.88496    2.77988e-06

-3.14159     -1.67552    2.81708e-06
-2.93215     -1.67552    4.41744e-06
-2.72271     -1.67552    6.1896e-06
-2.51327     -1.67552    6.9983e-06
-2.30383     -1.67552    6.97063e-06
-2.0944     -1.67552    6.56184e-06
-1.88496     -1.67552    6.06851e-06
-1.67552     -1.67552    5.48481e-06
-1.46608     -1.67552    4.71097e-06
-1.25664     -1.67552    3.84594e-06
-1.0472     -1.67552    3.52424e-06
-0.837758     -1.67552    4.15886e-06
-0.628319     -1.67552    5.15581e-06
-0.418879     -1.67552    5.75359e-06
-0.20944     -1.67552    5.90001e-06
0     -1.67552    5.91306e-06
0.20944     -1.67552    5.93393e-06
0.418879     -1.67552    5.7583e-06
0.628319     -1.67552    5.15842e-06
0.837758     -1.67552    4.15731e-06
1.0472     -1.67552    3.52008e-06
1.25664     -1.67552    3.84272e-06
1.46608     -1.67552    4.70653e-06
1.67552     -1.67552    5.48514e-06
1.88496     -1.67552    6.07154e-06
2.0944     -1.67552    6.56101e-06
2.30383     -1.67552    6.9648e-06
2.51327     -1.67552    6.99816e-06
2.72271     -1.67552    6.18293e-06
2.93215     -1.67552    4.42416e-06
3.14159     -1.67552    2.81355e-06

-3.14159     -1.46608    2.98031e-06
-2.93215     -1.46608    5.28226e-06
-2.72271     -1.46608    6.86101e-06
-2.51327     -1.46608    7.255e-06
-2.30383     -1.46608    6.99613e-06
-2.0944     -1.46608    6.55169e-06
-1.88496     -1.46608    6.16849e-06
-1.67552     -1.46608    5.87964e-06
-1.46608     -1.46608    5.54404e-06
-1.25664     -1.46608    5.07735e-06
-1.0472     -1.46608    4.66045e-06
-0.837758     -1.46608    4.73843e-06
-0.628319     -1.46608    5.28727e-06
-0.418879     -1.46608    5.77092e-06
-0.20944     -1.46608    5.98939e-06
0     -1.46608    5.99592e-06
0.20944     -1.46608    5.9696e-06
0.418879     -1.46608    5.77842e-06
0.628319     -1.46608    5.27191e-06
0.837758     -1.46608    4.7446e-06
1.0472     -1.46608    4.66465e-06
1.25664     -1.46608    5.06811e-06
1.46608     -1.46608    5.54981e-06
1.67552     -1.46608    5.86748e-06
1.88496     -1.46608    6.16405e-06
2.0944     -1.46608    6.54668e-06
2.30383     -1.46608    6.99129e-06
2.51327     -1.46608    7.25621e-06
2.72271     -1.46608    6.85565e-06
2.93215     -1.46608    5.28727e-06
3.14159     -1.46608    2.9777e-06

-3.14159     -1.25664    2.96542e-06
-2.93215     -1.25664    5.55342e-06
-2.72271     -1.25664    6.91182e-06
-2.51327     -1.25664    7.106e-06
-2.30383     -1.25664    6.74808e-06
-2.0944     -1.25664    6.3328e-06
-1.88496     -1.25664    6.02085e-06
-1.67552     -1.25664    5.89114e-06
-1.46608     -1.25664    5.80864e-06
-1.25664     -1.25664    5.67421e-06
-1.0472     -1.25664    5.42554e-06
-0.837758     -1.25664    5.30288e-06
-0.628319     -1.25664    5.45525e-06
-0.418879     -1.25664    5.70616e-06
-0.20944     -1.25664    5.89029e-06
0     -1.25664    6.01588e-06
0.20944     -1.25664    5.93805e-06
0.418879     -1.25664    5.70773e-06
0.628319     -1.25664    5.45492e-06
0.837758     -1.25664    5.29394e-06
1.0472     -1.25664    5.42492e-06
1.25664     -1.25664    5.67605e-06
1.46608     -1.25664    5.82252e-06
1.67552     -1.25664    5.89712e-06
1.88496     -1.25664    6.01937e-06
2.0944     -1.25664    6.33164e-06
2.30383     -1.25664    6.75165e-06
2.51327     -1.25664    7.10707e-06
2.72271     -1.25664    6.9128e-06
2.93215     -1.25664    5.55749e-06
3.14159     -1.25664    2.97172e-06

-3.14159     -1.0472    2.41348e-06
-2.93215     -1.0472    5.16938e-06
-2.72271     -1.0472    6.4872e-06
-2.51327     -1.0472    6.73261e-06
-2.30383     -1.0472    6.47915e-06
-2.0944     -1.0472    6.1382e-06
-1.88496     -1.0472    5.90858e-06
-1.67552     -1.0472    5.83419e-06
-1.46608     -1.0472    5.88051e-06
-1.25664     -1.0472    5.91622e-06
-1.0472     -1.0472    5.82585e-06
-0.837758     -1.0472    5.64573e-06
-0.628319     -1.0472    5.55036e-06
-0.418879     -1.0472    5.61098e-06
-0.20944     -1.0472    5.63366e-06
0     -1.0472    5.46414e-06
0.20944     -1.0472    5.59389e-06
0.418879     -1.0472    5.62744e-06
0.628319     -1.0472    5.53167e-06
0.837758     -1.0472    5.65156e-06
1.0472     -1.0472    5.8255e-06
1.25664     -1.0472    5.91348e-06
1.46608     -1.0472    5.86976e-06
1.67552     -1.0472    5.83473e-06
1.88496     -1.0472    5.91078e-06
2.0944     -1.0472    6.13901e-06
2.30383     -1.0472    6.48416e-06
2.51327     -1.0472    6.73602e-06
2.72271     -1.0472    6.49271e-06
2.93215     -1.0472    5.17287e-06
3.14159     -1.0472    2.41909e-06

-3.14159     -0.837758    1.07284e-06
-2.93215     -0.837758    4.02646e-06
-2.72271     -0.837758    5.60412e-06
-2.51327     -0.837758    6.14583e-06
-2.30383     -0.837758    6.15181e-06
-2.0944     -0.837758    6.00003e-06
-1.88496     -0.837758    5.87303e-06
-1.67552     -0.837758    5.85226e-06
-1.46608     -0.837758    5.91951e-06
-1.25664     -0.837758    6.00171e-06
-1.0472     -0.837758    5.95466e-06
-0.837758     -0.837758    5.75072e-06
-0.628319     -0.837758    5.46161e-06
-0.418879     -0.837758    5.16149e-06
-0.20944     -0.837758    5.09161e-06
0     -0.837758    5.323e-06
0.20944     -0.837758    5.10452e-06
0.418879     -0.837758    5.12445e-06
0.628319     -0.837758    5.45432e-06
0.837758     -0.837758    5.75549e-06
1.0472     -0.837758    5.96474e-06
1.25664     -0.837758    6.00565e-06
1.46608     -0.837758    5.92191e-06
1.67552     -0.837758    5.85198e-06
1.88496     -0.837758    5.87168e-06
2.0944     -0.837758    5.99178e-06
2.30383     -0.837758    6.15104e-06
2.51327     -0.837758    6.14515e-06
2.72271     -0.837758    5.60093e-06
2.93215     -0.837758    4.027e-06
3.14159     -0.837758    1.07673e-06

-3.14159     -0.628319    1.26758e-06
-2.93215     -0.628319    1.93854e-06
-2.72271     -0.628319    3.97219e-06
-2.51327     -0.628319    5.05581e-06
-2.30383     -0.628319    5.52329e-06
-2.0944     -0.628319    5.70535e-06
-1.88496     -0.628319    5.79045e-06
-1.67552     -0.628319    5.86152e-06
-1.46608     -0.628319    5.94011e-06
-1.25664     -0.628319    6.01439e-06
-1.0472     -0.628319    5.90695e-06
-0.837758     -0.628319    5.62289e-06
-0.628319     -0.628319    5.18417e-06
-0.418879     -0.628319    4.8112e-06
-0.20944     -0.628319    4.43303e-06
0     -0.628319    4.02219e-06
0.20944     -0.628319    4.44914e-06
0.418879     -0.628319    4.82965e-06
0.628319     -0.628319    5.20336e-06
0.837758     -0.628319    5.60914e-06
1.0472     -0.628319    5.896e-06
1.25664     -0.628319    6.01644e-06
1.46608     -0.628319    5.955e-06
1.67552     -0.628319    5.86978e-06
1.88496     -0.628319    5.79266e-06
2.0944     -0.628319    5.70262e-06
2.30383     -0.628319    5.52978e-06
2.51327     -0.628319    5.05726e-06
2.72271     -0.628319    3.96893e-06
2.93215     -0.628319    1.93972e-06
3.14159     -0.628319    1.26212e-06

-3.14159     -0.418879    4.51167e-06
-2.93215     -0.418879    1.24682e-06
-2.72271     -0.418879    1.26747e-06
-2.51327     -0.418879    3.03129e-06
-2.30383     -0.418879    4.17926e-06
-2.0944     -0.418879    4.88527e-06
-1.88496     -0.418879    5.34836e-06
-1.67552     -0.418879    5.6509e-06
-1.46608     -0.418879    5.84436e-06
-1.25664     -0.418879    5.91503e-06
-1.0472     -0.418879    5.75593e-06
-0.837758     -0.418879    5.3498e-06
-0.628319     -0.418879    4.8392e-06
-0.418879     -0.418879    4.12897e-06
-0.20944     -0.418879    4.03946e-06
0     -0.418879    4.0514e-06
0.20944     -0.418879    3.55412e-06
0.418879     -0.418879    3.97308e-06
0.628319     -0.418879    4.80172e-06
0.837758     -0.418879    5.33661e-06
1.0472     -0.418879    5.76181e-06
1.25664     -0.418879    5.90451e-06
1.46608     -0.418879    5.84202e-06
1.67552     -0.418879    5.64309e-06
1.88496     -0.418879    5.34715e-06
2.0944     -0.418879    4.88475e-06
2.30383     -0.418879    4.17496e-06
2.51327     -0.418879    3.03014e-06
2.72271     -0.418879    1.27261e-06
2.93215     -0.418879    1.2422e-06
3.14159     -0.418879    4.50972e-06

-3.14159     -0.20944    7.45097e-06
-2.93215     -0.20944    4.52559e-06
-2.72271     -0.20944    1.88097e-06
-2.51327     -0.20944    3.63261e-07
-2.30383     -0.20944    2.15147e-06
-2.0944     -0.20944    3.48993e-06
-1.88496     -0.20944    4.45646e-06
-1.67552     -0.20944    5.12327e-06
-1.46608     -0.20944    5.52956e-06
-1.25664     -0.20944    5.66271e-06
-1.0472     -0.20944    5.52111e-06
-0.837758     -0.20944    5.09949e-06
-0.628319     -0.20944    4.49257e-06
-0.418879     -0.20944    3.8309e-06
-0.20944     -0.20944    3.39269e-06
0     -0.20944    2.66631e-06
0.20944     -0.20944    3.21503e-06
0.418879     -0.20944    3.50074e-06
0.628319     -0.20944    4.50263e-06
0.837758     -0.20944    5.08955e-06
1.0472     -0.20944    5.5597e-06
1.25664     -0.20944    5.68438e-06
1.46608     -0.20944    5.52484e-06
1.67552     -0.20944    5.12095e-06
1.88496     -0.20944    4.45e-06
2.0944     -0.20944    3.49275e-06
2.30383     -0.20944    2.14966e-06
2.51327     -0.20944    3.57791e-07
2.72271     -0.20944    1.88074e-06
2.93215     -0.20944    4.52633e-06
3.14159     -0.20944    7.44953e-06

-3.14159     0    8.60064e-06
-2.93215     0    5.93461e-06
-2.72271     0    3.39191e-06
-2.51327     0    1.00733e-06
-2.30383     0    1.05767e-06
-2.0944     0    2.69318e-06
-1.88496     0    3.93103e-06
-1.67552     0    4.78941e-06
-1.46608     0    5.31842e-06
-1.25664     0    5.53477e-06
-1.0472     0    5.40507e-06
-0.837758     0    4.9874e-06
-0.628319     0    4.3623e-06
-0.418879     0    4.05192e-06
-0.20944     0    3.102e-06
0     0    3.81728e-16
0.20944     0    3.102e-06
0.418879     0    4.05192e-06
0.628319     0    4.3623e-06
0.837758     0    4.9874e-06
1.0472     0    5.40507e-06
1.25664     0    5.53477e-06
1.46608     0    5.31842e-06
1.67552     0    4.78941e-06
1.88496     0    3.93103e-06
2.0944     0    2.69318e-06
2.30383     0    1.05767e-06
2.51327     0    1.00733e-06
2.72271     0    3.39191e-06
2.93215     0    5.93461e-06
3.14159     0    8.60064e-06

-3.14159     0.20944    7.44953e-06
-2.93215     0.20944    4.52633e-06
-2.72271     0.20944    1.88074e-06
-2.51327     0.20944    3.57791e-07
-2.30383     0.20944    2.14966e-06
-2.0944     0.20944    3.49275e-06
-1.88496     0.20944    4.45e-06
-1.67552     0.20944    5.12095e-06
-1.46608     0.20944    5.52484e-06
-1.25664     0.20944    5.68438e-06
-1.0472     0.20944    5.5597e-06
-0.837758     0.20944    5.08955e-06
-0.628319     0.20944    4.50263e-06
-0.418879     0.20944    3.50074e-06
-0.20944     0.20944    3.21503e-06
0     0.20944    2.66631e-06
0.20944     0.20944    3.39269e-06
0.418879     0.20944    3.8309e-06
0.628319     0.20944    4.49257e-06
0.837758     0.20944    5.09949e-06
1.0472     0.20944    5.52111e-06
1.25664     0.20944    5.66271e-06
1.46608     0.20944    5.52956e-06
1.67552     0.20944    5.12327e-06
1.88496     0.20944    4.45646e-06
2.0944     0.20944    3.48993e-06
2.30383     0.20944    2.15147e-06
2.51327     0.20944    3.63261e-07
2.72271     0.20944    1.88097e-06
2.93215     0.20944    4.52559e-06
3.14159     0.20944    7.45097e-06

-3.14159     0.418879    4.50972e-06
-2.93215     0.418879    1.2422e-06
-2.72271     0.418879    1.27261e-06
-2.51327     0.418879    3.03014e-06
-2.30383     0.418879    4.17496e-06
-2.0944     0.418879    4.88475e-06
-1.88496     0.418879    5.34715e-06
-1.67552     0.418879    5.64309e-06
-1.46608     0.418879    5.84202e-06
-1.25664     0.418879    5.90451e-06
-1.0472     0.418879    5.76181e-06
-0.837758     0.418879    5.33661e-06
-0.628319     0.418879    4.80172e-06
-0.418879     0.418879    3.97308e-06
-0.20944     0.418879    3.55412e-06
0     0.418879    4.0514e-06
0.20944     0.418879    4.03946e-06
0.418879     0.418879    4.12897e-06
0.628319     0.418879    4.8392e-06
0.837758     0.418879    5.3498e-06
1.0472     0.418879    5.75593e-06
1.25664     0.418879    5.91503e-06
1.46608     0.418879    5.84436e-06
1.67552     0.418879    5.6509e-06
1.88496     0.418879    5.34836e-06
2.0944     0.418879    4.88527e-06
2.30383     0.418879    4.17926e-06
2.51327     0.418879    3.03129e-06
2.72271     0.418879    1.26747e-06
2.93215     0.418879    1.24682e-06
3.14159     0.418879    4.51167e-06

-3.14159     0.628319    1.26212e-06
-2.93215     0.628319    1.93972e-06
-2.72271     0.628319    3.96893e-06
-2.51327     0.628319    5.05726e-06
-2.30383     0.628319    5.52978e-06
-2.0944     0.628319    5.70262e-06
-1.88496     0.628319    5.79266e-06
-1.67552     0.628319    5.86978e-06
-1.46608     0.628319    5.955e-06
-1.25664     0.628319    6.01644e-06
-1.0472     0.628319    5.896e-06
-0.837758     0.628319    5.60914e-06
-0.628319     0.628319    5.20336e-06
-0.418879     0.628319    4.82965e-06
-0.20944     0.628319    4.44914e-06
0     0.628319    4.02219e-06
0.20944     0.628319    4.43303e-06
0.418879     0.628319    4.8112e-06
0.628319     0.628319    5.18417e-06
0.837758     0.628319    5.62289e-06
1.0472     0.628319    5.90695e-06
1.25664     0.628319    6.01439e-06
1.46608     0.628319    5.94011e-06
1.67552     0.628319    5.86152e-06
1.88496     0.628319    5.79045e-06
2.0944     0.628319    5.70535e-06
2.30383     0.628319    5.52329e-06
2.51327     0.628319    5.05581e-06
2.72271     0.628319    3.97219e-06
2.93215     0.628319    1.93854e-06
3.14159     0.628319    1.26758e-06

-3.14159     0.837758    1.07673e-06
-2.93215     0.837758    4.027e-06
-2.72271     0.837758    5.60093e-06
-2.51327     0.837758    6.14515e-06
-2.30383     0.837758    6.15104e-06
-2.0944     0.837758    5.99178e-06
-1.88496     0.837758    5.87168e-06
-1.67552     0.837758    5.85198e-06
-1.46608     0.837758    5.92191e-06
-1.25664     0.837758    6.00565e-06
-1.0472     0.837758    5.96474e-06
-0.837758     0.837758    5.75549e-06
-0.628319     0.837758    5.45432e-06
-0.418879     0.837758    5.12445e-06
-0.20944     0.837758    5.10452e-06
0     0.837758    5.323e-06
0.20944     0.837758    5.09161e-06
0.418879     0.837758    5.16149e-06
0.628319     0.837758    5.46161e-06
0.837758     0.837758    5.75072e-06
1.0472     0.837758    5.95466e-06
1.25664     0.837758    6.00171e-06
1.46608     0.837758    5.91951e-06
1.67552     0.837758    5.85226e-06
1.88496     0.837758    5.87303e-06
2.0944     0.837758    6.00003e-06
2.30383     0.837758    6.15181e-06
2.51327     0.837758    6.14583e-06
2.72271     0.837758    5.60412e-06
2.93215     0.837758    4.02646e-06
3.14159     0.837758    1.07284e-06

-3.14159     1.0472    2.41909e-06
-2.93215     1.0472    5.17287e-06
-2.72271     1.0472    6.49271e-06
-2.51327     1.0472    6.73602e-06
-2.30383     1.0472    6.48416e-06
-2.0944     1.0472    6.13901e-06
-1.88496     1.0472    5.91078e-06
-1.67552     1.0472    5.83473e-06
-1.46608     1.0472    5.86976e-06
-1.25664     1.0472    5.91348e-06
-1.0472     1.0472    5.8255e-06
-0.837758     1.0472    5.65156e-06
-0.628319     1.0472    5.53167e-06
-0.418879     1.0472    5.62744e-06
-0.20944     1.0472    5.59389e-06
0     1.0472    5.46414e-06
0.20944     1.0472    5.63366e-06
0.418879     1.0472    5.61098e-06
0.628319     1.0472    5.55036e-06
0.837758     1.0472    5.64573e-06
1.0472     1.0472    5.82585e-06
1.25664     1.0472    5.91622e-06
1.46608     1.0472    5.88051e-06
1.67552     1.0472    5.83419e-06
1.88496     1.0472    5.90858e-06
2.0944     1.0472    6.1382e-06
2.30383     1.0472    6.47915e-06
2.51327     1.0472    6.73261e-06
2.72271     1.0472    6.4872e-06
2.93215     1.0472    5.16938e-06
3.14159     1.0472    2.41348e-06

-3.14159     1.25664    2.97172e-06
-2.93215     1.25664    5.55749e-06
-2.72271     1.25664    6.9128e-06
-2.51327     1.25664    7.10707e-06
-2.30383     1.25664    6.75165e-06
-2.0944     1.25664    6.33164e-06
-1.88496     1.25664    6.01937e-06
-1.67552     1.25664    5.89712e-06
-1.46608     1.25664    5.82252e-06
-1.25664     1.25664    5.67605e-06
-1.0472     1.25664    5.42492e-06
-0.837758     1.25664    5.29394e-06
-0.628319     1.25664    5.45492e-06
-0.418879     1.25664    5.70773e-06
-0.20944     1.25664    5.93805e-06
0     1.25664    6.01588e-06
0.20944     1.25664    5.89029e-06
0.418879     1.25664    5.70616e-06
0.628319     1.25664    5.45525e-06
0.837758     1.25664    5.30288e-06
1.0472     1.25664    5.42554e-06
1.25664     1.25664    5.67421e-06
1.46608     1.25664    5.80864e-06
1.67552     1.25664    5.89114e-06
1.88496     1.25664    6.02085e-06
2.0944     1.25664    6.3328e-06
2.30383     1.25664    6.74808e-06
2.51327     1.25664    7.106e-06
2.72271     1.25664    6.91182e-06
2.93215     1.25664    5.55342e-06
3.14159     1.25664    2.96542e-06

-3.14159     1.46608    2.9777e-06
-2.93215     1.46608    5.28727e-06
-2.72271     1.46608    6.85565e-06
-2.51327     1.46608    7.25621e-06
-2.30383     1.46608    6.99129e-06
-2.0944     1.46608    6.54668e-06
-1.88496     1.46608    6.16405e-06
-1.67552     1.46608    5.86748e-06
-1.46608     1.46608    5.54981e-06
-1.25664     1.46608    5.06811e-06
-1.0472     1.46608    4.66465e-06
-0.837758     1.46608    4.7446e-06
-0.628319     1.46608    5.27191e-06
-0.418879     1.46608    5.77842e-06
-0.20944     1.46608    5.9696e-06
0     1.46608    5.99592e-06
0.20944     1.46608    5.98939e-06
0.418879     1.46608    5.77092e-06
0.628319     1.46608    5.28727e-06
0.837758     1.46608    4.73843e-06
1.0472     1.46608    4.66045e-06
1.25664     1.46608    5.07735e-06
1.46608     1.46608    5.54404e-06
1.67552     1.46608    5.87964e-06
1.88496     1.46608    6.16849e-06
2.0944     1.46608    6.55169e-06
2.30383     1.46608    6.99613e-06
2.51327     1.46608    7.255e-06
2.72271     1.46608    6.86101e-06
2.93215     1.46608    5.28226e-06
3.14159     1.46608    2.98031e-06

-3.14159     1.67552    2.81355e-06
-2.93215     1.67552    4.42416e-06
-2.72271     1.67552    6.18293e-06
-2.51327     1.67552    6.99816e-06
-2.30383     1.67552    6.9648e-06
-2.0944     1.67552    6.56101e-06
-1.88496     1.67552    6.07154e-06
-1.67552     1.67552    5.48514e-06
-1.46608     1.67552    4.70653e-06
-1.25664     1.67552    3.84272e-06
-1.0472     1.67552    3.52008e-06
-0.837758     1.67552    4.15731e-06
-0.628319     1.67552    5.15842e-06
-0.418879     1.67552    5.7583e-06
-0.20944     1.67552    5.93393e-06
0     1.67552    5.91306e-06
0.20944     1.67552    5.90001e-06
0.418879     1.67552    5.75359e-06
0.628319     1.67552    5.15581e-06
0.837758     1.67552    4.15886e-06
1.0472     1.67552    3.52424e-06
1.25664     1.67552    3.84594e-06
1.46608     1.67552    4.71097e-06
1.67552     1.67552    5.48481e-06
1.88496     1.67552    6.06851e-06
2.0944     1.67552    6.56184e-06
2.30383     1.67552    6.97063e-06
2.51327     1.67552    6.9983e-06
2.72271     1.67552    6.1896e-06
2.93215     1.67552    4.41744e-06
3.14159     1.67552    2.81708e-06

-3.14159     1.88496    2.77988e-06
-2.93215     1.88496    3.20351e-06
-2.72271     1.88496    4.74052e-06
-2.51327     1.88496    5.94517e-06
-2.30383     1.88496    6.26172e-06
-2.0944     1.88496    5.94815e-06
-1.88496     1.88496    5.26411e-06
-1.67552     1.88496    4.2454e-06
-1.46608     1.88496    2.94395e-06
-1.25664     1.88496    1.96444e-06
-1.0472     1.88496    2.2869e-06
-0.837758     1.88496    3.75919e-06
-0.628319     1.88496    5.13782e-06
-0.418879     1.88496    5.72567e-06
-0.20944     1.88496    5.83936e-06
0     1.88496    5.89245e-06
0.20944     1.88496    5.87324e-06
0.418879     1.88496    5.74076e-06
0.628319     1.88496    5.14588e-06
0.837758     1.88496    3.76749e-06
1.0472     1.88496    2.28076e-06
1.25664     1.88496    1.96462e-06
1.46608     1.88496    2.93912e-06
1.67552     1.88496    4.24676e-06
1.88496     1.88496    5.26782e-06
2.0944     1.88496    5.95041e-06
2.30383     1.88496    6.26125e-06
2.51327     1.88496    5.94772e-06
2.72271     1.88496    4.73564e-06
2.93215     1.88496    3.19642e-06
3.14159     1.88496    2.78232e-06

-3.14159     2.0944    2.92573e-06
-2.93215     2.0944    1.93568e-06
-2.72271     2.0944    2.57101e-06
-2.51327     2.0944    3.75573e-06
-2.30383     2.0944    4.37574e-06
-2.0944     2.0944    4.16267e-06
-1.88496     2.0944    3.23197e-06
-1.67552     2.0944    1.73399e-06
-1.46608     2.0944    1.85464e-07
-1.25664     2.0944    2.07561e-07
-1.0472     2.0944    1.30117e-06
-0.837758     2.0944    3.64869e-06
-0.628319     2.0944    5.24414e-06
-0.418879     2.0944    5.84726e-06
-0.20944     2.0944    5.90121e-06
0     2.0944    5.79793e-06
0.20944     2.0944    5.8817e-06
0.418879     2.0944    5.84014e-06
0.628319     2.0944    5.24563e-06
0.837758     2.0944    3.64171e-06
1.0472     2.0944    1.29828e-06
1.25664     2.0944    2.05272e-07
1.46608     2.0944    1.82389e-07
1.67552     2.0944    1.73632e-06
1.88496     2.0944    3.22992e-06
2.0944     2.0944    4.16421e-06
2.30383     2.0944    4.37043e-06
2.51327     2.0944    3.75196e-06
2.72271     2.0944    2.5673e-06
2.93215     2.0944    1.93806e-06
3.14159     2.0944    2.93e-06

-3.14159     2.30383    3.01615e-06
-2.93215     2.30383    7.36333e-07
-2.72271     2.30383    1.82555e-08
-2.51327     2.30383    4.81096e-07
-2.30383     2.30383    1.03579e-06
-2.0944     2.30383    8.24813e-07
-1.88496     2.30383    2.93912e-07
-1.67552     2.30383    1.91248e-06
-1.46608     2.30383    2.94519e-06
-1.25664     2.30383    2.07658e-06
-1.0472     2.30383    7.3679e-07
-0.837758     2.30383    3.71616e-06
-0.628319     2.30383    5.42556e-06
-0.418879     2.30383    5.98463e-06
-0.20944     2.30383    6.08879e-06
0     2.30383    6.13904e-06
0.20944     2.30383    6.08618e-06
0.418879     2.30383    6.00658e-06
0.628319     2.30383    5.41994e-06
0.837758     2.30383    3.7101e-06
1.0472     2.30383    7.39935e-07
1.25664     2.30383    2.07788e-06
1.46608     2.30383    2.94759e-06
1.67552     2.30383    1.919e-06
1.88496     2.30383    2.95167e-07
2.0944     2.30383    8.28124e-07
2.30383     2.30383    1.03322e-06
2.51327     2.30383    4.74641e-07
2.72271     2.30383    1.41428e-08
2.93215     2.30383    7.39536e-07
3.14159     2.30383    3.01234e-06

-3.14159     2.51327    2.6741e-06
-2.93215     2.51327    5.35359e-07
-2.72271     2.51327    2.71032e-06
-2.51327     2.51327    3.41398e-06
-2.30383     2.51327    3.43894e-06
-2.0944     2.51327    3.82117e-06
-1.88496     2.51327    4.82594e-06
-1.67552     2.51327    5.82669e-06
-1.46608     2.51327    5.64052e-06
-1.25664     2.51327    3.38327e-06
-1.0472     2.51327    4.3774e-07
-0.837758     2.51327    3.78979e-06
-0.628319     2.51327    5.62999e-06
-0.418879     2.51327    6.33694e-06
-0.20944     2.51327    6.47175e-06
0     2.51327    6.4428e-06
0.20944     2.51327    6.48406e-06
0.418879     2.51327    6.32577e-06
0.628319     2.51327    5.63082e-06
0.837758     2.51327    3.78742e-06
1.0472     2.51327    4.36726e-07
1.25664     2.51327    3.38179e-06
1.46608     2.51327    5.64468e-06
1.67552     2.51327    5.82211e-06
1.88496     2.51327    4.82302e-06
2.0944     2.51327    3.81526e-06
2.30383     2.51327    3.4399e-06
2.51327     2.51327    3.41534e-06
2.72271     2.51327    2.71038e-06
2.93215     2.51327    5.39654e-07
3.14159     2.51327    2.66715e-06

-3.14159     2.72271    1.60364e-06
-2.93215     2.72271    2.16146e-06
-2.72271     2.72271    5.39455e-06
-2.51327     2.72271    7.2763e-06
-2.30383     2.72271    8.18586e-06
-2.0944     2.72271    8.77316e-06
-1.88496     2.72271    9.20228e-06
-1.67552     2.72271    9.09196e-06
-1.46608     2.72271    7.69931e-06
-1.25664     2.72271    4.39396e-06
-1.0472     2.72271    2.08442e-08
-0.837758     2.72271    3.62654e-06
-0.628319     2.72271    5.7014e-06
-0.418879     2.72271    6.59977e-06
-0.20944     2.72271    6.94018e-06
0     2.72271    7.01692e-06
0.20944     2.72271    6.93353e-06
0.418879     2.72271    6.61026e-06
0.628319     2.72271    5.69928e-06
0.837758     2.72271    3.62988e-06
1.0472     2.72271    2.24365e-08
1.25664     2.72271    4.394e-06
1.46608     2.72271    7.70559e-06
1.67552     2.72271    9.09226e-06
1.88496     2.72271    9.20646e-06
2.0944     2.72271    8.76656e-06
2.30383     2.72271    8.17742e-06
2.51327     2.72271    7.27602e-06
2.72271     2.72271    5.38993e-06
2.93215     2.72271    2.15709e-06
3.14159     2.72271    1.60007e-06

-3.14159     2.93215    3.91609e-07
-2.93215     2.93215    4.41046e-06
-2.72271     2.93215    8.1841e-06
-2.51327     2.93215    1.07316e-05
-2.30383     2.93215    1.20859e-05
-2.0944     2.93215    1.25605e-05
-1.88496     2.93215    1.24079e-05
-1.67552     2.93215    1.15655e-05
-1.46608     2.93215    9.48435e-06
-1.25664     2.93215    5.60409e-06
-1.0472     2.93215    9.2797e-07
-0.837758     2.93215    2.88782e-06
-0.628319     2.93215    5.2823e-06
-0.418879     2.93215    6.56659e-06
-0.20944     2.93215    7.10941e-06
0     2.93215    7.25643e-06
0.20944     2.93215    7.11508e-06
0.418879     2.93215    6.55545e-06
0.628319     2.93215    5.28162e-06
0.837758     2.93215    2.8892e-06
1.0472     2.93215    9.28313e-07
1.25664     2.93215    5.60488e-06
1.46608     2.93215    9.47824e-06
1.67552     2.93215    1.1559e-05
1.88496     2.93215    1.24021e-05
2.0944     2.93215    1.25658e-05
2.30383     2.93215    1.20858e-05
2.51327     2.93215    1.07374e-05
2.72271     2.93215    8.17572e-06
2.93215     2.93215    4.40209e-06
3.14159     2.93215    3.97107e-07

-3.14159     3.14159    3.42113e-06
-2.93215     3.14159    7.31496e-06
-2.72271     3.14159    1.09051e-05
-2.51327     3.14159    1.32384e-05
-2.30383     3.14159    1.41773e-05
-2.0944     3.14159    1.42928e-05
-1.88496     3.14159    1.40374e-05
-1.67552     3.14159    1.32969e-05
-1.46608     3.14159    1.12289e-05
-1.25664     3.14159    7.32521e-06
-1.0472     3.14159    2.71084e-06
-0.837758     3.14159    1.17504e-06
-0.628319     3.14159    3.90495e-06
-0.418879     3.14159    5.55213e-06
-0.20944     3.14159    6.38759e-06
0     3.14159    6.62134e-06
0.20944     3.14159    6.37749e-06
0.418879     3.14159    5.55009e-06
0.628319     3.14159    3.90542e-06
0.837758     3.14159    1.18103e-06
1.0472     3.14159    2.71486e-06
1.25664     3.14159    7.31979e-06
1.46608     3.14159    1.12274e-05
1.67552     3.14159    1.32943e-05
1.88496     3.14159    1.40384e-05
2.0944     3.14159    1.42955e-05
2.30383     3.14159    1.41689e-05
2.51327     3.14159    1.3233e-05
2.72271     3.14159    1.0893e-05
2.93215     3.14159    7.31679e-06
3.14159     3.14159    3.42427e-06

