-3.14159     -3.14159    9.46843e-05
-2.93215     -3.14159    4.54611e-05
-2.72271     -3.14159    0.000169024
-2.51327     -3.14159    0.000275613
-2.30383     -3.14159    0.000222575
-2.0944     -3.14159    0.000100403
-1.88496     -3.14159    3.14036e-05
-1.67552     -3.14159    5.21086e-05
-1.46608     -3.14159    0.000144769
-1.25664     -3.14159    4.5932e-05
-1.0472     -3.14159    0.000123667
-0.837758     -3.14159    0.000165669
-0.628319     -3.14159    0.000227256
-0.418879     -3.14159    0.000269313
-0.20944     -3.14159    0.000306489
0     -3.14159    0.000343186
0.20944     -3.14159    0.000306565
0.418879     -3.14159    0.000269312
0.628319     -3.14159    0.000227254
0.837758     -3.14159    0.000165669
1.0472     -3.14159    0.000123667
1.25664     -3.14159    4.59303e-05
1.46608     -3.14159    0.000144768
1.67552     -3.14159    5.21081e-05
1.88496     -3.14159    3.1405e-05
2.0944     -3.14159    0.000100405
2.30383     -3.14159    0.000222577
2.51327     -3.14159    0.000275611
2.72271     -3.14159    0.000169021
2.93215     -3.14159    4.54614e-05
3.14159     -3.14159    9.46869e-05

-3.14159     -2.93215    0.000193071
-2.93215     -2.93215    2.34575e-05
-2.72271     -2.93215    9.6703e-05
-2.51327     -2.93215    0.000125104
-2.30383     -2.93215    0.000235232
-2.0944     -2.93215    0.000221351
-1.88496     -2.93215    6.92143e-05
-1.67552     -2.93215    1.92182e-05
-1.46608     -2.93215    8.22851e-05
-1.25664     -2.93215    1.85582e-05
-1.0472     -2.93215    0.000180091
-0.837758     -2.93215    0.000260886
-0.628319     -2.93215    0.000327293
-0.418879     -2.93215    0.000401949
-0.20944     -2.93215    0.000431481
0     -2.93215    0.000415751
0.20944     -2.93215    0.00043138
0.418879     -2.93215    0.000401954
0.628319     -2.93215    0.00032729
0.837758     -2.93215    0.000260889
1.0472     -2.93215    0.000180092
1.25664     -2.93215    1.8559e-05
1.46608     -2.93215    8.22851e-05
1.67552     -2.93215    1.92198e-05
1.88496     -2.93215    6.92175e-05
2.0944     -2.93215    0.000221354
2.30383     -2.93215    0.000235234
2.51327     -2.93215    0.000125104
2.72271     -2.93215    9.67024e-05
2.93215     -2.93215    2.3457e-05
3.14159     -2.93215    0.000193071

-3.14159     -2.72271    0.000152851
-2.93215     -2.72271    2.34452e-05
-2.72271     -2.72271    0.000143044
-2.51327     -2.72271    0.000105276
-2.30383     -2.72271    6.4672e-05
-2.0944     -2.72271    0.000118925
-1.88496     -2.72271    9.47826e-05
-1.67552     -2.72271    4.91969e-05
-1.46608     -2.72271    4.69297e-05
-1.25664     -2.72271    5.9794e-05
-1.0472     -2.72271    0.000134339
-0.837758     -2.72271    0.00025056
-0.628319     -2.72271    0.000341552
-0.418879     -2.72271    0.00039282
-0.20944     -2.72271    0.000446897
0     -2.72271    0.000493783
0.20944     -2.72271    0.000447004
0.418879     -2.72271    0.000392815
0.628319     -2.72271    0.000341555
0.837758     -2.72271    0.000250559
1.0472     -2.72271    0.000134336
1.25664     -2.72271    5.97902e-05
1.46608     -2.72271    4.69315e-05
1.67552     -2.72271    4.92e-05
1.88496     -2.72271    9.47849e-05
2.0944     -2.72271    0.000118928
2.30383     -2.72271    6.4675e-05
2.51327     -2.72271    0.000105279
2.72271     -2.72271    0.000143048
2.93215     -2.72271    2.34448e-05
3.14159     -2.72271    0.000152851

-3.14159     -2.51327    0.000122036
-2.93215     -2.51327    7.4716e-05
-2.72271     -2.51327    0.000133652
-2.51327     -2.51327    0.000118156
-2.30383     -2.51327    3.38601e-05
-2.0944     -2.51327    0.000113628
-1.88496     -2.51327    4.99601e-06
-1.67552     -2.51327    8.35251e-05
-1.46608     -2.51327    4.71225e-06
-1.25664     -2.51327    4.47606e-05
-1.0472     -2.51327    0.000140495
-0.837758     -2.51327    0.000277343
-0.628319     -2.51327    0.000351401
-0.418879     -2.51327    0.000365392
-0.20944     -2.51327    0.000420302
0     -2.51327    0.000442204
0.20944     -2.51327    0.000420244
0.418879     -2.51327    0.0003654
0.628319     -2.51327    0.0003514
0.837758     -2.51327    0.000277344
1.0472     -2.51327    0.000140494
1.25664     -2.51327    4.47661e-05
1.46608     -2.51327    4.71516e-06
1.67552     -2.51327    8.35257e-05
1.88496     -2.51327    4.99728e-06
2.0944     -2.51327    0.000113626
2.30383     -2.51327    3.3857e-05
2.51327     -2.51327    0.00011816
2.72271     -2.51327    0.000133655
2.93215     -2.51327    7.47168e-05
3.14159     -2.51327    0.000122036

-3.14159     -2.30383    3.35883e-05
-2.93215     -2.30383    0.0001118
-2.72271     -2.30383    9.66812e-05
-2.51327     -2.30383    6.07078e-05
-2.30383     -2.30383    0.00015987
-2.0944     -2.30383    0.000222795
-1.88496     -2.30383    0.000140935
-1.67552     -2.30383    1.3151e-05
-1.46608     -2.30383    3.1571e-05
-1.25664     -2.30383    2.84245e-05
-1.0472     -2.30383    0.00011972
-0.837758     -2.30383    0.000299665
-0.628319     -2.30383    0.000377059
-0.418879     -2.30383    0.000418678
-0.20944     -2.30383    0.000432219
0     -2.30383    0.000469153
0.20944     -2.30383    0.000432199
0.418879     -2.30383    0.000418669
0.628319     -2.30383    0.00037706
0.837758     -2.30383    0.000299662
1.0472     -2.30383    0.000119721
1.25664     -2.30383    2.84183e-05
1.46608     -2.30383    3.15735e-05
1.67552     -2.30383    1.31511e-05
1.88496     -2.30383    0.000140933
2.0944     -2.30383    0.000222793
2.30383     -2.30383    0.000159869
2.51327     -2.30383    6.07056e-05
2.72271     -2.30383    9.66855e-05
2.93215     -2.30383    0.000111802
3.14159     -2.30383    3.35856e-05

-3.14159     -2.0944    5.23484e-05
-2.93215     -2.0944    9.76223e-05
-2.72271     -2.0944    5.30079e-06
-2.51327     -2.0944    0.00016294
-2.30383     -2.0944    0.000275483
-2.0944     -2.0944    0.000292931
-1.88496     -2.0944    0.000233972
-1.67552     -2.0944    0.000213036
-1.46608     -2.0944    8.35369e-05
-1.25664     -2.0944    1.76122e-06
-1.0472     -2.0944    9.184e-05
-0.837758     -2.0944    0.000228273
-0.628319     -2.0944    0.000337474
-0.418879     -2.0944    0.000414193
-0.20944     -2.0944    0.000405354
0     -2.0944    0.000394615
0.20944     -2.0944    0.000405495
0.418879     -2.0944    0.000414194
0.628319     -2.0944    0.000337478
0.837758     -2.0944    0.000228276
1.0472     -2.0944    9.18395e-05
1.25664     -2.0944    1.75236e-06
1.46608     -2.0944    8.35357e-05
1.67552     -2.0944    0.000213033
1.88496     -2.0944    0.000233971
2.0944     -2.0944    0.000292928
2.30383     -2.0944    0.000275483
2.51327     -2.0944    0.000162939
2.72271     -2.0944    5.29486e-06
2.93215     -2.0944    9.76253e-05
3.14159     -2.0944    5.23517e-05

-3.14159     -1.88496    9.53254e-05
-2.93215     -1.88496    4.7495e-05
-2.72271     -1.88496    0.000144043
-2.51327     -1.88496    0.000304496
-2.30383     -1.88496    0.000380852
-2.0944     -1.88496    0.000353452
-1.88496     -1.88496    0.000322823
-1.67552     -1.88496    0.000315534
-1.46608     -1.88496    0.00023512
-1.25664     -1.88496    0.00012503
-1.0472     -1.88496    0.000120667
-0.837758     -1.88496    0.000198651
-0.628319     -1.88496    0.000306785
-0.418879     -1.88496    0.000363094
-0.20944     -1.88496    0.000356358
0     -1.88496    0.000377479
0.20944     -1.88496    0.00035609
0.418879     -1.88496    0.000363089
0.628319     -1.88496    0.000306782
0.837758     -1.88496    0.00019865
1.0472     -1.88496    0.000120672
1.25664     -1.88496    0.000125033
1.46608     -1.88496    0.000235119
1.67552     -1.88496    0.000315531
1.88496     -1.88496    0.000322823
2.0944     -1.88496    0.000353451
2.30383     -1.88496    0.00038085
2.51327     -1.88496    0.000304494
2.72271     -1.88496    0.000144041
2.93215     -1.88496    4.7499e-05
3.14159     -1.88496    9.53282e-05

-3.14159     -1.67552    8.62263e-05
-2.93215     -1.67552    7.21813e-05
-2.72271     -1.67552    0.000285713
-2.51327     -1.67552    0.000391323
-2.30383     -1.67552    0.000440314
-2.0944     -1.67552    0.000378557
-1.88496     -1.67552    0.000374934
-1.67552     -1.67552    0.000382997
-1.46608     -1.67552    0.000292233
-1.25664     -1.67552    0.000207529
-1.0472     -1.67552    0.000137718
-0.837758     -1.67552    0.00014836
-0.628319     -1.67552    0.000268615
-0.418879     -1.67552    0.000325697
-0.20944     -1.67552    0.000288826
0     -1.67552    0.000301101
0.20944     -1.67552    0.000289229
0.418879     -1.67552    0.000325698
0.628319     -1.67552    0.000268622
0.837758     -1.67552    0.000148365
1.0472     -1.67552    0.000137716
1.25664     -1.67552    0.00020753
1.46608     -1.67552    0.000292236
1.67552     -1.67552    0.000382994
1.88496     -1.67552    0.000374935
2.0944     -1.67552    0.000378553
2.30383     -1.67552    0.000440312
2.51327     -1.67552    0.00039132
2.72271     -1.67552    0.000285711
2.93215     -1.67552    7.21783e-05
3.14159     -1.67552    8.62291e-05

-3.14159     -1.46608    2.97628e-05
-2.93215     -1.46608    0.000187369
-2.72271     -1.46608    0.000374082
-2.51327     -1.46608    0.000423823
-2.30383     -1.46608    0.00047016
-2.0944     -1.46608    0.000417912
-1.88496     -1.46608    0.000403132
-1.67552     -1.46608    0.000427736
-1.46608     -1.46608    0.000364119
-1.25664     -1.46608    0.000292664
-1.0472     -1.46608    0.000185532
-0.837758     -1.46608    0.0001491
-0.628319     -1.46608    0.00021845
-0.418879     -1.46608    0.000286199
-0.20944     -1.46608    0.000224731
0     -1.46608    0.000220201
0.20944     -1.46608    0.000224226
0.418879     -1.46608    0.000286208
0.628319     -1.46608    0.000218454
0.837758     -1.46608    0.000149093
1.0472     -1.46608    0.000185533
1.25664     -1.46608    0.00029267
1.46608     -1.46608    0.000364124
1.67552     -1.46608    0.000427733
1.88496     -1.46608    0.000403129
2.0944     -1.46608    0.000417906
2.30383     -1.46608    0.000470158
2.51327     -1.46608    0.00042382
2.72271     -1.46608    0.000374084
2.93215     -1.46608    0.000187368
3.14159     -1.46608    2.97663e-05

-3.14159     -1.25664    6.70134e-05
-2.93215     -1.25664    0.000250647
-2.72271     -1.25664    0.000395136
-2.51327     -1.25664    0.000459085
-2.30383     -1.25664    0.000478439
-2.0944     -1.25664    0.00044197
-1.88496     -1.25664    0.000443715
-1.67552     -1.25664    0.000403352
-1.46608     -1.25664    0.000362162
-1.25664     -1.25664    0.000339521
-1.0472     -1.25664    0.000259524
-0.837758     -1.25664    0.00022648
-0.628319     -1.25664    0.000254443
-0.418879     -1.25664    0.000292837
-0.20944     -1.25664    0.000256323
0     -1.25664    0.000235587
0.20944     -1.25664    0.000256809
0.418879     -1.25664    0.000292855
0.628319     -1.25664    0.00025446
0.837758     -1.25664    0.000226482
1.0472     -1.25664    0.000259516
1.25664     -1.25664    0.000339526
1.46608     -1.25664    0.000362168
1.67552     -1.25664    0.000403347
1.88496     -1.25664    0.000443715
2.0944     -1.25664    0.000441971
2.30383     -1.25664    0.000478438
2.51327     -1.25664    0.000459083
2.72271     -1.25664    0.00039514
2.93215     -1.25664    0.000250647
3.14159     -1.25664    6.70118e-05

-3.14159     -1.0472    0.000135353
-2.93215     -1.0472    0.000302202
-2.72271     -1.0472    0.00040741
-2.51327     -1.0472    0.000401718
-2.30383     -1.0472    0.000406598
-2.0944     -1.0472    0.000430988
-1.88496     -1.0472    0.000431858
-1.67552     -1.0472    0.000375537
-1.46608     -1.0472    0.000336355
-1.25664     -1.0472    0.00026927
-1.0472     -1.0472    0.00028365
-0.837758     -1.0472    0.000268273
-0.628319     -1.0472    0.000292538
-0.418879     -1.0472    0.00033059
-0.20944     -1.0472    0.000322151
0     -1.0472    0.000135231
0.20944     -1.0472    0.000321774
0.418879     -1.0472    0.00033054
0.628319     -1.0472    0.000292526
0.837758     -1.0472    0.000268282
1.0472     -1.0472    0.000283655
1.25664     -1.0472    0.00026926
1.46608     -1.0472    0.000336349
1.67552     -1.0472    0.000375542
1.88496     -1.0472    0.000431857
2.0944     -1.0472    0.000430987
2.30383     -1.0472    0.000406604
2.51327     -1.0472    0.00040172
2.72271     -1.0472    0.000407412
2.93215     -1.0472    0.000302201
3.14159     -1.0472    0.000135354

-3.14159     -0.837758    0.000165802
-2.93215     -0.837758    0.000270841
-2.72271     -0.837758    0.000339212
-2.51327     -0.837758    0.000354067
-2.30383     -0.837758    0.000387033
-2.0944     -0.837758    0.000438137
-1.88496     -0.837758    0.000395001
-1.67552     -0.837758    0.000346535
-1.46608     -0.837758    0.000314102
-1.25664     -0.837758    0.000235235
-1.0472     -0.837758    0.00023262
-0.837758     -0.837758    0.000339856
-0.628319     -0.837758    0.000349009
-0.418879     -0.837758    0.000378403
-0.20944     -0.837758    0.000408241
0     -0.837758    0.000417297
0.20944     -0.837758    0.000408313
0.418879     -0.837758    0.00037842
0.628319     -0.837758    0.000349023
0.837758     -0.837758    0.000339824
1.0472     -0.837758    0.000232632
1.25664     -0.837758    0.00023524
1.46608     -0.837758    0.000314102
1.67552     -0.837758    0.000346541
1.88496     -0.837758    0.000394997
2.0944     -0.837758    0.000438135
2.30383     -0.837758    0.000387036
2.51327     -0.837758    0.000354071
2.72271     -0.837758    0.000339217
2.93215     -0.837758    0.00027084
3.14159     -0.837758    0.000165801

-3.14159     -0.628319    0.000186325
-2.93215     -0.628319    0.000248944
-2.72271     -0.628319    0.000256955
-2.51327     -0.628319    0.000339482
-2.30383     -0.628319    0.000382572
-2.0944     -0.628319    0.000397777
-1.88496     -0.628319    0.000376304
-1.67552     -0.628319    0.000336982
-1.46608     -0.628319    0.000251354
-1.25664     -0.628319    0.000218994
-1.0472     -0.628319    0.000186729
-0.837758     -0.628319    0.00025051
-0.628319     -0.628319    0.000404985
-0.418879     -0.628319    0.000465051
-0.20944     -0.628319    0.000523047
0     -0.628319    0.000311512
0.20944     -0.628319    0.000523635
0.418879     -0.628319    0.000465157
0.628319     -0.628319    0.000404994
0.837758     -0.628319    0.000250482
1.0472     -0.628319    0.000186747
1.25664     -0.628319    0.00021899
1.46608     -0.628319    0.000251373
1.67552     -0.628319    0.000336982
1.88496     -0.628319    0.000376309
2.0944     -0.628319    0.000397781
2.30383     -0.628319    0.000382572
2.51327     -0.628319    0.000339483
2.72271     -0.628319    0.000256958
2.93215     -0.628319    0.000248947
3.14159     -0.628319    0.000186326

-3.14159     -0.418879    2.83617e-05
-2.93215     -0.418879    6.97276e-05
-2.72271     -0.418879    0.0001748
-2.51327     -0.418879    0.000264964
-2.30383     -0.418879    0.00029382
-2.0944     -0.418879    0.000294423
-1.88496     -0.418879    0.000326686
-1.67552     -0.418879    0.000314743
-1.46608     -0.418879    0.000274768
-1.25664     -0.418879    0.000256117
-1.0472     -0.418879    0.000277807
-0.837758     -0.418879    0.000267687
-0.628319     -0.418879    0.0003695
-0.418879     -0.418879    0.000569806
-0.20944     -0.418879    0.000678406
0     -0.418879    0.000977567
0.20944     -0.418879    0.000676425
0.418879     -0.418879    0.000569719
0.628319     -0.418879    0.000369436
0.837758     -0.418879    0.000267671
1.0472     -0.418879    0.000277831
1.25664     -0.418879    0.00025613
1.46608     -0.418879    0.000274768
1.67552     -0.418879    0.000314754
1.88496     -0.418879    0.000326688
2.0944     -0.418879    0.000294422
2.30383     -0.418879    0.000293824
2.51327     -0.418879    0.000264963
2.72271     -0.418879    0.0001748
2.93215     -0.418879    6.97304e-05
3.14159     -0.418879    2.83647e-05

-3.14159     -0.20944    8.16237e-05
-2.93215     -0.20944    6.33962e-05
-2.72271     -0.20944    2.33457e-05
-2.51327     -0.20944    8.86472e-05
-2.30383     -0.20944    0.00014926
-2.0944     -0.20944    0.00018663
-1.88496     -0.20944    0.00020424
-1.67552     -0.20944    0.000219348
-1.46608     -0.20944    0.000267095
-1.25664     -0.20944    0.000302019
-1.0472     -0.20944    0.000351025
-0.837758     -0.20944    0.000416541
-0.628319     -0.20944    0.000461796
-0.418879     -0.20944    0.00068469
-0.20944     -0.20944    0.00100486
0     -0.20944    0.000997836
0.20944     -0.20944    0.00100865
0.418879     -0.20944    0.000684621
0.628319     -0.20944    0.000461847
0.837758     -0.20944    0.000416542
1.0472     -0.20944    0.000350965
1.25664     -0.20944    0.000302029
1.46608     -0.20944    0.00026709
1.67552     -0.20944    0.000219349
1.88496     -0.20944    0.000204241
2.0944     -0.20944    0.00018663
2.30383     -0.20944    0.000149264
2.51327     -0.20944    8.86458e-05
2.72271     -0.20944    2.33458e-05
2.93215     -0.20944    6.33953e-05
3.14159     -0.20944    8.16208e-05

-3.14159     0    4.15534e-05
-2.93215     0    4.29138e-06
-2.72271     0    6.15945e-05
-2.51327     0    2.26936e-05
-2.30383     0    6.21161e-05
-2.0944     0    0.000128406
-1.88496     0    0.000123502
-1.67552     0    0.000154601
-1.46608     0    0.000210847
-1.25664     0    0.000287061
-1.0472     0    0.000336242
-0.837758     0    0.000420638
-0.628319     0    0.000586495
-0.418879     0    0.000748353
-0.20944     0    0.00123232
0     0    6.5607e-16
0.20944     0    0.00123232
0.418879     0    0.000748353
0.628319     0    0.000586495
0.837758     0    0.000420638
1.0472     0    0.000336242
1.25664     0    0.000287061
1.46608     0    0.000210847
1.67552     0    0.000154601
1.88496     0    0.000123502
2.0944     0    0.000128406
2.30383     0    6.21161e-05
2.51327     0    2.26936e-05
2.72271     0    6.15945e-05
2.93215     0    4.29138e-06
3.14159     0    4.15534e-05

-3.14159     0.20944    8.16208e-05
-2.93215     0.20944    6.33953e-05
-2.72271     0.20944    2.33458e-05
-2.51327     0.20944    8.86458e-05
-2.30383     0.20944    0.000149264
-2.0944     0.20944    0.00018663
-1.88496     0.20944    0.000204241
-1.67552     0.20944    0.000219349
-1.46608     0.20944    0.00026709
-1.25664     0.20944    0.000302029
-1.0472     0.20944    0.000350965
-0.837758     0.20944    0.000416542
-0.628319     0.20944    0.000461847
-0.418879     0.20944    0.000684621
-0.20944     0.20944    0.00100865
0     0.20944    0.000997836
0.20944     0.20944    0.00100486
0.418879     0.20944    0.00068469
0.628319     0.20944    0.000461796
0.837758     0.20944    0.000416541
1.0472     0.20944    0.000351025
1.25664     0.20944    0.000302019
1.46608     0.20944    0.000267095
1.67552     0.20944    0.000219348
1.88496     0.20944    0.00020424
2.0944     0.20944    0.00018663
2.30383     0.20944    0.00014926
2.51327     0.20944    8.86472e-05
2.72271     0.20944    2.33457e-05
2.93215     0.20944    6.33962e-05
3.14159     0.20944    8.16237e-05

-3.14159     0.418879    2.83647e-05
-2.93215     0.418879    6.97304e-05
-2.72271     0.418879    0.0001748
-2.51327     0.418879    0.000264963
-2.30383     0.418879    0.000293824
-2.0944     0.418879    0.000294422
-1.88496     0.418879    0.000326688
-1.67552     0.418879    0.000314754
-1.46608     0.418879    0.000274768
-1.25664     0.418879    0.00025613
-1.0472     0.418879    0.000277831
-0.837758     0.418879    0.000267671
-0.628319     0.418879    0.000369436
-0.418879     0.418879    0.000569719
-0.20944     0.418879    0.000676425
0     0.418879    0.000977567
0.20944     0.418879    0.000678406
0.418879     0.418879    0.000569806
0.628319     0.418879    0.0003695
0.837758     0.418879    0.000267687
1.0472     0.418879    0.000277807
1.25664     0.418879    0.000256117
1.46608     0.418879    0.000274768
1.67552     0.418879    0.000314743
1.88496     0.418879    0.000326686
2.0944     0.418879    0.000294423
2.30383     0.418879    0.00029382
2.51327     0.418879    0.000264964
2.72271     0.418879    0.0001748
2.93215     0.418879    6.97276e-05
3.14159     0.418879    2.83617e-05

-3.14159     0.628319    0.000186326
-2.93215     0.628319    0.000248947
-2.72271     0.628319    0.000256958
-2.51327     0.628319    0.000339483
-2.30383     0.628319    0.000382572
-2.0944     0.628319    0.000397781
-1.88496     0.628319    0.000376309
-1.67552     0.628319    0.000336982
-1.46608     0.628319    0.000251373
-1.25664     0.628319    0.00021899
-1.0472     0.628319    0.000186747
-0.837758     0.628319    0.000250482
-0.628319     0.628319    0.000404994
-0.418879     0.628319    0.000465157
-0.20944     0.628319    0.000523635
0     0.628319    0.000311512
0.20944     0.628319    0.000523047
0.418879     0.628319    0.000465051
0.628319     0.628319    0.000404985
0.837758     0.628319    0.00025051
1.0472     0.628319    0.000186729
1.25664     0.628319    0.000218994
1.46608     0.628319    0.000251354
1.67552     0.628319    0.000336982
1.88496     0.628319    0.000376304
2.0944     0.628319    0.000397777
2.30383     0.628319    0.000382572
2.51327     0.628319    0.000339482
2.72271     0.628319    0.000256955
2.93215     0.628319    0.000248944
3.14159     0.628319    0.000186325

-3.14159     0.837758    0.000165801
-2.93215     0.837758    0.00027084
-2.72271     0.837758    0.000339217
-2.51327     0.837758    0.000354071
-2.30383     0.837758    0.000387036
-2.0944     0.837758    0.000438135
-1.88496     0.837758    0.000394997
-1.67552     0.837758    0.000346541
-1.46608     0.837758    0.000314102
-1.25664     0.837758    0.00023524
-1.0472     0.837758    0.000232632
-0.837758     0.837758    0.000339824
-0.628319     0.837758    0.000349023
-0.418879     0.837758    0.00037842
-0.20944     0.837758    0.000408313
0     0.837758    0.000417297
0.20944     0.837758    0.000408241
0.418879     0.837758    0.000378403
0.628319     0.837758    0.000349009
0.837758     0.837758    0.000339856
1.0472     0.837758    0.00023262
1.25664     0.837758    0.000235235
1.46608     0.837758    0.000314102
1.67552     0.837758    0.000346535
1.88496     0.837758    0.000395001
2.0944     0.837758    0.000438137
2.30383     0.837758    0.000387033
2.51327     0.837758    0.000354067
2.72271     0.837758    0.000339212
2.93215     0.837758    0.000270841
3.14159     0.837758    0.000165802

-3.14159     1.0472    0.000135354
-2.93215     1.0472    0.000302201
-2.72271     1.0472    0.000407412
-2.51327     1.0472    0.00040172
-2.30383     1.0472    0.000406604
-2.0944     1.0472    0.000430987
-1.88496     1.0472    0.000431857
-1.67552     1.0472    0.000375542
-1.46608     1.0472    0.000336349
-1.25664     1.0472    0.00026926
-1.0472     1.0472    0.000283655
-0.837758     1.0472    0.000268282
-0.628319     1.0472    0.000292526
-0.418879     1.0472    0.00033054
-0.20944     1.0472    0.000321774
0     1.0472    0.000135231
0.20944     1.0472    0.000322151
0.418879     1.0472    0.00033059
0.628319     1.0472    0.000292538
0.837758     1.0472    0.000268273
1.0472     1.0472    0.00028365
1.25664     1.0472    0.00026927
1.46608     1.0472    0.000336355
1.67552     1.0472    0.000375537
1.88496     1.0472    0.000431858
2.0944     1.0472    0.000430988
2.30383     1.0472    0.000406598
2.51327     1.0472    0.000401718
2.72271     1.0472    0.00040741
2.93215     1.0472    0.000302202
3.14159     1.0472    0.000135353

-3.14159     1.25664    6.70118e-05
-2.93215     1.25664    0.000250647
-2.72271     1.25664    0.00039514
-2.51327     1.25664    0.000459083
-2.30383     1.25664    0.000478438
-2.0944     1.25664    0.000441971
-1.88496     1.25664    0.000443715
-1.67552     1.25664    0.000403347
-1.46608     1.25664    0.000362168
-1.25664     1.25664    0.000339526
-1.0472     1.25664    0.000259516
-0.837758     1.25664    0.000226482
-0.628319     1.25664    0.00025446
-0.418879     1.25664    0.000292855
-0.20944     1.25664    0.000256809
0     1.25664    0.000235587
0.20944     1.25664    0.000256323
0.418879     1.25664    0.000292837
0.628319     1.25664    0.000254443
0.837758     1.25664    0.00022648
1.0472     1.25664    0.000259524
1.25664     1.25664    0.000339521
1.46608     1.25664    0.000362162
1.67552     1.25664    0.000403352
1.88496     1.25664    0.000443715
2.0944     1.25664    0.00044197
2.30383     1.25664    0.000478439
2.51327     1.25664    0.000459085
2.72271     1.25664    0.000395136
2.93215     1.25664    0.000250647
3.14159     1.25664    6.70134e-05

-3.14159     1.46608    2.97663e-05
-2.93215     1.46608    0.000187368
-2.72271     1.46608    0.000374084
-2.51327     1.46608    0.00042382
-2.30383     1.46608    0.000470158
-2.0944     1.46608    0.000417906
-1.88496     1.46608    0.000403129
-1.67552     1.46608    0.000427733
-1.46608     1.46608    0.000364124
-1.25664     1.46608    0.00029267
-1.0472     1.46608    0.000185533
-0.837758     1.46608    0.000149093
-0.628319     1.46608    0.000218454
-0.418879     1.46608    0.000286208
-0.20944     1.46608    0.000224226
0     1.46608    0.000220201
0.20944     1.46608    0.000224731
0.418879     1.46608    0.000286199
0.628319     1.46608    0.00021845
0.837758     1.46608    0.0001491
1.0472     1.46608    0.000185532
1.25664     1.46608    0.000292664
1.46608     1.46608    0.000364119
1.67552     1.46608    0.000427736
1.88496     1.46608    0.000403132
2.0944     1.46608    0.000417912
2.30383     1.46608    0.00047016
2.51327     1.46608    0.000423823
2.72271     1.46608    0.000374082
2.93215     1.46608    0.000187369
3.14159     1.46608    2.97628e-05

-3.14159     1.67552    8.62291e-05
-2.93215     1.67552    7.21783e-05
-2.72271     1.67552    0.000285711
-2.51327     1.67552    0.00039132
-2.30383     1.67552    0.000440312
-2.0944     1.67552    0.000378553
-1.88496     1.67552    0.000374935
-1.67552     1.67552    0.000382994
-1.46608     1.67552    0.000292236
-1.25664     1.67552    0.00020753
-1.0472     1.67552    0.000137716
-0.837758     1.67552    0.000148365
-0.628319     1.67552    0.000268622
-0.418879     1.67552    0.000325698
-0.20944     1.67552    0.000289229
0     1.67552    0.000301101
0.20944     1.67552    0.000288826
0.418879     1.67552    0.000325697
0.628319     1.67552    0.000268615
0.837758     1.67552    0.00014836
1.0472     1.67552    0.000137718
1.25664     1.67552    0.000207529
1.46608     1.67552    0.000292233
1.67552     1.67552    0.000382997
1.88496     1.67552    0.000374934
2.0944     1.67552    0.000378557
2.30383     1.67552    0.000440314
2.51327     1.67552    0.000391323
2.72271     1.67552    0.000285713
2.93215     1.67552    7.21813e-05
3.14159     1.67552    8.62263e-05

-3.14159     1.88496    9.53282e-05
-2.93215     1.88496    4.7499e-05
-2.72271     1.88496    0.000144041
-2.51327     1.88496    0.000304494
-2.30383     1.88496    0.00038085
-2.0944     1.88496    0.000353451
-1.88496     1.88496    0.000322823
-1.67552     1.88496    0.000315531
-1.46608     1.88496    0.000235119
-1.25664     1.88496    0.000125033
-1.0472     1.88496    0.000120672
-0.837758     1.88496    0.00019865
-0.628319     1.88496    0.000306782
-0.418879     1.88496    0.000363089
-0.20944     1.88496    0.00035609
0     1.88496    0.000377479
0.20944     1.88496    0.000356358
0.418879     1.88496    0.000363094
0.628319     1.88496    0.000306785
0.837758     1.88496    0.000198651
1.0472     1.88496    0.000120667
1.25664     1.88496    0.00012503
1.46608     1.88496    0.00023512
1.67552     1.88496    0.000315534
1.88496     1.88496    0.000322823
2.0944     1.88496    0.000353452
2.30383     1.88496    0.000380852
2.51327     1.88496    0.000304496
2.72271     1.88496    0.000144043
2.93215     1.88496    4.7495e-05
3.14159     1.88496    9.53254e-05

-3.14159     2.0944    5.23517e-05
-2.93215     2.0944    9.76253e-05
-2.72271     2.0944    5.29486e-06
-2.51327     2.0944    0.000162939
-2.30383     2.0944    0.000275483
-2.0944     2.0944    0.000292928
-1.88496     2.0944    0.000233971
-1.67552     2.0944    0.000213033
-1.46608     2.0944    8.35357e-05
-1.25664     2.0944    1.75236e-06
-1.0472     2.0944    9.18395e-05
-0.837758     2.0944    0.000228276
-0.628319     2.0944    0.000337478
-0.418879     2.0944    0.000414194
-0.20944     2.0944    0.000405495
0     2.0944    0.000394615
0.20944     2.0944    0.000405354
0.418879     2.0944    0.000414193
0.628319     2.0944    0.000337474
0.837758     2.0944    0.000228273
1.0472     2.0944    9.184e-05
1.25664     2.0944    1.76122e-06
1.46608     2.0944    8.35369e-05
1.67552     2.0944    0.000213036
1.88496     2.0944    0.000233972
2.0944     2.0944    0.000292931
2.30383     2.0944    0.000275483
2.51327     2.0944    0.00016294
2.72271     2.0944    5.30079e-06
2.93215     2.0944    9.76223e-05
3.14159     2.0944    5.23484e-05

-3.14159     2.30383    3.35856e-05
-2.93215     2.30383    0.000111802
-2.72271     2.30383    9.66855e-05
-2.51327     2.30383    6.07056e-05
-2.30383     2.30383    0.000159869
-2.0944     2.30383    0.000222793
-1.88496     2.30383    0.000140933
-1.67552     2.30383    1.31511e-05
-1.46608     2.30383    3.15735e-05
-1.25664     2.30383    2.84183e-05
-1.0472     2.30383    0.000119721
-0.837758     2.30383    0.000299662
-0.628319     2.30383    0.00037706
-0.418879     2.30383    0.000418669
-0.20944     2.30383    0.000432199
0     2.30383    0.000469153
0.20944     2.30383    0.000432219
0.418879     2.30383    0.000418678
0.628319     2.30383    0.000377059
0.837758     2.30383    0.000299665
1.0472     2.30383    0.00011972
1.25664     2.30383    2.84245e-05
1.46608     2.30383    3.1571e-05
1.67552     2.30383    1.3151e-05
1.88496     2.30383    0.000140935
2.0944     2.30383    0.000222795
2.30383     2.30383    0.00015987
2.51327     2.30383    6.07078e-05
2.72271     2.30383    9.66812e-05
2.93215     2.30383    0.0001118
3.14159     2.30383    3.35883e-05

-3.14159     2.51327    0.000122036
-2.93215     2.51327    7.47168e-05
-2.72271     2.51327    0.000133655
-2.51327     2.51327    0.00011816
-2.30383     2.51327    3.3857e-05
-2.0944     2.51327    0.000113626
-1.88496     2.51327    4.99728e-06
-1.67552     2.51327    8.35257e-05
-1.46608     2.51327    4.71516e-06
-1.25664     2.51327    4.47661e-05
-1.0472     2.51327    0.000140494
-0.837758     2.51327    0.000277344
-0.628319     2.51327    0.0003514
-0.418879     2.51327    0.0003654
-0.20944     2.51327    0.000420244
0     2.51327    0.000442204
0.20944     2.51327    0.000420302
0.418879     2.51327    0.000365392
0.628319     2.51327    0.000351401
0.837758     2.51327    0.000277343
1.0472     2.51327    0.000140495
1.25664     2.51327    4.47606e-05
1.46608     2.51327    4.71225e-06
1.67552     2.51327    8.35251e-05
1.88496     2.51327    4.99601e-06
2.0944     2.51327    0.000113628
2.30383     2.51327    3.38601e-05
2.51327     2.51327    0.000118156
2.72271     2.51327    0.000133652
2.93215     2.51327    7.4716e-05
3.14159     2.51327    0.000122036

-3.14159     2.72271    0.000152851
-2.93215     2.72271    2.34448e-05
-2.72271     2.72271    0.000143048
-2.51327     2.72271    0.000105279
-2.30383     2.72271    6.4675e-05
-2.0944     2.72271    0.000118928
-1.88496     2.72271    9.47849e-05
-1.67552     2.72271    4.92e-05
-1.46608     2.72271    4.69315e-05
-1.25664     2.72271    5.97902e-05
-1.0472     2.72271    0.000134336
-0.837758     2.72271    0.000250559
-0.628319     2.72271    0.000341555
-0.418879     2.72271    0.000392815
-0.20944     2.72271    0.000447004
0     2.72271    0.000493783
0.20944     2.72271    0.000446897
0.418879     2.72271    0.00039282
0.628319     2.72271    0.000341552
0.837758     2.72271    0.00025056
1.0472     2.72271    0.000134339
1.25664     2.72271    5.9794e-05
1.46608     2.72271    4.69297e-05
1.67552     2.72271    4.91969e-05
1.88496     2.72271    9.47826e-05
2.0944     2.72271    0.000118925
2.30383     2.72271    6.4672e-05
2.51327     2.72271    0.000105276
2.72271     2.72271    0.000143044
2.93215     2.72271    2.34452e-05
3.14159     2.72271    0.000152851

-3.14159     2.93215    0.000193071
-2.93215     2.93215    2.3457e-05
-2.72271     2.93215    9.67024e-05
-2.51327     2.93215    0.000125104
-2.30383     2.93215    0.000235234
-2.0944     2.93215    0.000221354
-1.88496     2.93215    6.92175e-05
-1.67552     2.93215    1.92198e-05
-1.46608     2.93215    8.22851e-05
-1.25664     2.93215    1.8559e-05
-1.0472     2.93215    0.000180092
-0.837758     2.93215    0.000260889
-0.628319     2.93215    0.00032729
-0.418879     2.93215    0.000401954
-0.20944     2.93215    0.00043138
0     2.93215    0.000415751
0.20944     2.93215    0.000431481
0.418879     2.93215    0.000401949
0.628319     2.93215    0.000327293
0.837758     2.93215    0.000260886
1.0472     2.93215    0.000180091
1.25664     2.93215    1.85582e-05
1.46608     2.93215    8.22851e-05
1.67552     2.93215    1.92182e-05
1.88496     2.93215    6.92143e-05
2.0944     2.93215    0.000221351
2.30383     2.93215    0.000235232
2.51327     2.93215    0.000125104
2.72271     2.93215    9.6703e-05
2.93215     2.93215    2.34575e-05
3.14159     2.93215    0.000193071

-3.14159     3.14159    9.46869e-05
-2.93215     3.14159    4.54614e-05
-2.72271     3.14159    0.000169021
-2.51327     3.14159    0.000275611
-2.30383     3.14159    0.000222577
-2.0944     3.14159    0.000100405
-1.88496     3.14159    3.1405e-05
-1.67552     3.14159    5.21081e-05
-1.46608     3.14159    0.000144768
-1.25664     3.14159    4.59303e-05
-1.0472     3.14159    0.000123667
-0.837758     3.14159    0.000165669
-0.628319     3.14159    0.000227254
-0.418879     3.14159    0.000269312
-0.20944     3.14159    0.000306565
0     3.14159    0.000343186
0.20944     3.14159    0.000306489
0.418879     3.14159    0.000269313
0.628319     3.14159    0.000227256
0.837758     3.14159    0.000165669
1.0472     3.14159    0.000123667
1.25664     3.14159    4.5932e-05
1.46608     3.14159    0.000144769
1.67552     3.14159    5.21086e-05
1.88496     3.14159    3.14036e-05
2.0944     3.14159    0.000100403
2.30383     3.14159    0.000222575
2.51327     3.14159    0.000275613
2.72271     3.14159    0.000169024
2.93215     3.14159    4.54611e-05
3.14159     3.14159    9.46843e-05

