-3.14159     -3.14159    2.09352e-05
-2.93215     -3.14159    3.93431e-05
-2.72271     -3.14159    6.29364e-05
-2.51327     -3.14159    8.16831e-05
-2.30383     -3.14159    8.41148e-05
-2.0944     -3.14159    7.41578e-05
-1.88496     -3.14159    6.6624e-05
-1.67552     -3.14159    6.35541e-05
-1.46608     -3.14159    6.03037e-05
-1.25664     -3.14159    3.93461e-05
-1.0472     -3.14159    2.20068e-05
-0.837758     -3.14159    8.36841e-06
-0.628319     -3.14159    4.44383e-07
-0.418879     -3.14159    5.3131e-06
-0.20944     -3.14159    8.4235e-06
0     -3.14159    9.22685e-06
0.20944     -3.14159    8.49034e-06
0.418879     -3.14159    5.30917e-06
0.628319     -3.14159    4.46802e-07
0.837758     -3.14159    8.36741e-06
1.0472     -3.14159    2.20009e-05
1.25664     -3.14159    3.93441e-05
1.46608     -3.14159    6.03011e-05
1.67552     -3.14159    6.35559e-05
1.88496     -3.14159    6.66304e-05
2.0944     -3.14159    7.41667e-05
2.30383     -3.14159    8.41217e-05
2.51327     -3.14159    8.16785e-05
2.72271     -3.14159    6.29336e-05
2.93215     -3.14159    3.93393e-05
3.14159     -3.14159    2.09307e-05

-3.14159     -2.93215    1.12362e-05
-2.93215     -2.93215    3.18201e-05
-2.72271     -2.93215    5.21103e-05
-2.51327     -2.93215    6.55727e-05
-2.30383     -2.93215    7.35981e-05
-2.0944     -2.93215    7.14122e-05
-1.88496     -2.93215    6.08136e-05
-1.67552     -2.93215    5.38703e-05
-1.46608     -2.93215    4.87832e-05
-1.25664     -2.93215    2.97838e-05
-1.0472     -2.93215    1.04471e-05
-0.837758     -2.93215    1.99977e-06
-0.628319     -2.93215    1.04295e-05
-0.418879     -2.93215    1.42609e-05
-0.20944     -2.93215    1.47227e-05
0     -2.93215    1.46897e-05
0.20944     -2.93215    1.46157e-05
0.418879     -2.93215    1.4171e-05
0.628319     -2.93215    1.04478e-05
0.837758     -2.93215    1.99757e-06
1.0472     -2.93215    1.04451e-05
1.25664     -2.93215    2.97805e-05
1.46608     -2.93215    4.87824e-05
1.67552     -2.93215    5.38733e-05
1.88496     -2.93215    6.08218e-05
2.0944     -2.93215    7.14267e-05
2.30383     -2.93215    7.36041e-05
2.51327     -2.93215    6.55737e-05
2.72271     -2.93215    5.21134e-05
2.93215     -2.93215    3.18109e-05
3.14159     -2.93215    1.12361e-05

-3.14159     -2.72271    8.43823e-06
-2.93215     -2.72271    3.31077e-05
-2.72271     -2.72271    5.1261e-05
-2.51327     -2.72271    5.30065e-05
-2.30383     -2.72271    4.89729e-05
-2.0944     -2.72271    4.8352e-05
-1.88496     -2.72271    4.82071e-05
-1.67552     -2.72271    4.61629e-05
-1.46608     -2.72271    4.26606e-05
-1.25664     -2.72271    2.89035e-05
-1.0472     -2.72271    5.27067e-06
-0.837758     -2.72271    7.78165e-06
-0.628319     -2.72271    1.6348e-05
-0.418879     -2.72271    1.6503e-05
-0.20944     -2.72271    1.60718e-05
0     -2.72271    1.53763e-05
0.20944     -2.72271    1.61691e-05
0.418879     -2.72271    1.66792e-05
0.628319     -2.72271    1.63421e-05
0.837758     -2.72271    7.77928e-06
1.0472     -2.72271    5.26955e-06
1.25664     -2.72271    2.89067e-05
1.46608     -2.72271    4.26621e-05
1.67552     -2.72271    4.6171e-05
1.88496     -2.72271    4.82149e-05
2.0944     -2.72271    4.83599e-05
2.30383     -2.72271    4.89823e-05
2.51327     -2.72271    5.30131e-05
2.72271     -2.72271    5.12544e-05
2.93215     -2.72271    3.31105e-05
3.14159     -2.72271    8.44068e-06

-3.14159     -2.51327    1.16595e-05
-2.93215     -2.51327    3.49616e-05
-2.72271     -2.51327    4.66448e-05
-2.51327     -2.51327    4.30671e-05
-2.30383     -2.51327    2.93309e-05
-2.0944     -2.51327    2.23636e-05
-1.88496     -2.51327    2.62933e-05
-1.67552     -2.51327    3.71421e-05
-1.46608     -2.51327    3.87739e-05
-1.25664     -2.51327    3.0604e-05
-1.0472     -2.51327    3.8536e-06
-0.837758     -2.51327    9.58078e-06
-0.628319     -2.51327    1.70275e-05
-0.418879     -2.51327    1.53619e-05
-0.20944     -2.51327    1.31081e-05
0     -2.51327    1.21552e-05
0.20944     -2.51327    1.30528e-05
0.418879     -2.51327    1.51421e-05
0.628319     -2.51327    1.70382e-05
0.837758     -2.51327    9.58347e-06
1.0472     -2.51327    3.85423e-06
1.25664     -2.51327    3.06054e-05
1.46608     -2.51327    3.87785e-05
1.67552     -2.51327    3.71496e-05
1.88496     -2.51327    2.63028e-05
2.0944     -2.51327    2.23726e-05
2.30383     -2.51327    2.93452e-05
2.51327     -2.51327    4.30769e-05
2.72271     -2.51327    4.66463e-05
2.93215     -2.51327    3.49693e-05
3.14159     -2.51327    1.16647e-05

-3.14159     -2.30383    1.93995e-05
-2.93215     -2.30383    3.68615e-05
-2.72271     -2.30383    3.65968e-05
-2.51327     -2.30383    2.13639e-05
-2.30383     -2.30383    9.09605e-06
-2.0944     -2.30383    6.42923e-06
-1.88496     -2.30383    6.66697e-06
-1.67552     -2.30383    1.74486e-05
-1.46608     -2.30383    3.04698e-05
-1.25664     -2.30383    2.75749e-05
-1.0472     -2.30383    4.99945e-06
-0.837758     -2.30383    9.89008e-06
-0.628319     -2.30383    1.49248e-05
-0.418879     -2.30383    1.49173e-05
-0.20944     -2.30383    1.04093e-05
0     -2.30383    9.07279e-06
0.20944     -2.30383    1.03918e-05
0.418879     -2.30383    1.51529e-05
0.628319     -2.30383    1.49304e-05
0.837758     -2.30383    9.88794e-06
1.0472     -2.30383    4.99752e-06
1.25664     -2.30383    2.75815e-05
1.46608     -2.30383    3.04723e-05
1.67552     -2.30383    1.74538e-05
1.88496     -2.30383    6.67924e-06
2.0944     -2.30383    6.44001e-06
2.30383     -2.30383    9.10611e-06
2.51327     -2.30383    2.13741e-05
2.72271     -2.30383    3.66036e-05
2.93215     -2.30383    3.68633e-05
3.14159     -2.30383    1.94074e-05

-3.14159     -2.0944    2.79235e-05
-2.93215     -2.0944    3.32703e-05
-2.72271     -2.0944    2.25833e-05
-2.51327     -2.0944    5.51491e-06
-2.30383     -2.0944    4.72274e-06
-2.0944     -2.0944    8.42063e-06
-1.88496     -2.0944    6.71335e-06
-1.67552     -2.0944    2.69876e-06
-1.46608     -2.0944    9.23868e-06
-1.25664     -2.0944    1.74347e-05
-1.0472     -2.0944    5.75308e-06
-0.837758     -2.0944    8.70691e-06
-0.628319     -2.0944    1.23179e-05
-0.418879     -2.0944    1.33011e-05
-0.20944     -2.0944    8.75294e-06
0     -2.0944    7.6501e-06
0.20944     -2.0944    8.8805e-06
0.418879     -2.0944    1.31092e-05
0.628319     -2.0944    1.23063e-05
0.837758     -2.0944    8.71247e-06
1.0472     -2.0944    5.75248e-06
1.25664     -2.0944    1.74342e-05
1.46608     -2.0944    9.24215e-06
1.67552     -2.0944    2.69343e-06
1.88496     -2.0944    6.70059e-06
2.0944     -2.0944    8.41225e-06
2.30383     -2.0944    4.71161e-06
2.51327     -2.0944    5.52416e-06
2.72271     -2.0944    2.25875e-05
2.93215     -2.0944    3.32758e-05
3.14159     -2.0944    2.79256e-05

-3.14159     -1.88496    3.22477e-05
-2.93215     -1.88496    2.75447e-05
-2.72271     -1.88496    7.49449e-06
-2.51327     -1.88496    8.11001e-06
-2.30383     -1.88496    1.29465e-05
-2.0944     -1.88496    1.61996e-05
-1.88496     -1.88496    1.58074e-05
-1.67552     -1.88496    1.08908e-05
-1.46608     -1.88496    7.46637e-06
-1.25664     -1.88496    1.80727e-06
-1.0472     -1.88496    2.72574e-06
-0.837758     -1.88496    6.70273e-06
-0.628319     -1.88496    1.1091e-05
-0.418879     -1.88496    1.03062e-05
-0.20944     -1.88496    5.02649e-06
0     -1.88496    3.23614e-06
0.20944     -1.88496    4.7281e-06
0.418879     -1.88496    1.04367e-05
0.628319     -1.88496    1.11233e-05
0.837758     -1.88496    6.71436e-06
1.0472     -1.88496    2.72038e-06
1.25664     -1.88496    1.80293e-06
1.46608     -1.88496    7.45687e-06
1.67552     -1.88496    1.08831e-05
1.88496     -1.88496    1.57981e-05
2.0944     -1.88496    1.6188e-05
2.30383     -1.88496    1.29351e-05
2.51327     -1.88496    8.1027e-06
2.72271     -1.88496    7.50277e-06
2.93215     -1.88496    2.75511e-05
3.14159     -1.88496    3.22546e-05

-3.14159     -1.67552    3.14453e-05
-2.93215     -1.67552    1.65007e-05
-2.72271     -1.67552    4.5296e-06
-2.51327     -1.67552    1.34912e-05
-2.30383     -1.67552    1.62316e-05
-2.0944     -1.67552    1.62841e-05
-1.88496     -1.67552    1.68682e-05
-1.67552     -1.67552    1.51201e-05
-1.46608     -1.67552    1.0919e-05
-1.25664     -1.67552    7.56741e-06
-1.0472     -1.67552    7.79105e-07
-0.837758     -1.67552    2.12033e-06
-0.628319     -1.67552    8.66347e-06
-0.418879     -1.67552    8.53547e-06
-0.20944     -1.67552    1.37168e-06
0     -1.67552    1.12378e-06
0.20944     -1.67552    1.46343e-06
0.418879     -1.67552    8.47828e-06
0.628319     -1.67552    8.63341e-06
0.837758     -1.67552    2.12838e-06
1.0472     -1.67552    7.80697e-07
1.25664     -1.67552    7.55289e-06
1.46608     -1.67552    1.09012e-05
1.67552     -1.67552    1.51124e-05
1.88496     -1.67552    1.68584e-05
2.0944     -1.67552    1.62787e-05
2.30383     -1.67552    1.6218e-05
2.51327     -1.67552    1.34835e-05
2.72271     -1.67552    4.52016e-06
2.93215     -1.67552    1.65045e-05
3.14159     -1.67552    3.14501e-05

-3.14159     -1.46608    2.54706e-05
-2.93215     -1.46608    3.743e-06
-2.72271     -1.46608    1.20954e-05
-2.51327     -1.46608    1.45295e-05
-2.30383     -1.46608    1.54353e-05
-2.0944     -1.46608    1.38857e-05
-1.88496     -1.46608    1.25458e-05
-1.67552     -1.46608    1.47412e-05
-1.46608     -1.46608    1.26421e-05
-1.25664     -1.46608    1.05484e-05
-1.0472     -1.46608    4.59114e-06
-0.837758     -1.46608    8.62169e-07
-0.628319     -1.46608    3.36034e-06
-0.418879     -1.46608    3.77839e-06
-0.20944     -1.46608    5.69341e-06
0     -1.46608    7.19951e-06
0.20944     -1.46608    5.97097e-06
0.418879     -1.46608    3.73606e-06
0.628319     -1.46608    3.4203e-06
0.837758     -1.46608    8.80107e-07
1.0472     -1.46608    4.57831e-06
1.25664     -1.46608    1.05304e-05
1.46608     -1.46608    1.26282e-05
1.67552     -1.46608    1.47308e-05
1.88496     -1.46608    1.25348e-05
2.0944     -1.46608    1.38729e-05
2.30383     -1.46608    1.5422e-05
2.51327     -1.46608    1.45206e-05
2.72271     -1.46608    1.20849e-05
2.93215     -1.46608    3.75134e-06
3.14159     -1.46608    2.5474e-05

-3.14159     -1.25664    1.6571e-05
-2.93215     -1.25664    3.87305e-06
-2.72271     -1.25664    1.36015e-05
-2.51327     -1.25664    1.61879e-05
-2.30383     -1.25664    1.47631e-05
-2.0944     -1.25664    1.07603e-05
-1.88496     -1.25664    9.72099e-06
-1.67552     -1.25664    9.24162e-06
-1.46608     -1.25664    8.49319e-06
-1.25664     -1.25664    1.02185e-05
-1.0472     -1.25664    5.93723e-06
-0.837758     -1.25664    2.01212e-06
-0.628319     -1.25664    1.85395e-06
-0.418879     -1.25664    6.56043e-07
-0.20944     -1.25664    6.9831e-06
0     -1.25664    1.6053e-05
0.20944     -1.25664    6.46762e-06
0.418879     -1.25664    5.29599e-07
0.628319     -1.25664    1.74738e-06
0.837758     -1.25664    1.98514e-06
1.0472     -1.25664    5.92101e-06
1.25664     -1.25664    1.02098e-05
1.46608     -1.25664    8.49092e-06
1.67552     -1.25664    9.2293e-06
1.88496     -1.25664    9.71688e-06
2.0944     -1.25664    1.07519e-05
2.30383     -1.25664    1.4767e-05
2.51327     -1.25664    1.61845e-05
2.72271     -1.25664    1.35936e-05
2.93215     -1.25664    3.86521e-06
3.14159     -1.25664    1.65794e-05

-3.14159     -1.0472    1.00574e-05
-2.93215     -1.0472    7.17472e-06
-2.72271     -1.0472    1.52752e-05
-2.51327     -1.0472    1.53946e-05
-2.30383     -1.0472    1.36142e-05
-2.0944     -1.0472    9.12062e-06
-1.88496     -1.0472    8.55178e-06
-1.67552     -1.0472    4.98285e-06
-1.46608     -1.0472    3.41314e-06
-1.25664     -1.0472    1.24869e-06
-1.0472     -1.0472    2.31944e-06
-0.837758     -1.0472    6.81563e-07
-0.628319     -1.0472    8.40888e-07
-0.418879     -1.0472    2.53399e-06
-0.20944     -1.0472    7.84124e-06
0     -1.0472    2.03706e-05
0.20944     -1.0472    8.38126e-06
0.418879     -1.0472    2.54651e-06
0.628319     -1.0472    8.73681e-07
0.837758     -1.0472    6.64702e-07
1.0472     -1.0472    2.35318e-06
1.25664     -1.0472    1.25429e-06
1.46608     -1.0472    3.41079e-06
1.67552     -1.0472    4.97908e-06
1.88496     -1.0472    8.55335e-06
2.0944     -1.0472    9.13015e-06
2.30383     -1.0472    1.36236e-05
2.51327     -1.0472    1.54008e-05
2.72271     -1.0472    1.52757e-05
2.93215     -1.0472    7.17089e-06
3.14159     -1.0472    1.00609e-05

-3.14159     -0.837758    8.60687e-06
-2.93215     -0.837758    4.31154e-06
-2.72271     -0.837758    1.50683e-05
-2.51327     -0.837758    1.82039e-05
-2.30383     -0.837758    1.49369e-05
-2.0944     -0.837758    1.34198e-05
-1.88496     -0.837758    8.06732e-06
-1.67552     -0.837758    3.22796e-06
-1.46608     -0.837758    1.25049e-06
-1.25664     -0.837758    6.23211e-06
-1.0472     -0.837758    7.49146e-06
-0.837758     -0.837758    2.00138e-06
-0.628319     -0.837758    3.31452e-06
-0.418879     -0.837758    5.32937e-06
-0.20944     -0.837758    1.12225e-05
0     -0.837758    2.00202e-05
0.20944     -0.837758    1.11255e-05
0.418879     -0.837758    4.89202e-06
0.628319     -0.837758    3.34478e-06
0.837758     -0.837758    2.0086e-06
1.0472     -0.837758    7.52246e-06
1.25664     -0.837758    6.23934e-06
1.46608     -0.837758    1.25773e-06
1.67552     -0.837758    3.23042e-06
1.88496     -0.837758    8.07603e-06
2.0944     -0.837758    1.34269e-05
2.30383     -0.837758    1.49382e-05
2.51327     -0.837758    1.8211e-05
2.72271     -0.837758    1.50734e-05
2.93215     -0.837758    4.31241e-06
3.14159     -0.837758    8.60914e-06

-3.14159     -0.628319    1.36122e-05
-2.93215     -0.628319    1.30533e-06
-2.72271     -0.628319    9.52065e-06
-2.51327     -0.628319    1.434e-05
-2.30383     -0.628319    1.50276e-05
-2.0944     -0.628319    1.36061e-05
-1.88496     -0.628319    1.03895e-05
-1.67552     -0.628319    5.74071e-06
-1.46608     -0.628319    2.38455e-06
-1.25664     -0.628319    8.54815e-06
-1.0472     -0.628319    1.71634e-05
-0.837758     -0.628319    1.47678e-05
-0.628319     -0.628319    9.93403e-06
-0.418879     -0.628319    1.34333e-05
-0.20944     -0.628319    1.76514e-05
0     -0.628319    2.25708e-05
0.20944     -0.628319    1.7758e-05
0.418879     -0.628319    1.38168e-05
0.628319     -0.628319    9.94664e-06
0.837758     -0.628319    1.47927e-05
1.0472     -0.628319    1.7192e-05
1.25664     -0.628319    8.55586e-06
1.46608     -0.628319    2.37933e-06
1.67552     -0.628319    5.74382e-06
1.88496     -0.628319    1.03995e-05
2.0944     -0.628319    1.36129e-05
2.30383     -0.628319    1.50299e-05
2.51327     -0.628319    1.43395e-05
2.72271     -0.628319    9.52202e-06
2.93215     -0.628319    1.30901e-06
3.14159     -0.628319    1.36104e-05

-3.14159     -0.418879    2.52741e-05
-2.93215     -0.418879    1.20371e-05
-2.72271     -0.418879    4.86365e-07
-2.51327     -0.418879    7.27231e-06
-2.30383     -0.418879    1.15754e-05
-2.0944     -0.418879    1.14212e-05
-1.88496     -0.418879    1.16206e-05
-1.67552     -0.418879    9.37765e-06
-1.46608     -0.418879    1.89671e-06
-1.25664     -0.418879    5.30075e-06
-1.0472     -0.418879    1.06243e-05
-0.837758     -0.418879    1.94282e-05
-0.628319     -0.418879    1.93768e-05
-0.418879     -0.418879    2.08596e-05
-0.20944     -0.418879    3.13009e-05
0     -0.418879    2.27766e-05
0.20944     -0.418879    3.04681e-05
0.418879     -0.418879    2.06492e-05
0.628319     -0.418879    1.90364e-05
0.837758     -0.418879    1.93824e-05
1.0472     -0.418879    1.05561e-05
1.25664     -0.418879    5.28544e-06
1.46608     -0.418879    1.89774e-06
1.67552     -0.418879    9.3804e-06
1.88496     -0.418879    1.16245e-05
2.0944     -0.418879    1.14251e-05
2.30383     -0.418879    1.15758e-05
2.51327     -0.418879    7.27471e-06
2.72271     -0.418879    4.86154e-07
2.93215     -0.418879    1.20371e-05
3.14159     -0.418879    2.52691e-05

-3.14159     -0.20944    3.9587e-05
-2.93215     -0.20944    3.20997e-05
-2.72271     -0.20944    2.05925e-05
-2.51327     -0.20944    8.28666e-06
-2.30383     -0.20944    2.62889e-07
-2.0944     -0.20944    5.70657e-06
-1.88496     -0.20944    5.71315e-06
-1.67552     -0.20944    4.77094e-06
-1.46608     -0.20944    3.81627e-06
-1.25664     -0.20944    3.18934e-07
-1.0472     -0.20944    2.84035e-06
-0.837758     -0.20944    9.92267e-06
-0.628319     -0.20944    2.06027e-05
-0.418879     -0.20944    2.67225e-05
-0.20944     -0.20944    4.36687e-05
0     -0.20944    1.4777e-05
0.20944     -0.20944    3.07171e-05
0.418879     -0.20944    2.62687e-05
0.628319     -0.20944    2.11616e-05
0.837758     -0.20944    1.00276e-05
1.0472     -0.20944    2.91086e-06
1.25664     -0.20944    3.14044e-07
1.46608     -0.20944    3.83926e-06
1.67552     -0.20944    4.77438e-06
1.88496     -0.20944    5.7217e-06
2.0944     -0.20944    5.70751e-06
2.30383     -0.20944    2.57109e-07
2.51327     -0.20944    8.27562e-06
2.72271     -0.20944    2.05902e-05
2.93215     -0.20944    3.20998e-05
3.14159     -0.20944    3.95816e-05

-3.14159     0    4.65971e-05
-2.93215     0    3.92369e-05
-2.72271     0    3.57553e-05
-2.51327     0    2.23919e-05
-2.30383     0    9.03016e-06
-2.0944     0    1.48348e-06
-1.88496     0    7.48578e-07
-1.67552     0    7.24371e-07
-1.46608     0    1.12396e-07
-1.25664     0    1.34293e-06
-1.0472     0    4.02687e-06
-0.837758     0    9.14658e-06
-0.628319     0    1.76496e-05
-0.418879     0    3.28511e-05
-0.20944     0    3.49107e-05
0     0    9.06044e-16
0.20944     0    3.49107e-05
0.418879     0    3.28511e-05
0.628319     0    1.76496e-05
0.837758     0    9.14658e-06
1.0472     0    4.02687e-06
1.25664     0    1.34293e-06
1.46608     0    1.12396e-07
1.67552     0    7.24371e-07
1.88496     0    7.48578e-07
2.0944     0    1.48348e-06
2.30383     0    9.03016e-06
2.51327     0    2.23919e-05
2.72271     0    3.57553e-05
2.93215     0    3.92369e-05
3.14159     0    4.65971e-05

-3.14159     0.20944    3.95816e-05
-2.93215     0.20944    3.20998e-05
-2.72271     0.20944    2.05902e-05
-2.51327     0.20944    8.27562e-06
-2.30383     0.20944    2.57109e-07
-2.0944     0.20944    5.70751e-06
-1.88496     0.20944    5.7217e-06
-1.67552     0.20944    4.77438e-06
-1.46608     0.20944    3.83926e-06
-1.25664     0.20944    3.14044e-07
-1.0472     0.20944    2.91086e-06
-0.837758     0.20944    1.00276e-05
-0.628319     0.20944    2.11616e-05
-0.418879     0.20944    2.62687e-05
-0.20944     0.20944    3.07171e-05
0     0.20944    1.4777e-05
0.20944     0.20944    4.36687e-05
0.418879     0.20944    2.67225e-05
0.628319     0.20944    2.06027e-05
0.837758     0.20944    9.92267e-06
1.0472     0.20944    2.84035e-06
1.25664     0.20944    3.18934e-07
1.46608     0.20944    3.81627e-06
1.67552     0.20944    4.77094e-06
1.88496     0.20944    5.71315e-06
2.0944     0.20944    5.70657e-06
2.30383     0.20944    2.62889e-07
2.51327     0.20944    8.28666e-06
2.72271     0.20944    2.05925e-05
2.93215     0.20944    3.20997e-05
3.14159     0.20944    3.9587e-05

-3.14159     0.418879    2.52691e-05
-2.93215     0.418879    1.20371e-05
-2.72271     0.418879    4.86154e-07
-2.51327     0.418879    7.27471e-06
-2.30383     0.418879    1.15758e-05
-2.0944     0.418879    1.14251e-05
-1.88496     0.418879    1.16245e-05
-1.67552     0.418879    9.3804e-06
-1.46608     0.418879    1.89774e-06
-1.25664     0.418879    5.28544e-06
-1.0472     0.418879    1.05561e-05
-0.837758     0.418879    1.93824e-05
-0.628319     0.418879    1.90364e-05
-0.418879     0.418879    2.06492e-05
-0.20944     0.418879    3.04681e-05
0     0.418879    2.27766e-05
0.20944     0.418879    3.13009e-05
0.418879     0.418879    2.08596e-05
0.628319     0.418879    1.93768e-05
0.837758     0.418879    1.94282e-05
1.0472     0.418879    1.06243e-05
1.25664     0.418879    5.30075e-06
1.46608     0.418879    1.89671e-06
1.67552     0.418879    9.37765e-06
1.88496     0.418879    1.16206e-05
2.0944     0.418879    1.14212e-05
2.30383     0.418879    1.15754e-05
2.51327     0.418879    7.27231e-06
2.72271     0.418879    4.86365e-07
2.93215     0.418879    1.20371e-05
3.14159     0.418879    2.52741e-05

-3.14159     0.628319    1.36104e-05
-2.93215     0.628319    1.30901e-06
-2.72271     0.628319    9.52202e-06
-2.51327     0.628319    1.43395e-05
-2.30383     0.628319    1.50299e-05
-2.0944     0.628319    1.36129e-05
-1.88496     0.628319    1.03995e-05
-1.67552     0.628319    5.74382e-06
-1.46608     0.628319    2.37933e-06
-1.25664     0.628319    8.55586e-06
-1.0472     0.628319    1.7192e-05
-0.837758     0.628319    1.47927e-05
-0.628319     0.628319    9.94664e-06
-0.418879     0.628319    1.38168e-05
-0.20944     0.628319    1.7758e-05
0     0.628319    2.25708e-05
0.20944     0.628319    1.76514e-05
0.418879     0.628319    1.34333e-05
0.628319     0.628319    9.93403e-06
0.837758     0.628319    1.47678e-05
1.0472     0.628319    1.71634e-05
1.25664     0.628319    8.54815e-06
1.46608     0.628319    2.38455e-06
1.67552     0.628319    5.74071e-06
1.88496     0.628319    1.03895e-05
2.0944     0.628319    1.36061e-05
2.30383     0.628319    1.50276e-05
2.51327     0.628319    1.434e-05
2.72271     0.628319    9.52065e-06
2.93215     0.628319    1.30533e-06
3.14159     0.628319    1.36122e-05

-3.14159     0.837758    8.60914e-06
-2.93215     0.837758    4.31241e-06
-2.72271     0.837758    1.50734e-05
-2.51327     0.837758    1.8211e-05
-2.30383     0.837758    1.49382e-05
-2.0944     0.837758    1.34269e-05
-1.88496     0.837758    8.07603e-06
-1.67552     0.837758    3.23042e-06
-1.46608     0.837758    1.25773e-06
-1.25664     0.837758    6.23934e-06
-1.0472     0.837758    7.52246e-06
-0.837758     0.837758    2.0086e-06
-0.628319     0.837758    3.34478e-06
-0.418879     0.837758    4.89202e-06
-0.20944     0.837758    1.11255e-05
0     0.837758    2.00202e-05
0.20944     0.837758    1.12225e-05
0.418879     0.837758    5.32937e-06
0.628319     0.837758    3.31452e-06
0.837758     0.837758    2.00138e-06
1.0472     0.837758    7.49146e-06
1.25664     0.837758    6.23211e-06
1.46608     0.837758    1.25049e-06
1.67552     0.837758    3.22796e-06
1.88496     0.837758    8.06732e-06
2.0944     0.837758    1.34198e-05
2.30383     0.837758    1.49369e-05
2.51327     0.837758    1.82039e-05
2.72271     0.837758    1.50683e-05
2.93215     0.837758    4.31154e-06
3.14159     0.837758    8.60687e-06

-3.14159     1.0472    1.00609e-05
-2.93215     1.0472    7.17089e-06
-2.72271     1.0472    1.52757e-05
-2.51327     1.0472    1.54008e-05
-2.30383     1.0472    1.36236e-05
-2.0944     1.0472    9.13015e-06
-1.88496     1.0472    8.55335e-06
-1.67552     1.0472    4.97908e-06
-1.46608     1.0472    3.41079e-06
-1.25664     1.0472    1.25429e-06
-1.0472     1.0472    2.35318e-06
-0.837758     1.0472    6.64702e-07
-0.628319     1.0472    8.73681e-07
-0.418879     1.0472    2.54651e-06
-0.20944     1.0472    8.38126e-06
0     1.0472    2.03706e-05
0.20944     1.0472    7.84124e-06
0.418879     1.0472    2.53399e-06
0.628319     1.0472    8.40888e-07
0.837758     1.0472    6.81563e-07
1.0472     1.0472    2.31944e-06
1.25664     1.0472    1.24869e-06
1.46608     1.0472    3.41314e-06
1.67552     1.0472    4.98285e-06
1.88496     1.0472    8.55178e-06
2.0944     1.0472    9.12062e-06
2.30383     1.0472    1.36142e-05
2.51327     1.0472    1.53946e-05
2.72271     1.0472    1.52752e-05
2.93215     1.0472    7.17472e-06
3.14159     1.0472    1.00574e-05

-3.14159     1.25664    1.65794e-05
-2.93215     1.25664    3.86521e-06
-2.72271     1.25664    1.35936e-05
-2.51327     1.25664    1.61845e-05
-2.30383     1.25664    1.4767e-05
-2.0944     1.25664    1.07519e-05
-1.88496     1.25664    9.71688e-06
-1.67552     1.25664    9.2293e-06
-1.46608     1.25664    8.49092e-06
-1.25664     1.25664    1.02098e-05
-1.0472     1.25664    5.92101e-06
-0.837758     1.25664    1.98514e-06
-0.628319     1.25664    1.74738e-06
-0.418879     1.25664    5.29599e-07
-0.20944     1.25664    6.46762e-06
0     1.25664    1.6053e-05
0.20944     1.25664    6.9831e-06
0.418879     1.25664    6.56043e-07
0.628319     1.25664    1.85395e-06
0.837758     1.25664    2.01212e-06
1.0472     1.25664    5.93723e-06
1.25664     1.25664    1.02185e-05
1.46608     1.25664    8.49319e-06
1.67552     1.25664    9.24162e-06
1.88496     1.25664    9.72099e-06
2.0944     1.25664    1.07603e-05
2.30383     1.25664    1.47631e-05
2.51327     1.25664    1.61879e-05
2.72271     1.25664    1.36015e-05
2.93215     1.25664    3.87305e-06
3.14159     1.25664    1.6571e-05

-3.14159     1.46608    2.5474e-05
-2.93215     1.46608    3.75134e-06
-2.72271     1.46608    1.20849e-05
-2.51327     1.46608    1.45206e-05
-2.30383     1.46608    1.5422e-05
-2.0944     1.46608    1.38729e-05
-1.88496     1.46608    1.25348e-05
-1.67552     1.46608    1.47308e-05
-1.46608     1.46608    1.26282e-05
-1.25664     1.46608    1.05304e-05
-1.0472     1.46608    4.57831e-06
-0.837758     1.46608    8.80107e-07
-0.628319     1.46608    3.4203e-06
-0.418879     1.46608    3.73606e-06
-0.20944     1.46608    5.97097e-06
0     1.46608    7.19951e-06
0.20944     1.46608    5.69341e-06
0.418879     1.46608    3.77839e-06
0.628319     1.46608    3.36034e-06
0.837758     1.46608    8.62169e-07
1.0472     1.46608    4.59114e-06
1.25664     1.46608    1.05484e-05
1.46608     1.46608    1.26421e-05
1.67552     1.46608    1.47412e-05
1.88496     1.46608    1.25458e-05
2.0944     1.46608    1.38857e-05
2.30383     1.46608    1.54353e-05
2.51327     1.46608    1.45295e-05
2.72271     1.46608    1.20954e-05
2.93215     1.46608    3.743e-06
3.14159     1.46608    2.54706e-05

-3.14159     1.67552    3.14501e-05
-2.93215     1.67552    1.65045e-05
-2.72271     1.67552    4.52016e-06
-2.51327     1.67552    1.34835e-05
-2.30383     1.67552    1.6218e-05
-2.0944     1.67552    1.62787e-05
-1.88496     1.67552    1.68584e-05
-1.67552     1.67552    1.51124e-05
-1.46608     1.67552    1.09012e-05
-1.25664     1.67552    7.55289e-06
-1.0472     1.67552    7.80697e-07
-0.837758     1.67552    2.12838e-06
-0.628319     1.67552    8.63341e-06
-0.418879     1.67552    8.47828e-06
-0.20944     1.67552    1.46343e-06
0     1.67552    1.12378e-06
0.20944     1.67552    1.37168e-06
0.418879     1.67552    8.53547e-06
0.628319     1.67552    8.66347e-06
0.837758     1.67552    2.12033e-06
1.0472     1.67552    7.79105e-07
1.25664     1.67552    7.56741e-06
1.46608     1.67552    1.0919e-05
1.67552     1.67552    1.51201e-05
1.88496     1.67552    1.68682e-05
2.0944     1.67552    1.62841e-05
2.30383     1.67552    1.62316e-05
2.51327     1.67552    1.34912e-05
2.72271     1.67552    4.5296e-06
2.93215     1.67552    1.65007e-05
3.14159     1.67552    3.14453e-05

-3.14159     1.88496    3.22546e-05
-2.93215     1.88496    2.75511e-05
-2.72271     1.88496    7.50277e-06
-2.51327     1.88496    8.1027e-06
-2.30383     1.88496    1.29351e-05
-2.0944     1.88496    1.6188e-05
-1.88496     1.88496    1.57981e-05
-1.67552     1.88496    1.08831e-05
-1.46608     1.88496    7.45687e-06
-1.25664     1.88496    1.80293e-06
-1.0472     1.88496    2.72038e-06
-0.837758     1.88496    6.71436e-06
-0.628319     1.88496    1.11233e-05
-0.418879     1.88496    1.04367e-05
-0.20944     1.88496    4.7281e-06
0     1.88496    3.23614e-06
0.20944     1.88496    5.02649e-06
0.418879     1.88496    1.03062e-05
0.628319     1.88496    1.1091e-05
0.837758     1.88496    6.70273e-06
1.0472     1.88496    2.72574e-06
1.25664     1.88496    1.80727e-06
1.46608     1.88496    7.46637e-06
1.67552     1.88496    1.08908e-05
1.88496     1.88496    1.58074e-05
2.0944     1.88496    1.61996e-05
2.30383     1.88496    1.29465e-05
2.51327     1.88496    8.11001e-06
2.72271     1.88496    7.49449e-06
2.93215     1.88496    2.75447e-05
3.14159     1.88496    3.22477e-05

-3.14159     2.0944    2.79256e-05
-2.93215     2.0944    3.32758e-05
-2.72271     2.0944    2.25875e-05
-2.51327     2.0944    5.52416e-06
-2.30383     2.0944    4.71161e-06
-2.0944     2.0944    8.41225e-06
-1.88496     2.0944    6.70059e-06
-1.67552     2.0944    2.69343e-06
-1.46608     2.0944    9.24215e-06
-1.25664     2.0944    1.74342e-05
-1.0472     2.0944    5.75248e-06
-0.837758     2.0944    8.71247e-06
-0.628319     2.0944    1.23063e-05
-0.418879     2.0944    1.31092e-05
-0.20944     2.0944    8.8805e-06
0     2.0944    7.6501e-06
0.20944     2.0944    8.75294e-06
0.418879     2.0944    1.33011e-05
0.628319     2.0944    1.23179e-05
0.837758     2.0944    8.70691e-06
1.0472     2.0944    5.75308e-06
1.25664     2.0944    1.74347e-05
1.46608     2.0944    9.23868e-06
1.67552     2.0944    2.69876e-06
1.88496     2.0944    6.71335e-06
2.0944     2.0944    8.42063e-06
2.30383     2.0944    4.72274e-06
2.51327     2.0944    5.51491e-06
2.72271     2.0944    2.25833e-05
2.93215     2.0944    3.32703e-05
3.14159     2.0944    2.79235e-05

-3.14159     2.30383    1.94074e-05
-2.93215     2.30383    3.68633e-05
-2.72271     2.30383    3.66036e-05
-2.51327     2.30383    2.13741e-05
-2.30383     2.30383    9.10611e-06
-2.0944     2.30383    6.44001e-06
-1.88496     2.30383    6.67924e-06
-1.67552     2.30383    1.74538e-05
-1.46608     2.30383    3.04723e-05
-1.25664     2.30383    2.75815e-05
-1.0472     2.30383    4.99752e-06
-0.837758     2.30383    9.88794e-06
-0.628319     2.30383    1.49304e-05
-0.418879     2.30383    1.51529e-05
-0.20944     2.30383    1.03918e-05
0     2.30383    9.07279e-06
0.20944     2.30383    1.04093e-05
0.418879     2.30383    1.49173e-05
0.628319     2.30383    1.49248e-05
0.837758     2.30383    9.89008e-06
1.0472     2.30383    4.99945e-06
1.25664     2.30383    2.75749e-05
1.46608     2.30383    3.04698e-05
1.67552     2.30383    1.74486e-05
1.88496     2.30383    6.66697e-06
2.0944     2.30383    6.42923e-06
2.30383     2.30383    9.09605e-06
2.51327     2.30383    2.13639e-05
2.72271     2.30383    3.65968e-05
2.93215     2.30383    3.68615e-05
3.14159     2.30383    1.93995e-05

-3.14159     2.51327    1.16647e-05
-2.93215     2.51327    3.49693e-05
-2.72271     2.51327    4.66463e-05
-2.51327     2.51327    4.30769e-05
-2.30383     2.51327    2.93452e-05
-2.0944     2.51327    2.23726e-05
-1.88496     2.51327    2.63028e-05
-1.67552     2.51327    3.71496e-05
-1.46608     2.51327    3.87785e-05
-1.25664     2.51327    3.06054e-05
-1.0472     2.51327    3.85423e-06
-0.837758     2.51327    9.58347e-06
-0.628319     2.51327    1.70382e-05
-0.418879     2.51327    1.51421e-05
-0.20944     2.51327    1.30528e-05
0     2.51327    1.21552e-05
0.20944     2.51327    1.31081e-05
0.418879     2.51327    1.53619e-05
0.628319     2.51327    1.70275e-05
0.837758     2.51327    9.58078e-06
1.0472     2.51327    3.8536e-06
1.25664     2.51327    3.0604e-05
1.46608     2.51327    3.87739e-05
1.67552     2.51327    3.71421e-05
1.88496     2.51327    2.62933e-05
2.0944     2.51327    2.23636e-05
2.30383     2.51327    2.93309e-05
2.51327     2.51327    4.30671e-05
2.72271     2.51327    4.66448e-05
2.93215     2.51327    3.49616e-05
3.14159     2.51327    1.16595e-05

-3.14159     2.72271    8.44068e-06
-2.93215     2.72271    3.31105e-05
-2.72271     2.72271    5.12544e-05
-2.51327     2.72271    5.30131e-05
-2.30383     2.72271    4.89823e-05
-2.0944     2.72271    4.83599e-05
-1.88496     2.72271    4.82149e-05
-1.67552     2.72271    4.6171e-05
-1.46608     2.72271    4.26621e-05
-1.25664     2.72271    2.89067e-05
-1.0472     2.72271    5.26955e-06
-0.837758     2.72271    7.77928e-06
-0.628319     2.72271    1.63421e-05
-0.418879     2.72271    1.66792e-05
-0.20944     2.72271    1.61691e-05
0     2.72271    1.53763e-05
0.20944     2.72271    1.60718e-05
0.418879     2.72271    1.6503e-05
0.628319     2.72271    1.6348e-05
0.837758     2.72271    7.78165e-06
1.0472     2.72271    5.27067e-06
1.25664     2.72271    2.89035e-05
1.46608     2.72271    4.26606e-05
1.67552     2.72271    4.61629e-05
1.88496     2.72271    4.82071e-05
2.0944     2.72271    4.8352e-05
2.30383     2.72271    4.89729e-05
2.51327     2.72271    5.30065e-05
2.72271     2.72271    5.1261e-05
2.93215     2.72271    3.31077e-05
3.14159     2.72271    8.43823e-06

-3.14159     2.93215    1.12361e-05
-2.93215     2.93215    3.18109e-05
-2.72271     2.93215    5.21134e-05
-2.51327     2.93215    6.55737e-05
-2.30383     2.93215    7.36041e-05
-2.0944     2.93215    7.14267e-05
-1.88496     2.93215    6.08218e-05
-1.67552     2.93215    5.38733e-05
-1.46608     2.93215    4.87824e-05
-1.25664     2.93215    2.97805e-05
-1.0472     2.93215    1.04451e-05
-0.837758     2.93215    1.99757e-06
-0.628319     2.93215    1.04478e-05
-0.418879     2.93215    1.4171e-05
-0.20944     2.93215    1.46157e-05
0     2.93215    1.46897e-05
0.20944     2.93215    1.47227e-05
0.418879     2.93215    1.42609e-05
0.628319     2.93215    1.04295e-05
0.837758     2.93215    1.99977e-06
1.0472     2.93215    1.04471e-05
1.25664     2.93215    2.97838e-05
1.46608     2.93215    4.87832e-05
1.67552     2.93215    5.38703e-05
1.88496     2.93215    6.08136e-05
2.0944     2.93215    7.14122e-05
2.30383     2.93215    7.35981e-05
2.51327     2.93215    6.55727e-05
2.72271     2.93215    5.21103e-05
2.93215     2.93215    3.18201e-05
3.14159     2.93215    1.12362e-05

-3.14159     3.14159    2.09307e-05
-2.93215     3.14159    3.93393e-05
-2.72271     3.14159    6.29336e-05
-2.51327     3.14159    8.16785e-05
-2.30383     3.14159    8.41217e-05
-2.0944     3.14159    7.41667e-05
-1.88496     3.14159    6.66304e-05
-1.67552     3.14159    6.35559e-05
-1.46608     3.14159    6.03011e-05
-1.25664     3.14159    3.93441e-05
-1.0472     3.14159    2.20009e-05
-0.837758     3.14159    8.36741e-06
-0.628319     3.14159    4.46802e-07
-0.418879     3.14159    5.30917e-06
-0.20944     3.14159    8.49034e-06
0     3.14159    9.22685e-06
0.20944     3.14159    8.4235e-06
0.418879     3.14159    5.3131e-06
0.628319     3.14159    4.44383e-07
0.837758     3.14159    8.36841e-06
1.0472     3.14159    2.20068e-05
1.25664     3.14159    3.93461e-05
1.46608     3.14159    6.03037e-05
1.67552     3.14159    6.35541e-05
1.88496     3.14159    6.6624e-05
2.0944     3.14159    7.41578e-05
2.30383     3.14159    8.41148e-05
2.51327     3.14159    8.16831e-05
2.72271     3.14159    6.29364e-05
2.93215     3.14159    3.93431e-05
3.14159     3.14159    2.09352e-05

