-3.14159     -3.14159    5.82271e-05
-2.93215     -3.14159    3.24395e-06
-2.72271     -3.14159    7.94834e-05
-2.51327     -3.14159    0.000141986
-2.30383     -3.14159    0.000141694
-2.0944     -3.14159    0.000102518
-1.88496     -3.14159    7.1055e-05
-1.67552     -3.14159    6.41972e-05
-1.46608     -3.14159    6.55234e-05
-1.25664     -3.14159    2.95127e-06
-1.0472     -3.14159    8.16962e-05
-0.837758     -3.14159    0.000128672
-0.628319     -3.14159    0.000155697
-0.418879     -3.14159    0.000167548
-0.20944     -3.14159    0.00017387
0     -3.14159    0.000180234
0.20944     -3.14159    0.000173921
0.418879     -3.14159    0.000167545
0.628319     -3.14159    0.000155692
0.837758     -3.14159    0.000128666
1.0472     -3.14159    8.16882e-05
1.25664     -3.14159    2.94303e-06
1.46608     -3.14159    6.55313e-05
1.67552     -3.14159    6.42043e-05
1.88496     -3.14159    7.10603e-05
2.0944     -3.14159    0.000102522
2.30383     -3.14159    0.000141698
2.51327     -3.14159    0.00014199
2.72271     -3.14159    7.94834e-05
2.93215     -3.14159    3.2448e-06
3.14159     -3.14159    5.82297e-05

-3.14159     -2.93215    0.00011357
-2.93215     -2.93215    4.89977e-05
-2.72271     -2.93215    3.19973e-05
-2.51327     -2.93215    8.73637e-05
-2.30383     -2.93215    0.00011734
-2.0944     -2.93215    0.000103497
-1.88496     -2.93215    5.92122e-05
-1.67552     -2.93215    3.98057e-05
-1.46608     -2.93215    3.97428e-05
-1.25664     -2.93215    1.59009e-05
-1.0472     -2.93215    9.53415e-05
-0.837758     -2.93215    0.000138294
-0.628319     -2.93215    0.000162849
-0.418879     -2.93215    0.000170234
-0.20944     -2.93215    0.000167832
0     -2.93215    0.000165093
0.20944     -2.93215    0.000167756
0.418879     -2.93215    0.000170246
0.628319     -2.93215    0.000162844
0.837758     -2.93215    0.00013829
1.0472     -2.93215    9.53327e-05
1.25664     -2.93215    1.58909e-05
1.46608     -2.93215    3.97533e-05
1.67552     -2.93215    3.98153e-05
1.88496     -2.93215    5.92213e-05
2.0944     -2.93215    0.000103505
2.30383     -2.93215    0.000117343
2.51327     -2.93215    8.73629e-05
2.72271     -2.93215    3.1994e-05
2.93215     -2.93215    4.90016e-05
3.14159     -2.93215    0.000113575

-3.14159     -2.72271    0.000130807
-2.93215     -2.72271    5.47146e-05
-2.72271     -2.72271    1.49932e-05
-2.51327     -2.72271    2.88824e-05
-2.30383     -2.72271    2.30356e-05
-2.0944     -2.72271    2.9513e-05
-1.88496     -2.72271    3.5884e-05
-1.67552     -2.72271    3.65455e-05
-1.46608     -2.72271    3.67254e-05
-1.25664     -2.72271    8.52552e-06
-1.0472     -2.72271    8.1019e-05
-0.837758     -2.72271    0.00012502
-0.628319     -2.72271    0.000150036
-0.418879     -2.72271    0.000144368
-0.20944     -2.72271    0.000137239
0     -2.72271    0.0001301
0.20944     -2.72271    0.000137308
0.418879     -2.72271    0.000144332
0.628319     -2.72271    0.000150033
0.837758     -2.72271    0.000125014
1.0472     -2.72271    8.10146e-05
1.25664     -2.72271    8.53268e-06
1.46608     -2.72271    3.67341e-05
1.67552     -2.72271    3.65544e-05
1.88496     -2.72271    3.58932e-05
2.0944     -2.72271    2.95201e-05
2.30383     -2.72271    2.30371e-05
2.51327     -2.72271    2.88789e-05
2.72271     -2.72271    1.49899e-05
2.93215     -2.72271    5.47187e-05
3.14159     -2.72271    0.000130811

-3.14159     -2.51327    0.000128822
-2.93215     -2.51327    4.81483e-05
-2.72271     -2.51327    3.0451e-06
-2.51327     -2.51327    1.85791e-05
-2.30383     -2.51327    6.11857e-05
-2.0944     -2.51327    6.77248e-05
-1.88496     -2.51327    2.25521e-05
-1.67552     -2.51327    3.33531e-05
-1.46608     -2.51327    3.87497e-05
-1.25664     -2.51327    3.17823e-05
-1.0472     -2.51327    6.30202e-05
-0.837758     -2.51327    0.000109464
-0.628319     -2.51327    0.000126156
-0.418879     -2.51327    0.000112152
-0.20944     -2.51327    0.000101525
0     -2.51327    0.000114755
0.20944     -2.51327    0.000101481
0.418879     -2.51327    0.00011219
0.628319     -2.51327    0.000126154
0.837758     -2.51327    0.000109465
1.0472     -2.51327    6.30157e-05
1.25664     -2.51327    3.17887e-05
1.46608     -2.51327    3.87573e-05
1.67552     -2.51327    3.33611e-05
1.88496     -2.51327    2.25465e-05
2.0944     -2.51327    6.77212e-05
2.30383     -2.51327    6.11839e-05
2.51327     -2.51327    1.85808e-05
2.72271     -2.51327    3.04913e-06
2.93215     -2.51327    4.81525e-05
3.14159     -2.51327    0.000128824

-3.14159     -2.30383    0.000102467
-2.93215     -2.30383    3.73817e-05
-2.72271     -2.30383    4.08996e-05
-2.51327     -2.30383    9.65788e-05
-2.30383     -2.30383    0.000126754
-2.0944     -2.30383    0.000117249
-1.88496     -2.30383    8.41968e-05
-1.67552     -2.30383    1.94614e-05
-1.46608     -2.30383    3.82275e-05
-1.25664     -2.30383    4.11504e-05
-1.0472     -2.30383    2.99867e-05
-0.837758     -2.30383    8.8565e-05
-0.628319     -2.30383    9.8086e-05
-0.418879     -2.30383    9.31711e-05
-0.20944     -2.30383    7.31002e-05
0     -2.30383    5.34825e-05
0.20944     -2.30383    7.30864e-05
0.418879     -2.30383    9.31258e-05
0.628319     -2.30383    9.80837e-05
0.837758     -2.30383    8.8558e-05
1.0472     -2.30383    2.99828e-05
1.25664     -2.30383    4.11577e-05
1.46608     -2.30383    3.82326e-05
1.67552     -2.30383    1.94557e-05
1.88496     -2.30383    8.41939e-05
2.0944     -2.30383    0.000117247
2.30383     -2.30383    0.00012675
2.51327     -2.30383    9.65773e-05
2.72271     -2.30383    4.09014e-05
2.93215     -2.30383    3.73843e-05
3.14159     -2.30383    0.000102468

-3.14159     -2.0944    6.67763e-05
-2.93215     -2.0944    4.60007e-05
-2.72271     -2.0944    9.16963e-05
-2.51327     -2.0944    0.000144717
-2.30383     -2.0944    0.000160131
-2.0944     -2.0944    0.000147333
-1.88496     -2.0944    0.000116556
-1.67552     -2.0944    8.76205e-05
-1.46608     -2.0944    1.61594e-05
-1.25664     -2.0944    3.07569e-05
-1.0472     -2.0944    1.19274e-06
-0.837758     -2.0944    4.86591e-05
-0.628319     -2.0944    6.1819e-05
-0.418879     -2.0944    6.18001e-05
-0.20944     -2.0944    4.06703e-05
0     -2.0944    6.37487e-05
0.20944     -2.0944    4.07646e-05
0.418879     -2.0944    6.18379e-05
0.628319     -2.0944    6.18203e-05
0.837758     -2.0944    4.86605e-05
1.0472     -2.0944    1.19552e-06
1.25664     -2.0944    3.07611e-05
1.46608     -2.0944    1.61564e-05
1.67552     -2.0944    8.76181e-05
1.88496     -2.0944    0.000116554
2.0944     -2.0944    0.000147332
2.30383     -2.0944    0.000160127
2.51327     -2.0944    0.000144714
2.72271     -2.0944    9.16956e-05
2.93215     -2.0944    4.60021e-05
3.14159     -2.0944    6.67784e-05

-3.14159     -1.88496    4.6076e-05
-2.93215     -1.88496    6.78609e-05
-2.72271     -1.88496    0.00013978
-2.51327     -1.88496    0.000172709
-2.30383     -1.88496    0.000169724
-2.0944     -1.88496    0.000153336
-1.88496     -1.88496    0.000130024
-1.67552     -1.88496    0.000101423
-1.46608     -1.88496    6.36839e-05
-1.25664     -1.88496    3.71842e-06
-1.0472     -1.88496    1.46427e-05
-0.837758     -1.88496    1.10335e-05
-0.628319     -1.88496    2.9568e-05
-0.418879     -1.88496    2.50312e-05
-0.20944     -1.88496    4.89676e-06
0     -1.88496    2.58457e-05
0.20944     -1.88496    4.71062e-06
0.418879     -1.88496    2.50039e-05
0.628319     -1.88496    2.95673e-05
0.837758     -1.88496    1.10286e-05
1.0472     -1.88496    1.46484e-05
1.25664     -1.88496    3.71356e-06
1.46608     -1.88496    6.36809e-05
1.67552     -1.88496    0.000101421
1.88496     -1.88496    0.000130024
2.0944     -1.88496    0.000153336
2.30383     -1.88496    0.000169722
2.51327     -1.88496    0.000172704
2.72271     -1.88496    0.000139777
2.93215     -1.88496    6.78612e-05
3.14159     -1.88496    4.60775e-05

-3.14159     -1.67552    5.02259e-05
-2.93215     -1.67552    0.000112173
-2.72271     -1.67552    0.000172139
-2.51327     -1.67552    0.000173449
-2.30383     -1.67552    0.000157356
-2.0944     -1.67552    0.000131574
-1.88496     -1.67552    0.000117793
-1.67552     -1.67552    9.66075e-05
-1.46608     -1.67552    5.95357e-05
-1.25664     -1.67552    1.96502e-05
-1.0472     -1.67552    2.71827e-05
-0.837758     -1.67552    3.40747e-05
-0.628319     -1.67552    7.35422e-06
-0.418879     -1.67552    1.02109e-05
-0.20944     -1.67552    4.21463e-05
0     -1.67552    3.37143e-05
0.20944     -1.67552    4.18659e-05
0.418879     -1.67552    1.02035e-05
0.628319     -1.67552    7.35235e-06
0.837758     -1.67552    3.40802e-05
1.0472     -1.67552    2.71815e-05
1.25664     -1.67552    1.96479e-05
1.46608     -1.67552    5.95362e-05
1.67552     -1.67552    9.66081e-05
1.88496     -1.67552    0.000117793
2.0944     -1.67552    0.000131574
2.30383     -1.67552    0.000157354
2.51327     -1.67552    0.000173445
2.72271     -1.67552    0.000172136
2.93215     -1.67552    0.000112172
3.14159     -1.67552    5.02278e-05

-3.14159     -1.46608    7.74582e-05
-2.93215     -1.46608    0.000151433
-2.72271     -1.46608    0.000180841
-2.51327     -1.46608    0.000157887
-2.30383     -1.46608    0.000138758
-2.0944     -1.46608    0.000107063
-1.88496     -1.46608    8.74452e-05
-1.67552     -1.46608    7.8756e-05
-1.46608     -1.46608    4.98281e-05
-1.25664     -1.46608    1.90811e-05
-1.0472     -1.46608    2.96142e-05
-0.837758     -1.46608    6.58623e-05
-0.628319     -1.46608    5.40398e-05
-0.418879     -1.46608    5.64145e-05
-0.20944     -1.46608    9.26449e-05
0     -1.46608    9.19661e-05
0.20944     -1.46608    9.29845e-05
0.418879     -1.46608    5.64076e-05
0.628319     -1.46608    5.40458e-05
0.837758     -1.46608    6.58605e-05
1.0472     -1.46608    2.9623e-05
1.25664     -1.46608    1.90789e-05
1.46608     -1.46608    4.98271e-05
1.67552     -1.46608    7.87566e-05
1.88496     -1.46608    8.7445e-05
2.0944     -1.46608    0.000107063
2.30383     -1.46608    0.000138758
2.51327     -1.46608    0.000157884
2.72271     -1.46608    0.000180837
2.93215     -1.46608    0.000151432
3.14159     -1.46608    7.74598e-05

-3.14159     -1.25664    0.000113309
-2.93215     -1.25664    0.000164487
-2.72271     -1.25664    0.000171085
-2.51327     -1.25664    0.000150355
-2.30383     -1.25664    0.000121294
-2.0944     -1.25664    8.4082e-05
-1.88496     -1.25664    6.6102e-05
-1.67552     -1.25664    4.20472e-05
-1.46608     -1.25664    1.92491e-05
-1.25664     -1.25664    2.96382e-06
-1.0472     -1.25664    3.61842e-05
-0.837758     -1.25664    7.02573e-05
-0.628319     -1.25664    8.2055e-05
-0.418879     -1.25664    9.58541e-05
-0.20944     -1.25664    0.000129393
0     -1.25664    0.000186877
0.20944     -1.25664    0.000129046
0.418879     -1.25664    9.58887e-05
0.628319     -1.25664    8.20564e-05
0.837758     -1.25664    7.02657e-05
1.0472     -1.25664    3.6186e-05
1.25664     -1.25664    2.96083e-06
1.46608     -1.25664    1.92497e-05
1.67552     -1.25664    4.20482e-05
1.88496     -1.25664    6.61029e-05
2.0944     -1.25664    8.40818e-05
2.30383     -1.25664    0.000121296
2.51327     -1.25664    0.000150353
2.72271     -1.25664    0.000171083
2.93215     -1.25664    0.000164487
3.14159     -1.25664    0.00011331

-3.14159     -1.0472    0.000131792
-2.93215     -1.0472    0.000169883
-2.72271     -1.0472    0.000167588
-2.51327     -1.0472    0.00013632
-2.30383     -1.0472    0.000103207
-2.0944     -1.0472    7.04163e-05
-1.88496     -1.0472    4.94139e-05
-1.67552     -1.0472    1.34531e-05
-1.46608     -1.0472    1.43783e-05
-1.25664     -1.0472    4.9316e-05
-1.0472     -1.0472    6.76175e-05
-0.837758     -1.0472    9.4727e-05
-0.628319     -1.0472    0.00011105
-0.418879     -1.0472    0.000134416
-0.20944     -1.0472    0.000162977
0     -1.0472    0.000159399
0.20944     -1.0472    0.000163237
0.418879     -1.0472    0.000134373
0.628319     -1.0472    0.00011104
0.837758     -1.0472    9.47273e-05
1.0472     -1.0472    6.76212e-05
1.25664     -1.0472    4.93176e-05
1.46608     -1.0472    1.43787e-05
1.67552     -1.0472    1.34558e-05
1.88496     -1.0472    4.94168e-05
2.0944     -1.0472    7.04189e-05
2.30383     -1.0472    0.000103207
2.51327     -1.0472    0.000136321
2.72271     -1.0472    0.000167588
2.93215     -1.0472    0.000169885
3.14159     -1.0472    0.000131795

-3.14159     -0.837758    0.000127791
-2.93215     -0.837758    0.000147377
-2.72271     -0.837758    0.000154043
-2.51327     -0.837758    0.000132893
-2.30383     -0.837758    0.000103087
-2.0944     -0.837758    7.76977e-05
-1.88496     -0.837758    3.39214e-05
-1.67552     -0.837758    4.78983e-06
-1.46608     -0.837758    3.81683e-05
-1.25664     -0.837758    9.02984e-05
-1.0472     -0.837758    0.00012046
-0.837758     -0.837758    0.000123128
-0.628319     -0.837758    0.000153431
-0.418879     -0.837758    0.000183727
-0.20944     -0.837758    0.000219524
0     -0.837758    0.00034005
0.20944     -0.837758    0.000219478
0.418879     -0.837758    0.000183803
0.628319     -0.837758    0.000153439
0.837758     -0.837758    0.000123123
1.0472     -0.837758    0.000120463
1.25664     -0.837758    9.03049e-05
1.46608     -0.837758    3.81702e-05
1.67552     -0.837758    4.78444e-06
1.88496     -0.837758    3.39231e-05
2.0944     -0.837758    7.76999e-05
2.30383     -0.837758    0.000103088
2.51327     -0.837758    0.000132896
2.72271     -0.837758    0.000154045
2.93215     -0.837758    0.000147381
3.14159     -0.837758    0.000127795

-3.14159     -0.628319    0.000100761
-2.93215     -0.628319    0.000126427
-2.72271     -0.628319    0.000123786
-2.51327     -0.628319    0.000121573
-2.30383     -0.628319    9.859e-05
-2.0944     -0.628319    6.92901e-05
-1.88496     -0.628319    3.26081e-05
-1.67552     -0.628319    9.48082e-06
-1.46608     -0.628319    6.67583e-05
-1.25664     -0.628319    0.00011373
-1.0472     -0.628319    0.000167928
-0.837758     -0.628319    0.000192034
-0.628319     -0.628319    0.000208466
-0.418879     -0.628319    0.000254501
-0.20944     -0.628319    0.000305203
0     -0.628319    0.000242315
0.20944     -0.628319    0.000304864
0.418879     -0.628319    0.000254452
0.628319     -0.628319    0.000208465
0.837758     -0.628319    0.000192034
1.0472     -0.628319    0.000167923
1.25664     -0.628319    0.000113729
1.46608     -0.628319    6.67558e-05
1.67552     -0.628319    9.48061e-06
1.88496     -0.628319    3.26087e-05
2.0944     -0.628319    6.92917e-05
2.30383     -0.628319    9.85928e-05
2.51327     -0.628319    0.000121576
2.72271     -0.628319    0.00012379
2.93215     -0.628319    0.00012643
3.14159     -0.628319    0.000100767

-3.14159     -0.418879    3.38322e-05
-2.93215     -0.418879    5.63807e-05
-2.72271     -0.418879    8.39162e-05
-2.51327     -0.418879    8.84118e-05
-2.30383     -0.418879    7.67034e-05
-2.0944     -0.418879    4.84106e-05
-1.88496     -0.418879    2.63905e-05
-1.67552     -0.418879    8.21755e-06
-1.46608     -0.418879    6.27126e-05
-1.25664     -0.418879    0.000115101
-1.0472     -0.418879    0.000161769
-0.837758     -0.418879    0.000230895
-0.628319     -0.418879    0.000283912
-0.418879     -0.418879    0.000346154
-0.20944     -0.418879    0.000431301
0     -0.418879    0.000593319
0.20944     -0.418879    0.000432227
0.418879     -0.418879    0.000346169
0.628319     -0.418879    0.000283898
0.837758     -0.418879    0.000230901
1.0472     -0.418879    0.000161783
1.25664     -0.418879    0.000115102
1.46608     -0.418879    6.27145e-05
1.67552     -0.418879    8.21727e-06
1.88496     -0.418879    2.63906e-05
2.0944     -0.418879    4.84107e-05
2.30383     -0.418879    7.67036e-05
2.51327     -0.418879    8.8413e-05
2.72271     -0.418879    8.39175e-05
2.93215     -0.418879    5.63834e-05
3.14159     -0.418879    3.38331e-05

-3.14159     -0.20944    2.65078e-05
-2.93215     -0.20944    2.46577e-05
-2.72271     -0.20944    7.28216e-07
-2.51327     -0.20944    1.54691e-05
-2.30383     -0.20944    2.15377e-05
-2.0944     -0.20944    1.22897e-05
-1.88496     -0.20944    1.22919e-05
-1.67552     -0.20944    3.7927e-05
-1.46608     -0.20944    6.44605e-05
-1.25664     -0.20944    0.000103102
-1.0472     -0.20944    0.000148112
-0.837758     -0.20944    0.000215126
-0.628319     -0.20944    0.000318764
-0.418879     -0.20944    0.000435093
-0.20944     -0.20944    0.000612711
0     -0.20944    0.000583831
0.20944     -0.20944    0.000609012
0.418879     -0.20944    0.000435234
0.628319     -0.20944    0.00031877
0.837758     -0.20944    0.000215129
1.0472     -0.20944    0.000148094
1.25664     -0.20944    0.000103114
1.46608     -0.20944    6.4462e-05
1.67552     -0.20944    3.7928e-05
1.88496     -0.20944    1.22943e-05
2.0944     -0.20944    1.22894e-05
2.30383     -0.20944    2.15382e-05
2.51327     -0.20944    1.54663e-05
2.72271     -0.20944    7.27838e-07
2.93215     -0.20944    2.46561e-05
3.14159     -0.20944    2.65084e-05

-3.14159     0    4.21689e-05
-2.93215     0    3.76662e-05
-2.72271     0    5.96874e-05
-2.51327     0    3.85442e-05
-2.30383     0    2.0807e-05
-2.0944     0    1.89694e-05
-1.88496     0    4.06228e-05
-1.67552     0    6.64038e-05
-1.46608     0    8.17137e-05
-1.25664     0    0.000103886
-1.0472     0    0.000155394
-0.837758     0    0.000218336
-0.628319     0    0.000313074
-0.418879     0    0.000476531
-0.20944     0    0.00071176
0     0    2.49657e-16
0.20944     0    0.00071176
0.418879     0    0.000476531
0.628319     0    0.000313074
0.837758     0    0.000218336
1.0472     0    0.000155394
1.25664     0    0.000103886
1.46608     0    8.17137e-05
1.67552     0    6.64038e-05
1.88496     0    4.06228e-05
2.0944     0    1.89694e-05
2.30383     0    2.0807e-05
2.51327     0    3.85442e-05
2.72271     0    5.96874e-05
2.93215     0    3.76662e-05
3.14159     0    4.21689e-05

-3.14159     0.20944    2.65084e-05
-2.93215     0.20944    2.46561e-05
-2.72271     0.20944    7.27838e-07
-2.51327     0.20944    1.54663e-05
-2.30383     0.20944    2.15382e-05
-2.0944     0.20944    1.22894e-05
-1.88496     0.20944    1.22943e-05
-1.67552     0.20944    3.7928e-05
-1.46608     0.20944    6.4462e-05
-1.25664     0.20944    0.000103114
-1.0472     0.20944    0.000148094
-0.837758     0.20944    0.000215129
-0.628319     0.20944    0.00031877
-0.418879     0.20944    0.000435234
-0.20944     0.20944    0.000609012
0     0.20944    0.000583831
0.20944     0.20944    0.000612711
0.418879     0.20944    0.000435093
0.628319     0.20944    0.000318764
0.837758     0.20944    0.000215126
1.0472     0.20944    0.000148112
1.25664     0.20944    0.000103102
1.46608     0.20944    6.44605e-05
1.67552     0.20944    3.7927e-05
1.88496     0.20944    1.22919e-05
2.0944     0.20944    1.22897e-05
2.30383     0.20944    2.15377e-05
2.51327     0.20944    1.54691e-05
2.72271     0.20944    7.28216e-07
2.93215     0.20944    2.46577e-05
3.14159     0.20944    2.65078e-05

-3.14159     0.418879    3.38331e-05
-2.93215     0.418879    5.63834e-05
-2.72271     0.418879    8.39175e-05
-2.51327     0.418879    8.8413e-05
-2.30383     0.418879    7.67036e-05
-2.0944     0.418879    4.84107e-05
-1.88496     0.418879    2.63906e-05
-1.67552     0.418879    8.21727e-06
-1.46608     0.418879    6.27145e-05
-1.25664     0.418879    0.000115102
-1.0472     0.418879    0.000161783
-0.837758     0.418879    0.000230901
-0.628319     0.418879    0.000283898
-0.418879     0.418879    0.000346169
-0.20944     0.418879    0.000432227
0     0.418879    0.000593319
0.20944     0.418879    0.000431301
0.418879     0.418879    0.000346154
0.628319     0.418879    0.000283912
0.837758     0.418879    0.000230895
1.0472     0.418879    0.000161769
1.25664     0.418879    0.000115101
1.46608     0.418879    6.27126e-05
1.67552     0.418879    8.21755e-06
1.88496     0.418879    2.63905e-05
2.0944     0.418879    4.84106e-05
2.30383     0.418879    7.67034e-05
2.51327     0.418879    8.84118e-05
2.72271     0.418879    8.39162e-05
2.93215     0.418879    5.63807e-05
3.14159     0.418879    3.38322e-05

-3.14159     0.628319    0.000100767
-2.93215     0.628319    0.00012643
-2.72271     0.628319    0.00012379
-2.51327     0.628319    0.000121576
-2.30383     0.628319    9.85928e-05
-2.0944     0.628319    6.92917e-05
-1.88496     0.628319    3.26087e-05
-1.67552     0.628319    9.48061e-06
-1.46608     0.628319    6.67558e-05
-1.25664     0.628319    0.000113729
-1.0472     0.628319    0.000167923
-0.837758     0.628319    0.000192034
-0.628319     0.628319    0.000208465
-0.418879     0.628319    0.000254452
-0.20944     0.628319    0.000304864
0     0.628319    0.000242315
0.20944     0.628319    0.000305203
0.418879     0.628319    0.000254501
0.628319     0.628319    0.000208466
0.837758     0.628319    0.000192034
1.0472     0.628319    0.000167928
1.25664     0.628319    0.00011373
1.46608     0.628319    6.67583e-05
1.67552     0.628319    9.48082e-06
1.88496     0.628319    3.26081e-05
2.0944     0.628319    6.92901e-05
2.30383     0.628319    9.859e-05
2.51327     0.628319    0.000121573
2.72271     0.628319    0.000123786
2.93215     0.628319    0.000126427
3.14159     0.628319    0.000100761

-3.14159     0.837758    0.000127795
-2.93215     0.837758    0.000147381
-2.72271     0.837758    0.000154045
-2.51327     0.837758    0.000132896
-2.30383     0.837758    0.000103088
-2.0944     0.837758    7.76999e-05
-1.88496     0.837758    3.39231e-05
-1.67552     0.837758    4.78444e-06
-1.46608     0.837758    3.81702e-05
-1.25664     0.837758    9.03049e-05
-1.0472     0.837758    0.000120463
-0.837758     0.837758    0.000123123
-0.628319     0.837758    0.000153439
-0.418879     0.837758    0.000183803
-0.20944     0.837758    0.000219478
0     0.837758    0.00034005
0.20944     0.837758    0.000219524
0.418879     0.837758    0.000183727
0.628319     0.837758    0.000153431
0.837758     0.837758    0.000123128
1.0472     0.837758    0.00012046
1.25664     0.837758    9.02984e-05
1.46608     0.837758    3.81683e-05
1.67552     0.837758    4.78983e-06
1.88496     0.837758    3.39214e-05
2.0944     0.837758    7.76977e-05
2.30383     0.837758    0.000103087
2.51327     0.837758    0.000132893
2.72271     0.837758    0.000154043
2.93215     0.837758    0.000147377
3.14159     0.837758    0.000127791

-3.14159     1.0472    0.000131795
-2.93215     1.0472    0.000169885
-2.72271     1.0472    0.000167588
-2.51327     1.0472    0.000136321
-2.30383     1.0472    0.000103207
-2.0944     1.0472    7.04189e-05
-1.88496     1.0472    4.94168e-05
-1.67552     1.0472    1.34558e-05
-1.46608     1.0472    1.43787e-05
-1.25664     1.0472    4.93176e-05
-1.0472     1.0472    6.76212e-05
-0.837758     1.0472    9.47273e-05
-0.628319     1.0472    0.00011104
-0.418879     1.0472    0.000134373
-0.20944     1.0472    0.000163237
0     1.0472    0.000159399
0.20944     1.0472    0.000162977
0.418879     1.0472    0.000134416
0.628319     1.0472    0.00011105
0.837758     1.0472    9.4727e-05
1.0472     1.0472    6.76175e-05
1.25664     1.0472    4.9316e-05
1.46608     1.0472    1.43783e-05
1.67552     1.0472    1.34531e-05
1.88496     1.0472    4.94139e-05
2.0944     1.0472    7.04163e-05
2.30383     1.0472    0.000103207
2.51327     1.0472    0.00013632
2.72271     1.0472    0.000167588
2.93215     1.0472    0.000169883
3.14159     1.0472    0.000131792

-3.14159     1.25664    0.00011331
-2.93215     1.25664    0.000164487
-2.72271     1.25664    0.000171083
-2.51327     1.25664    0.000150353
-2.30383     1.25664    0.000121296
-2.0944     1.25664    8.40818e-05
-1.88496     1.25664    6.61029e-05
-1.67552     1.25664    4.20482e-05
-1.46608     1.25664    1.92497e-05
-1.25664     1.25664    2.96083e-06
-1.0472     1.25664    3.6186e-05
-0.837758     1.25664    7.02657e-05
-0.628319     1.25664    8.20564e-05
-0.418879     1.25664    9.58887e-05
-0.20944     1.25664    0.000129046
0     1.25664    0.000186877
0.20944     1.25664    0.000129393
0.418879     1.25664    9.58541e-05
0.628319     1.25664    8.2055e-05
0.837758     1.25664    7.02573e-05
1.0472     1.25664    3.61842e-05
1.25664     1.25664    2.96382e-06
1.46608     1.25664    1.92491e-05
1.67552     1.25664    4.20472e-05
1.88496     1.25664    6.6102e-05
2.0944     1.25664    8.4082e-05
2.30383     1.25664    0.000121294
2.51327     1.25664    0.000150355
2.72271     1.25664    0.000171085
2.93215     1.25664    0.000164487
3.14159     1.25664    0.000113309

-3.14159     1.46608    7.74598e-05
-2.93215     1.46608    0.000151432
-2.72271     1.46608    0.000180837
-2.51327     1.46608    0.000157884
-2.30383     1.46608    0.000138758
-2.0944     1.46608    0.000107063
-1.88496     1.46608    8.7445e-05
-1.67552     1.46608    7.87566e-05
-1.46608     1.46608    4.98271e-05
-1.25664     1.46608    1.90789e-05
-1.0472     1.46608    2.9623e-05
-0.837758     1.46608    6.58605e-05
-0.628319     1.46608    5.40458e-05
-0.418879     1.46608    5.64076e-05
-0.20944     1.46608    9.29845e-05
0     1.46608    9.19661e-05
0.20944     1.46608    9.26449e-05
0.418879     1.46608    5.64145e-05
0.628319     1.46608    5.40398e-05
0.837758     1.46608    6.58623e-05
1.0472     1.46608    2.96142e-05
1.25664     1.46608    1.90811e-05
1.46608     1.46608    4.98281e-05
1.67552     1.46608    7.8756e-05
1.88496     1.46608    8.74452e-05
2.0944     1.46608    0.000107063
2.30383     1.46608    0.000138758
2.51327     1.46608    0.000157887
2.72271     1.46608    0.000180841
2.93215     1.46608    0.000151433
3.14159     1.46608    7.74582e-05

-3.14159     1.67552    5.02278e-05
-2.93215     1.67552    0.000112172
-2.72271     1.67552    0.000172136
-2.51327     1.67552    0.000173445
-2.30383     1.67552    0.000157354
-2.0944     1.67552    0.000131574
-1.88496     1.67552    0.000117793
-1.67552     1.67552    9.66081e-05
-1.46608     1.67552    5.95362e-05
-1.25664     1.67552    1.96479e-05
-1.0472     1.67552    2.71815e-05
-0.837758     1.67552    3.40802e-05
-0.628319     1.67552    7.35235e-06
-0.418879     1.67552    1.02035e-05
-0.20944     1.67552    4.18659e-05
0     1.67552    3.37143e-05
0.20944     1.67552    4.21463e-05
0.418879     1.67552    1.02109e-05
0.628319     1.67552    7.35422e-06
0.837758     1.67552    3.40747e-05
1.0472     1.67552    2.71827e-05
1.25664     1.67552    1.96502e-05
1.46608     1.67552    5.95357e-05
1.67552     1.67552    9.66075e-05
1.88496     1.67552    0.000117793
2.0944     1.67552    0.000131574
2.30383     1.67552    0.000157356
2.51327     1.67552    0.000173449
2.72271     1.67552    0.000172139
2.93215     1.67552    0.000112173
3.14159     1.67552    5.02259e-05

-3.14159     1.88496    4.60775e-05
-2.93215     1.88496    6.78612e-05
-2.72271     1.88496    0.000139777
-2.51327     1.88496    0.000172704
-2.30383     1.88496    0.000169722
-2.0944     1.88496    0.000153336
-1.88496     1.88496    0.000130024
-1.67552     1.88496    0.000101421
-1.46608     1.88496    6.36809e-05
-1.25664     1.88496    3.71356e-06
-1.0472     1.88496    1.46484e-05
-0.837758     1.88496    1.10286e-05
-0.628319     1.88496    2.95673e-05
-0.418879     1.88496    2.50039e-05
-0.20944     1.88496    4.71062e-06
0     1.88496    2.58457e-05
0.20944     1.88496    4.89676e-06
0.418879     1.88496    2.50312e-05
0.628319     1.88496    2.9568e-05
0.837758     1.88496    1.10335e-05
1.0472     1.88496    1.46427e-05
1.25664     1.88496    3.71842e-06
1.46608     1.88496    6.36839e-05
1.67552     1.88496    0.000101423
1.88496     1.88496    0.000130024
2.0944     1.88496    0.000153336
2.30383     1.88496    0.000169724
2.51327     1.88496    0.000172709
2.72271     1.88496    0.00013978
2.93215     1.88496    6.78609e-05
3.14159     1.88496    4.6076e-05

-3.14159     2.0944    6.67784e-05
-2.93215     2.0944    4.60021e-05
-2.72271     2.0944    9.16956e-05
-2.51327     2.0944    0.000144714
-2.30383     2.0944    0.000160127
-2.0944     2.0944    0.000147332
-1.88496     2.0944    0.000116554
-1.67552     2.0944    8.76181e-05
-1.46608     2.0944    1.61564e-05
-1.25664     2.0944    3.07611e-05
-1.0472     2.0944    1.19552e-06
-0.837758     2.0944    4.86605e-05
-0.628319     2.0944    6.18203e-05
-0.418879     2.0944    6.18379e-05
-0.20944     2.0944    4.07646e-05
0     2.0944    6.37487e-05
0.20944     2.0944    4.06703e-05
0.418879     2.0944    6.18001e-05
0.628319     2.0944    6.1819e-05
0.837758     2.0944    4.86591e-05
1.0472     2.0944    1.19274e-06
1.25664     2.0944    3.07569e-05
1.46608     2.0944    1.61594e-05
1.67552     2.0944    8.76205e-05
1.88496     2.0944    0.000116556
2.0944     2.0944    0.000147333
2.30383     2.0944    0.000160131
2.51327     2.0944    0.000144717
2.72271     2.0944    9.16963e-05
2.93215     2.0944    4.60007e-05
3.14159     2.0944    6.67763e-05

-3.14159     2.30383    0.000102468
-2.93215     2.30383    3.73843e-05
-2.72271     2.30383    4.09014e-05
-2.51327     2.30383    9.65773e-05
-2.30383     2.30383    0.00012675
-2.0944     2.30383    0.000117247
-1.88496     2.30383    8.41939e-05
-1.67552     2.30383    1.94557e-05
-1.46608     2.30383    3.82326e-05
-1.25664     2.30383    4.11577e-05
-1.0472     2.30383    2.99828e-05
-0.837758     2.30383    8.8558e-05
-0.628319     2.30383    9.80837e-05
-0.418879     2.30383    9.31258e-05
-0.20944     2.30383    7.30864e-05
0     2.30383    5.34825e-05
0.20944     2.30383    7.31002e-05
0.418879     2.30383    9.31711e-05
0.628319     2.30383    9.8086e-05
0.837758     2.30383    8.8565e-05
1.0472     2.30383    2.99867e-05
1.25664     2.30383    4.11504e-05
1.46608     2.30383    3.82275e-05
1.67552     2.30383    1.94614e-05
1.88496     2.30383    8.41968e-05
2.0944     2.30383    0.000117249
2.30383     2.30383    0.000126754
2.51327     2.30383    9.65788e-05
2.72271     2.30383    4.08996e-05
2.93215     2.30383    3.73817e-05
3.14159     2.30383    0.000102467

-3.14159     2.51327    0.000128824
-2.93215     2.51327    4.81525e-05
-2.72271     2.51327    3.04913e-06
-2.51327     2.51327    1.85808e-05
-2.30383     2.51327    6.11839e-05
-2.0944     2.51327    6.77212e-05
-1.88496     2.51327    2.25465e-05
-1.67552     2.51327    3.33611e-05
-1.46608     2.51327    3.87573e-05
-1.25664     2.51327    3.17887e-05
-1.0472     2.51327    6.30157e-05
-0.837758     2.51327    0.000109465
-0.628319     2.51327    0.000126154
-0.418879     2.51327    0.00011219
-0.20944     2.51327    0.000101481
0     2.51327    0.000114755
0.20944     2.51327    0.000101525
0.418879     2.51327    0.000112152
0.628319     2.51327    0.000126156
0.837758     2.51327    0.000109464
1.0472     2.51327    6.30202e-05
1.25664     2.51327    3.17823e-05
1.46608     2.51327    3.87497e-05
1.67552     2.51327    3.33531e-05
1.88496     2.51327    2.25521e-05
2.0944     2.51327    6.77248e-05
2.30383     2.51327    6.11857e-05
2.51327     2.51327    1.85791e-05
2.72271     2.51327    3.0451e-06
2.93215     2.51327    4.81483e-05
3.14159     2.51327    0.000128822

-3.14159     2.72271    0.000130811
-2.93215     2.72271    5.47187e-05
-2.72271     2.72271    1.49899e-05
-2.51327     2.72271    2.88789e-05
-2.30383     2.72271    2.30371e-05
-2.0944     2.72271    2.95201e-05
-1.88496     2.72271    3.58932e-05
-1.67552     2.72271    3.65544e-05
-1.46608     2.72271    3.67341e-05
-1.25664     2.72271    8.53268e-06
-1.0472     2.72271    8.10146e-05
-0.837758     2.72271    0.000125014
-0.628319     2.72271    0.000150033
-0.418879     2.72271    0.000144332
-0.20944     2.72271    0.000137308
0     2.72271    0.0001301
0.20944     2.72271    0.000137239
0.418879     2.72271    0.000144368
0.628319     2.72271    0.000150036
0.837758     2.72271    0.00012502
1.0472     2.72271    8.1019e-05
1.25664     2.72271    8.52552e-06
1.46608     2.72271    3.67254e-05
1.67552     2.72271    3.65455e-05
1.88496     2.72271    3.5884e-05
2.0944     2.72271    2.9513e-05
2.30383     2.72271    2.30356e-05
2.51327     2.72271    2.88824e-05
2.72271     2.72271    1.49932e-05
2.93215     2.72271    5.47146e-05
3.14159     2.72271    0.000130807

-3.14159     2.93215    0.000113575
-2.93215     2.93215    4.90016e-05
-2.72271     2.93215    3.1994e-05
-2.51327     2.93215    8.73629e-05
-2.30383     2.93215    0.000117343
-2.0944     2.93215    0.000103505
-1.88496     2.93215    5.92213e-05
-1.67552     2.93215    3.98153e-05
-1.46608     2.93215    3.97533e-05
-1.25664     2.93215    1.58909e-05
-1.0472     2.93215    9.53327e-05
-0.837758     2.93215    0.00013829
-0.628319     2.93215    0.000162844
-0.418879     2.93215    0.000170246
-0.20944     2.93215    0.000167756
0     2.93215    0.000165093
0.20944     2.93215    0.000167832
0.418879     2.93215    0.000170234
0.628319     2.93215    0.000162849
0.837758     2.93215    0.000138294
1.0472     2.93215    9.53415e-05
1.25664     2.93215    1.59009e-05
1.46608     2.93215    3.97428e-05
1.67552     2.93215    3.98057e-05
1.88496     2.93215    5.92122e-05
2.0944     2.93215    0.000103497
2.30383     2.93215    0.00011734
2.51327     2.93215    8.73637e-05
2.72271     2.93215    3.19973e-05
2.93215     2.93215    4.89977e-05
3.14159     2.93215    0.00011357

-3.14159     3.14159    5.82297e-05
-2.93215     3.14159    3.2448e-06
-2.72271     3.14159    7.94834e-05
-2.51327     3.14159    0.00014199
-2.30383     3.14159    0.000141698
-2.0944     3.14159    0.000102522
-1.88496     3.14159    7.10603e-05
-1.67552     3.14159    6.42043e-05
-1.46608     3.14159    6.55313e-05
-1.25664     3.14159    2.94303e-06
-1.0472     3.14159    8.16882e-05
-0.837758     3.14159    0.000128666
-0.628319     3.14159    0.000155692
-0.418879     3.14159    0.000167545
-0.20944     3.14159    0.000173921
0     3.14159    0.000180234
0.20944     3.14159    0.00017387
0.418879     3.14159    0.000167548
0.628319     3.14159    0.000155697
0.837758     3.14159    0.000128672
1.0472     3.14159    8.16962e-05
1.25664     3.14159    2.95127e-06
1.46608     3.14159    6.55234e-05
1.67552     3.14159    6.41972e-05
1.88496     3.14159    7.1055e-05
2.0944     3.14159    0.000102518
2.30383     3.14159    0.000141694
2.51327     3.14159    0.000141986
2.72271     3.14159    7.94834e-05
2.93215     3.14159    3.24395e-06
3.14159     3.14159    5.82271e-05

