-3.14159     -3.14159    0.000272214
-2.93215     -3.14159    0.000236946
-2.72271     -3.14159    0.000176216
-2.51327     -3.14159    0.000132956
-2.30383     -3.14159    0.000165842
-2.0944     -3.14159    0.00022299
-1.88496     -3.14159    0.000263981
-1.67552     -3.14159    0.000251947
-1.46608     -3.14159    0.000199264
-1.25664     -3.14159    0.000236282
-1.0472     -3.14159    0.00033397
-0.837758     -3.14159    0.000355364
-0.628319     -3.14159    0.000379058
-0.418879     -3.14159    0.000378792
-0.20944     -3.14159    0.00038858
0     -3.14159    0.000405516
0.20944     -3.14159    0.000388642
0.418879     -3.14159    0.000378789
0.628319     -3.14159    0.000379053
0.837758     -3.14159    0.000355359
1.0472     -3.14159    0.000333961
1.25664     -3.14159    0.000236272
1.46608     -3.14159    0.000199255
1.67552     -3.14159    0.00025194
1.88496     -3.14159    0.000263973
2.0944     -3.14159    0.00022298
2.30383     -3.14159    0.000165831
2.51327     -3.14159    0.000132947
2.72271     -3.14159    0.000176215
2.93215     -3.14159    0.000236947
3.14159     -3.14159    0.000272219

-3.14159     -2.93215    0.000350834
-2.93215     -2.93215    0.000299444
-2.72271     -2.93215    0.000224035
-2.51327     -2.93215    0.000184424
-2.30383     -2.93215    0.000144447
-2.0944     -2.93215    0.000167228
-1.88496     -2.93215    0.000238803
-1.67552     -2.93215    0.000249302
-1.46608     -2.93215    0.000196866
-1.25664     -2.93215    0.000210425
-1.0472     -2.93215    0.000305048
-0.837758     -2.93215    0.000336534
-0.628319     -2.93215    0.00035536
-0.418879     -2.93215    0.000369792
-0.20944     -2.93215    0.000365215
0     -2.93215    0.000355883
0.20944     -2.93215    0.000365123
0.418879     -2.93215    0.000369807
0.628319     -2.93215    0.000355356
0.837758     -2.93215    0.000336532
1.0472     -2.93215    0.00030504
1.25664     -2.93215    0.000210416
1.46608     -2.93215    0.000196857
1.67552     -2.93215    0.000249295
1.88496     -2.93215    0.000238792
2.0944     -2.93215    0.000167215
2.30383     -2.93215    0.000144439
2.51327     -2.93215    0.000184424
2.72271     -2.93215    0.000224039
2.93215     -2.93215    0.00029945
3.14159     -2.93215    0.000350845

-3.14159     -2.72271    0.000356257
-2.93215     -2.72271    0.000301496
-2.72271     -2.72271    0.000235736
-2.51327     -2.72271    0.000230931
-2.30383     -2.72271    0.000233206
-2.0944     -2.72271    0.000204907
-1.88496     -2.72271    0.000198156
-1.67552     -2.72271    0.000197148
-1.46608     -2.72271    0.000175025
-1.25664     -2.72271    0.000139651
-1.0472     -2.72271    0.000230146
-0.837758     -2.72271    0.000270067
-0.628319     -2.72271    0.000296411
-0.418879     -2.72271    0.000297029
-0.20944     -2.72271    0.000301499
0     -2.72271    0.000301353
0.20944     -2.72271    0.000301584
0.418879     -2.72271    0.000296987
0.628319     -2.72271    0.000296411
0.837758     -2.72271    0.000270065
1.0472     -2.72271    0.000230146
1.25664     -2.72271    0.000139648
1.46608     -2.72271    0.000175023
1.67552     -2.72271    0.000197143
1.88496     -2.72271    0.000198147
2.0944     -2.72271    0.000204897
2.30383     -2.72271    0.000233204
2.51327     -2.72271    0.000230935
2.72271     -2.72271    0.00023574
2.93215     -2.72271    0.000301503
3.14159     -2.72271    0.000356264

-3.14159     -2.51327    0.000361422
-2.93215     -2.51327    0.000280812
-2.72271     -2.51327    0.000241909
-2.51327     -2.51327    0.000261318
-2.30383     -2.51327    0.000311138
-2.0944     -2.51327    0.00030692
-1.88496     -2.51327    0.000205457
-1.67552     -2.51327    0.000133808
-1.46608     -2.51327    0.000158022
-1.25664     -2.51327    0.000105557
-1.0472     -2.51327    0.000187814
-0.837758     -2.51327    0.000234113
-0.628319     -2.51327    0.00024383
-0.418879     -2.51327    0.000228371
-0.20944     -2.51327    0.000231462
0     -2.51327    0.000264253
0.20944     -2.51327    0.000231408
0.418879     -2.51327    0.00022842
0.628319     -2.51327    0.000243831
0.837758     -2.51327    0.000234119
1.0472     -2.51327    0.000187815
1.25664     -2.51327    0.000105556
1.46608     -2.51327    0.000158022
1.67552     -2.51327    0.000133803
1.88496     -2.51327    0.000205453
2.0944     -2.51327    0.000306918
2.30383     -2.51327    0.000311136
2.51327     -2.51327    0.000261319
2.72271     -2.51327    0.000241914
2.93215     -2.51327    0.000280818
3.14159     -2.51327    0.000361426

-3.14159     -2.30383    0.000325853
-2.93215     -2.30383    0.0002547
-2.72271     -2.30383    0.000267114
-2.51327     -2.30383    0.000337956
-2.30383     -2.30383    0.000354401
-2.0944     -2.30383    0.000334946
-1.88496     -2.30383    0.000247177
-1.67552     -2.30383    0.000145964
-1.46608     -2.30383    9.53298e-05
-1.25664     -2.30383    7.19245e-05
-1.0472     -2.30383    0.000119613
-0.837758     -2.30383    0.000194213
-0.628319     -2.30383    0.000202636
-0.418879     -2.30383    0.000203969
-0.20944     -2.30383    0.000192356
0     -2.30383    0.000161979
0.20944     -2.30383    0.000192341
0.418879     -2.30383    0.000203915
0.628319     -2.30383    0.000202637
0.837758     -2.30383    0.000194208
1.0472     -2.30383    0.000119613
1.25664     -2.30383    7.19217e-05
1.46608     -2.30383    9.53319e-05
1.67552     -2.30383    0.000145964
1.88496     -2.30383    0.00024718
2.0944     -2.30383    0.000334949
2.30383     -2.30383    0.000354397
2.51327     -2.30383    0.000337952
2.72271     -2.30383    0.000267115
2.93215     -2.30383    0.000254703
3.14159     -2.30383    0.000325854

-3.14159     -2.0944    0.000276007
-2.93215     -2.0944    0.00025316
-2.72271     -2.0944    0.000314903
-2.51327     -2.0944    0.000367886
-2.30383     -2.0944    0.000369968
-2.0944     -2.0944    0.000325101
-1.88496     -2.0944    0.000254457
-1.67552     -2.0944    0.000217317
-1.46608     -2.0944    0.000107396
-1.25664     -2.0944    3.74637e-05
-1.0472     -2.0944    4.92986e-05
-0.837758     -2.0944    9.54581e-05
-0.628319     -2.0944    0.000128513
-0.418879     -2.0944    0.000145192
-0.20944     -2.0944    0.000126543
0     -2.0944    0.000167045
0.20944     -2.0944    0.00012666
0.418879     -2.0944    0.00014524
0.628319     -2.0944    0.000128517
0.837758     -2.0944    9.5461e-05
1.0472     -2.0944    4.92981e-05
1.25664     -2.0944    3.74635e-05
1.46608     -2.0944    0.000107401
1.67552     -2.0944    0.000217322
1.88496     -2.0944    0.000254461
2.0944     -2.0944    0.000325107
2.30383     -2.0944    0.000369965
2.51327     -2.0944    0.00036788
2.72271     -2.0944    0.000314901
2.93215     -2.0944    0.000253162
3.14159     -2.0944    0.000276009

-3.14159     -1.88496    0.00024585
-2.93215     -1.88496    0.00027679
-2.72271     -1.88496    0.000362826
-2.51327     -1.88496    0.000382683
-2.30383     -1.88496    0.000370784
-2.0944     -1.88496    0.000307594
-1.88496     -1.88496    0.000251609
-1.67552     -1.88496    0.000218662
-1.46608     -1.88496    0.000140194
-1.25664     -1.88496    4.24783e-05
-1.0472     -1.88496    7.47264e-06
-0.837758     -1.88496    1.79901e-05
-0.628319     -1.88496    5.7922e-05
-0.418879     -1.88496    6.81785e-05
-0.20944     -1.88496    5.38091e-05
0     -1.88496    3.19165e-05
0.20944     -1.88496    5.35804e-05
0.418879     -1.88496    6.81467e-05
0.628319     -1.88496    5.79232e-05
0.837758     -1.88496    1.79842e-05
1.0472     -1.88496    7.46675e-06
1.25664     -1.88496    4.24771e-05
1.46608     -1.88496    0.000140196
1.67552     -1.88496    0.000218667
1.88496     -1.88496    0.000251614
2.0944     -1.88496    0.0003076
2.30383     -1.88496    0.000370784
2.51327     -1.88496    0.000382677
2.72271     -1.88496    0.00036282
2.93215     -1.88496    0.000276789
3.14159     -1.88496    0.000245852

-3.14159     -1.67552    0.000252358
-2.93215     -1.67552    0.00033817
-2.72271     -1.67552    0.000400544
-2.51327     -1.67552    0.000376765
-2.30383     -1.67552    0.000339984
-2.0944     -1.67552    0.000267132
-1.88496     -1.67552    0.000233745
-1.67552     -1.67552    0.000199954
-1.46608     -1.67552    0.00012005
-1.25664     -1.67552    3.34177e-05
-1.0472     -1.67552    4.35138e-05
-0.837758     -1.67552    6.67585e-05
-0.628319     -1.67552    1.69125e-05
-0.418879     -1.67552    7.92389e-06
-0.20944     -1.67552    3.74586e-05
0     -1.67552    2.25121e-05
0.20944     -1.67552    3.7115e-05
0.418879     -1.67552    7.91159e-06
0.628319     -1.67552    1.69087e-05
0.837758     -1.67552    6.67659e-05
1.0472     -1.67552    4.3512e-05
1.25664     -1.67552    3.34175e-05
1.46608     -1.67552    0.000120056
1.67552     -1.67552    0.000199961
1.88496     -1.67552    0.000233752
2.0944     -1.67552    0.000267139
2.30383     -1.67552    0.000339986
2.51327     -1.67552    0.000376761
2.72271     -1.67552    0.000400537
2.93215     -1.67552    0.000338168
3.14159     -1.67552    0.00025236

-3.14159     -1.46608    0.000290564
-2.93215     -1.46608    0.000377642
-2.72271     -1.46608    0.000397326
-2.51327     -1.46608    0.00034501
-2.30383     -1.46608    0.000312912
-2.0944     -1.46608    0.000239253
-1.88496     -1.46608    0.000202433
-1.67552     -1.46608    0.000176493
-1.46608     -1.46608    0.000108067
-1.25664     -1.46608    3.50346e-05
-1.0472     -1.46608    6.28431e-05
-0.837758     -1.46608    0.000118593
-0.628319     -1.46608    9.87823e-05
-0.418879     -1.46608    9.04127e-05
-0.20944     -1.46608    0.000133017
0     -1.46608    0.000120936
0.20944     -1.46608    0.000133429
0.418879     -1.46608    9.04025e-05
0.628319     -1.46608    9.87897e-05
0.837758     -1.46608    0.000118592
1.0472     -1.46608    6.2853e-05
1.25664     -1.46608    3.50341e-05
1.46608     -1.46608    0.000108071
1.67552     -1.46608    0.000176501
1.88496     -1.46608    0.00020244
2.0944     -1.46608    0.000239261
2.30383     -1.46608    0.000312918
2.51327     -1.46608    0.00034501
2.72271     -1.46608    0.000397321
2.93215     -1.46608    0.000377641
3.14159     -1.46608    0.000290566

-3.14159     -1.25664    0.000341703
-2.93215     -1.25664    0.00037567
-2.72271     -1.25664    0.000372181
-2.51327     -1.25664    0.00032959
-2.30383     -1.25664    0.000281789
-2.0944     -1.25664    0.00021447
-1.88496     -1.25664    0.000185208
-1.67552     -1.25664    0.000124014
-1.46608     -1.25664    6.723e-05
-1.25664     -1.25664    1.4413e-05
-1.0472     -1.25664    6.49446e-05
-0.837758     -1.25664    0.000122174
-0.628319     -1.25664    0.000138273
-0.418879     -1.25664    0.000151924
-0.20944     -1.25664    0.000189451
0     -1.25664    0.000255683
0.20944     -1.25664    0.000189026
0.418879     -1.25664    0.000151965
0.628319     -1.25664    0.000138276
0.837758     -1.25664    0.000122185
1.0472     -1.25664    6.49466e-05
1.25664     -1.25664    1.44136e-05
1.46608     -1.25664    6.72348e-05
1.67552     -1.25664    0.000124022
1.88496     -1.25664    0.000185217
2.0944     -1.25664    0.000214477
2.30383     -1.25664    0.000281799
2.51327     -1.25664    0.000329593
2.72271     -1.25664    0.000372179
2.93215     -1.25664    0.000375671
3.14159     -1.25664    0.000341705

-3.14159     -1.0472    0.000362224
-2.93215     -1.0472    0.00038296
-2.72271     -1.0472    0.000359639
-2.51327     -1.0472    0.00028915
-2.30383     -1.0472    0.000229351
-2.0944     -1.0472    0.000193858
-1.88496     -1.0472    0.00015341
-1.67552     -1.0472    8.11544e-05
-1.46608     -1.0472    1.8844e-05
-1.25664     -1.0472    6.43664e-05
-1.0472     -1.0472    0.000107365
-0.837758     -1.0472    0.000152374
-0.628319     -1.0472    0.000184429
-0.418879     -1.0472    0.000204629
-0.20944     -1.0472    0.000240278
0     -1.0472    0.000224619
0.20944     -1.0472    0.000240596
0.418879     -1.0472    0.000204575
0.628319     -1.0472    0.000184417
0.837758     -1.0472    0.000152375
1.0472     -1.0472    0.000107368
1.25664     -1.0472    6.43659e-05
1.46608     -1.0472    1.88473e-05
1.67552     -1.0472    8.11625e-05
1.88496     -1.0472    0.000153421
2.0944     -1.0472    0.000193868
2.30383     -1.0472    0.000229357
2.51327     -1.0472    0.000289157
2.72271     -1.0472    0.000359642
2.93215     -1.0472    0.000382965
3.14159     -1.0472    0.00036223

-3.14159     -0.837758    0.000355131
-2.93215     -0.837758    0.000343861
-2.72271     -0.837758    0.000311881
-2.51327     -0.837758    0.000251725
-2.30383     -0.837758    0.000217197
-2.0944     -0.837758    0.000185721
-1.88496     -0.837758    0.000111282
-1.67552     -0.837758    4.47876e-05
-1.46608     -0.837758    2.67237e-05
-1.25664     -0.837758    0.000116154
-1.0472     -0.837758    0.000175636
-0.837758     -0.837758    0.000185233
-0.628319     -0.837758    0.000234842
-0.418879     -0.837758    0.000281637
-0.20944     -0.837758    0.000316984
0     -0.837758    0.000494605
0.20944     -0.837758    0.000316929
0.418879     -0.837758    0.000281728
0.628319     -0.837758    0.000234852
0.837758     -0.837758    0.000185226
1.0472     -0.837758    0.000175638
1.25664     -0.837758    0.00011616
1.46608     -0.837758    2.67225e-05
1.67552     -0.837758    4.47933e-05
1.88496     -0.837758    0.000111291
2.0944     -0.837758    0.000185733
2.30383     -0.837758    0.000217205
2.51327     -0.837758    0.000251734
2.72271     -0.837758    0.000311888
2.93215     -0.837758    0.00034387
3.14159     -0.837758    0.00035514

-3.14159     -0.628319    0.000338025
-2.93215     -0.628319    0.000313696
-2.72271     -0.628319    0.000258222
-2.51327     -0.628319    0.000247087
-2.30383     -0.628319    0.000204802
-2.0944     -0.628319    0.000154064
-1.88496     -0.628319    8.82198e-05
-1.67552     -0.628319    1.44511e-05
-1.46608     -0.628319    8.46926e-05
-1.25664     -0.628319    0.000158443
-1.0472     -0.628319    0.00022967
-0.837758     -0.628319    0.0002791
-0.628319     -0.628319    0.000300921
-0.418879     -0.628319    0.00035489
-0.20944     -0.628319    0.000426939
0     -0.628319    0.000365636
0.20944     -0.628319    0.000426527
0.418879     -0.628319    0.000354827
0.628319     -0.628319    0.000300917
0.837758     -0.628319    0.000279098
1.0472     -0.628319    0.000229663
1.25664     -0.628319    0.00015844
1.46608     -0.628319    8.46861e-05
1.67552     -0.628319    1.4463e-05
1.88496     -0.628319    8.82269e-05
2.0944     -0.628319    0.000154072
2.30383     -0.628319    0.000204813
2.51327     -0.628319    0.000247097
2.72271     -0.628319    0.000258234
2.93215     -0.628319    0.000313706
3.14159     -0.628319    0.000338035

-3.14159     -0.418879    0.000231311
-2.93215     -0.418879    0.000203004
-2.72271     -0.418879    0.000212486
-2.51327     -0.418879    0.000201901
-2.30383     -0.418879    0.000154841
-2.0944     -0.418879    9.3031e-05
-1.88496     -0.418879    5.34801e-05
-1.67552     -0.418879    1.1424e-05
-1.46608     -0.418879    9.59781e-05
-1.25664     -0.418879    0.000170866
-1.0472     -0.418879    0.000232486
-0.837758     -0.418879    0.000330797
-0.628319     -0.418879    0.000421406
-0.418879     -0.418879    0.00049201
-0.20944     -0.418879    0.000586366
0     -0.418879    0.000842306
0.20944     -0.418879    0.000587498
0.418879     -0.418879    0.000492026
0.628319     -0.418879    0.000421388
0.837758     -0.418879    0.000330802
1.0472     -0.418879    0.0002325
1.25664     -0.418879    0.000170864
1.46608     -0.418879    9.59768e-05
1.67552     -0.418879    1.14177e-05
1.88496     -0.418879    5.34854e-05
2.0944     -0.418879    9.30373e-05
2.30383     -0.418879    0.000154847
2.51327     -0.418879    0.000201909
2.72271     -0.418879    0.000212492
2.93215     -0.418879    0.00020301
3.14159     -0.418879    0.000231314

-3.14159     -0.20944    0.000166766
-2.93215     -0.20944    0.000125338
-2.72271     -0.20944    0.000127512
-2.51327     -0.20944    0.000101417
-2.30383     -0.20944    7.36604e-05
-2.0944     -0.20944    2.47855e-05
-1.88496     -0.20944    2.68026e-05
-1.67552     -0.20944    7.26204e-05
-1.46608     -0.20944    0.000111375
-1.25664     -0.20944    0.000162982
-1.0472     -0.20944    0.000227814
-0.837758     -0.20944    0.0003118
-0.628319     -0.20944    0.000457861
-0.418879     -0.20944    0.000622994
-0.20944     -0.20944    0.000845336
0     -0.20944    0.000815107
0.20944     -0.20944    0.000840832
0.418879     -0.20944    0.000623164
0.628319     -0.20944    0.000457868
0.837758     -0.20944    0.000311804
1.0472     -0.20944    0.00022779
1.25664     -0.20944    0.000162995
1.46608     -0.20944    0.000111374
1.67552     -0.20944    7.2619e-05
1.88496     -0.20944    2.68014e-05
2.0944     -0.20944    2.47889e-05
2.30383     -0.20944    7.36651e-05
2.51327     -0.20944    0.000101416
2.72271     -0.20944    0.000127514
2.93215     -0.20944    0.00012534
3.14159     -0.20944    0.000166764

-3.14159     0    0.000189184
-2.93215     0    0.000163644
-2.72271     0    7.46039e-05
-2.51327     0    4.59251e-05
-2.30383     0    2.08418e-05
-2.0944     0    9.42191e-06
-1.88496     0    7.86435e-05
-1.67552     0    0.00011917
-1.46608     0    0.000138795
-1.25664     0    0.000173377
-1.0472     0    0.000237591
-0.837758     0    0.000318805
-0.628319     0    0.000426806
-0.418879     0    0.000647321
-0.20944     0    0.00100205
0     0    4.22344e-16
0.20944     0    0.00100205
0.418879     0    0.000647321
0.628319     0    0.000426806
0.837758     0    0.000318805
1.0472     0    0.000237591
1.25664     0    0.000173377
1.46608     0    0.000138795
1.67552     0    0.00011917
1.88496     0    7.86435e-05
2.0944     0    9.42191e-06
2.30383     0    2.08418e-05
2.51327     0    4.59251e-05
2.72271     0    7.46039e-05
2.93215     0    0.000163644
3.14159     0    0.000189184

-3.14159     0.20944    0.000166764
-2.93215     0.20944    0.00012534
-2.72271     0.20944    0.000127514
-2.51327     0.20944    0.000101416
-2.30383     0.20944    7.36651e-05
-2.0944     0.20944    2.47889e-05
-1.88496     0.20944    2.68014e-05
-1.67552     0.20944    7.2619e-05
-1.46608     0.20944    0.000111374
-1.25664     0.20944    0.000162995
-1.0472     0.20944    0.00022779
-0.837758     0.20944    0.000311804
-0.628319     0.20944    0.000457868
-0.418879     0.20944    0.000623164
-0.20944     0.20944    0.000840832
0     0.20944    0.000815107
0.20944     0.20944    0.000845336
0.418879     0.20944    0.000622994
0.628319     0.20944    0.000457861
0.837758     0.20944    0.0003118
1.0472     0.20944    0.000227814
1.25664     0.20944    0.000162982
1.46608     0.20944    0.000111375
1.67552     0.20944    7.26204e-05
1.88496     0.20944    2.68026e-05
2.0944     0.20944    2.47855e-05
2.30383     0.20944    7.36604e-05
2.51327     0.20944    0.000101417
2.72271     0.20944    0.000127512
2.93215     0.20944    0.000125338
3.14159     0.20944    0.000166766

-3.14159     0.418879    0.000231314
-2.93215     0.418879    0.00020301
-2.72271     0.418879    0.000212492
-2.51327     0.418879    0.000201909
-2.30383     0.418879    0.000154847
-2.0944     0.418879    9.30373e-05
-1.88496     0.418879    5.34854e-05
-1.67552     0.418879    1.14177e-05
-1.46608     0.418879    9.59768e-05
-1.25664     0.418879    0.000170864
-1.0472     0.418879    0.0002325
-0.837758     0.418879    0.000330802
-0.628319     0.418879    0.000421388
-0.418879     0.418879    0.000492026
-0.20944     0.418879    0.000587498
0     0.418879    0.000842306
0.20944     0.418879    0.000586366
0.418879     0.418879    0.00049201
0.628319     0.418879    0.000421406
0.837758     0.418879    0.000330797
1.0472     0.418879    0.000232486
1.25664     0.418879    0.000170866
1.46608     0.418879    9.59781e-05
1.67552     0.418879    1.1424e-05
1.88496     0.418879    5.34801e-05
2.0944     0.418879    9.3031e-05
2.30383     0.418879    0.000154841
2.51327     0.418879    0.000201901
2.72271     0.418879    0.000212486
2.93215     0.418879    0.000203004
3.14159     0.418879    0.000231311

-3.14159     0.628319    0.000338035
-2.93215     0.628319    0.000313706
-2.72271     0.628319    0.000258234
-2.51327     0.628319    0.000247097
-2.30383     0.628319    0.000204813
-2.0944     0.628319    0.000154072
-1.88496     0.628319    8.82269e-05
-1.67552     0.628319    1.4463e-05
-1.46608     0.628319    8.46861e-05
-1.25664     0.628319    0.00015844
-1.0472     0.628319    0.000229663
-0.837758     0.628319    0.000279098
-0.628319     0.628319    0.000300917
-0.418879     0.628319    0.000354827
-0.20944     0.628319    0.000426527
0     0.628319    0.000365636
0.20944     0.628319    0.000426939
0.418879     0.628319    0.00035489
0.628319     0.628319    0.000300921
0.837758     0.628319    0.0002791
1.0472     0.628319    0.00022967
1.25664     0.628319    0.000158443
1.46608     0.628319    8.46926e-05
1.67552     0.628319    1.44511e-05
1.88496     0.628319    8.82198e-05
2.0944     0.628319    0.000154064
2.30383     0.628319    0.000204802
2.51327     0.628319    0.000247087
2.72271     0.628319    0.000258222
2.93215     0.628319    0.000313696
3.14159     0.628319    0.000338025

-3.14159     0.837758    0.00035514
-2.93215     0.837758    0.00034387
-2.72271     0.837758    0.000311888
-2.51327     0.837758    0.000251734
-2.30383     0.837758    0.000217205
-2.0944     0.837758    0.000185733
-1.88496     0.837758    0.000111291
-1.67552     0.837758    4.47933e-05
-1.46608     0.837758    2.67225e-05
-1.25664     0.837758    0.00011616
-1.0472     0.837758    0.000175638
-0.837758     0.837758    0.000185226
-0.628319     0.837758    0.000234852
-0.418879     0.837758    0.000281728
-0.20944     0.837758    0.000316929
0     0.837758    0.000494605
0.20944     0.837758    0.000316984
0.418879     0.837758    0.000281637
0.628319     0.837758    0.000234842
0.837758     0.837758    0.000185233
1.0472     0.837758    0.000175636
1.25664     0.837758    0.000116154
1.46608     0.837758    2.67237e-05
1.67552     0.837758    4.47876e-05
1.88496     0.837758    0.000111282
2.0944     0.837758    0.000185721
2.30383     0.837758    0.000217197
2.51327     0.837758    0.000251725
2.72271     0.837758    0.000311881
2.93215     0.837758    0.000343861
3.14159     0.837758    0.000355131

-3.14159     1.0472    0.00036223
-2.93215     1.0472    0.000382965
-2.72271     1.0472    0.000359642
-2.51327     1.0472    0.000289157
-2.30383     1.0472    0.000229357
-2.0944     1.0472    0.000193868
-1.88496     1.0472    0.000153421
-1.67552     1.0472    8.11625e-05
-1.46608     1.0472    1.88473e-05
-1.25664     1.0472    6.43659e-05
-1.0472     1.0472    0.000107368
-0.837758     1.0472    0.000152375
-0.628319     1.0472    0.000184417
-0.418879     1.0472    0.000204575
-0.20944     1.0472    0.000240596
0     1.0472    0.000224619
0.20944     1.0472    0.000240278
0.418879     1.0472    0.000204629
0.628319     1.0472    0.000184429
0.837758     1.0472    0.000152374
1.0472     1.0472    0.000107365
1.25664     1.0472    6.43664e-05
1.46608     1.0472    1.8844e-05
1.67552     1.0472    8.11544e-05
1.88496     1.0472    0.00015341
2.0944     1.0472    0.000193858
2.30383     1.0472    0.000229351
2.51327     1.0472    0.00028915
2.72271     1.0472    0.000359639
2.93215     1.0472    0.00038296
3.14159     1.0472    0.000362224

-3.14159     1.25664    0.000341705
-2.93215     1.25664    0.000375671
-2.72271     1.25664    0.000372179
-2.51327     1.25664    0.000329593
-2.30383     1.25664    0.000281799
-2.0944     1.25664    0.000214477
-1.88496     1.25664    0.000185217
-1.67552     1.25664    0.000124022
-1.46608     1.25664    6.72348e-05
-1.25664     1.25664    1.44136e-05
-1.0472     1.25664    6.49466e-05
-0.837758     1.25664    0.000122185
-0.628319     1.25664    0.000138276
-0.418879     1.25664    0.000151965
-0.20944     1.25664    0.000189026
0     1.25664    0.000255683
0.20944     1.25664    0.000189451
0.418879     1.25664    0.000151924
0.628319     1.25664    0.000138273
0.837758     1.25664    0.000122174
1.0472     1.25664    6.49446e-05
1.25664     1.25664    1.4413e-05
1.46608     1.25664    6.723e-05
1.67552     1.25664    0.000124014
1.88496     1.25664    0.000185208
2.0944     1.25664    0.00021447
2.30383     1.25664    0.000281789
2.51327     1.25664    0.00032959
2.72271     1.25664    0.000372181
2.93215     1.25664    0.00037567
3.14159     1.25664    0.000341703

-3.14159     1.46608    0.000290566
-2.93215     1.46608    0.000377641
-2.72271     1.46608    0.000397321
-2.51327     1.46608    0.00034501
-2.30383     1.46608    0.000312918
-2.0944     1.46608    0.000239261
-1.88496     1.46608    0.00020244
-1.67552     1.46608    0.000176501
-1.46608     1.46608    0.000108071
-1.25664     1.46608    3.50341e-05
-1.0472     1.46608    6.2853e-05
-0.837758     1.46608    0.000118592
-0.628319     1.46608    9.87897e-05
-0.418879     1.46608    9.04025e-05
-0.20944     1.46608    0.000133429
0     1.46608    0.000120936
0.20944     1.46608    0.000133017
0.418879     1.46608    9.04127e-05
0.628319     1.46608    9.87823e-05
0.837758     1.46608    0.000118593
1.0472     1.46608    6.28431e-05
1.25664     1.46608    3.50346e-05
1.46608     1.46608    0.000108067
1.67552     1.46608    0.000176493
1.88496     1.46608    0.000202433
2.0944     1.46608    0.000239253
2.30383     1.46608    0.000312912
2.51327     1.46608    0.00034501
2.72271     1.46608    0.000397326
2.93215     1.46608    0.000377642
3.14159     1.46608    0.000290564

-3.14159     1.67552    0.00025236
-2.93215     1.67552    0.000338168
-2.72271     1.67552    0.000400537
-2.51327     1.67552    0.000376761
-2.30383     1.67552    0.000339986
-2.0944     1.67552    0.000267139
-1.88496     1.67552    0.000233752
-1.67552     1.67552    0.000199961
-1.46608     1.67552    0.000120056
-1.25664     1.67552    3.34175e-05
-1.0472     1.67552    4.3512e-05
-0.837758     1.67552    6.67659e-05
-0.628319     1.67552    1.69087e-05
-0.418879     1.67552    7.91159e-06
-0.20944     1.67552    3.7115e-05
0     1.67552    2.25121e-05
0.20944     1.67552    3.74586e-05
0.418879     1.67552    7.92389e-06
0.628319     1.67552    1.69125e-05
0.837758     1.67552    6.67585e-05
1.0472     1.67552    4.35138e-05
1.25664     1.67552    3.34177e-05
1.46608     1.67552    0.00012005
1.67552     1.67552    0.000199954
1.88496     1.67552    0.000233745
2.0944     1.67552    0.000267132
2.30383     1.67552    0.000339984
2.51327     1.67552    0.000376765
2.72271     1.67552    0.000400544
2.93215     1.67552    0.00033817
3.14159     1.67552    0.000252358

-3.14159     1.88496    0.000245852
-2.93215     1.88496    0.000276789
-2.72271     1.88496    0.00036282
-2.51327     1.88496    0.000382677
-2.30383     1.88496    0.000370784
-2.0944     1.88496    0.0003076
-1.88496     1.88496    0.000251614
-1.67552     1.88496    0.000218667
-1.46608     1.88496    0.000140196
-1.25664     1.88496    4.24771e-05
-1.0472     1.88496    7.46675e-06
-0.837758     1.88496    1.79842e-05
-0.628319     1.88496    5.79232e-05
-0.418879     1.88496    6.81467e-05
-0.20944     1.88496    5.35804e-05
0     1.88496    3.19165e-05
0.20944     1.88496    5.38091e-05
0.418879     1.88496    6.81785e-05
0.628319     1.88496    5.7922e-05
0.837758     1.88496    1.79901e-05
1.0472     1.88496    7.47264e-06
1.25664     1.88496    4.24783e-05
1.46608     1.88496    0.000140194
1.67552     1.88496    0.000218662
1.88496     1.88496    0.000251609
2.0944     1.88496    0.000307594
2.30383     1.88496    0.000370784
2.51327     1.88496    0.000382683
2.72271     1.88496    0.000362826
2.93215     1.88496    0.00027679
3.14159     1.88496    0.00024585

-3.14159     2.0944    0.000276009
-2.93215     2.0944    0.000253162
-2.72271     2.0944    0.000314901
-2.51327     2.0944    0.00036788
-2.30383     2.0944    0.000369965
-2.0944     2.0944    0.000325107
-1.88496     2.0944    0.000254461
-1.67552     2.0944    0.000217322
-1.46608     2.0944    0.000107401
-1.25664     2.0944    3.74635e-05
-1.0472     2.0944    4.92981e-05
-0.837758     2.0944    9.5461e-05
-0.628319     2.0944    0.000128517
-0.418879     2.0944    0.00014524
-0.20944     2.0944    0.00012666
0     2.0944    0.000167045
0.20944     2.0944    0.000126543
0.418879     2.0944    0.000145192
0.628319     2.0944    0.000128513
0.837758     2.0944    9.54581e-05
1.0472     2.0944    4.92986e-05
1.25664     2.0944    3.74637e-05
1.46608     2.0944    0.000107396
1.67552     2.0944    0.000217317
1.88496     2.0944    0.000254457
2.0944     2.0944    0.000325101
2.30383     2.0944    0.000369968
2.51327     2.0944    0.000367886
2.72271     2.0944    0.000314903
2.93215     2.0944    0.00025316
3.14159     2.0944    0.000276007

-3.14159     2.30383    0.000325854
-2.93215     2.30383    0.000254703
-2.72271     2.30383    0.000267115
-2.51327     2.30383    0.000337952
-2.30383     2.30383    0.000354397
-2.0944     2.30383    0.000334949
-1.88496     2.30383    0.00024718
-1.67552     2.30383    0.000145964
-1.46608     2.30383    9.53319e-05
-1.25664     2.30383    7.19217e-05
-1.0472     2.30383    0.000119613
-0.837758     2.30383    0.000194208
-0.628319     2.30383    0.000202637
-0.418879     2.30383    0.000203915
-0.20944     2.30383    0.000192341
0     2.30383    0.000161979
0.20944     2.30383    0.000192356
0.418879     2.30383    0.000203969
0.628319     2.30383    0.000202636
0.837758     2.30383    0.000194213
1.0472     2.30383    0.000119613
1.25664     2.30383    7.19245e-05
1.46608     2.30383    9.53298e-05
1.67552     2.30383    0.000145964
1.88496     2.30383    0.000247177
2.0944     2.30383    0.000334946
2.30383     2.30383    0.000354401
2.51327     2.30383    0.000337956
2.72271     2.30383    0.000267114
2.93215     2.30383    0.0002547
3.14159     2.30383    0.000325853

-3.14159     2.51327    0.000361426
-2.93215     2.51327    0.000280818
-2.72271     2.51327    0.000241914
-2.51327     2.51327    0.000261319
-2.30383     2.51327    0.000311136
-2.0944     2.51327    0.000306918
-1.88496     2.51327    0.000205453
-1.67552     2.51327    0.000133803
-1.46608     2.51327    0.000158022
-1.25664     2.51327    0.000105556
-1.0472     2.51327    0.000187815
-0.837758     2.51327    0.000234119
-0.628319     2.51327    0.000243831
-0.418879     2.51327    0.00022842
-0.20944     2.51327    0.000231408
0     2.51327    0.000264253
0.20944     2.51327    0.000231462
0.418879     2.51327    0.000228371
0.628319     2.51327    0.00024383
0.837758     2.51327    0.000234113
1.0472     2.51327    0.000187814
1.25664     2.51327    0.000105557
1.46608     2.51327    0.000158022
1.67552     2.51327    0.000133808
1.88496     2.51327    0.000205457
2.0944     2.51327    0.00030692
2.30383     2.51327    0.000311138
2.51327     2.51327    0.000261318
2.72271     2.51327    0.000241909
2.93215     2.51327    0.000280812
3.14159     2.51327    0.000361422

-3.14159     2.72271    0.000356264
-2.93215     2.72271    0.000301503
-2.72271     2.72271    0.00023574
-2.51327     2.72271    0.000230935
-2.30383     2.72271    0.000233204
-2.0944     2.72271    0.000204897
-1.88496     2.72271    0.000198147
-1.67552     2.72271    0.000197143
-1.46608     2.72271    0.000175023
-1.25664     2.72271    0.000139648
-1.0472     2.72271    0.000230146
-0.837758     2.72271    0.000270065
-0.628319     2.72271    0.000296411
-0.418879     2.72271    0.000296987
-0.20944     2.72271    0.000301584
0     2.72271    0.000301353
0.20944     2.72271    0.000301499
0.418879     2.72271    0.000297029
0.628319     2.72271    0.000296411
0.837758     2.72271    0.000270067
1.0472     2.72271    0.000230146
1.25664     2.72271    0.000139651
1.46608     2.72271    0.000175025
1.67552     2.72271    0.000197148
1.88496     2.72271    0.000198156
2.0944     2.72271    0.000204907
2.30383     2.72271    0.000233206
2.51327     2.72271    0.000230931
2.72271     2.72271    0.000235736
2.93215     2.72271    0.000301496
3.14159     2.72271    0.000356257

-3.14159     2.93215    0.000350845
-2.93215     2.93215    0.00029945
-2.72271     2.93215    0.000224039
-2.51327     2.93215    0.000184424
-2.30383     2.93215    0.000144439
-2.0944     2.93215    0.000167215
-1.88496     2.93215    0.000238792
-1.67552     2.93215    0.000249295
-1.46608     2.93215    0.000196857
-1.25664     2.93215    0.000210416
-1.0472     2.93215    0.00030504
-0.837758     2.93215    0.000336532
-0.628319     2.93215    0.000355356
-0.418879     2.93215    0.000369807
-0.20944     2.93215    0.000365123
0     2.93215    0.000355883
0.20944     2.93215    0.000365215
0.418879     2.93215    0.000369792
0.628319     2.93215    0.00035536
0.837758     2.93215    0.000336534
1.0472     2.93215    0.000305048
1.25664     2.93215    0.000210425
1.46608     2.93215    0.000196866
1.67552     2.93215    0.000249302
1.88496     2.93215    0.000238803
2.0944     2.93215    0.000167228
2.30383     2.93215    0.000144447
2.51327     2.93215    0.000184424
2.72271     2.93215    0.000224035
2.93215     2.93215    0.000299444
3.14159     2.93215    0.000350834

-3.14159     3.14159    0.000272219
-2.93215     3.14159    0.000236947
-2.72271     3.14159    0.000176215
-2.51327     3.14159    0.000132947
-2.30383     3.14159    0.000165831
-2.0944     3.14159    0.00022298
-1.88496     3.14159    0.000263973
-1.67552     3.14159    0.00025194
-1.46608     3.14159    0.000199255
-1.25664     3.14159    0.000236272
-1.0472     3.14159    0.000333961
-0.837758     3.14159    0.000355359
-0.628319     3.14159    0.000379053
-0.418879     3.14159    0.000378789
-0.20944     3.14159    0.000388642
0     3.14159    0.000405516
0.20944     3.14159    0.00038858
0.418879     3.14159    0.000378792
0.628319     3.14159    0.000379058
0.837758     3.14159    0.000355364
1.0472     3.14159    0.00033397
1.25664     3.14159    0.000236282
1.46608     3.14159    0.000199264
1.67552     3.14159    0.000251947
1.88496     3.14159    0.000263981
2.0944     3.14159    0.00022299
2.30383     3.14159    0.000165842
2.51327     3.14159    0.000132956
2.72271     3.14159    0.000176216
2.93215     3.14159    0.000236946
3.14159     3.14159    0.000272214

