-3.14159     -3.14159    1.32676e-05
-2.93215     -3.14159    4.66834e-05
-2.72271     -3.14159    0.000136891
-2.51327     -3.14159    0.000206307
-2.30383     -3.14159    0.000212558
-2.0944     -3.14159    0.000174439
-1.88496     -3.14159    0.000142956
-1.67552     -3.14159    0.000132054
-1.46608     -3.14159    0.000123785
-1.25664     -3.14159    4.69006e-05
-1.0472     -3.14159    2.89104e-05
-0.837758     -3.14159    8.17818e-05
-0.628319     -3.14159    0.000110054
-0.418879     -3.14159    0.000124617
-0.20944     -3.14159    0.000130781
0     -3.14159    0.000135837
0.20944     -3.14159    0.000130832
0.418879     -3.14159    0.000124614
0.628319     -3.14159    0.000110049
0.837758     -3.14159    8.1776e-05
1.0472     -3.14159    2.89024e-05
1.25664     -3.14159    4.69088e-05
1.46608     -3.14159    0.000123793
1.67552     -3.14159    0.000132062
1.88496     -3.14159    0.000142961
2.0944     -3.14159    0.000174442
2.30383     -3.14159    0.000212561
2.51327     -3.14159    0.00020631
2.72271     -3.14159    0.000136891
2.93215     -3.14159    4.66828e-05
3.14159     -3.14159    1.32697e-05

-3.14159     -2.93215    6.45333e-05
-2.93215     -2.93215    4.34677e-06
-2.72271     -2.93215    8.87584e-05
-2.51327     -2.93215    0.000149129
-2.30383     -2.93215    0.000177821
-2.0944     -2.93215    0.000164639
-1.88496     -2.93215    0.000123498
-1.67552     -2.93215    0.000101602
-1.46608     -2.93215    9.15557e-05
-1.25664     -2.93215    2.57506e-05
-1.0472     -2.93215    5.18817e-05
-0.837758     -2.93215    9.7535e-05
-0.628319     -2.93215    0.000124374
-0.418879     -2.93215    0.000131006
-0.20944     -2.93215    0.000128675
0     -2.93215    0.000126797
0.20944     -2.93215    0.000128601
0.418879     -2.93215    0.000131018
0.628319     -2.93215    0.000124368
0.837758     -2.93215    9.75306e-05
1.0472     -2.93215    5.18725e-05
1.25664     -2.93215    2.57612e-05
1.46608     -2.93215    9.1567e-05
1.67552     -2.93215    0.000101613
1.88496     -2.93215    0.000123507
2.0944     -2.93215    0.000164646
2.30383     -2.93215    0.000177824
2.51327     -2.93215    0.000149128
2.72271     -2.93215    8.87551e-05
2.93215     -2.93215    4.34455e-06
3.14159     -2.93215    6.45382e-05

-3.14159     -2.72271    8.40998e-05
-2.93215     -2.72271    1.13358e-06
-2.72271     -2.72271    7.18883e-05
-2.51327     -2.72271    8.70982e-05
-2.30383     -2.72271    7.91488e-05
-2.0944     -2.72271    8.0629e-05
-1.88496     -2.72271    8.70633e-05
-1.67552     -2.72271    8.72625e-05
-1.46608     -2.72271    8.30314e-05
-1.25664     -2.72271    4.20788e-05
-1.0472     -2.72271    4.9912e-05
-0.837758     -2.72271    9.52437e-05
-0.628319     -2.72271    0.000121207
-0.418879     -2.72271    0.000113966
-0.20944     -2.72271    0.000103755
0     -2.72271    9.51119e-05
0.20944     -2.72271    0.000103823
0.418879     -2.72271    0.00011393
0.628319     -2.72271    0.000121204
0.837758     -2.72271    9.52365e-05
1.0472     -2.72271    4.99064e-05
1.25664     -2.72271    4.20871e-05
1.46608     -2.72271    8.30418e-05
1.67552     -2.72271    8.72727e-05
1.88496     -2.72271    8.70728e-05
2.0944     -2.72271    8.06359e-05
2.30383     -2.72271    7.91501e-05
2.51327     -2.72271    8.70947e-05
2.72271     -2.72271    7.1885e-05
2.93215     -2.72271    1.13122e-06
3.14159     -2.72271    8.41026e-05

-3.14159     -2.51327    8.00481e-05
-2.93215     -2.51327    3.82424e-06
-2.72271     -2.51327    5.18065e-05
-2.51327     -2.51327    3.58566e-05
-2.30383     -2.51327    7.95496e-06
-2.0944     -2.51327    1.81275e-05
-1.88496     -2.51327    1.66456e-05
-1.67552     -2.51327    7.13973e-05
-1.46608     -2.51327    8.2162e-05
-1.25664     -2.51327    6.3868e-05
-1.0472     -2.51327    3.73041e-05
-0.837758     -2.51327    8.39864e-05
-0.628319     -2.51327    0.000102572
-0.418879     -2.51327    8.77672e-05
-0.20944     -2.51327    7.3582e-05
0     -2.51327    8.39695e-05
0.20944     -2.51327    7.35378e-05
0.418879     -2.51327    8.78047e-05
0.628319     -2.51327    0.000102569
0.837758     -2.51327    8.39859e-05
1.0472     -2.51327    3.72984e-05
1.25664     -2.51327    6.38757e-05
1.46608     -2.51327    8.21713e-05
1.67552     -2.51327    7.14063e-05
1.88496     -2.51327    1.6652e-05
2.0944     -2.51327    1.81236e-05
2.30383     -2.51327    7.953e-06
2.51327     -2.51327    3.58548e-05
2.72271     -2.51327    5.18024e-05
2.93215     -2.51327    3.82203e-06
3.14159     -2.51327    8.00501e-05

-3.14159     -2.30383    5.39035e-05
-2.93215     -2.30383    1.26754e-05
-2.72271     -2.30383    1.03681e-05
-2.51327     -2.30383    4.52618e-05
-2.30383     -2.30383    7.96196e-05
-2.0944     -2.30383    7.20048e-05
-1.88496     -2.30383    5.02175e-05
-1.67552     -2.30383    8.68685e-06
-1.46608     -2.30383    6.96276e-05
-1.25664     -2.30383    6.8396e-05
-1.0472     -2.30383    1.08951e-05
-0.837758     -2.30383    6.7073e-05
-0.628319     -2.30383    7.63045e-05
-0.418879     -2.30383    6.99456e-05
-0.20944     -2.30383    4.65447e-05
0     -2.30383    3.21665e-05
0.20944     -2.30383    4.65308e-05
0.418879     -2.30383    6.99007e-05
0.628319     -2.30383    7.63012e-05
0.837758     -2.30383    6.70652e-05
1.0472     -2.30383    1.08903e-05
1.25664     -2.30383    6.84046e-05
1.46608     -2.30383    6.96344e-05
1.67552     -2.30383    8.69277e-06
1.88496     -2.30383    5.02132e-05
2.0944     -2.30383    7.20017e-05
2.30383     -2.30383    7.96158e-05
2.51327     -2.30383    4.52606e-05
2.72271     -2.30383    1.03662e-05
2.93215     -2.30383    1.26723e-05
3.14159     -2.30383    5.39041e-05

-3.14159     -2.0944    1.9273e-05
-2.93215     -2.0944    1.813e-06
-2.72271     -2.0944    4.2759e-05
-2.51327     -2.0944    9.82592e-05
-2.30383     -2.0944    0.000117601
-2.0944     -2.0944    0.000111359
-1.88496     -2.0944    8.81352e-05
-1.67552     -2.0944    6.15675e-05
-1.46608     -2.0944    3.89727e-06
-1.25664     -2.0944    4.81669e-05
-1.0472     -2.0944    1.34775e-05
-0.837758     -2.0944    3.81325e-05
-0.628319     -2.0944    4.65382e-05
-0.418879     -2.0944    4.31264e-05
-0.20944     -2.0944    2.00688e-05
0     -2.0944    4.24466e-05
0.20944     -2.0944    2.01615e-05
0.418879     -2.0944    4.31636e-05
0.628319     -2.0944    4.65388e-05
0.837758     -2.0944    3.81336e-05
1.0472     -2.0944    1.3481e-05
1.25664     -2.0944    4.81721e-05
1.46608     -2.0944    3.90181e-06
1.67552     -2.0944    6.15634e-05
1.88496     -2.0944    8.81324e-05
2.0944     -2.0944    0.000111357
2.30383     -2.0944    0.000117596
2.51327     -2.0944    9.8256e-05
2.72271     -2.0944    4.27586e-05
2.93215     -2.0944    1.81222e-06
3.14159     -2.0944    1.92753e-05

-3.14159     -1.88496    3.27092e-07
-2.93215     -1.88496    2.03095e-05
-2.72271     -1.88496    9.28887e-05
-2.51327     -1.88496    0.000130473
-2.30383     -1.88496    0.000130123
-2.0944     -1.88496    0.00012294
-1.88496     -1.88496    0.000105662
-1.67552     -1.88496    7.72847e-05
-1.46608     -1.88496    4.80762e-05
-1.25664     -1.88496    5.98564e-06
-1.0472     -1.88496    2.14945e-05
-0.837758     -1.88496    7.61219e-06
-0.628319     -1.88496    2.15666e-05
-0.418879     -1.88496    1.34688e-05
-0.20944     -1.88496    9.19104e-06
0     -1.88496    3.82041e-05
0.20944     -1.88496    9.38093e-06
0.418879     -1.88496    1.34422e-05
0.628319     -1.88496    2.15656e-05
0.837758     -1.88496    7.60738e-06
1.0472     -1.88496    2.15005e-05
1.25664     -1.88496    5.98939e-06
1.46608     -1.88496    4.80719e-05
1.67552     -1.88496    7.72815e-05
1.88496     -1.88496    0.000105661
2.0944     -1.88496    0.000122938
2.30383     -1.88496    0.00013012
2.51327     -1.88496    0.000130467
2.72271     -1.88496    9.28861e-05
2.93215     -1.88496    2.03102e-05
3.14159     -1.88496    3.254e-07

-3.14159     -1.67552    3.48864e-06
-2.93215     -1.67552    6.31857e-05
-2.72271     -1.67552    0.00012642
-2.51327     -1.67552    0.000133051
-2.30383     -1.67552    0.00012111
-2.0944     -1.67552    0.000104006
-1.88496     -1.67552    9.41847e-05
-1.67552     -1.67552    7.50624e-05
-1.46608     -1.67552    4.56246e-05
-1.25664     -1.67552    1.49411e-05
-1.0472     -1.67552    2.73245e-05
-0.837758     -1.67552    3.15878e-05
-0.628319     -1.67552    8.44471e-06
-0.418879     -1.67552    1.42054e-05
-0.20944     -1.67552    4.88517e-05
0     -1.67552    4.12597e-05
0.20944     -1.67552    4.85751e-05
0.418879     -1.67552    1.41986e-05
0.628319     -1.67552    8.44322e-06
0.837758     -1.67552    3.15931e-05
1.0472     -1.67552    2.73235e-05
1.25664     -1.67552    1.49383e-05
1.46608     -1.67552    4.5624e-05
1.67552     -1.67552    7.50616e-05
1.88496     -1.67552    9.41834e-05
2.0944     -1.67552    0.000104005
2.30383     -1.67552    0.000121107
2.51327     -1.67552    0.000133046
2.72271     -1.67552    0.000126416
2.93215     -1.67552    6.31858e-05
3.14159     -1.67552    3.49077e-06

-3.14159     -1.46608    2.96692e-05
-2.93215     -1.46608    0.000104624
-2.72271     -1.46608    0.000138262
-2.51327     -1.46608    0.000119909
-2.30383     -1.46608    0.000103359
-2.0944     -1.46608    7.88929e-05
-1.88496     -1.46608    6.24342e-05
-1.67552     -1.46608    5.78555e-05
-1.46608     -1.46608    3.60072e-05
-1.25664     -1.46608    1.34813e-05
-1.0472     -1.46608    2.68685e-05
-0.837758     -1.46608    6.09866e-05
-0.628319     -1.46608    4.97932e-05
-0.418879     -1.46608    5.47262e-05
-0.20944     -1.46608    9.21807e-05
0     -1.46608    9.39659e-05
0.20944     -1.46608    9.25165e-05
0.418879     -1.46608    5.47198e-05
0.628319     -1.46608    4.9799e-05
0.837758     -1.46608    6.09846e-05
1.0472     -1.46608    2.68773e-05
1.25664     -1.46608    1.34786e-05
1.46608     -1.46608    3.60053e-05
1.67552     -1.46608    5.78547e-05
1.88496     -1.46608    6.24325e-05
2.0944     -1.46608    7.88919e-05
2.30383     -1.46608    0.000103358
2.51327     -1.46608    0.000119906
2.72271     -1.46608    0.000138258
2.93215     -1.46608    0.000104623
3.14159     -1.46608    2.96708e-05

-3.14159     -1.25664    6.43544e-05
-2.93215     -1.25664    0.000121314
-2.72271     -1.25664    0.000131117
-2.51327     -1.25664    0.00011428
-2.30383     -1.25664    8.81351e-05
-2.0944     -1.25664    5.49824e-05
-1.88496     -1.25664    3.93763e-05
-1.67552     -1.25664    2.24274e-05
-1.46608     -1.25664    6.15437e-06
-1.25664     -1.25664    2.36051e-06
-1.0472     -1.25664    3.44656e-05
-0.837758     -1.25664    6.50332e-05
-0.628319     -1.25664    7.60985e-05
-0.418879     -1.25664    9.07617e-05
-0.20944     -1.25664    0.000125795
0     -1.25664    0.000184996
0.20944     -1.25664    0.000125452
0.418879     -1.25664    9.07961e-05
0.628319     -1.25664    7.60999e-05
0.837758     -1.25664    6.50413e-05
1.0472     -1.25664    3.44674e-05
1.25664     -1.25664    2.35929e-06
1.46608     -1.25664    6.15409e-06
1.67552     -1.25664    2.24269e-05
1.88496     -1.25664    3.93756e-05
2.0944     -1.25664    5.49804e-05
2.30383     -1.25664    8.81358e-05
2.51327     -1.25664    0.000114278
2.72271     -1.25664    0.000131114
2.93215     -1.25664    0.000121313
3.14159     -1.25664    6.43552e-05

-3.14159     -1.0472    8.3758e-05
-2.93215     -1.0472    0.000127131
-2.72271     -1.0472    0.00013006
-2.51327     -1.0472    0.000105254
-2.30383     -1.0472    7.61007e-05
-2.0944     -1.0472    4.24827e-05
-1.88496     -1.0472    2.53941e-05
-1.67552     -1.0472    4.48593e-06
-1.46608     -1.0472    2.5868e-05
-1.25664     -1.0472    5.20116e-05
-1.0472     -1.0472    6.52981e-05
-0.837758     -1.0472    8.91965e-05
-0.628319     -1.0472    0.000102252
-0.418879     -1.0472    0.000127377
-0.20944     -1.0472    0.000156131
0     -1.0472    0.000155829
0.20944     -1.0472    0.000156387
0.418879     -1.0472    0.000127335
0.628319     -1.0472    0.000102242
0.837758     -1.0472    8.91967e-05
1.0472     -1.0472    6.53021e-05
1.25664     -1.0472    5.20137e-05
1.46608     -1.0472    2.58693e-05
1.67552     -1.0472    4.48877e-06
1.88496     -1.0472    2.53954e-05
2.0944     -1.0472    4.24841e-05
2.30383     -1.0472    7.60989e-05
2.51327     -1.0472    0.000105254
2.72271     -1.0472    0.00013006
2.93215     -1.0472    0.000127132
3.14159     -1.0472    8.37604e-05

-3.14159     -0.837758    8.07628e-05
-2.93215     -0.837758    0.000107066
-2.72271     -0.837758    0.000122847
-2.51327     -0.837758    0.000109221
-2.30383     -0.837758    7.91217e-05
-2.0944     -0.837758    5.43793e-05
-1.88496     -0.837758    1.48712e-05
-1.67552     -0.837758    1.94061e-05
-1.46608     -0.837758    4.59963e-05
-1.25664     -0.837758    9.29511e-05
-1.0472     -0.837758    0.000117845
-0.837758     -0.837758    0.000117652
-0.628319     -0.837758    0.000144599
-0.418879     -0.837758    0.00017237
-0.20944     -0.837758    0.00021021
0     -0.837758    0.000325691
0.20944     -0.837758    0.000210164
0.418879     -0.837758    0.000172445
0.628319     -0.837758    0.000144607
0.837758     -0.837758    0.000117647
1.0472     -0.837758    0.000117848
1.25664     -0.837758    9.29581e-05
1.46608     -0.837758    4.59991e-05
1.67552     -0.837758    1.94049e-05
1.88496     -0.837758    1.48714e-05
2.0944     -0.837758    5.43795e-05
2.30383     -0.837758    7.91213e-05
2.51327     -0.837758    0.000109222
2.72271     -0.837758    0.000122848
2.93215     -0.837758    0.000107068
3.14159     -0.837758    8.07662e-05

-3.14159     -0.628319    5.16259e-05
-2.93215     -0.628319    8.81646e-05
-2.72271     -0.628319    9.6201e-05
-2.51327     -0.628319    9.61467e-05
-2.30383     -0.628319    7.64625e-05
-2.0944     -0.628319    5.06019e-05
-1.88496     -0.628319    1.85182e-05
-1.67552     -0.628319    1.85335e-05
-1.46608     -0.628319    6.98796e-05
-1.25664     -0.628319    0.000113424
-1.0472     -0.628319    0.000166417
-0.837758     -0.628319    0.000185137
-0.628319     -0.628319    0.000199698
-0.418879     -0.628319    0.000245466
-0.20944     -0.628319    0.000294009
0     -0.628319    0.000227825
0.20944     -0.628319    0.000293673
0.418879     -0.628319    0.000245418
0.628319     -0.628319    0.000199697
0.837758     -0.628319    0.000185138
1.0472     -0.628319    0.000166413
1.25664     -0.628319    0.000113424
1.46608     -0.628319    6.98777e-05
1.67552     -0.628319    1.85333e-05
1.88496     -0.628319    1.85175e-05
2.0944     -0.628319    5.06024e-05
2.30383     -0.628319    7.64638e-05
2.51327     -0.628319    9.6148e-05
2.72271     -0.628319    9.62043e-05
2.93215     -0.628319    8.8167e-05
3.14159     -0.628319    5.16306e-05

-3.14159     -0.418879    8.17931e-06
-2.93215     -0.418879    2.48647e-05
-2.72271     -0.418879    5.76903e-05
-2.51327     -0.418879    6.5425e-05
-2.30383     -0.418879    6.02941e-05
-2.0944     -0.418879    3.74779e-05
-1.88496     -0.418879    1.86715e-05
-1.67552     -0.418879    1.07606e-05
-1.46608     -0.418879    6.17119e-05
-1.25664     -0.418879    0.000111757
-1.0472     -0.418879    0.000156919
-0.837758     -0.418879    0.000223006
-0.628319     -0.418879    0.000269488
-0.418879     -0.418879    0.000331642
-0.20944     -0.418879    0.00041852
0     -0.418879    0.000568864
0.20944     -0.418879    0.000419434
0.418879     -0.418879    0.000331657
0.628319     -0.418879    0.000269474
0.837758     -0.418879    0.000223012
1.0472     -0.418879    0.000156934
1.25664     -0.418879    0.000111758
1.46608     -0.418879    6.17146e-05
1.67552     -0.418879    1.07618e-05
1.88496     -0.418879    1.86705e-05
2.0944     -0.418879    3.74766e-05
2.30383     -0.418879    6.02931e-05
2.51327     -0.418879    6.54249e-05
2.72271     -0.418879    5.76905e-05
2.93215     -0.418879    2.48669e-05
3.14159     -0.418879    8.17886e-06

-3.14159     -0.20944    6.89444e-05
-2.93215     -0.20944    5.90126e-05
-2.72271     -0.20944    2.94317e-05
-2.51327     -0.20944    3.41339e-06
-2.30383     -0.20944    9.63446e-06
-2.0944     -0.20944    7.83445e-06
-1.88496     -0.20944    1.26515e-05
-1.67552     -0.20944    3.51579e-05
-1.46608     -0.20944    5.99578e-05
-1.25664     -0.20944    9.72287e-05
-1.0472     -0.20944    0.000139494
-0.837758     -0.20944    0.000205608
-0.628319     -0.20944    0.000304981
-0.418879     -0.20944    0.000415677
-0.20944     -0.20944    0.00059287
0     -0.20944    0.00056339
0.20944     -0.20944    0.00058922
0.418879     -0.20944    0.000415816
0.628319     -0.20944    0.000304987
0.837758     -0.20944    0.000205612
1.0472     -0.20944    0.000139477
1.25664     -0.20944    9.72416e-05
1.46608     -0.20944    5.99599e-05
1.67552     -0.20944    3.51595e-05
1.88496     -0.20944    1.26547e-05
2.0944     -0.20944    7.83391e-06
2.30383     -0.20944    9.63398e-06
2.51327     -0.20944    3.41699e-06
2.72271     -0.20944    2.94318e-05
2.93215     -0.20944    5.90116e-05
3.14159     -0.20944    6.89448e-05

-3.14159     0    9.28281e-05
-2.93215     0    8.1856e-05
-2.72271     0    9.22359e-05
-2.51327     0    5.97549e-05
-2.30383     0    3.19677e-05
-2.0944     0    2.35381e-05
-1.88496     0    3.72001e-05
-1.67552     0    6.15128e-05
-1.46608     0    7.58446e-05
-1.25664     0    9.56475e-05
-1.0472     0    0.000146528
-0.837758     0    0.000207735
-0.628319     0    0.000303494
-0.418879     0    0.000462639
-0.20944     0    0.000685262
0     0    1.62706e-15
0.20944     0    0.000685262
0.418879     0    0.000462639
0.628319     0    0.000303494
0.837758     0    0.000207735
1.0472     0    0.000146528
1.25664     0    9.56475e-05
1.46608     0    7.58446e-05
1.67552     0    6.15128e-05
1.88496     0    3.72001e-05
2.0944     0    2.35381e-05
2.30383     0    3.19677e-05
2.51327     0    5.97549e-05
2.72271     0    9.22359e-05
2.93215     0    8.1856e-05
3.14159     0    9.28281e-05

-3.14159     0.20944    6.89448e-05
-2.93215     0.20944    5.90116e-05
-2.72271     0.20944    2.94318e-05
-2.51327     0.20944    3.41699e-06
-2.30383     0.20944    9.63398e-06
-2.0944     0.20944    7.83391e-06
-1.88496     0.20944    1.26547e-05
-1.67552     0.20944    3.51595e-05
-1.46608     0.20944    5.99599e-05
-1.25664     0.20944    9.72416e-05
-1.0472     0.20944    0.000139477
-0.837758     0.20944    0.000205612
-0.628319     0.20944    0.000304987
-0.418879     0.20944    0.000415816
-0.20944     0.20944    0.00058922
0     0.20944    0.00056339
0.20944     0.20944    0.00059287
0.418879     0.20944    0.000415677
0.628319     0.20944    0.000304981
0.837758     0.20944    0.000205608
1.0472     0.20944    0.000139494
1.25664     0.20944    9.72287e-05
1.46608     0.20944    5.99578e-05
1.67552     0.20944    3.51579e-05
1.88496     0.20944    1.26515e-05
2.0944     0.20944    7.83445e-06
2.30383     0.20944    9.63446e-06
2.51327     0.20944    3.41339e-06
2.72271     0.20944    2.94317e-05
2.93215     0.20944    5.90126e-05
3.14159     0.20944    6.89444e-05

-3.14159     0.418879    8.17886e-06
-2.93215     0.418879    2.48669e-05
-2.72271     0.418879    5.76905e-05
-2.51327     0.418879    6.54249e-05
-2.30383     0.418879    6.02931e-05
-2.0944     0.418879    3.74766e-05
-1.88496     0.418879    1.86705e-05
-1.67552     0.418879    1.07618e-05
-1.46608     0.418879    6.17146e-05
-1.25664     0.418879    0.000111758
-1.0472     0.418879    0.000156934
-0.837758     0.418879    0.000223012
-0.628319     0.418879    0.000269474
-0.418879     0.418879    0.000331657
-0.20944     0.418879    0.000419434
0     0.418879    0.000568864
0.20944     0.418879    0.00041852
0.418879     0.418879    0.000331642
0.628319     0.418879    0.000269488
0.837758     0.418879    0.000223006
1.0472     0.418879    0.000156919
1.25664     0.418879    0.000111757
1.46608     0.418879    6.17119e-05
1.67552     0.418879    1.07606e-05
1.88496     0.418879    1.86715e-05
2.0944     0.418879    3.74779e-05
2.30383     0.418879    6.02941e-05
2.51327     0.418879    6.5425e-05
2.72271     0.418879    5.76903e-05
2.93215     0.418879    2.48647e-05
3.14159     0.418879    8.17931e-06

-3.14159     0.628319    5.16306e-05
-2.93215     0.628319    8.8167e-05
-2.72271     0.628319    9.62043e-05
-2.51327     0.628319    9.6148e-05
-2.30383     0.628319    7.64638e-05
-2.0944     0.628319    5.06024e-05
-1.88496     0.628319    1.85175e-05
-1.67552     0.628319    1.85333e-05
-1.46608     0.628319    6.98777e-05
-1.25664     0.628319    0.000113424
-1.0472     0.628319    0.000166413
-0.837758     0.628319    0.000185138
-0.628319     0.628319    0.000199697
-0.418879     0.628319    0.000245418
-0.20944     0.628319    0.000293673
0     0.628319    0.000227825
0.20944     0.628319    0.000294009
0.418879     0.628319    0.000245466
0.628319     0.628319    0.000199698
0.837758     0.628319    0.000185137
1.0472     0.628319    0.000166417
1.25664     0.628319    0.000113424
1.46608     0.628319    6.98796e-05
1.67552     0.628319    1.85335e-05
1.88496     0.628319    1.85182e-05
2.0944     0.628319    5.06019e-05
2.30383     0.628319    7.64625e-05
2.51327     0.628319    9.61467e-05
2.72271     0.628319    9.6201e-05
2.93215     0.628319    8.81646e-05
3.14159     0.628319    5.16259e-05

-3.14159     0.837758    8.07662e-05
-2.93215     0.837758    0.000107068
-2.72271     0.837758    0.000122848
-2.51327     0.837758    0.000109222
-2.30383     0.837758    7.91213e-05
-2.0944     0.837758    5.43795e-05
-1.88496     0.837758    1.48714e-05
-1.67552     0.837758    1.94049e-05
-1.46608     0.837758    4.59991e-05
-1.25664     0.837758    9.29581e-05
-1.0472     0.837758    0.000117848
-0.837758     0.837758    0.000117647
-0.628319     0.837758    0.000144607
-0.418879     0.837758    0.000172445
-0.20944     0.837758    0.000210164
0     0.837758    0.000325691
0.20944     0.837758    0.00021021
0.418879     0.837758    0.00017237
0.628319     0.837758    0.000144599
0.837758     0.837758    0.000117652
1.0472     0.837758    0.000117845
1.25664     0.837758    9.29511e-05
1.46608     0.837758    4.59963e-05
1.67552     0.837758    1.94061e-05
1.88496     0.837758    1.48712e-05
2.0944     0.837758    5.43793e-05
2.30383     0.837758    7.91217e-05
2.51327     0.837758    0.000109221
2.72271     0.837758    0.000122847
2.93215     0.837758    0.000107066
3.14159     0.837758    8.07628e-05

-3.14159     1.0472    8.37604e-05
-2.93215     1.0472    0.000127132
-2.72271     1.0472    0.00013006
-2.51327     1.0472    0.000105254
-2.30383     1.0472    7.60989e-05
-2.0944     1.0472    4.24841e-05
-1.88496     1.0472    2.53954e-05
-1.67552     1.0472    4.48877e-06
-1.46608     1.0472    2.58693e-05
-1.25664     1.0472    5.20137e-05
-1.0472     1.0472    6.53021e-05
-0.837758     1.0472    8.91967e-05
-0.628319     1.0472    0.000102242
-0.418879     1.0472    0.000127335
-0.20944     1.0472    0.000156387
0     1.0472    0.000155829
0.20944     1.0472    0.000156131
0.418879     1.0472    0.000127377
0.628319     1.0472    0.000102252
0.837758     1.0472    8.91965e-05
1.0472     1.0472    6.52981e-05
1.25664     1.0472    5.20116e-05
1.46608     1.0472    2.5868e-05
1.67552     1.0472    4.48593e-06
1.88496     1.0472    2.53941e-05
2.0944     1.0472    4.24827e-05
2.30383     1.0472    7.61007e-05
2.51327     1.0472    0.000105254
2.72271     1.0472    0.00013006
2.93215     1.0472    0.000127131
3.14159     1.0472    8.3758e-05

-3.14159     1.25664    6.43552e-05
-2.93215     1.25664    0.000121313
-2.72271     1.25664    0.000131114
-2.51327     1.25664    0.000114278
-2.30383     1.25664    8.81358e-05
-2.0944     1.25664    5.49804e-05
-1.88496     1.25664    3.93756e-05
-1.67552     1.25664    2.24269e-05
-1.46608     1.25664    6.15409e-06
-1.25664     1.25664    2.35929e-06
-1.0472     1.25664    3.44674e-05
-0.837758     1.25664    6.50413e-05
-0.628319     1.25664    7.60999e-05
-0.418879     1.25664    9.07961e-05
-0.20944     1.25664    0.000125452
0     1.25664    0.000184996
0.20944     1.25664    0.000125795
0.418879     1.25664    9.07617e-05
0.628319     1.25664    7.60985e-05
0.837758     1.25664    6.50332e-05
1.0472     1.25664    3.44656e-05
1.25664     1.25664    2.36051e-06
1.46608     1.25664    6.15437e-06
1.67552     1.25664    2.24274e-05
1.88496     1.25664    3.93763e-05
2.0944     1.25664    5.49824e-05
2.30383     1.25664    8.81351e-05
2.51327     1.25664    0.00011428
2.72271     1.25664    0.000131117
2.93215     1.25664    0.000121314
3.14159     1.25664    6.43544e-05

-3.14159     1.46608    2.96708e-05
-2.93215     1.46608    0.000104623
-2.72271     1.46608    0.000138258
-2.51327     1.46608    0.000119906
-2.30383     1.46608    0.000103358
-2.0944     1.46608    7.88919e-05
-1.88496     1.46608    6.24325e-05
-1.67552     1.46608    5.78547e-05
-1.46608     1.46608    3.60053e-05
-1.25664     1.46608    1.34786e-05
-1.0472     1.46608    2.68773e-05
-0.837758     1.46608    6.09846e-05
-0.628319     1.46608    4.9799e-05
-0.418879     1.46608    5.47198e-05
-0.20944     1.46608    9.25165e-05
0     1.46608    9.39659e-05
0.20944     1.46608    9.21807e-05
0.418879     1.46608    5.47262e-05
0.628319     1.46608    4.97932e-05
0.837758     1.46608    6.09866e-05
1.0472     1.46608    2.68685e-05
1.25664     1.46608    1.34813e-05
1.46608     1.46608    3.60072e-05
1.67552     1.46608    5.78555e-05
1.88496     1.46608    6.24342e-05
2.0944     1.46608    7.88929e-05
2.30383     1.46608    0.000103359
2.51327     1.46608    0.000119909
2.72271     1.46608    0.000138262
2.93215     1.46608    0.000104624
3.14159     1.46608    2.96692e-05

-3.14159     1.67552    3.49077e-06
-2.93215     1.67552    6.31858e-05
-2.72271     1.67552    0.000126416
-2.51327     1.67552    0.000133046
-2.30383     1.67552    0.000121107
-2.0944     1.67552    0.000104005
-1.88496     1.67552    9.41834e-05
-1.67552     1.67552    7.50616e-05
-1.46608     1.67552    4.5624e-05
-1.25664     1.67552    1.49383e-05
-1.0472     1.67552    2.73235e-05
-0.837758     1.67552    3.15931e-05
-0.628319     1.67552    8.44322e-06
-0.418879     1.67552    1.41986e-05
-0.20944     1.67552    4.85751e-05
0     1.67552    4.12597e-05
0.20944     1.67552    4.88517e-05
0.418879     1.67552    1.42054e-05
0.628319     1.67552    8.44471e-06
0.837758     1.67552    3.15878e-05
1.0472     1.67552    2.73245e-05
1.25664     1.67552    1.49411e-05
1.46608     1.67552    4.56246e-05
1.67552     1.67552    7.50624e-05
1.88496     1.67552    9.41847e-05
2.0944     1.67552    0.000104006
2.30383     1.67552    0.00012111
2.51327     1.67552    0.000133051
2.72271     1.67552    0.00012642
2.93215     1.67552    6.31857e-05
3.14159     1.67552    3.48864e-06

-3.14159     1.88496    3.254e-07
-2.93215     1.88496    2.03102e-05
-2.72271     1.88496    9.28861e-05
-2.51327     1.88496    0.000130467
-2.30383     1.88496    0.00013012
-2.0944     1.88496    0.000122938
-1.88496     1.88496    0.000105661
-1.67552     1.88496    7.72815e-05
-1.46608     1.88496    4.80719e-05
-1.25664     1.88496    5.98939e-06
-1.0472     1.88496    2.15005e-05
-0.837758     1.88496    7.60738e-06
-0.628319     1.88496    2.15656e-05
-0.418879     1.88496    1.34422e-05
-0.20944     1.88496    9.38093e-06
0     1.88496    3.82041e-05
0.20944     1.88496    9.19104e-06
0.418879     1.88496    1.34688e-05
0.628319     1.88496    2.15666e-05
0.837758     1.88496    7.61219e-06
1.0472     1.88496    2.14945e-05
1.25664     1.88496    5.98564e-06
1.46608     1.88496    4.80762e-05
1.67552     1.88496    7.72847e-05
1.88496     1.88496    0.000105662
2.0944     1.88496    0.00012294
2.30383     1.88496    0.000130123
2.51327     1.88496    0.000130473
2.72271     1.88496    9.28887e-05
2.93215     1.88496    2.03095e-05
3.14159     1.88496    3.27092e-07

-3.14159     2.0944    1.92753e-05
-2.93215     2.0944    1.81222e-06
-2.72271     2.0944    4.27586e-05
-2.51327     2.0944    9.8256e-05
-2.30383     2.0944    0.000117596
-2.0944     2.0944    0.000111357
-1.88496     2.0944    8.81324e-05
-1.67552     2.0944    6.15634e-05
-1.46608     2.0944    3.90181e-06
-1.25664     2.0944    4.81721e-05
-1.0472     2.0944    1.3481e-05
-0.837758     2.0944    3.81336e-05
-0.628319     2.0944    4.65388e-05
-0.418879     2.0944    4.31636e-05
-0.20944     2.0944    2.01615e-05
0     2.0944    4.24466e-05
0.20944     2.0944    2.00688e-05
0.418879     2.0944    4.31264e-05
0.628319     2.0944    4.65382e-05
0.837758     2.0944    3.81325e-05
1.0472     2.0944    1.34775e-05
1.25664     2.0944    4.81669e-05
1.46608     2.0944    3.89727e-06
1.67552     2.0944    6.15675e-05
1.88496     2.0944    8.81352e-05
2.0944     2.0944    0.000111359
2.30383     2.0944    0.000117601
2.51327     2.0944    9.82592e-05
2.72271     2.0944    4.2759e-05
2.93215     2.0944    1.813e-06
3.14159     2.0944    1.9273e-05

-3.14159     2.30383    5.39041e-05
-2.93215     2.30383    1.26723e-05
-2.72271     2.30383    1.03662e-05
-2.51327     2.30383    4.52606e-05
-2.30383     2.30383    7.96158e-05
-2.0944     2.30383    7.20017e-05
-1.88496     2.30383    5.02132e-05
-1.67552     2.30383    8.69277e-06
-1.46608     2.30383    6.96344e-05
-1.25664     2.30383    6.84046e-05
-1.0472     2.30383    1.08903e-05
-0.837758     2.30383    6.70652e-05
-0.628319     2.30383    7.63012e-05
-0.418879     2.30383    6.99007e-05
-0.20944     2.30383    4.65308e-05
0     2.30383    3.21665e-05
0.20944     2.30383    4.65447e-05
0.418879     2.30383    6.99456e-05
0.628319     2.30383    7.63045e-05
0.837758     2.30383    6.7073e-05
1.0472     2.30383    1.08951e-05
1.25664     2.30383    6.8396e-05
1.46608     2.30383    6.96276e-05
1.67552     2.30383    8.68685e-06
1.88496     2.30383    5.02175e-05
2.0944     2.30383    7.20048e-05
2.30383     2.30383    7.96196e-05
2.51327     2.30383    4.52618e-05
2.72271     2.30383    1.03681e-05
2.93215     2.30383    1.26754e-05
3.14159     2.30383    5.39035e-05

-3.14159     2.51327    8.00501e-05
-2.93215     2.51327    3.82203e-06
-2.72271     2.51327    5.18024e-05
-2.51327     2.51327    3.58548e-05
-2.30383     2.51327    7.953e-06
-2.0944     2.51327    1.81236e-05
-1.88496     2.51327    1.6652e-05
-1.67552     2.51327    7.14063e-05
-1.46608     2.51327    8.21713e-05
-1.25664     2.51327    6.38757e-05
-1.0472     2.51327    3.72984e-05
-0.837758     2.51327    8.39859e-05
-0.628319     2.51327    0.000102569
-0.418879     2.51327    8.78047e-05
-0.20944     2.51327    7.35378e-05
0     2.51327    8.39695e-05
0.20944     2.51327    7.3582e-05
0.418879     2.51327    8.77672e-05
0.628319     2.51327    0.000102572
0.837758     2.51327    8.39864e-05
1.0472     2.51327    3.73041e-05
1.25664     2.51327    6.3868e-05
1.46608     2.51327    8.2162e-05
1.67552     2.51327    7.13973e-05
1.88496     2.51327    1.66456e-05
2.0944     2.51327    1.81275e-05
2.30383     2.51327    7.95496e-06
2.51327     2.51327    3.58566e-05
2.72271     2.51327    5.18065e-05
2.93215     2.51327    3.82424e-06
3.14159     2.51327    8.00481e-05

-3.14159     2.72271    8.41026e-05
-2.93215     2.72271    1.13122e-06
-2.72271     2.72271    7.1885e-05
-2.51327     2.72271    8.70947e-05
-2.30383     2.72271    7.91501e-05
-2.0944     2.72271    8.06359e-05
-1.88496     2.72271    8.70728e-05
-1.67552     2.72271    8.72727e-05
-1.46608     2.72271    8.30418e-05
-1.25664     2.72271    4.20871e-05
-1.0472     2.72271    4.99064e-05
-0.837758     2.72271    9.52365e-05
-0.628319     2.72271    0.000121204
-0.418879     2.72271    0.00011393
-0.20944     2.72271    0.000103823
0     2.72271    9.51119e-05
0.20944     2.72271    0.000103755
0.418879     2.72271    0.000113966
0.628319     2.72271    0.000121207
0.837758     2.72271    9.52437e-05
1.0472     2.72271    4.9912e-05
1.25664     2.72271    4.20788e-05
1.46608     2.72271    8.30314e-05
1.67552     2.72271    8.72625e-05
1.88496     2.72271    8.70633e-05
2.0944     2.72271    8.0629e-05
2.30383     2.72271    7.91488e-05
2.51327     2.72271    8.70982e-05
2.72271     2.72271    7.18883e-05
2.93215     2.72271    1.13358e-06
3.14159     2.72271    8.40998e-05

-3.14159     2.93215    6.45382e-05
-2.93215     2.93215    4.34455e-06
-2.72271     2.93215    8.87551e-05
-2.51327     2.93215    0.000149128
-2.30383     2.93215    0.000177824
-2.0944     2.93215    0.000164646
-1.88496     2.93215    0.000123507
-1.67552     2.93215    0.000101613
-1.46608     2.93215    9.1567e-05
-1.25664     2.93215    2.57612e-05
-1.0472     2.93215    5.18725e-05
-0.837758     2.93215    9.75306e-05
-0.628319     2.93215    0.000124368
-0.418879     2.93215    0.000131018
-0.20944     2.93215    0.000128601
0     2.93215    0.000126797
0.20944     2.93215    0.000128675
0.418879     2.93215    0.000131006
0.628319     2.93215    0.000124374
0.837758     2.93215    9.7535e-05
1.0472     2.93215    5.18817e-05
1.25664     2.93215    2.57506e-05
1.46608     2.93215    9.15557e-05
1.67552     2.93215    0.000101602
1.88496     2.93215    0.000123498
2.0944     2.93215    0.000164639
2.30383     2.93215    0.000177821
2.51327     2.93215    0.000149129
2.72271     2.93215    8.87584e-05
2.93215     2.93215    4.34677e-06
3.14159     2.93215    6.45333e-05

-3.14159     3.14159    1.32697e-05
-2.93215     3.14159    4.66828e-05
-2.72271     3.14159    0.000136891
-2.51327     3.14159    0.00020631
-2.30383     3.14159    0.000212561
-2.0944     3.14159    0.000174442
-1.88496     3.14159    0.000142961
-1.67552     3.14159    0.000132062
-1.46608     3.14159    0.000123793
-1.25664     3.14159    4.69088e-05
-1.0472     3.14159    2.89024e-05
-0.837758     3.14159    8.1776e-05
-0.628319     3.14159    0.000110049
-0.418879     3.14159    0.000124614
-0.20944     3.14159    0.000130832
0     3.14159    0.000135837
0.20944     3.14159    0.000130781
0.418879     3.14159    0.000124617
0.628319     3.14159    0.000110054
0.837758     3.14159    8.17818e-05
1.0472     3.14159    2.89104e-05
1.25664     3.14159    4.69006e-05
1.46608     3.14159    0.000123785
1.67552     3.14159    0.000132054
1.88496     3.14159    0.000142956
2.0944     3.14159    0.000174439
2.30383     3.14159    0.000212558
2.51327     3.14159    0.000206307
2.72271     3.14159    0.000136891
2.93215     3.14159    4.66834e-05
3.14159     3.14159    1.32676e-05

