-3.14159     -3.14159    0.000118864
-2.93215     -3.14159    0.000185163
-2.72271     -3.14159    0.000255553
-2.51327     -3.14159    0.000312359
-2.30383     -3.14159    0.000317741
-2.0944     -3.14159    0.000285221
-1.88496     -3.14159    0.000263422
-1.67552     -3.14159    0.000255307
-1.46608     -3.14159    0.000248244
-1.25664     -3.14159    0.000185057
-1.0472     -3.14159    0.000134364
-0.837758     -3.14159    9.50969e-05
-0.628319     -3.14159    6.78319e-05
-0.418879     -3.14159    4.40751e-05
-0.20944     -3.14159    3.29158e-05
0     -3.14159    2.63759e-05
0.20944     -3.14159    3.294e-05
0.418879     -3.14159    4.40761e-05
0.628319     -3.14159    6.78317e-05
0.837758     -3.14159    9.50978e-05
1.0472     -3.14159    0.000134363
1.25664     -3.14159    0.000185058
1.46608     -3.14159    0.000248247
1.67552     -3.14159    0.00025531
1.88496     -3.14159    0.000263427
2.0944     -3.14159    0.000285226
2.30383     -3.14159    0.000317747
2.51327     -3.14159    0.000312356
2.72271     -3.14159    0.000255553
2.93215     -3.14159    0.000185166
3.14159     -3.14159    0.00011886

-3.14159     -2.93215    9.69052e-05
-2.93215     -2.93215    0.000170333
-2.72271     -2.93215    0.000227785
-2.51327     -2.93215    0.000258929
-2.30383     -2.93215    0.000287487
-2.0944     -2.93215    0.000283743
-1.88496     -2.93215    0.000247083
-1.67552     -2.93215    0.000221953
-1.46608     -2.93215    0.000204536
-1.25664     -2.93215    0.000145698
-1.0472     -2.93215    8.4368e-05
-0.837758     -2.93215    4.38471e-05
-0.628319     -2.93215    1.29215e-05
-0.418879     -2.93215    7.47138e-06
-0.20944     -2.93215    1.72516e-05
0     -2.93215    1.69685e-05
0.20944     -2.93215    1.72853e-05
0.418879     -2.93215    7.44282e-06
0.628319     -2.93215    1.29239e-05
0.837758     -2.93215    4.38506e-05
1.0472     -2.93215    8.43678e-05
1.25664     -2.93215    0.000145697
1.46608     -2.93215    0.000204541
1.67552     -2.93215    0.00022196
1.88496     -2.93215    0.000247091
2.0944     -2.93215    0.000283754
2.30383     -2.93215    0.00028749
2.51327     -2.93215    0.000258927
2.72271     -2.93215    0.000227787
2.93215     -2.93215    0.000170333
3.14159     -2.93215    9.69061e-05

-3.14159     -2.72271    9.77832e-05
-2.93215     -2.72271    0.000182869
-2.72271     -2.72271    0.000236599
-2.51327     -2.72271    0.00023394
-2.30383     -2.72271    0.000215873
-2.0944     -2.72271    0.000213819
-1.88496     -2.72271    0.000205692
-1.67552     -2.72271    0.000191276
-1.46608     -2.72271    0.000174569
-1.25664     -2.72271    0.000130007
-1.0472     -2.72271    5.72187e-05
-0.837758     -2.72271    1.16315e-05
-0.628319     -2.72271    2.19703e-05
-0.418879     -2.72271    3.19453e-05
-0.20944     -2.72271    3.79233e-05
0     -2.72271    4.50189e-05
0.20944     -2.72271    3.78899e-05
0.418879     -2.72271    3.19967e-05
0.628319     -2.72271    2.19718e-05
0.837758     -2.72271    1.1629e-05
1.0472     -2.72271    5.72224e-05
1.25664     -2.72271    0.000130013
1.46608     -2.72271    0.000174579
1.67552     -2.72271    0.000191288
1.88496     -2.72271    0.000205703
2.0944     -2.72271    0.000213826
2.30383     -2.72271    0.000215879
2.51327     -2.72271    0.000233945
2.72271     -2.72271    0.000236598
2.93215     -2.72271    0.000182866
3.14159     -2.72271    9.77867e-05

-3.14159     -2.51327    0.00011363
-2.93215     -2.51327    0.000192217
-2.72271     -2.51327    0.000224758
-2.51327     -2.51327    0.000216099
-2.30383     -2.51327    0.000164728
-2.0944     -2.51327    0.000129646
-1.88496     -2.51327    0.000132357
-1.67552     -2.51327    0.000154611
-1.46608     -2.51327    0.000150351
-1.25664     -2.51327    0.00012107
-1.0472     -2.51327    3.95255e-05
-0.837758     -2.51327    8.75728e-06
-0.628319     -2.51327    4.01013e-05
-0.418879     -2.51327    4.27904e-05
-0.20944     -2.51327    4.60763e-05
0     -2.51327    4.34781e-05
0.20944     -2.51327    4.60971e-05
0.418879     -2.51327    4.27295e-05
0.628319     -2.51327    4.00999e-05
0.837758     -2.51327    8.74584e-06
1.0472     -2.51327    3.95272e-05
1.25664     -2.51327    0.000121079
1.46608     -2.51327    0.000150363
1.67552     -2.51327    0.000154622
1.88496     -2.51327    0.000132369
2.0944     -2.51327    0.000129658
2.30383     -2.51327    0.00016474
2.51327     -2.51327    0.000216107
2.72271     -2.51327    0.000224757
2.93215     -2.51327    0.000192219
3.14159     -2.51327    0.000113632

-3.14159     -2.30383    0.000141511
-2.93215     -2.30383    0.000197382
-2.72271     -2.30383    0.000197192
-2.51327     -2.30383    0.000145848
-2.30383     -2.30383    9.79058e-05
-2.0944     -2.30383    7.36139e-05
-1.88496     -2.30383    6.48363e-05
-1.67552     -2.30383    8.73963e-05
-1.46608     -2.30383    0.000114945
-1.25664     -2.30383    9.95905e-05
-1.0472     -2.30383    2.71971e-05
-0.837758     -2.30383    2.38758e-05
-0.628319     -2.30383    4.97651e-05
-0.418879     -2.30383    5.74659e-05
-0.20944     -2.30383    5.14475e-05
0     -2.30383    6.03463e-05
0.20944     -2.30383    5.1457e-05
0.418879     -2.30383    5.75307e-05
0.628319     -2.30383    4.97645e-05
0.837758     -2.30383    2.38804e-05
1.0472     -2.30383    2.72003e-05
1.25664     -2.30383    9.96046e-05
1.46608     -2.30383    0.000114959
1.67552     -2.30383    8.74077e-05
1.88496     -2.30383    6.48479e-05
2.0944     -2.30383    7.36212e-05
2.30383     -2.30383    9.79167e-05
2.51327     -2.30383    0.000145856
2.72271     -2.30383    0.000197198
2.93215     -2.30383    0.00019738
3.14159     -2.30383    0.000141513

-3.14159     -2.0944    0.000167608
-2.93215     -2.0944    0.00018481
-2.72271     -2.0944    0.000152541
-2.51327     -2.0944    9.04872e-05
-2.30383     -2.0944    4.22828e-05
-2.0944     -2.0944    1.70426e-05
-1.88496     -2.0944    1.31119e-05
-1.67552     -2.0944    1.71763e-05
-1.46608     -2.0944    4.1436e-05
-1.25664     -2.0944    5.72987e-05
-1.0472     -2.0944    1.43653e-05
-0.837758     -2.0944    3.44299e-05
-0.628319     -2.0944    5.523e-05
-0.418879     -2.0944    6.73375e-05
-0.20944     -2.0944    5.84074e-05
0     -2.0944    5.02674e-05
0.20944     -2.0944    5.8378e-05
0.418879     -2.0944    6.72759e-05
0.628319     -2.0944    5.52328e-05
0.837758     -2.0944    3.44224e-05
1.0472     -2.0944    1.43752e-05
1.25664     -2.0944    5.73088e-05
1.46608     -2.0944    4.14556e-05
1.67552     -2.0944    1.71914e-05
1.88496     -2.0944    1.3126e-05
2.0944     -2.0944    1.7054e-05
2.30383     -2.0944    4.22908e-05
2.51327     -2.0944    9.04956e-05
2.72271     -2.0944    0.000152548
2.93215     -2.0944    0.000184813
3.14159     -2.0944    0.000167611

-3.14159     -1.88496    0.000179519
-2.93215     -1.88496    0.000165733
-2.72271     -1.88496    9.79566e-05
-2.51327     -1.88496    3.10863e-05
-2.30383     -1.88496    1.23501e-07
-2.0944     -1.88496    2.07452e-05
-1.88496     -1.88496    2.92894e-05
-1.67552     -1.88496    2.31199e-05
-1.46608     -1.88496    2.03211e-05
-1.25664     -1.88496    3.55673e-06
-1.0472     -1.88496    1.0022e-05
-0.837758     -1.88496    4.44336e-05
-0.628319     -1.88496    6.50971e-05
-0.418879     -1.88496    7.06653e-05
-0.20944     -1.88496    6.09827e-05
0     -1.88496    6.37015e-05
0.20944     -1.88496    6.10518e-05
0.418879     -1.88496    7.07013e-05
0.628319     -1.88496    6.50933e-05
0.837758     -1.88496    4.44408e-05
1.0472     -1.88496    1.0021e-05
1.25664     -1.88496    3.54868e-06
1.46608     -1.88496    2.03087e-05
1.67552     -1.88496    2.31082e-05
1.88496     -1.88496    2.92762e-05
2.0944     -1.88496    2.07327e-05
2.30383     -1.88496    1.35788e-07
2.51327     -1.88496    3.10984e-05
2.72271     -1.88496    9.79635e-05
2.93215     -1.88496    0.000165739
3.14159     -1.88496    0.00017952

-3.14159     -1.67552    0.000177353
-2.93215     -1.67552    0.000129282
-2.72271     -1.67552    4.8422e-05
-2.51327     -1.67552    1.76037e-06
-2.30383     -1.67552    2.79612e-05
-2.0944     -1.67552    3.68989e-05
-1.88496     -1.67552    4.69934e-05
-1.67552     -1.67552    5.20592e-05
-1.46608     -1.67552    4.54129e-05
-1.25664     -1.67552    4.42077e-05
-1.0472     -1.67552    3.48596e-05
-0.837758     -1.67552    4.62613e-05
-0.628319     -1.67552    7.17968e-05
-0.418879     -1.67552    7.88816e-05
-0.20944     -1.67552    5.95746e-05
0     -1.67552    6.03952e-05
0.20944     -1.67552    5.93865e-05
0.418879     -1.67552    7.88565e-05
0.628319     -1.67552    7.1796e-05
0.837758     -1.67552    4.62523e-05
1.0472     -1.67552    3.4848e-05
1.25664     -1.67552    4.41991e-05
1.46608     -1.67552    4.54013e-05
1.67552     -1.67552    5.20506e-05
1.88496     -1.67552    4.69818e-05
2.0944     -1.67552    3.6893e-05
2.30383     -1.67552    2.79467e-05
2.51327     -1.67552    1.75139e-06
2.72271     -1.67552    4.84338e-05
2.93215     -1.67552    0.000129285
3.14159     -1.67552    0.000177355

-3.14159     -1.46608    0.000160505
-2.93215     -1.46608    8.3378e-05
-2.72271     -1.46608    1.08408e-05
-2.51327     -1.46608    1.9221e-05
-2.30383     -1.46608    3.86451e-05
-2.0944     -1.46608    4.49929e-05
-1.88496     -1.46608    4.9133e-05
-1.67552     -1.46608    6.53501e-05
-1.46608     -1.46608    6.63752e-05
-1.25664     -1.46608    6.70935e-05
-1.0472     -1.46608    5.83608e-05
-0.837758     -1.46608    5.27415e-05
-0.628319     -1.46608    7.14767e-05
-0.418879     -1.46608    8.13916e-05
-0.20944     -1.46608    5.87867e-05
0     -1.46608    5.11383e-05
0.20944     -1.46608    5.9017e-05
0.418879     -1.46608    8.13846e-05
0.628319     -1.46608    7.14812e-05
0.837758     -1.46608    5.27432e-05
1.0472     -1.46608    5.83609e-05
1.25664     -1.46608    6.70878e-05
1.46608     -1.46608    6.63692e-05
1.67552     -1.46608    6.53296e-05
1.88496     -1.46608    4.91207e-05
2.0944     -1.46608    4.49792e-05
2.30383     -1.46608    3.86318e-05
2.51327     -1.46608    1.92105e-05
2.72271     -1.46608    1.08483e-05
2.93215     -1.46608    8.33887e-05
3.14159     -1.46608    0.000160508

-3.14159     -1.25664    0.000131866
-2.93215     -1.25664    5.04827e-05
-2.72271     -1.25664    3.9381e-06
-2.51327     -1.25664    3.40776e-05
-2.30383     -1.25664    4.65104e-05
-2.0944     -1.25664    4.7544e-05
-1.88496     -1.25664    5.34255e-05
-1.67552     -1.25664    6.0699e-05
-1.46608     -1.25664    6.62307e-05
-1.25664     -1.25664    7.99556e-05
-1.0472     -1.25664    7.61011e-05
-0.837758     -1.25664    7.54834e-05
-0.628319     -1.25664    8.4872e-05
-0.418879     -1.25664    9.06484e-05
-0.20944     -1.25664    7.33923e-05
0     -1.25664    5.99955e-05
0.20944     -1.25664    7.33039e-05
0.418879     -1.25664    9.06429e-05
0.628319     -1.25664    8.485e-05
0.837758     -1.25664    7.54804e-05
1.0472     -1.25664    7.60908e-05
1.25664     -1.25664    7.99474e-05
1.46608     -1.25664    6.62187e-05
1.67552     -1.25664    6.06788e-05
1.88496     -1.25664    5.34207e-05
2.0944     -1.25664    4.75456e-05
2.30383     -1.25664    4.65171e-05
2.51327     -1.25664    3.4069e-05
2.72271     -1.25664    3.93539e-06
2.93215     -1.25664    5.04879e-05
3.14159     -1.25664    0.000131868

-3.14159     -1.0472    0.000107002
-2.93215     -1.0472    3.4126e-05
-2.72271     -1.0472    1.40263e-05
-2.51327     -1.0472    3.27914e-05
-2.30383     -1.0472    4.50127e-05
-2.0944     -1.0472    4.73769e-05
-1.88496     -1.0472    5.65871e-05
-1.67552     -1.0472    5.61082e-05
-1.46608     -1.0472    6.1144e-05
-1.25664     -1.0472    6.47226e-05
-1.0472     -1.0472    8.15105e-05
-0.837758     -1.0472    8.66766e-05
-0.628319     -1.0472    0.000101851
-0.418879     -1.0472    0.000105574
-0.20944     -1.0472    9.82716e-05
0     -1.0472    4.03053e-05
0.20944     -1.0472    9.83189e-05
0.418879     -1.0472    0.000105488
0.628319     -1.0472    0.000101806
0.837758     -1.0472    8.66476e-05
1.0472     -1.0472    8.15321e-05
1.25664     -1.0472    6.47113e-05
1.46608     -1.0472    6.11469e-05
1.67552     -1.0472    5.61139e-05
1.88496     -1.0472    5.65899e-05
2.0944     -1.0472    4.73833e-05
2.30383     -1.0472    4.50235e-05
2.51327     -1.0472    3.27927e-05
2.72271     -1.0472    1.40216e-05
2.93215     -1.0472    3.41317e-05
3.14159     -1.0472    0.000107005

-3.14159     -0.837758    9.5669e-05
-2.93215     -0.837758    3.69704e-05
-2.72271     -0.837758    1.37796e-05
-2.51327     -0.837758    4.16854e-05
-2.30383     -0.837758    4.86394e-05
-2.0944     -0.837758    6.15858e-05
-1.88496     -0.837758    5.95486e-05
-1.67552     -0.837758    5.60488e-05
-1.46608     -0.837758    6.30306e-05
-1.25664     -0.837758    5.34253e-05
-1.0472     -0.837758    6.5077e-05
-0.837758     -0.837758    0.000101625
-0.628319     -0.837758    0.000114023
-0.418879     -0.837758    0.000126828
-0.20944     -0.837758    0.000125218
0     -0.837758    0.000132896
0.20944     -0.837758    0.000125087
0.418879     -0.837758    0.000127109
0.628319     -0.837758    0.000114079
0.837758     -0.837758    0.000101666
1.0472     -0.837758    6.50589e-05
1.25664     -0.837758    5.34207e-05
1.46608     -0.837758    6.30449e-05
1.67552     -0.837758    5.60529e-05
1.88496     -0.837758    5.95484e-05
2.0944     -0.837758    6.15845e-05
2.30383     -0.837758    4.86358e-05
2.51327     -0.837758    4.16884e-05
2.72271     -0.837758    1.37826e-05
2.93215     -0.837758    3.69738e-05
3.14159     -0.837758    9.56722e-05

-3.14159     -0.628319    0.000101043
-2.93215     -0.628319    4.20645e-05
-2.72271     -0.628319    2.09801e-06
-2.51327     -0.628319    2.96218e-05
-2.30383     -0.628319    5.05936e-05
-2.0944     -0.628319    6.29388e-05
-1.88496     -0.628319    6.80881e-05
-1.67552     -0.628319    6.80833e-05
-1.46608     -0.628319    5.76685e-05
-1.25664     -0.628319    5.56068e-05
-1.0472     -0.628319    4.75124e-05
-0.837758     -0.628319    7.78279e-05
-0.628319     -0.628319    0.000123458
-0.418879     -0.628319    0.000141602
-0.20944     -0.628319    0.000157631
0     -0.628319    0.000112615
0.20944     -0.628319    0.000157014
0.418879     -0.628319    0.000141634
0.628319     -0.628319    0.000123584
0.837758     -0.628319    7.78804e-05
1.0472     -0.628319    4.74635e-05
1.25664     -0.628319    5.55991e-05
1.46608     -0.628319    5.76635e-05
1.67552     -0.628319    6.80805e-05
1.88496     -0.628319    6.80892e-05
2.0944     -0.628319    6.29448e-05
2.30383     -0.628319    5.05944e-05
2.51327     -0.628319    2.96219e-05
2.72271     -0.628319    2.09348e-06
2.93215     -0.628319    4.20593e-05
3.14159     -0.628319    0.000101042

-3.14159     -0.418879    0.000130933
-2.93215     -0.418879    7.96144e-05
-2.72271     -0.418879    2.87926e-05
-2.51327     -0.418879    8.56291e-06
-2.30383     -0.418879    3.77979e-05
-2.0944     -0.418879    5.43083e-05
-1.88496     -0.418879    7.12572e-05
-1.67552     -0.418879    8.01792e-05
-1.46608     -0.418879    7.58497e-05
-1.25664     -0.418879    7.38823e-05
-1.0472     -0.418879    8.06926e-05
-0.837758     -0.418879    8.26678e-05
-0.628319     -0.418879    0.00012431
-0.418879     -0.418879    0.000175067
-0.20944     -0.418879    0.000198466
0     -0.418879    0.000291928
0.20944     -0.418879    0.000198833
0.418879     -0.418879    0.000174826
0.628319     -0.418879    0.000124258
0.837758     -0.418879    8.27044e-05
1.0472     -0.418879    8.07513e-05
1.25664     -0.418879    7.38689e-05
1.46608     -0.418879    7.5859e-05
1.67552     -0.418879    8.01869e-05
1.88496     -0.418879    7.12622e-05
2.0944     -0.418879    5.43064e-05
2.30383     -0.418879    3.78004e-05
2.51327     -0.418879    8.55979e-06
2.72271     -0.418879    2.87931e-05
2.93215     -0.418879    7.96138e-05
3.14159     -0.418879    0.000130929

-3.14159     -0.20944    0.000170711
-2.93215     -0.20944    0.00013466
-2.72271     -0.20944    8.79746e-05
-2.51327     -0.20944    3.6223e-05
-2.30383     -0.20944    4.64232e-06
-2.0944     -0.20944    3.80673e-05
-1.88496     -0.20944    5.49566e-05
-1.67552     -0.20944    6.79592e-05
-1.46608     -0.20944    8.44399e-05
-1.25664     -0.20944    9.55769e-05
-1.0472     -0.20944    0.000112962
-0.837758     -0.20944    0.000128653
-0.628319     -0.20944    0.00014709
-0.418879     -0.20944    0.00021297
-0.20944     -0.20944    0.000289342
0     -0.20944    0.000282889
0.20944     -0.20944    0.000288553
0.418879     -0.20944    0.000212726
0.628319     -0.20944    0.000146912
0.837758     -0.20944    0.000128655
1.0472     -0.20944    0.000112943
1.25664     -0.20944    9.55851e-05
1.46608     -0.20944    8.44419e-05
1.67552     -0.20944    6.79574e-05
1.88496     -0.20944    5.49603e-05
2.0944     -0.20944    3.80563e-05
2.30383     -0.20944    4.64754e-06
2.51327     -0.20944    3.62211e-05
2.72271     -0.20944    8.79707e-05
2.93215     -0.20944    0.000134656
3.14159     -0.20944    0.000170707

-3.14159     0    0.000188452
-2.93215     0    0.000153205
-2.72271     0    0.000128471
-2.51327     0    7.71332e-05
-2.30383     0    2.00524e-05
-2.0944     0    1.88653e-05
-1.88496     0    4.13605e-05
-1.67552     0    5.42857e-05
-1.46608     0    7.31475e-05
-1.25664     0    9.91439e-05
-1.0472     0    0.000111596
-0.837758     0    0.000135128
-0.628319     0    0.000170648
-0.418879     0    0.000217956
-0.20944     0    0.000354237
0     0    1.95903e-16
0.20944     0    0.000354237
0.418879     0    0.000217956
0.628319     0    0.000170648
0.837758     0    0.000135128
1.0472     0    0.000111596
1.25664     0    9.91439e-05
1.46608     0    7.31475e-05
1.67552     0    5.42857e-05
1.88496     0    4.13605e-05
2.0944     0    1.88653e-05
2.30383     0    2.00524e-05
2.51327     0    7.71332e-05
2.72271     0    0.000128471
2.93215     0    0.000153205
3.14159     0    0.000188452

-3.14159     0.20944    0.000170707
-2.93215     0.20944    0.000134656
-2.72271     0.20944    8.79707e-05
-2.51327     0.20944    3.62211e-05
-2.30383     0.20944    4.64754e-06
-2.0944     0.20944    3.80563e-05
-1.88496     0.20944    5.49603e-05
-1.67552     0.20944    6.79574e-05
-1.46608     0.20944    8.44419e-05
-1.25664     0.20944    9.55851e-05
-1.0472     0.20944    0.000112943
-0.837758     0.20944    0.000128655
-0.628319     0.20944    0.000146912
-0.418879     0.20944    0.000212726
-0.20944     0.20944    0.000288553
0     0.20944    0.000282889
0.20944     0.20944    0.000289342
0.418879     0.20944    0.00021297
0.628319     0.20944    0.00014709
0.837758     0.20944    0.000128653
1.0472     0.20944    0.000112962
1.25664     0.20944    9.55769e-05
1.46608     0.20944    8.44399e-05
1.67552     0.20944    6.79592e-05
1.88496     0.20944    5.49566e-05
2.0944     0.20944    3.80673e-05
2.30383     0.20944    4.64232e-06
2.51327     0.20944    3.6223e-05
2.72271     0.20944    8.79746e-05
2.93215     0.20944    0.00013466
3.14159     0.20944    0.000170711

-3.14159     0.418879    0.000130929
-2.93215     0.418879    7.96138e-05
-2.72271     0.418879    2.87931e-05
-2.51327     0.418879    8.55979e-06
-2.30383     0.418879    3.78004e-05
-2.0944     0.418879    5.43064e-05
-1.88496     0.418879    7.12622e-05
-1.67552     0.418879    8.01869e-05
-1.46608     0.418879    7.5859e-05
-1.25664     0.418879    7.38689e-05
-1.0472     0.418879    8.07513e-05
-0.837758     0.418879    8.27044e-05
-0.628319     0.418879    0.000124258
-0.418879     0.418879    0.000174826
-0.20944     0.418879    0.000198833
0     0.418879    0.000291928
0.20944     0.418879    0.000198466
0.418879     0.418879    0.000175067
0.628319     0.418879    0.00012431
0.837758     0.418879    8.26678e-05
1.0472     0.418879    8.06926e-05
1.25664     0.418879    7.38823e-05
1.46608     0.418879    7.58497e-05
1.67552     0.418879    8.01792e-05
1.88496     0.418879    7.12572e-05
2.0944     0.418879    5.43083e-05
2.30383     0.418879    3.77979e-05
2.51327     0.418879    8.56291e-06
2.72271     0.418879    2.87926e-05
2.93215     0.418879    7.96144e-05
3.14159     0.418879    0.000130933

-3.14159     0.628319    0.000101042
-2.93215     0.628319    4.20593e-05
-2.72271     0.628319    2.09348e-06
-2.51327     0.628319    2.96219e-05
-2.30383     0.628319    5.05944e-05
-2.0944     0.628319    6.29448e-05
-1.88496     0.628319    6.80892e-05
-1.67552     0.628319    6.80805e-05
-1.46608     0.628319    5.76635e-05
-1.25664     0.628319    5.55991e-05
-1.0472     0.628319    4.74635e-05
-0.837758     0.628319    7.78804e-05
-0.628319     0.628319    0.000123584
-0.418879     0.628319    0.000141634
-0.20944     0.628319    0.000157014
0     0.628319    0.000112615
0.20944     0.628319    0.000157631
0.418879     0.628319    0.000141602
0.628319     0.628319    0.000123458
0.837758     0.628319    7.78279e-05
1.0472     0.628319    4.75124e-05
1.25664     0.628319    5.56068e-05
1.46608     0.628319    5.76685e-05
1.67552     0.628319    6.80833e-05
1.88496     0.628319    6.80881e-05
2.0944     0.628319    6.29388e-05
2.30383     0.628319    5.05936e-05
2.51327     0.628319    2.96218e-05
2.72271     0.628319    2.09801e-06
2.93215     0.628319    4.20645e-05
3.14159     0.628319    0.000101043

-3.14159     0.837758    9.56722e-05
-2.93215     0.837758    3.69738e-05
-2.72271     0.837758    1.37826e-05
-2.51327     0.837758    4.16884e-05
-2.30383     0.837758    4.86358e-05
-2.0944     0.837758    6.15845e-05
-1.88496     0.837758    5.95484e-05
-1.67552     0.837758    5.60529e-05
-1.46608     0.837758    6.30449e-05
-1.25664     0.837758    5.34207e-05
-1.0472     0.837758    6.50589e-05
-0.837758     0.837758    0.000101666
-0.628319     0.837758    0.000114079
-0.418879     0.837758    0.000127109
-0.20944     0.837758    0.000125087
0     0.837758    0.000132896
0.20944     0.837758    0.000125218
0.418879     0.837758    0.000126828
0.628319     0.837758    0.000114023
0.837758     0.837758    0.000101625
1.0472     0.837758    6.5077e-05
1.25664     0.837758    5.34253e-05
1.46608     0.837758    6.30306e-05
1.67552     0.837758    5.60488e-05
1.88496     0.837758    5.95486e-05
2.0944     0.837758    6.15858e-05
2.30383     0.837758    4.86394e-05
2.51327     0.837758    4.16854e-05
2.72271     0.837758    1.37796e-05
2.93215     0.837758    3.69704e-05
3.14159     0.837758    9.5669e-05

-3.14159     1.0472    0.000107005
-2.93215     1.0472    3.41317e-05
-2.72271     1.0472    1.40216e-05
-2.51327     1.0472    3.27927e-05
-2.30383     1.0472    4.50235e-05
-2.0944     1.0472    4.73833e-05
-1.88496     1.0472    5.65899e-05
-1.67552     1.0472    5.61139e-05
-1.46608     1.0472    6.11469e-05
-1.25664     1.0472    6.47113e-05
-1.0472     1.0472    8.15321e-05
-0.837758     1.0472    8.66476e-05
-0.628319     1.0472    0.000101806
-0.418879     1.0472    0.000105488
-0.20944     1.0472    9.83189e-05
0     1.0472    4.03053e-05
0.20944     1.0472    9.82716e-05
0.418879     1.0472    0.000105574
0.628319     1.0472    0.000101851
0.837758     1.0472    8.66766e-05
1.0472     1.0472    8.15105e-05
1.25664     1.0472    6.47226e-05
1.46608     1.0472    6.1144e-05
1.67552     1.0472    5.61082e-05
1.88496     1.0472    5.65871e-05
2.0944     1.0472    4.73769e-05
2.30383     1.0472    4.50127e-05
2.51327     1.0472    3.27914e-05
2.72271     1.0472    1.40263e-05
2.93215     1.0472    3.4126e-05
3.14159     1.0472    0.000107002

-3.14159     1.25664    0.000131868
-2.93215     1.25664    5.04879e-05
-2.72271     1.25664    3.93539e-06
-2.51327     1.25664    3.4069e-05
-2.30383     1.25664    4.65171e-05
-2.0944     1.25664    4.75456e-05
-1.88496     1.25664    5.34207e-05
-1.67552     1.25664    6.06788e-05
-1.46608     1.25664    6.62187e-05
-1.25664     1.25664    7.99474e-05
-1.0472     1.25664    7.60908e-05
-0.837758     1.25664    7.54804e-05
-0.628319     1.25664    8.485e-05
-0.418879     1.25664    9.06429e-05
-0.20944     1.25664    7.33039e-05
0     1.25664    5.99955e-05
0.20944     1.25664    7.33923e-05
0.418879     1.25664    9.06484e-05
0.628319     1.25664    8.4872e-05
0.837758     1.25664    7.54834e-05
1.0472     1.25664    7.61011e-05
1.25664     1.25664    7.99556e-05
1.46608     1.25664    6.62307e-05
1.67552     1.25664    6.0699e-05
1.88496     1.25664    5.34255e-05
2.0944     1.25664    4.7544e-05
2.30383     1.25664    4.65104e-05
2.51327     1.25664    3.40776e-05
2.72271     1.25664    3.9381e-06
2.93215     1.25664    5.04827e-05
3.14159     1.25664    0.000131866

-3.14159     1.46608    0.000160508
-2.93215     1.46608    8.33887e-05
-2.72271     1.46608    1.08483e-05
-2.51327     1.46608    1.92105e-05
-2.30383     1.46608    3.86318e-05
-2.0944     1.46608    4.49792e-05
-1.88496     1.46608    4.91207e-05
-1.67552     1.46608    6.53296e-05
-1.46608     1.46608    6.63692e-05
-1.25664     1.46608    6.70878e-05
-1.0472     1.46608    5.83609e-05
-0.837758     1.46608    5.27432e-05
-0.628319     1.46608    7.14812e-05
-0.418879     1.46608    8.13846e-05
-0.20944     1.46608    5.9017e-05
0     1.46608    5.11383e-05
0.20944     1.46608    5.87867e-05
0.418879     1.46608    8.13916e-05
0.628319     1.46608    7.14767e-05
0.837758     1.46608    5.27415e-05
1.0472     1.46608    5.83608e-05
1.25664     1.46608    6.70935e-05
1.46608     1.46608    6.63752e-05
1.67552     1.46608    6.53501e-05
1.88496     1.46608    4.9133e-05
2.0944     1.46608    4.49929e-05
2.30383     1.46608    3.86451e-05
2.51327     1.46608    1.9221e-05
2.72271     1.46608    1.08408e-05
2.93215     1.46608    8.3378e-05
3.14159     1.46608    0.000160505

-3.14159     1.67552    0.000177355
-2.93215     1.67552    0.000129285
-2.72271     1.67552    4.84338e-05
-2.51327     1.67552    1.75139e-06
-2.30383     1.67552    2.79467e-05
-2.0944     1.67552    3.6893e-05
-1.88496     1.67552    4.69818e-05
-1.67552     1.67552    5.20506e-05
-1.46608     1.67552    4.54013e-05
-1.25664     1.67552    4.41991e-05
-1.0472     1.67552    3.4848e-05
-0.837758     1.67552    4.62523e-05
-0.628319     1.67552    7.1796e-05
-0.418879     1.67552    7.88565e-05
-0.20944     1.67552    5.93865e-05
0     1.67552    6.03952e-05
0.20944     1.67552    5.95746e-05
0.418879     1.67552    7.88816e-05
0.628319     1.67552    7.17968e-05
0.837758     1.67552    4.62613e-05
1.0472     1.67552    3.48596e-05
1.25664     1.67552    4.42077e-05
1.46608     1.67552    4.54129e-05
1.67552     1.67552    5.20592e-05
1.88496     1.67552    4.69934e-05
2.0944     1.67552    3.68989e-05
2.30383     1.67552    2.79612e-05
2.51327     1.67552    1.76037e-06
2.72271     1.67552    4.8422e-05
2.93215     1.67552    0.000129282
3.14159     1.67552    0.000177353

-3.14159     1.88496    0.00017952
-2.93215     1.88496    0.000165739
-2.72271     1.88496    9.79635e-05
-2.51327     1.88496    3.10984e-05
-2.30383     1.88496    1.35788e-07
-2.0944     1.88496    2.07327e-05
-1.88496     1.88496    2.92762e-05
-1.67552     1.88496    2.31082e-05
-1.46608     1.88496    2.03087e-05
-1.25664     1.88496    3.54868e-06
-1.0472     1.88496    1.0021e-05
-0.837758     1.88496    4.44408e-05
-0.628319     1.88496    6.50933e-05
-0.418879     1.88496    7.07013e-05
-0.20944     1.88496    6.10518e-05
0     1.88496    6.37015e-05
0.20944     1.88496    6.09827e-05
0.418879     1.88496    7.06653e-05
0.628319     1.88496    6.50971e-05
0.837758     1.88496    4.44336e-05
1.0472     1.88496    1.0022e-05
1.25664     1.88496    3.55673e-06
1.46608     1.88496    2.03211e-05
1.67552     1.88496    2.31199e-05
1.88496     1.88496    2.92894e-05
2.0944     1.88496    2.07452e-05
2.30383     1.88496    1.23501e-07
2.51327     1.88496    3.10863e-05
2.72271     1.88496    9.79566e-05
2.93215     1.88496    0.000165733
3.14159     1.88496    0.000179519

-3.14159     2.0944    0.000167611
-2.93215     2.0944    0.000184813
-2.72271     2.0944    0.000152548
-2.51327     2.0944    9.04956e-05
-2.30383     2.0944    4.22908e-05
-2.0944     2.0944    1.7054e-05
-1.88496     2.0944    1.3126e-05
-1.67552     2.0944    1.71914e-05
-1.46608     2.0944    4.14556e-05
-1.25664     2.0944    5.73088e-05
-1.0472     2.0944    1.43752e-05
-0.837758     2.0944    3.44224e-05
-0.628319     2.0944    5.52328e-05
-0.418879     2.0944    6.72759e-05
-0.20944     2.0944    5.8378e-05
0     2.0944    5.02674e-05
0.20944     2.0944    5.84074e-05
0.418879     2.0944    6.73375e-05
0.628319     2.0944    5.523e-05
0.837758     2.0944    3.44299e-05
1.0472     2.0944    1.43653e-05
1.25664     2.0944    5.72987e-05
1.46608     2.0944    4.1436e-05
1.67552     2.0944    1.71763e-05
1.88496     2.0944    1.31119e-05
2.0944     2.0944    1.70426e-05
2.30383     2.0944    4.22828e-05
2.51327     2.0944    9.04872e-05
2.72271     2.0944    0.000152541
2.93215     2.0944    0.00018481
3.14159     2.0944    0.000167608

-3.14159     2.30383    0.000141513
-2.93215     2.30383    0.00019738
-2.72271     2.30383    0.000197198
-2.51327     2.30383    0.000145856
-2.30383     2.30383    9.79167e-05
-2.0944     2.30383    7.36212e-05
-1.88496     2.30383    6.48479e-05
-1.67552     2.30383    8.74077e-05
-1.46608     2.30383    0.000114959
-1.25664     2.30383    9.96046e-05
-1.0472     2.30383    2.72003e-05
-0.837758     2.30383    2.38804e-05
-0.628319     2.30383    4.97645e-05
-0.418879     2.30383    5.75307e-05
-0.20944     2.30383    5.1457e-05
0     2.30383    6.03463e-05
0.20944     2.30383    5.14475e-05
0.418879     2.30383    5.74659e-05
0.628319     2.30383    4.97651e-05
0.837758     2.30383    2.38758e-05
1.0472     2.30383    2.71971e-05
1.25664     2.30383    9.95905e-05
1.46608     2.30383    0.000114945
1.67552     2.30383    8.73963e-05
1.88496     2.30383    6.48363e-05
2.0944     2.30383    7.36139e-05
2.30383     2.30383    9.79058e-05
2.51327     2.30383    0.000145848
2.72271     2.30383    0.000197192
2.93215     2.30383    0.000197382
3.14159     2.30383    0.000141511

-3.14159     2.51327    0.000113632
-2.93215     2.51327    0.000192219
-2.72271     2.51327    0.000224757
-2.51327     2.51327    0.000216107
-2.30383     2.51327    0.00016474
-2.0944     2.51327    0.000129658
-1.88496     2.51327    0.000132369
-1.67552     2.51327    0.000154622
-1.46608     2.51327    0.000150363
-1.25664     2.51327    0.000121079
-1.0472     2.51327    3.95272e-05
-0.837758     2.51327    8.74584e-06
-0.628319     2.51327    4.00999e-05
-0.418879     2.51327    4.27295e-05
-0.20944     2.51327    4.60971e-05
0     2.51327    4.34781e-05
0.20944     2.51327    4.60763e-05
0.418879     2.51327    4.27904e-05
0.628319     2.51327    4.01013e-05
0.837758     2.51327    8.75728e-06
1.0472     2.51327    3.95255e-05
1.25664     2.51327    0.00012107
1.46608     2.51327    0.000150351
1.67552     2.51327    0.000154611
1.88496     2.51327    0.000132357
2.0944     2.51327    0.000129646
2.30383     2.51327    0.000164728
2.51327     2.51327    0.000216099
2.72271     2.51327    0.000224758
2.93215     2.51327    0.000192217
3.14159     2.51327    0.00011363

-3.14159     2.72271    9.77867e-05
-2.93215     2.72271    0.000182866
-2.72271     2.72271    0.000236598
-2.51327     2.72271    0.000233945
-2.30383     2.72271    0.000215879
-2.0944     2.72271    0.000213826
-1.88496     2.72271    0.000205703
-1.67552     2.72271    0.000191288
-1.46608     2.72271    0.000174579
-1.25664     2.72271    0.000130013
-1.0472     2.72271    5.72224e-05
-0.837758     2.72271    1.1629e-05
-0.628319     2.72271    2.19718e-05
-0.418879     2.72271    3.19967e-05
-0.20944     2.72271    3.78899e-05
0     2.72271    4.50189e-05
0.20944     2.72271    3.79233e-05
0.418879     2.72271    3.19453e-05
0.628319     2.72271    2.19703e-05
0.837758     2.72271    1.16315e-05
1.0472     2.72271    5.72187e-05
1.25664     2.72271    0.000130007
1.46608     2.72271    0.000174569
1.67552     2.72271    0.000191276
1.88496     2.72271    0.000205692
2.0944     2.72271    0.000213819
2.30383     2.72271    0.000215873
2.51327     2.72271    0.00023394
2.72271     2.72271    0.000236599
2.93215     2.72271    0.000182869
3.14159     2.72271    9.77832e-05

-3.14159     2.93215    9.69061e-05
-2.93215     2.93215    0.000170333
-2.72271     2.93215    0.000227787
-2.51327     2.93215    0.000258927
-2.30383     2.93215    0.00028749
-2.0944     2.93215    0.000283754
-1.88496     2.93215    0.000247091
-1.67552     2.93215    0.00022196
-1.46608     2.93215    0.000204541
-1.25664     2.93215    0.000145697
-1.0472     2.93215    8.43678e-05
-0.837758     2.93215    4.38506e-05
-0.628319     2.93215    1.29239e-05
-0.418879     2.93215    7.44282e-06
-0.20944     2.93215    1.72853e-05
0     2.93215    1.69685e-05
0.20944     2.93215    1.72516e-05
0.418879     2.93215    7.47138e-06
0.628319     2.93215    1.29215e-05
0.837758     2.93215    4.38471e-05
1.0472     2.93215    8.4368e-05
1.25664     2.93215    0.000145698
1.46608     2.93215    0.000204536
1.67552     2.93215    0.000221953
1.88496     2.93215    0.000247083
2.0944     2.93215    0.000283743
2.30383     2.93215    0.000287487
2.51327     2.93215    0.000258929
2.72271     2.93215    0.000227785
2.93215     2.93215    0.000170333
3.14159     2.93215    9.69052e-05

-3.14159     3.14159    0.00011886
-2.93215     3.14159    0.000185166
-2.72271     3.14159    0.000255553
-2.51327     3.14159    0.000312356
-2.30383     3.14159    0.000317747
-2.0944     3.14159    0.000285226
-1.88496     3.14159    0.000263427
-1.67552     3.14159    0.00025531
-1.46608     3.14159    0.000248247
-1.25664     3.14159    0.000185058
-1.0472     3.14159    0.000134363
-0.837758     3.14159    9.50978e-05
-0.628319     3.14159    6.78317e-05
-0.418879     3.14159    4.40761e-05
-0.20944     3.14159    3.294e-05
0     3.14159    2.63759e-05
0.20944     3.14159    3.29158e-05
0.418879     3.14159    4.40751e-05
0.628319     3.14159    6.78319e-05
0.837758     3.14159    9.50969e-05
1.0472     3.14159    0.000134364
1.25664     3.14159    0.000185057
1.46608     3.14159    0.000248244
1.67552     3.14159    0.000255307
1.88496     3.14159    0.000263422
2.0944     3.14159    0.000285221
2.30383     3.14159    0.000317741
2.51327     3.14159    0.000312359
2.72271     3.14159    0.000255553
2.93215     3.14159    0.000185163
3.14159     3.14159    0.000118864

