-3.14159     -3.14159    1.75172e-05
-2.93215     -3.14159    2.18794e-05
-2.72271     -3.14159    2.50404e-05
-2.51327     -3.14159    2.62815e-05
-2.30383     -3.14159    2.60836e-05
-2.0944     -3.14159    2.54565e-05
-1.88496     -3.14159    2.51645e-05
-1.67552     -3.14159    2.51267e-05
-1.46608     -3.14159    2.44632e-05
-1.25664     -3.14159    2.18684e-05
-1.0472     -3.14159    1.7534e-05
-0.837758     -3.14159    1.31292e-05
-0.628319     -3.14159    9.57141e-06
-0.418879     -3.14159    7.05901e-06
-0.20944     -3.14159    5.70062e-06
0     -3.14159    5.18296e-06
0.20944     -3.14159    5.70786e-06
0.418879     -3.14159    7.0583e-06
0.628319     -3.14159    9.57097e-06
0.837758     -3.14159    1.31309e-05
1.0472     -3.14159    1.75377e-05
1.25664     -3.14159    2.18674e-05
1.46608     -3.14159    2.44669e-05
1.67552     -3.14159    2.51265e-05
1.88496     -3.14159    2.51673e-05
2.0944     -3.14159    2.5459e-05
2.30383     -3.14159    2.60724e-05
2.51327     -3.14159    2.62767e-05
2.72271     -3.14159    2.50432e-05
2.93215     -3.14159    2.1878e-05
3.14159     -3.14159    1.75142e-05

-3.14159     -2.93215    1.46493e-05
-2.93215     -2.93215    1.96949e-05
-2.72271     -2.93215    2.35146e-05
-2.51327     -2.93215    2.54337e-05
-2.30383     -2.93215    2.59347e-05
-2.0944     -2.93215    2.55596e-05
-1.88496     -2.93215    2.4757e-05
-1.67552     -2.93215    2.38536e-05
-1.46608     -2.93215    2.24621e-05
-1.25664     -2.93215    1.94663e-05
-1.0472     -2.93215    1.46981e-05
-0.837758     -2.93215    9.84907e-06
-0.628319     -2.93215    6.17476e-06
-0.418879     -2.93215    3.808e-06
-0.20944     -2.93215    2.49281e-06
0     -2.93215    2.17294e-06
0.20944     -2.93215    2.47965e-06
0.418879     -2.93215    3.80878e-06
0.628319     -2.93215    6.16601e-06
0.837758     -2.93215    9.84827e-06
1.0472     -2.93215    1.46922e-05
1.25664     -2.93215    1.94662e-05
1.46608     -2.93215    2.24658e-05
1.67552     -2.93215    2.38551e-05
1.88496     -2.93215    2.47582e-05
2.0944     -2.93215    2.55558e-05
2.30383     -2.93215    2.59313e-05
2.51327     -2.93215    2.54294e-05
2.72271     -2.93215    2.35132e-05
2.93215     -2.93215    1.96978e-05
3.14159     -2.93215    1.46475e-05

-3.14159     -2.72271    1.27791e-05
-2.93215     -2.72271    1.78627e-05
-2.72271     -2.72271    2.13853e-05
-2.51327     -2.72271    2.2967e-05
-2.30383     -2.72271    2.33308e-05
-2.0944     -2.72271    2.31224e-05
-1.88496     -2.72271    2.25673e-05
-1.67552     -2.72271    2.17378e-05
-1.46608     -2.72271    2.03934e-05
-1.25664     -2.72271    1.75982e-05
-1.0472     -2.72271    1.29205e-05
-0.837758     -2.72271    7.95021e-06
-0.628319     -2.72271    4.32814e-06
-0.418879     -2.72271    2.1812e-06
-0.20944     -2.72271    1.14188e-06
0     -2.72271    7.64922e-07
0.20944     -2.72271    1.15386e-06
0.418879     -2.72271    2.1798e-06
0.628319     -2.72271    4.32956e-06
0.837758     -2.72271    7.95513e-06
1.0472     -2.72271    1.29164e-05
1.25664     -2.72271    1.76064e-05
1.46608     -2.72271    2.03874e-05
1.67552     -2.72271    2.17399e-05
1.88496     -2.72271    2.25708e-05
2.0944     -2.72271    2.31291e-05
2.30383     -2.72271    2.33304e-05
2.51327     -2.72271    2.29719e-05
2.72271     -2.72271    2.13828e-05
2.93215     -2.72271    1.78643e-05
3.14159     -2.72271    1.27757e-05

-3.14159     -2.51327    1.2024e-05
-2.93215     -2.51327    1.65639e-05
-2.72271     -2.51327    1.90084e-05
-2.51327     -2.51327    1.93734e-05
-2.30383     -2.51327    1.87496e-05
-2.0944     -2.51327    1.83635e-05
-1.88496     -2.51327    1.85865e-05
-1.67552     -2.51327    1.88174e-05
-1.46608     -2.51327    1.83046e-05
-1.25664     -2.51327    1.62316e-05
-1.0472     -2.51327    1.20528e-05
-0.837758     -2.51327    7.20473e-06
-0.628319     -2.51327    3.59446e-06
-0.418879     -2.51327    1.58433e-06
-0.20944     -2.51327    6.06865e-07
0     -2.51327    4.31615e-07
0.20944     -2.51327    5.98534e-07
0.418879     -2.51327    1.58574e-06
0.628319     -2.51327    3.58994e-06
0.837758     -2.51327    7.20013e-06
1.0472     -2.51327    1.20541e-05
1.25664     -2.51327    1.62319e-05
1.46608     -2.51327    1.83016e-05
1.67552     -2.51327    1.88197e-05
1.88496     -2.51327    1.85817e-05
2.0944     -2.51327    1.83707e-05
2.30383     -2.51327    1.87516e-05
2.51327     -2.51327    1.93704e-05
2.72271     -2.51327    1.9008e-05
2.93215     -2.51327    1.65637e-05
3.14159     -2.51327    1.20185e-05

-3.14159     -2.30383    1.20868e-05
-2.93215     -2.30383    1.53675e-05
-2.72271     -2.30383    1.61276e-05
-2.51327     -2.30383    1.4933e-05
-2.30383     -2.30383    1.33342e-05
-2.0944     -2.30383    1.27141e-05
-1.88496     -2.30383    1.3463e-05
-1.67552     -2.30383    1.48914e-05
-1.46608     -2.30383    1.57207e-05
-1.25664     -2.30383    1.47972e-05
-1.0472     -2.30383    1.15919e-05
-0.837758     -2.30383    7.14051e-06
-0.628319     -2.30383    3.54421e-06
-0.418879     -2.30383    1.49445e-06
-0.20944     -2.30383    5.76153e-07
0     -2.30383    2.73656e-07
0.20944     -2.30383    5.72986e-07
0.418879     -2.30383    1.4962e-06
0.628319     -2.30383    3.53914e-06
0.837758     -2.30383    7.13186e-06
1.0472     -2.30383    1.15943e-05
1.25664     -2.30383    1.48035e-05
1.46608     -2.30383    1.57166e-05
1.67552     -2.30383    1.48853e-05
1.88496     -2.30383    1.34582e-05
2.0944     -2.30383    1.27171e-05
2.30383     -2.30383    1.33312e-05
2.51327     -2.30383    1.49274e-05
2.72271     -2.30383    1.61313e-05
2.93215     -2.30383    1.53708e-05
3.14159     -2.30383    1.20848e-05

-3.14159     -2.0944    1.25211e-05
-2.93215     -2.0944    1.39535e-05
-2.72271     -2.0944    1.27524e-05
-2.51327     -2.0944    1.02604e-05
-2.30383     -2.0944    8.27121e-06
-2.0944     -2.0944    7.63649e-06
-1.88496     -2.0944    8.45105e-06
-1.67552     -2.0944    1.03327e-05
-1.46608     -2.0944    1.22838e-05
-1.25664     -2.0944    1.28089e-05
-1.0472     -2.0944    1.09786e-05
-0.837758     -2.0944    7.33531e-06
-0.628319     -2.0944    3.86072e-06
-0.418879     -2.0944    1.73175e-06
-0.20944     -2.0944    7.58704e-07
0     -2.0944    5.5843e-07
0.20944     -2.0944    7.7674e-07
0.418879     -2.0944    1.73411e-06
0.628319     -2.0944    3.86208e-06
0.837758     -2.0944    7.33106e-06
1.0472     -2.0944    1.0978e-05
1.25664     -2.0944    1.28155e-05
1.46608     -2.0944    1.22805e-05
1.67552     -2.0944    1.03301e-05
1.88496     -2.0944    8.45093e-06
2.0944     -2.0944    7.64246e-06
2.30383     -2.0944    8.26957e-06
2.51327     -2.0944    1.02606e-05
2.72271     -2.0944    1.27482e-05
2.93215     -2.0944    1.39541e-05
3.14159     -2.0944    1.25219e-05

-3.14159     -1.88496    1.28479e-05
-2.93215     -1.88496    1.21406e-05
-2.72271     -1.88496    9.28761e-06
-2.51327     -1.88496    6.25148e-06
-2.30383     -1.88496    4.44481e-06
-2.0944     -1.88496    3.97887e-06
-1.88496     -1.88496    4.60643e-06
-1.67552     -1.88496    6.22878e-06
-1.46608     -1.88496    8.4621e-06
-1.25664     -1.88496    1.012e-05
-1.0472     -1.88496    9.81578e-06
-0.837758     -1.88496    7.38928e-06
-0.628319     -1.88496    4.3208e-06
-0.418879     -1.88496    2.11507e-06
-0.20944     -1.88496    9.89198e-07
0     -1.88496    6.31593e-07
0.20944     -1.88496    9.52976e-07
0.418879     -1.88496    2.11538e-06
0.628319     -1.88496    4.31683e-06
0.837758     -1.88496    7.39146e-06
1.0472     -1.88496    9.81558e-06
1.25664     -1.88496    1.0116e-05
1.46608     -1.88496    8.45815e-06
1.67552     -1.88496    6.23401e-06
1.88496     -1.88496    4.60499e-06
2.0944     -1.88496    3.98433e-06
2.30383     -1.88496    4.44686e-06
2.51327     -1.88496    6.25294e-06
2.72271     -1.88496    9.28414e-06
2.93215     -1.88496    1.21383e-05
3.14159     -1.88496    1.28485e-05

-3.14159     -1.67552    1.27782e-05
-2.93215     -1.67552    1.01036e-05
-2.72271     -1.67552    6.33675e-06
-2.51327     -1.67552    3.4772e-06
-2.30383     -1.67552    2.0827e-06
-2.0944     -1.67552    1.7881e-06
-1.88496     -1.67552    2.21976e-06
-1.67552     -1.67552    3.35438e-06
-1.46608     -1.67552    5.18569e-06
-1.25664     -1.67552    7.16928e-06
-1.0472     -1.67552    8.05518e-06
-0.837758     -1.67552    6.99818e-06
-0.628319     -1.67552    4.69166e-06
-0.418879     -1.67552    2.6114e-06
-0.20944     -1.67552    1.44512e-06
0     -1.67552    1.05745e-06
0.20944     -1.67552    1.49386e-06
0.418879     -1.67552    2.61174e-06
0.628319     -1.67552    4.6997e-06
0.837758     -1.67552    7.00283e-06
1.0472     -1.67552    8.0564e-06
1.25664     -1.67552    7.17634e-06
1.46608     -1.67552    5.18459e-06
1.67552     -1.67552    3.35218e-06
1.88496     -1.67552    2.22183e-06
2.0944     -1.67552    1.7881e-06
2.30383     -1.67552    2.08211e-06
2.51327     -1.67552    3.4773e-06
2.72271     -1.67552    6.33745e-06
2.93215     -1.67552    1.01018e-05
3.14159     -1.67552    1.2779e-05

-3.14159     -1.46608    1.23729e-05
-2.93215     -1.46608    8.29879e-06
-2.72271     -1.46608    4.36197e-06
-2.51327     -1.46608    1.95082e-06
-2.30383     -1.46608    9.07924e-07
-2.0944     -1.46608    7.01445e-07
-1.88496     -1.46608    9.8135e-07
-1.67552     -1.46608    1.6895e-06
-1.46608     -1.46608    2.94075e-06
-1.25664     -1.46608    4.62674e-06
-1.0472     -1.46608    6.01129e-06
-0.837758     -1.46608    6.06863e-06
-0.628319     -1.46608    4.7314e-06
-0.418879     -1.46608    3.03313e-06
-0.20944     -1.46608    1.86395e-06
0     -1.46608    1.49644e-06
0.20944     -1.46608    1.81235e-06
0.418879     -1.46608    3.03487e-06
0.628319     -1.46608    4.72057e-06
0.837758     -1.46608    6.06803e-06
1.0472     -1.46608    6.01377e-06
1.25664     -1.46608    4.63213e-06
1.46608     -1.46608    2.94086e-06
1.67552     -1.46608    1.69234e-06
1.88496     -1.46608    9.84127e-07
2.0944     -1.46608    6.98537e-07
2.30383     -1.46608    9.12845e-07
2.51327     -1.46608    1.95119e-06
2.72271     -1.46608    4.36433e-06
2.93215     -1.46608    8.29875e-06
3.14159     -1.46608    1.23733e-05

-3.14159     -1.25664    1.20016e-05
-2.93215     -1.25664    7.2187e-06
-2.72271     -1.25664    3.45175e-06
-2.51327     -1.25664    1.3938e-06
-2.30383     -1.25664    5.3537e-07
-2.0944     -1.25664    3.24113e-07
-1.88496     -1.25664    4.59418e-07
-1.67552     -1.25664    8.80968e-07
-1.46608     -1.25664    1.66197e-06
-1.25664     -1.25664    2.85217e-06
-1.0472     -1.25664    4.16181e-06
-0.837758     -1.25664    4.81651e-06
-0.628319     -1.25664    4.35452e-06
-0.418879     -1.25664    3.21571e-06
-0.20944     -1.25664    2.31611e-06
0     -1.25664    1.82258e-06
0.20944     -1.25664    2.38402e-06
0.418879     -1.25664    3.22443e-06
0.628319     -1.25664    4.3632e-06
0.837758     -1.25664    4.81367e-06
1.0472     -1.25664    4.16083e-06
1.25664     -1.25664    2.8526e-06
1.46608     -1.25664    1.65937e-06
1.67552     -1.25664    8.84536e-07
1.88496     -1.25664    4.59586e-07
2.0944     -1.25664    3.21218e-07
2.30383     -1.25664    5.30836e-07
2.51327     -1.25664    1.39461e-06
2.72271     -1.25664    3.45386e-06
2.93215     -1.25664    7.21862e-06
3.14159     -1.25664    1.1998e-05

-3.14159     -1.0472    1.21607e-05
-2.93215     -1.0472    7.16546e-06
-2.72271     -1.0472    3.59949e-06
-2.51327     -1.0472    1.63e-06
-2.30383     -1.0472    7.39685e-07
-2.0944     -1.0472    4.22441e-07
-1.88496     -1.0472    4.1138e-07
-1.67552     -1.0472    6.22839e-07
-1.46608     -1.0472    1.06061e-06
-1.25664     -1.0472    1.86904e-06
-1.0472     -1.0472    2.84678e-06
-0.837758     -1.0472    3.63205e-06
-0.628319     -1.0472    3.70769e-06
-0.418879     -1.0472    3.1924e-06
-0.20944     -1.0472    2.52087e-06
0     -1.0472    2.57549e-06
0.20944     -1.0472    2.46437e-06
0.418879     -1.0472    3.18555e-06
0.628319     -1.0472    3.69837e-06
0.837758     -1.0472    3.63657e-06
1.0472     -1.0472    2.8451e-06
1.25664     -1.0472    1.86773e-06
1.46608     -1.0472    1.05869e-06
1.67552     -1.0472    6.19241e-07
1.88496     -1.0472    4.11273e-07
2.0944     -1.0472    4.19957e-07
2.30383     -1.0472    7.35099e-07
2.51327     -1.0472    1.62686e-06
2.72271     -1.0472    3.5971e-06
2.93215     -1.0472    7.16029e-06
3.14159     -1.0472    1.21553e-05

-3.14159     -0.837758    1.3246e-05
-2.93215     -0.837758    8.31903e-06
-2.72271     -0.837758    4.77506e-06
-2.51327     -0.837758    2.6719e-06
-2.30383     -0.837758    1.54603e-06
-2.0944     -0.837758    1.01293e-06
-1.88496     -0.837758    8.11088e-07
-1.67552     -0.837758    8.05035e-07
-1.46608     -0.837758    1.00294e-06
-1.25664     -0.837758    1.459e-06
-1.0472     -0.837758    2.15435e-06
-0.837758     -0.837758    2.75949e-06
-0.628319     -0.837758    3.03262e-06
-0.418879     -0.837758    2.7544e-06
-0.20944     -0.837758    2.39335e-06
0     -0.837758    1.95661e-06
0.20944     -0.837758    2.40645e-06
0.418879     -0.837758    2.74432e-06
0.628319     -0.837758    3.02828e-06
0.837758     -0.837758    2.76094e-06
1.0472     -0.837758    2.16252e-06
1.25664     -0.837758    1.46286e-06
1.46608     -0.837758    1.00218e-06
1.67552     -0.837758    8.06263e-07
1.88496     -0.837758    8.1025e-07
2.0944     -0.837758    1.01402e-06
2.30383     -0.837758    1.54535e-06
2.51327     -0.837758    2.66864e-06
2.72271     -0.837758    4.77888e-06
2.93215     -0.837758    8.31529e-06
3.14159     -0.837758    1.32436e-05

-3.14159     -0.628319    1.54976e-05
-2.93215     -0.628319    1.08427e-05
-2.72271     -0.628319    7.24849e-06
-2.51327     -0.628319    4.79323e-06
-2.30383     -0.628319    3.26895e-06
-2.0944     -0.628319    2.354e-06
-1.88496     -0.628319    1.84473e-06
-1.67552     -0.628319    1.58439e-06
-1.46608     -0.628319    1.54118e-06
-1.25664     -0.628319    1.68072e-06
-1.0472     -0.628319    2.04084e-06
-0.837758     -0.628319    2.4239e-06
-0.628319     -0.628319    2.47926e-06
-0.418879     -0.628319    2.27556e-06
-0.20944     -0.628319    1.74765e-06
0     -0.628319    2.11362e-06
0.20944     -0.628319    1.82587e-06
0.418879     -0.628319    2.23861e-06
0.628319     -0.628319    2.50939e-06
0.837758     -0.628319    2.41244e-06
1.0472     -0.628319    2.03647e-06
1.25664     -0.628319    1.68263e-06
1.46608     -0.628319    1.54581e-06
1.67552     -0.628319    1.58546e-06
1.88496     -0.628319    1.84382e-06
2.0944     -0.628319    2.35469e-06
2.30383     -0.628319    3.26335e-06
2.51327     -0.628319    4.79374e-06
2.72271     -0.628319    7.25388e-06
2.93215     -0.628319    1.08397e-05
3.14159     -0.628319    1.54952e-05

-3.14159     -0.418879    1.84526e-05
-2.93215     -0.418879    1.44628e-05
-2.72271     -0.418879    1.10454e-05
-2.51327     -0.418879    8.3237e-06
-2.30383     -0.418879    6.27627e-06
-2.0944     -0.418879    4.82403e-06
-1.88496     -0.418879    3.80772e-06
-1.67552     -0.418879    3.11991e-06
-1.46608     -0.418879    2.67665e-06
-1.25664     -0.418879    2.45591e-06
-1.0472     -0.418879    2.37009e-06
-0.837758     -0.418879    2.37886e-06
-0.628319     -0.418879    2.1799e-06
-0.418879     -0.418879    1.33573e-06
-0.20944     -0.418879    8.33374e-07
0     -0.418879    4.11263e-07
0.20944     -0.418879    3.46966e-07
0.418879     -0.418879    1.09475e-06
0.628319     -0.418879    2.13659e-06
0.837758     -0.418879    2.37064e-06
1.0472     -0.418879    2.37639e-06
1.25664     -0.418879    2.44728e-06
1.46608     -0.418879    2.67628e-06
1.67552     -0.418879    3.11948e-06
1.88496     -0.418879    3.80991e-06
2.0944     -0.418879    4.82573e-06
2.30383     -0.418879    6.28093e-06
2.51327     -0.418879    8.32733e-06
2.72271     -0.418879    1.10471e-05
2.93215     -0.418879    1.44593e-05
3.14159     -0.418879    1.84502e-05

-3.14159     -0.20944    2.05524e-05
-2.93215     -0.20944    1.75171e-05
-2.72271     -0.20944    1.46679e-05
-2.51327     -0.20944    1.20729e-05
-2.30383     -0.20944    9.75724e-06
-2.0944     -0.20944    7.83409e-06
-1.88496     -0.20944    6.27139e-06
-1.67552     -0.20944    5.03383e-06
-1.46608     -0.20944    4.08285e-06
-1.25664     -0.20944    3.37264e-06
-1.0472     -0.20944    2.86494e-06
-0.837758     -0.20944    2.4413e-06
-0.628319     -0.20944    1.82834e-06
-0.418879     -0.20944    6.66065e-07
-0.20944     -0.20944    1.52194e-06
0     -0.20944    1.89074e-06
0.20944     -0.20944    1.3545e-06
0.418879     -0.20944    2.39044e-07
0.628319     -0.20944    1.821e-06
0.837758     -0.20944    2.43292e-06
1.0472     -0.20944    2.90656e-06
1.25664     -0.20944    3.38577e-06
1.46608     -0.20944    4.08109e-06
1.67552     -0.20944    5.03407e-06
1.88496     -0.20944    6.27125e-06
2.0944     -0.20944    7.83469e-06
2.30383     -0.20944    9.75752e-06
2.51327     -0.20944    1.20749e-05
2.72271     -0.20944    1.4667e-05
2.93215     -0.20944    1.7519e-05
3.14159     -0.20944    2.05538e-05

-3.14159     0    2.1146e-05
-2.93215     0    1.85808e-05
-2.72271     0    1.61292e-05
-2.51327     0    1.36845e-05
-2.30383     0    1.13779e-05
-2.0944     0    9.28233e-06
-1.88496     0    7.4829e-06
-1.67552     0    5.98409e-06
-1.46608     0    4.78084e-06
-1.25664     0    3.84319e-06
-1.0472     0    3.13565e-06
-0.837758     0    2.53739e-06
-0.628319     0    1.58179e-06
-0.418879     0    5.68595e-07
-0.20944     0    2.37505e-06
0     0    2.43818e-16
0.20944     0    2.37505e-06
0.418879     0    5.68595e-07
0.628319     0    1.58179e-06
0.837758     0    2.53739e-06
1.0472     0    3.13565e-06
1.25664     0    3.84319e-06
1.46608     0    4.78084e-06
1.67552     0    5.98409e-06
1.88496     0    7.4829e-06
2.0944     0    9.28233e-06
2.30383     0    1.13779e-05
2.51327     0    1.36845e-05
2.72271     0    1.61292e-05
2.93215     0    1.85808e-05
3.14159     0    2.1146e-05

-3.14159     0.20944    2.05538e-05
-2.93215     0.20944    1.7519e-05
-2.72271     0.20944    1.4667e-05
-2.51327     0.20944    1.20749e-05
-2.30383     0.20944    9.75752e-06
-2.0944     0.20944    7.83469e-06
-1.88496     0.20944    6.27125e-06
-1.67552     0.20944    5.03407e-06
-1.46608     0.20944    4.08109e-06
-1.25664     0.20944    3.38577e-06
-1.0472     0.20944    2.90656e-06
-0.837758     0.20944    2.43292e-06
-0.628319     0.20944    1.821e-06
-0.418879     0.20944    2.39044e-07
-0.20944     0.20944    1.3545e-06
0     0.20944    1.89074e-06
0.20944     0.20944    1.52194e-06
0.418879     0.20944    6.66065e-07
0.628319     0.20944    1.82834e-06
0.837758     0.20944    2.4413e-06
1.0472     0.20944    2.86494e-06
1.25664     0.20944    3.37264e-06
1.46608     0.20944    4.08285e-06
1.67552     0.20944    5.03383e-06
1.88496     0.20944    6.27139e-06
2.0944     0.20944    7.83409e-06
2.30383     0.20944    9.75724e-06
2.51327     0.20944    1.20729e-05
2.72271     0.20944    1.46679e-05
2.93215     0.20944    1.75171e-05
3.14159     0.20944    2.05524e-05

-3.14159     0.418879    1.84502e-05
-2.93215     0.418879    1.44593e-05
-2.72271     0.418879    1.10471e-05
-2.51327     0.418879    8.32733e-06
-2.30383     0.418879    6.28093e-06
-2.0944     0.418879    4.82573e-06
-1.88496     0.418879    3.80991e-06
-1.67552     0.418879    3.11948e-06
-1.46608     0.418879    2.67628e-06
-1.25664     0.418879    2.44728e-06
-1.0472     0.418879    2.37639e-06
-0.837758     0.418879    2.37064e-06
-0.628319     0.418879    2.13659e-06
-0.418879     0.418879    1.09475e-06
-0.20944     0.418879    3.46966e-07
0     0.418879    4.11263e-07
0.20944     0.418879    8.33374e-07
0.418879     0.418879    1.33573e-06
0.628319     0.418879    2.1799e-06
0.837758     0.418879    2.37886e-06
1.0472     0.418879    2.37009e-06
1.25664     0.418879    2.45591e-06
1.46608     0.418879    2.67665e-06
1.67552     0.418879    3.11991e-06
1.88496     0.418879    3.80772e-06
2.0944     0.418879    4.82403e-06
2.30383     0.418879    6.27627e-06
2.51327     0.418879    8.3237e-06
2.72271     0.418879    1.10454e-05
2.93215     0.418879    1.44628e-05
3.14159     0.418879    1.84526e-05

-3.14159     0.628319    1.54952e-05
-2.93215     0.628319    1.08397e-05
-2.72271     0.628319    7.25388e-06
-2.51327     0.628319    4.79374e-06
-2.30383     0.628319    3.26335e-06
-2.0944     0.628319    2.35469e-06
-1.88496     0.628319    1.84382e-06
-1.67552     0.628319    1.58546e-06
-1.46608     0.628319    1.54581e-06
-1.25664     0.628319    1.68263e-06
-1.0472     0.628319    2.03647e-06
-0.837758     0.628319    2.41244e-06
-0.628319     0.628319    2.50939e-06
-0.418879     0.628319    2.23861e-06
-0.20944     0.628319    1.82587e-06
0     0.628319    2.11362e-06
0.20944     0.628319    1.74765e-06
0.418879     0.628319    2.27556e-06
0.628319     0.628319    2.47926e-06
0.837758     0.628319    2.4239e-06
1.0472     0.628319    2.04084e-06
1.25664     0.628319    1.68072e-06
1.46608     0.628319    1.54118e-06
1.67552     0.628319    1.58439e-06
1.88496     0.628319    1.84473e-06
2.0944     0.628319    2.354e-06
2.30383     0.628319    3.26895e-06
2.51327     0.628319    4.79323e-06
2.72271     0.628319    7.24849e-06
2.93215     0.628319    1.08427e-05
3.14159     0.628319    1.54976e-05

-3.14159     0.837758    1.32436e-05
-2.93215     0.837758    8.31529e-06
-2.72271     0.837758    4.77888e-06
-2.51327     0.837758    2.66864e-06
-2.30383     0.837758    1.54535e-06
-2.0944     0.837758    1.01402e-06
-1.88496     0.837758    8.1025e-07
-1.67552     0.837758    8.06263e-07
-1.46608     0.837758    1.00218e-06
-1.25664     0.837758    1.46286e-06
-1.0472     0.837758    2.16252e-06
-0.837758     0.837758    2.76094e-06
-0.628319     0.837758    3.02828e-06
-0.418879     0.837758    2.74432e-06
-0.20944     0.837758    2.40645e-06
0     0.837758    1.95661e-06
0.20944     0.837758    2.39335e-06
0.418879     0.837758    2.7544e-06
0.628319     0.837758    3.03262e-06
0.837758     0.837758    2.75949e-06
1.0472     0.837758    2.15435e-06
1.25664     0.837758    1.459e-06
1.46608     0.837758    1.00294e-06
1.67552     0.837758    8.05035e-07
1.88496     0.837758    8.11088e-07
2.0944     0.837758    1.01293e-06
2.30383     0.837758    1.54603e-06
2.51327     0.837758    2.6719e-06
2.72271     0.837758    4.77506e-06
2.93215     0.837758    8.31903e-06
3.14159     0.837758    1.3246e-05

-3.14159     1.0472    1.21553e-05
-2.93215     1.0472    7.16029e-06
-2.72271     1.0472    3.5971e-06
-2.51327     1.0472    1.62686e-06
-2.30383     1.0472    7.35099e-07
-2.0944     1.0472    4.19957e-07
-1.88496     1.0472    4.11273e-07
-1.67552     1.0472    6.19241e-07
-1.46608     1.0472    1.05869e-06
-1.25664     1.0472    1.86773e-06
-1.0472     1.0472    2.8451e-06
-0.837758     1.0472    3.63657e-06
-0.628319     1.0472    3.69837e-06
-0.418879     1.0472    3.18555e-06
-0.20944     1.0472    2.46437e-06
0     1.0472    2.57549e-06
0.20944     1.0472    2.52087e-06
0.418879     1.0472    3.1924e-06
0.628319     1.0472    3.70769e-06
0.837758     1.0472    3.63205e-06
1.0472     1.0472    2.84678e-06
1.25664     1.0472    1.86904e-06
1.46608     1.0472    1.06061e-06
1.67552     1.0472    6.22839e-07
1.88496     1.0472    4.1138e-07
2.0944     1.0472    4.22441e-07
2.30383     1.0472    7.39685e-07
2.51327     1.0472    1.63e-06
2.72271     1.0472    3.59949e-06
2.93215     1.0472    7.16546e-06
3.14159     1.0472    1.21607e-05

-3.14159     1.25664    1.1998e-05
-2.93215     1.25664    7.21862e-06
-2.72271     1.25664    3.45386e-06
-2.51327     1.25664    1.39461e-06
-2.30383     1.25664    5.30836e-07
-2.0944     1.25664    3.21218e-07
-1.88496     1.25664    4.59586e-07
-1.67552     1.25664    8.84536e-07
-1.46608     1.25664    1.65937e-06
-1.25664     1.25664    2.8526e-06
-1.0472     1.25664    4.16083e-06
-0.837758     1.25664    4.81367e-06
-0.628319     1.25664    4.3632e-06
-0.418879     1.25664    3.22443e-06
-0.20944     1.25664    2.38402e-06
0     1.25664    1.82258e-06
0.20944     1.25664    2.31611e-06
0.418879     1.25664    3.21571e-06
0.628319     1.25664    4.35452e-06
0.837758     1.25664    4.81651e-06
1.0472     1.25664    4.16181e-06
1.25664     1.25664    2.85217e-06
1.46608     1.25664    1.66197e-06
1.67552     1.25664    8.80968e-07
1.88496     1.25664    4.59418e-07
2.0944     1.25664    3.24113e-07
2.30383     1.25664    5.3537e-07
2.51327     1.25664    1.3938e-06
2.72271     1.25664    3.45175e-06
2.93215     1.25664    7.2187e-06
3.14159     1.25664    1.20016e-05

-3.14159     1.46608    1.23733e-05
-2.93215     1.46608    8.29875e-06
-2.72271     1.46608    4.36433e-06
-2.51327     1.46608    1.95119e-06
-2.30383     1.46608    9.12845e-07
-2.0944     1.46608    6.98537e-07
-1.88496     1.46608    9.84127e-07
-1.67552     1.46608    1.69234e-06
-1.46608     1.46608    2.94086e-06
-1.25664     1.46608    4.63213e-06
-1.0472     1.46608    6.01377e-06
-0.837758     1.46608    6.06803e-06
-0.628319     1.46608    4.72057e-06
-0.418879     1.46608    3.03487e-06
-0.20944     1.46608    1.81235e-06
0     1.46608    1.49644e-06
0.20944     1.46608    1.86395e-06
0.418879     1.46608    3.03313e-06
0.628319     1.46608    4.7314e-06
0.837758     1.46608    6.06863e-06
1.0472     1.46608    6.01129e-06
1.25664     1.46608    4.62674e-06
1.46608     1.46608    2.94075e-06
1.67552     1.46608    1.6895e-06
1.88496     1.46608    9.8135e-07
2.0944     1.46608    7.01445e-07
2.30383     1.46608    9.07924e-07
2.51327     1.46608    1.95082e-06
2.72271     1.46608    4.36197e-06
2.93215     1.46608    8.29879e-06
3.14159     1.46608    1.23729e-05

-3.14159     1.67552    1.2779e-05
-2.93215     1.67552    1.01018e-05
-2.72271     1.67552    6.33745e-06
-2.51327     1.67552    3.4773e-06
-2.30383     1.67552    2.08211e-06
-2.0944     1.67552    1.7881e-06
-1.88496     1.67552    2.22183e-06
-1.67552     1.67552    3.35218e-06
-1.46608     1.67552    5.18459e-06
-1.25664     1.67552    7.17634e-06
-1.0472     1.67552    8.0564e-06
-0.837758     1.67552    7.00283e-06
-0.628319     1.67552    4.6997e-06
-0.418879     1.67552    2.61174e-06
-0.20944     1.67552    1.49386e-06
0     1.67552    1.05745e-06
0.20944     1.67552    1.44512e-06
0.418879     1.67552    2.6114e-06
0.628319     1.67552    4.69166e-06
0.837758     1.67552    6.99818e-06
1.0472     1.67552    8.05518e-06
1.25664     1.67552    7.16928e-06
1.46608     1.67552    5.18569e-06
1.67552     1.67552    3.35438e-06
1.88496     1.67552    2.21976e-06
2.0944     1.67552    1.7881e-06
2.30383     1.67552    2.0827e-06
2.51327     1.67552    3.4772e-06
2.72271     1.67552    6.33675e-06
2.93215     1.67552    1.01036e-05
3.14159     1.67552    1.27782e-05

-3.14159     1.88496    1.28485e-05
-2.93215     1.88496    1.21383e-05
-2.72271     1.88496    9.28414e-06
-2.51327     1.88496    6.25294e-06
-2.30383     1.88496    4.44686e-06
-2.0944     1.88496    3.98433e-06
-1.88496     1.88496    4.60499e-06
-1.67552     1.88496    6.23401e-06
-1.46608     1.88496    8.45815e-06
-1.25664     1.88496    1.0116e-05
-1.0472     1.88496    9.81558e-06
-0.837758     1.88496    7.39146e-06
-0.628319     1.88496    4.31683e-06
-0.418879     1.88496    2.11538e-06
-0.20944     1.88496    9.52976e-07
0     1.88496    6.31593e-07
0.20944     1.88496    9.89198e-07
0.418879     1.88496    2.11507e-06
0.628319     1.88496    4.3208e-06
0.837758     1.88496    7.38928e-06
1.0472     1.88496    9.81578e-06
1.25664     1.88496    1.012e-05
1.46608     1.88496    8.4621e-06
1.67552     1.88496    6.22878e-06
1.88496     1.88496    4.60643e-06
2.0944     1.88496    3.97887e-06
2.30383     1.88496    4.44481e-06
2.51327     1.88496    6.25148e-06
2.72271     1.88496    9.28761e-06
2.93215     1.88496    1.21406e-05
3.14159     1.88496    1.28479e-05

-3.14159     2.0944    1.25219e-05
-2.93215     2.0944    1.39541e-05
-2.72271     2.0944    1.27482e-05
-2.51327     2.0944    1.02606e-05
-2.30383     2.0944    8.26957e-06
-2.0944     2.0944    7.64246e-06
-1.88496     2.0944    8.45093e-06
-1.67552     2.0944    1.03301e-05
-1.46608     2.0944    1.22805e-05
-1.25664     2.0944    1.28155e-05
-1.0472     2.0944    1.0978e-05
-0.837758     2.0944    7.33106e-06
-0.628319     2.0944    3.86208e-06
-0.418879     2.0944    1.73411e-06
-0.20944     2.0944    7.7674e-07
0     2.0944    5.5843e-07
0.20944     2.0944    7.58704e-07
0.418879     2.0944    1.73175e-06
0.628319     2.0944    3.86072e-06
0.837758     2.0944    7.33531e-06
1.0472     2.0944    1.09786e-05
1.25664     2.0944    1.28089e-05
1.46608     2.0944    1.22838e-05
1.67552     2.0944    1.03327e-05
1.88496     2.0944    8.45105e-06
2.0944     2.0944    7.63649e-06
2.30383     2.0944    8.27121e-06
2.51327     2.0944    1.02604e-05
2.72271     2.0944    1.27524e-05
2.93215     2.0944    1.39535e-05
3.14159     2.0944    1.25211e-05

-3.14159     2.30383    1.20848e-05
-2.93215     2.30383    1.53708e-05
-2.72271     2.30383    1.61313e-05
-2.51327     2.30383    1.49274e-05
-2.30383     2.30383    1.33312e-05
-2.0944     2.30383    1.27171e-05
-1.88496     2.30383    1.34582e-05
-1.67552     2.30383    1.48853e-05
-1.46608     2.30383    1.57166e-05
-1.25664     2.30383    1.48035e-05
-1.0472     2.30383    1.15943e-05
-0.837758     2.30383    7.13186e-06
-0.628319     2.30383    3.53914e-06
-0.418879     2.30383    1.4962e-06
-0.20944     2.30383    5.72986e-07
0     2.30383    2.73656e-07
0.20944     2.30383    5.76153e-07
0.418879     2.30383    1.49445e-06
0.628319     2.30383    3.54421e-06
0.837758     2.30383    7.14051e-06
1.0472     2.30383    1.15919e-05
1.25664     2.30383    1.47972e-05
1.46608     2.30383    1.57207e-05
1.67552     2.30383    1.48914e-05
1.88496     2.30383    1.3463e-05
2.0944     2.30383    1.27141e-05
2.30383     2.30383    1.33342e-05
2.51327     2.30383    1.4933e-05
2.72271     2.30383    1.61276e-05
2.93215     2.30383    1.53675e-05
3.14159     2.30383    1.20868e-05

-3.14159     2.51327    1.20185e-05
-2.93215     2.51327    1.65637e-05
-2.72271     2.51327    1.9008e-05
-2.51327     2.51327    1.93704e-05
-2.30383     2.51327    1.87516e-05
-2.0944     2.51327    1.83707e-05
-1.88496     2.51327    1.85817e-05
-1.67552     2.51327    1.88197e-05
-1.46608     2.51327    1.83016e-05
-1.25664     2.51327    1.62319e-05
-1.0472     2.51327    1.20541e-05
-0.837758     2.51327    7.20013e-06
-0.628319     2.51327    3.58994e-06
-0.418879     2.51327    1.58574e-06
-0.20944     2.51327    5.98534e-07
0     2.51327    4.31615e-07
0.20944     2.51327    6.06865e-07
0.418879     2.51327    1.58433e-06
0.628319     2.51327    3.59446e-06
0.837758     2.51327    7.20473e-06
1.0472     2.51327    1.20528e-05
1.25664     2.51327    1.62316e-05
1.46608     2.51327    1.83046e-05
1.67552     2.51327    1.88174e-05
1.88496     2.51327    1.85865e-05
2.0944     2.51327    1.83635e-05
2.30383     2.51327    1.87496e-05
2.51327     2.51327    1.93734e-05
2.72271     2.51327    1.90084e-05
2.93215     2.51327    1.65639e-05
3.14159     2.51327    1.2024e-05

-3.14159     2.72271    1.27757e-05
-2.93215     2.72271    1.78643e-05
-2.72271     2.72271    2.13828e-05
-2.51327     2.72271    2.29719e-05
-2.30383     2.72271    2.33304e-05
-2.0944     2.72271    2.31291e-05
-1.88496     2.72271    2.25708e-05
-1.67552     2.72271    2.17399e-05
-1.46608     2.72271    2.03874e-05
-1.25664     2.72271    1.76064e-05
-1.0472     2.72271    1.29164e-05
-0.837758     2.72271    7.95513e-06
-0.628319     2.72271    4.32956e-06
-0.418879     2.72271    2.1798e-06
-0.20944     2.72271    1.15386e-06
0     2.72271    7.64922e-07
0.20944     2.72271    1.14188e-06
0.418879     2.72271    2.1812e-06
0.628319     2.72271    4.32814e-06
0.837758     2.72271    7.95021e-06
1.0472     2.72271    1.29205e-05
1.25664     2.72271    1.75982e-05
1.46608     2.72271    2.03934e-05
1.67552     2.72271    2.17378e-05
1.88496     2.72271    2.25673e-05
2.0944     2.72271    2.31224e-05
2.30383     2.72271    2.33308e-05
2.51327     2.72271    2.2967e-05
2.72271     2.72271    2.13853e-05
2.93215     2.72271    1.78627e-05
3.14159     2.72271    1.27791e-05

-3.14159     2.93215    1.46475e-05
-2.93215     2.93215    1.96978e-05
-2.72271     2.93215    2.35132e-05
-2.51327     2.93215    2.54294e-05
-2.30383     2.93215    2.59313e-05
-2.0944     2.93215    2.55558e-05
-1.88496     2.93215    2.47582e-05
-1.67552     2.93215    2.38551e-05
-1.46608     2.93215    2.24658e-05
-1.25664     2.93215    1.94662e-05
-1.0472     2.93215    1.46922e-05
-0.837758     2.93215    9.84827e-06
-0.628319     2.93215    6.16601e-06
-0.418879     2.93215    3.80878e-06
-0.20944     2.93215    2.47965e-06
0     2.93215    2.17294e-06
0.20944     2.93215    2.49281e-06
0.418879     2.93215    3.808e-06
0.628319     2.93215    6.17476e-06
0.837758     2.93215    9.84907e-06
1.0472     2.93215    1.46981e-05
1.25664     2.93215    1.94663e-05
1.46608     2.93215    2.24621e-05
1.67552     2.93215    2.38536e-05
1.88496     2.93215    2.4757e-05
2.0944     2.93215    2.55596e-05
2.30383     2.93215    2.59347e-05
2.51327     2.93215    2.54337e-05
2.72271     2.93215    2.35146e-05
2.93215     2.93215    1.96949e-05
3.14159     2.93215    1.46493e-05

-3.14159     3.14159    1.75142e-05
-2.93215     3.14159    2.1878e-05
-2.72271     3.14159    2.50432e-05
-2.51327     3.14159    2.62767e-05
-2.30383     3.14159    2.60724e-05
-2.0944     3.14159    2.5459e-05
-1.88496     3.14159    2.51673e-05
-1.67552     3.14159    2.51265e-05
-1.46608     3.14159    2.44669e-05
-1.25664     3.14159    2.18674e-05
-1.0472     3.14159    1.75377e-05
-0.837758     3.14159    1.31309e-05
-0.628319     3.14159    9.57097e-06
-0.418879     3.14159    7.0583e-06
-0.20944     3.14159    5.70786e-06
0     3.14159    5.18296e-06
0.20944     3.14159    5.70062e-06
0.418879     3.14159    7.05901e-06
0.628319     3.14159    9.57141e-06
0.837758     3.14159    1.31292e-05
1.0472     3.14159    1.7534e-05
1.25664     3.14159    2.18684e-05
1.46608     3.14159    2.44632e-05
1.67552     3.14159    2.51267e-05
1.88496     3.14159    2.51645e-05
2.0944     3.14159    2.54565e-05
2.30383     3.14159    2.60836e-05
2.51327     3.14159    2.62815e-05
2.72271     3.14159    2.50404e-05
2.93215     3.14159    2.18794e-05
3.14159     3.14159    1.75172e-05

