-3.14159     -3.14159    1.58298e-09
-2.93215     -3.14159    4.22006e-09
-2.72271     -3.14159    2.57962e-10
-2.51327     -3.14159    1.0173e-09
-2.30383     -3.14159    9.12876e-10
-2.0944     -3.14159    5.9721e-10
-1.88496     -3.14159    1.86268e-09
-1.67552     -3.14159    5.45107e-10
-1.46608     -3.14159    2.75784e-09
-1.25664     -3.14159    1.01173e-09
-1.0472     -3.14159    4.52634e-09
-0.837758     -3.14159    1.80099e-09
-0.628319     -3.14159    1.84164e-08
-0.418879     -3.14159    3.39544e-09
-0.20944     -3.14159    1.24679e-07
0     -3.14159    1.13358e-09
0.20944     -3.14159    1.21304e-07
0.418879     -3.14159    9.39868e-10
0.628319     -3.14159    1.51994e-08
0.837758     -3.14159    1.60333e-09
1.0472     -3.14159    4.5839e-09
1.25664     -3.14159    7.99028e-10
1.46608     -3.14159    6.54329e-10
1.67552     -3.14159    2.85765e-10
1.88496     -3.14159    1.00385e-09
2.0944     -3.14159    1.2604e-09
2.30383     -3.14159    2.27116e-09
2.51327     -3.14159    1.50284e-09
2.72271     -3.14159    1.15099e-09
2.93215     -3.14159    9.62973e-10
3.14159     -3.14159    7.11962e-10

-3.14159     -2.93215    1.62669e-09
-2.93215     -2.93215    2.48574e-09
-2.72271     -2.93215    1.15357e-09
-2.51327     -2.93215    3.35044e-09
-2.30383     -2.93215    1.21178e-09
-2.0944     -2.93215    8.27826e-10
-1.88496     -2.93215    1.72965e-09
-1.67552     -2.93215    5.72466e-10
-1.46608     -2.93215    1.2366e-09
-1.25664     -2.93215    1.86361e-09
-1.0472     -2.93215    8.23364e-09
-0.837758     -2.93215    3.85386e-09
-0.628319     -2.93215    1.64424e-08
-0.418879     -2.93215    6.89696e-09
-0.20944     -2.93215    1.19015e-07
0     -2.93215    2.93653e-08
0.20944     -2.93215    1.15487e-07
0.418879     -2.93215    9.68038e-09
0.628319     -2.93215    1.53153e-08
0.837758     -2.93215    1.04841e-09
1.0472     -2.93215    3.08811e-09
1.25664     -2.93215    2.10098e-09
1.46608     -2.93215    2.13626e-09
1.67552     -2.93215    1.411e-09
1.88496     -2.93215    3.41287e-10
2.0944     -2.93215    1.31109e-09
2.30383     -2.93215    1.8483e-09
2.51327     -2.93215    3.94704e-09
2.72271     -2.93215    1.50828e-09
2.93215     -2.93215    2.19912e-09
3.14159     -2.93215    8.55141e-10

-3.14159     -2.72271    8.58544e-10
-2.93215     -2.72271    2.67675e-09
-2.72271     -2.72271    1.70346e-09
-2.51327     -2.72271    1.6004e-09
-2.30383     -2.72271    2.21778e-09
-2.0944     -2.72271    6.77316e-10
-1.88496     -2.72271    7.14317e-10
-1.67552     -2.72271    1.34322e-09
-1.46608     -2.72271    1.66212e-09
-1.25664     -2.72271    2.25919e-09
-1.0472     -2.72271    1.7912e-10
-0.837758     -2.72271    2.16853e-09
-0.628319     -2.72271    1.33949e-08
-0.418879     -2.72271    1.55439e-08
-0.20944     -2.72271    8.93906e-08
0     -2.72271    5.25017e-08
0.20944     -2.72271    8.56894e-08
0.418879     -2.72271    1.4059e-08
0.628319     -2.72271    1.24037e-08
0.837758     -2.72271    3.72522e-09
1.0472     -2.72271    4.28157e-09
1.25664     -2.72271    4.01402e-09
1.46608     -2.72271    1.58074e-09
1.67552     -2.72271    4.73527e-10
1.88496     -2.72271    1.31893e-09
2.0944     -2.72271    2.7183e-10
2.30383     -2.72271    3.0154e-09
2.51327     -2.72271    3.33042e-09
2.72271     -2.72271    3.62898e-09
2.93215     -2.72271    1.23646e-09
3.14159     -2.72271    3.35193e-09

-3.14159     -2.51327    1.92586e-09
-2.93215     -2.51327    1.7574e-09
-2.72271     -2.51327    1.14871e-09
-2.51327     -2.51327    5.34717e-10
-2.30383     -2.51327    1.2478e-09
-2.0944     -2.51327    3.09043e-10
-1.88496     -2.51327    1.30008e-09
-1.67552     -2.51327    1.2422e-09
-1.46608     -2.51327    2.09733e-09
-1.25664     -2.51327    3.21446e-09
-1.0472     -2.51327    6.11194e-09
-0.837758     -2.51327    3.4844e-09
-0.628319     -2.51327    5.39072e-09
-0.418879     -2.51327    2.46232e-08
-0.20944     -2.51327    4.56988e-08
0     -2.51327    7.75641e-08
0.20944     -2.51327    4.16713e-08
0.418879     -2.51327    2.56446e-08
0.628319     -2.51327    5.8099e-09
0.837758     -2.51327    4.14228e-09
1.0472     -2.51327    2.04115e-09
1.25664     -2.51327    3.16903e-09
1.46608     -2.51327    1.34144e-09
1.67552     -2.51327    2.34088e-09
1.88496     -2.51327    9.59182e-10
2.0944     -2.51327    9.28416e-10
2.30383     -2.51327    5.31839e-10
2.51327     -2.51327    2.49168e-09
2.72271     -2.51327    4.26934e-10
2.93215     -2.51327    6.58186e-10
3.14159     -2.51327    2.2762e-09

-3.14159     -2.30383    1.16907e-09
-2.93215     -2.30383    1.26391e-09
-2.72271     -2.30383    1.14247e-09
-2.51327     -2.30383    1.05501e-09
-2.30383     -2.30383    7.46001e-10
-2.0944     -2.30383    1.40989e-09
-1.88496     -2.30383    1.01044e-09
-1.67552     -2.30383    7.69649e-10
-1.46608     -2.30383    2.07729e-09
-1.25664     -2.30383    1.05697e-09
-1.0472     -2.30383    2.27917e-09
-0.837758     -2.30383    5.3424e-09
-0.628319     -2.30383    4.78475e-09
-0.418879     -2.30383    2.15778e-08
-0.20944     -2.30383    1.39981e-08
0     -2.30383    7.61831e-08
0.20944     -2.30383    1.47891e-08
0.418879     -2.30383    2.51024e-08
0.628319     -2.30383    2.31302e-09
0.837758     -2.30383    1.59165e-09
1.0472     -2.30383    1.91316e-09
1.25664     -2.30383    2.69817e-09
1.46608     -2.30383    1.13865e-09
1.67552     -2.30383    2.19725e-09
1.88496     -2.30383    2.14316e-09
2.0944     -2.30383    2.66489e-09
2.30383     -2.30383    7.60607e-10
2.51327     -2.30383    3.97425e-10
2.72271     -2.30383    2.27488e-09
2.93215     -2.30383    3.73724e-09
3.14159     -2.30383    1.30161e-09

-3.14159     -2.0944    1.25623e-09
-2.93215     -2.0944    1.02878e-09
-2.72271     -2.0944    1.51708e-09
-2.51327     -2.0944    1.69721e-09
-2.30383     -2.0944    2.63722e-09
-2.0944     -2.0944    6.83242e-10
-1.88496     -2.0944    5.52351e-10
-1.67552     -2.0944    3.33613e-09
-1.46608     -2.0944    2.45104e-09
-1.25664     -2.0944    4.62279e-09
-1.0472     -2.0944    4.25073e-09
-0.837758     -2.0944    5.93053e-09
-0.628319     -2.0944    5.80495e-09
-0.418879     -2.0944    2.91494e-08
-0.20944     -2.0944    7.15609e-08
0     -2.0944    7.19613e-08
0.20944     -2.0944    6.60775e-08
0.418879     -2.0944    3.06432e-08
0.628319     -2.0944    8.41423e-09
0.837758     -2.0944    7.3785e-09
1.0472     -2.0944    2.56219e-09
1.25664     -2.0944    3.48039e-09
1.46608     -2.0944    3.68e-09
1.67552     -2.0944    2.30371e-09
1.88496     -2.0944    1.50534e-09
2.0944     -2.0944    1.1797e-09
2.30383     -2.0944    1.33943e-09
2.51327     -2.0944    1.82678e-09
2.72271     -2.0944    1.96032e-09
2.93215     -2.0944    1.94866e-09
3.14159     -2.0944    2.36617e-09

-3.14159     -1.88496    6.14138e-10
-2.93215     -1.88496    6.91549e-10
-2.72271     -1.88496    6.73059e-10
-2.51327     -1.88496    9.11598e-10
-2.30383     -1.88496    7.28261e-10
-2.0944     -1.88496    6.44103e-10
-1.88496     -1.88496    1.82372e-10
-1.67552     -1.88496    5.27562e-10
-1.46608     -1.88496    1.54325e-09
-1.25664     -1.88496    5.0867e-09
-1.0472     -1.88496    7.02167e-09
-0.837758     -1.88496    2.67164e-09
-0.628319     -1.88496    1.58963e-08
-0.418879     -1.88496    2.46092e-08
-0.20944     -1.88496    1.36249e-07
0     -1.88496    4.68752e-08
0.20944     -1.88496    1.18905e-07
0.418879     -1.88496    2.30528e-08
0.628319     -1.88496    2.09347e-08
0.837758     -1.88496    5.57294e-09
1.0472     -1.88496    9.91789e-09
1.25664     -1.88496    2.85104e-09
1.46608     -1.88496    9.40728e-10
1.67552     -1.88496    1.05322e-09
1.88496     -1.88496    1.46675e-09
2.0944     -1.88496    2.34976e-09
2.30383     -1.88496    1.30828e-09
2.51327     -1.88496    5.36232e-10
2.72271     -1.88496    1.51841e-09
2.93215     -1.88496    3.73478e-09
3.14159     -1.88496    8.99121e-10

-3.14159     -1.67552    1.01077e-09
-2.93215     -1.67552    1.17549e-09
-2.72271     -1.67552    2.1494e-09
-2.51327     -1.67552    7.97409e-10
-2.30383     -1.67552    2.98086e-09
-2.0944     -1.67552    8.29916e-10
-1.88496     -1.67552    2.15138e-09
-1.67552     -1.67552    1.90359e-09
-1.46608     -1.67552    7.05286e-10
-1.25664     -1.67552    5.75956e-09
-1.0472     -1.67552    1.34229e-08
-0.837758     -1.67552    5.50003e-09
-0.628319     -1.67552    1.7595e-08
-0.418879     -1.67552    1.40185e-08
-0.20944     -1.67552    2.12673e-07
0     -1.67552    2.03979e-08
0.20944     -1.67552    1.77259e-07
0.418879     -1.67552    1.4446e-08
0.628319     -1.67552    2.93415e-08
0.837758     -1.67552    5.47212e-09
1.0472     -1.67552    7.02965e-09
1.25664     -1.67552    4.63102e-09
1.46608     -1.67552    3.1169e-09
1.67552     -1.67552    1.83848e-09
1.88496     -1.67552    5.80561e-10
2.0944     -1.67552    1.57893e-09
2.30383     -1.67552    2.64154e-09
2.51327     -1.67552    2.86152e-09
2.72271     -1.67552    7.74888e-10
2.93215     -1.67552    3.45717e-09
3.14159     -1.67552    1.50533e-09

-3.14159     -1.46608    1.32606e-09
-2.93215     -1.46608    1.91763e-09
-2.72271     -1.46608    5.09246e-09
-2.51327     -1.46608    2.27126e-09
-2.30383     -1.46608    4.99042e-10
-2.0944     -1.46608    2.22462e-09
-1.88496     -1.46608    4.01241e-09
-1.67552     -1.46608    5.9745e-09
-1.46608     -1.46608    1.28336e-09
-1.25664     -1.46608    4.79354e-09
-1.0472     -1.46608    1.22023e-08
-0.837758     -1.46608    9.64239e-10
-0.628319     -1.46608    3.39392e-08
-0.418879     -1.46608    2.22517e-08
-0.20944     -1.46608    2.23713e-07
0     -1.46608    2.70897e-08
0.20944     -1.46608    1.93533e-07
0.418879     -1.46608    1.6661e-08
0.628319     -1.46608    4.52252e-08
0.837758     -1.46608    9.09623e-09
1.0472     -1.46608    9.66334e-10
1.25664     -1.46608    6.60042e-09
1.46608     -1.46608    6.90364e-09
1.67552     -1.46608    3.24848e-09
1.88496     -1.46608    5.84436e-10
2.0944     -1.46608    6.30207e-09
2.30383     -1.46608    2.93384e-09
2.51327     -1.46608    1.89178e-09
2.72271     -1.46608    1.39829e-09
2.93215     -1.46608    2.13852e-09
3.14159     -1.46608    1.90969e-09

-3.14159     -1.25664    1.23087e-09
-2.93215     -1.25664    1.17462e-09
-2.72271     -1.25664    3.71264e-09
-2.51327     -1.25664    3.37651e-09
-2.30383     -1.25664    1.23889e-09
-2.0944     -1.25664    5.37403e-09
-1.88496     -1.25664    6.66523e-09
-1.67552     -1.25664    5.42071e-09
-1.46608     -1.25664    3.89462e-09
-1.25664     -1.25664    1.1991e-08
-1.0472     -1.25664    1.49093e-08
-0.837758     -1.25664    1.27985e-08
-0.628319     -1.25664    5.17559e-08
-0.418879     -1.25664    2.24515e-08
-0.20944     -1.25664    1.88695e-07
0     -1.25664    7.54476e-08
0.20944     -1.25664    1.78882e-07
0.418879     -1.25664    3.51764e-08
0.628319     -1.25664    2.60894e-08
0.837758     -1.25664    9.46899e-09
1.0472     -1.25664    5.82611e-09
1.25664     -1.25664    3.06101e-09
1.46608     -1.25664    5.45244e-09
1.67552     -1.25664    2.87039e-09
1.88496     -1.25664    1.50734e-09
2.0944     -1.25664    9.11526e-09
2.30383     -1.25664    5.53052e-09
2.51327     -1.25664    6.92722e-10
2.72271     -1.25664    2.75048e-09
2.93215     -1.25664    2.33551e-09
3.14159     -1.25664    2.73597e-09

-3.14159     -1.0472    1.59264e-09
-2.93215     -1.0472    6.22298e-10
-2.72271     -1.0472    1.32301e-09
-2.51327     -1.0472    1.56902e-09
-2.30383     -1.0472    4.36493e-09
-2.0944     -1.0472    2.60475e-09
-1.88496     -1.0472    5.20915e-09
-1.67552     -1.0472    6.06377e-09
-1.46608     -1.0472    5.30181e-09
-1.25664     -1.0472    1.20863e-08
-1.0472     -1.0472    4.78626e-09
-0.837758     -1.0472    2.63481e-08
-0.628319     -1.0472    4.00825e-08
-0.418879     -1.0472    7.22789e-08
-0.20944     -1.0472    1.53648e-07
0     -1.0472    1.97417e-07
0.20944     -1.0472    1.21822e-07
0.418879     -1.0472    3.57993e-08
0.628319     -1.0472    1.00408e-08
0.837758     -1.0472    6.91007e-09
1.0472     -1.0472    1.90771e-08
1.25664     -1.0472    4.8842e-09
1.46608     -1.0472    3.3034e-09
1.67552     -1.0472    1.02945e-09
1.88496     -1.0472    6.58926e-09
2.0944     -1.0472    3.22818e-09
2.30383     -1.0472    2.00073e-09
2.51327     -1.0472    1.6623e-09
2.72271     -1.0472    1.81161e-09
2.93215     -1.0472    1.01962e-09
3.14159     -1.0472    1.4153e-09

-3.14159     -0.837758    1.39876e-09
-2.93215     -0.837758    1.24723e-09
-2.72271     -0.837758    2.93989e-09
-2.51327     -0.837758    2.11454e-09
-2.30383     -0.837758    2.81585e-09
-2.0944     -0.837758    5.28946e-09
-1.88496     -0.837758    1.45723e-09
-1.67552     -0.837758    1.14287e-08
-1.46608     -0.837758    1.13382e-08
-1.25664     -0.837758    1.18763e-08
-1.0472     -0.837758    2.16552e-08
-0.837758     -0.837758    5.42692e-09
-0.628319     -0.837758    5.58442e-08
-0.418879     -0.837758    9.63141e-08
-0.20944     -0.837758    2.74688e-08
0     -0.837758    3.09011e-07
0.20944     -0.837758    1.12097e-07
0.418879     -0.837758    1.23399e-07
0.628319     -0.837758    1.42018e-08
0.837758     -0.837758    5.56737e-09
1.0472     -0.837758    1.94313e-08
1.25664     -0.837758    6.5056e-09
1.46608     -0.837758    2.98103e-09
1.67552     -0.837758    8.81564e-09
1.88496     -0.837758    8.51147e-09
2.0944     -0.837758    7.31471e-10
2.30383     -0.837758    2.9109e-09
2.51327     -0.837758    1.19452e-09
2.72271     -0.837758    3.46275e-10
2.93215     -0.837758    1.30471e-09
3.14159     -0.837758    2.89847e-09

-3.14159     -0.628319    1.86474e-09
-2.93215     -0.628319    8.18957e-10
-2.72271     -0.628319    5.81402e-10
-2.51327     -0.628319    2.99762e-09
-2.30383     -0.628319    3.35398e-09
-2.0944     -0.628319    3.86996e-09
-1.88496     -0.628319    7.70688e-09
-1.67552     -0.628319    4.18659e-09
-1.46608     -0.628319    1.26786e-08
-1.25664     -0.628319    3.32248e-09
-1.0472     -0.628319    6.09824e-09
-0.837758     -0.628319    1.15166e-08
-0.628319     -0.628319    3.28882e-08
-0.418879     -0.628319    1.25789e-07
-0.20944     -0.628319    4.59644e-07
0     -0.628319    3.48061e-07
0.20944     -0.628319    2.40354e-07
0.418879     -0.628319    1.71553e-07
0.628319     -0.628319    5.38381e-08
0.837758     -0.628319    2.86821e-08
1.0472     -0.628319    1.21517e-08
1.25664     -0.628319    1.86783e-08
1.46608     -0.628319    8.24642e-09
1.67552     -0.628319    5.9888e-09
1.88496     -0.628319    8.23074e-09
2.0944     -0.628319    3.12475e-09
2.30383     -0.628319    2.42821e-09
2.51327     -0.628319    2.15169e-09
2.72271     -0.628319    2.41594e-09
2.93215     -0.628319    1.28625e-09
3.14159     -0.628319    1.70659e-09

-3.14159     -0.418879    8.32125e-10
-2.93215     -0.418879    1.45565e-09
-2.72271     -0.418879    3.39259e-09
-2.51327     -0.418879    2.42045e-09
-2.30383     -0.418879    5.89783e-09
-2.0944     -0.418879    5.00943e-09
-1.88496     -0.418879    3.11048e-09
-1.67552     -0.418879    8.99452e-09
-1.46608     -0.418879    1.26171e-08
-1.25664     -0.418879    3.02941e-08
-1.0472     -0.418879    4.26904e-08
-0.837758     -0.418879    4.23e-08
-0.628319     -0.418879    1.18979e-07
-0.418879     -0.418879    2.77318e-07
-0.20944     -0.418879    7.42814e-07
0     -0.418879    2.43113e-07
0.20944     -0.418879    9.89423e-07
0.418879     -0.418879    7.49272e-08
0.628319     -0.418879    8.96822e-08
0.837758     -0.418879    1.77958e-08
1.0472     -0.418879    4.46684e-08
1.25664     -0.418879    3.03576e-09
1.46608     -0.418879    1.58984e-08
1.67552     -0.418879    3.44671e-09
1.88496     -0.418879    6.65692e-09
2.0944     -0.418879    5.06708e-09
2.30383     -0.418879    1.82905e-09
2.51327     -0.418879    1.60101e-09
2.72271     -0.418879    1.34984e-09
2.93215     -0.418879    2.60818e-09
3.14159     -0.418879    5.21945e-10

-3.14159     -0.20944    5.93031e-10
-2.93215     -0.20944    7.41914e-11
-2.72271     -0.20944    2.76184e-09
-2.51327     -0.20944    5.46923e-09
-2.30383     -0.20944    3.23756e-09
-2.0944     -0.20944    8.48838e-09
-1.88496     -0.20944    1.04082e-08
-1.67552     -0.20944    6.40619e-09
-1.46608     -0.20944    1.57306e-08
-1.25664     -0.20944    2.98515e-08
-1.0472     -0.20944    3.34368e-08
-0.837758     -0.20944    5.5033e-08
-0.628319     -0.20944    1.8024e-07
-0.418879     -0.20944    3.79728e-07
-0.20944     -0.20944    1.52548e-06
0     -0.20944    2.05921e-06
0.20944     -0.20944    2.52356e-07
0.418879     -0.20944    2.23484e-07
0.628319     -0.20944    1.21692e-07
0.837758     -0.20944    2.74979e-08
1.0472     -0.20944    6.06456e-08
1.25664     -0.20944    1.04767e-08
1.46608     -0.20944    2.11362e-08
1.67552     -0.20944    4.15365e-09
1.88496     -0.20944    3.40372e-09
2.0944     -0.20944    1.76271e-09
2.30383     -0.20944    2.36877e-09
2.51327     -0.20944    3.52117e-09
2.72271     -0.20944    1.14229e-09
2.93215     -0.20944    2.60683e-10
3.14159     -0.20944    1.05941e-09

-3.14159     0    6.3931e-10
-2.93215     0    9.45642e-10
-2.72271     0    1.61195e-09
-2.51327     0    2.40074e-09
-2.30383     0    3.69433e-09
-2.0944     0    7.02316e-09
-1.88496     0    8.37325e-09
-1.67552     0    1.0844e-08
-1.46608     0    1.14017e-08
-1.25664     0    3.42302e-08
-1.0472     0    2.40493e-08
-0.837758     0    4.82811e-08
-0.628319     0    1.0522e-07
-0.418879     0    3.35899e-07
-0.20944     0    1.67949e-06
0     0    9.29257e-16
0.20944     0    1.67949e-06
0.418879     0    3.35899e-07
0.628319     0    1.0522e-07
0.837758     0    4.82811e-08
1.0472     0    2.40493e-08
1.25664     0    3.42302e-08
1.46608     0    1.14017e-08
1.67552     0    1.0844e-08
1.88496     0    8.37325e-09
2.0944     0    7.02316e-09
2.30383     0    3.69433e-09
2.51327     0    2.40074e-09
2.72271     0    1.61195e-09
2.93215     0    9.45642e-10
3.14159     0    6.3931e-10

-3.14159     0.20944    1.05941e-09
-2.93215     0.20944    2.60683e-10
-2.72271     0.20944    1.14229e-09
-2.51327     0.20944    3.52117e-09
-2.30383     0.20944    2.36877e-09
-2.0944     0.20944    1.76271e-09
-1.88496     0.20944    3.40372e-09
-1.67552     0.20944    4.15365e-09
-1.46608     0.20944    2.11362e-08
-1.25664     0.20944    1.04767e-08
-1.0472     0.20944    6.06456e-08
-0.837758     0.20944    2.74979e-08
-0.628319     0.20944    1.21692e-07
-0.418879     0.20944    2.23484e-07
-0.20944     0.20944    2.52356e-07
0     0.20944    2.05921e-06
0.20944     0.20944    1.52548e-06
0.418879     0.20944    3.79728e-07
0.628319     0.20944    1.8024e-07
0.837758     0.20944    5.5033e-08
1.0472     0.20944    3.34368e-08
1.25664     0.20944    2.98515e-08
1.46608     0.20944    1.57306e-08
1.67552     0.20944    6.40619e-09
1.88496     0.20944    1.04082e-08
2.0944     0.20944    8.48838e-09
2.30383     0.20944    3.23756e-09
2.51327     0.20944    5.46923e-09
2.72271     0.20944    2.76184e-09
2.93215     0.20944    7.41914e-11
3.14159     0.20944    5.93031e-10

-3.14159     0.418879    5.21945e-10
-2.93215     0.418879    2.60818e-09
-2.72271     0.418879    1.34984e-09
-2.51327     0.418879    1.60101e-09
-2.30383     0.418879    1.82905e-09
-2.0944     0.418879    5.06708e-09
-1.88496     0.418879    6.65692e-09
-1.67552     0.418879    3.44671e-09
-1.46608     0.418879    1.58984e-08
-1.25664     0.418879    3.03576e-09
-1.0472     0.418879    4.46684e-08
-0.837758     0.418879    1.77958e-08
-0.628319     0.418879    8.96822e-08
-0.418879     0.418879    7.49272e-08
-0.20944     0.418879    9.89423e-07
0     0.418879    2.43113e-07
0.20944     0.418879    7.42814e-07
0.418879     0.418879    2.77318e-07
0.628319     0.418879    1.18979e-07
0.837758     0.418879    4.23e-08
1.0472     0.418879    4.26904e-08
1.25664     0.418879    3.02941e-08
1.46608     0.418879    1.26171e-08
1.67552     0.418879    8.99452e-09
1.88496     0.418879    3.11048e-09
2.0944     0.418879    5.00943e-09
2.30383     0.418879    5.89783e-09
2.51327     0.418879    2.42045e-09
2.72271     0.418879    3.39259e-09
2.93215     0.418879    1.45565e-09
3.14159     0.418879    8.32125e-10

-3.14159     0.628319    1.70659e-09
-2.93215     0.628319    1.28625e-09
-2.72271     0.628319    2.41594e-09
-2.51327     0.628319    2.15169e-09
-2.30383     0.628319    2.42821e-09
-2.0944     0.628319    3.12475e-09
-1.88496     0.628319    8.23074e-09
-1.67552     0.628319    5.9888e-09
-1.46608     0.628319    8.24642e-09
-1.25664     0.628319    1.86783e-08
-1.0472     0.628319    1.21517e-08
-0.837758     0.628319    2.86821e-08
-0.628319     0.628319    5.38381e-08
-0.418879     0.628319    1.71553e-07
-0.20944     0.628319    2.40354e-07
0     0.628319    3.48061e-07
0.20944     0.628319    4.59644e-07
0.418879     0.628319    1.25789e-07
0.628319     0.628319    3.28882e-08
0.837758     0.628319    1.15166e-08
1.0472     0.628319    6.09824e-09
1.25664     0.628319    3.32248e-09
1.46608     0.628319    1.26786e-08
1.67552     0.628319    4.18659e-09
1.88496     0.628319    7.70688e-09
2.0944     0.628319    3.86996e-09
2.30383     0.628319    3.35398e-09
2.51327     0.628319    2.99762e-09
2.72271     0.628319    5.81402e-10
2.93215     0.628319    8.18957e-10
3.14159     0.628319    1.86474e-09

-3.14159     0.837758    2.89847e-09
-2.93215     0.837758    1.30471e-09
-2.72271     0.837758    3.46275e-10
-2.51327     0.837758    1.19452e-09
-2.30383     0.837758    2.9109e-09
-2.0944     0.837758    7.31471e-10
-1.88496     0.837758    8.51147e-09
-1.67552     0.837758    8.81564e-09
-1.46608     0.837758    2.98103e-09
-1.25664     0.837758    6.5056e-09
-1.0472     0.837758    1.94313e-08
-0.837758     0.837758    5.56737e-09
-0.628319     0.837758    1.42018e-08
-0.418879     0.837758    1.23399e-07
-0.20944     0.837758    1.12097e-07
0     0.837758    3.09011e-07
0.20944     0.837758    2.74688e-08
0.418879     0.837758    9.63141e-08
0.628319     0.837758    5.58442e-08
0.837758     0.837758    5.42692e-09
1.0472     0.837758    2.16552e-08
1.25664     0.837758    1.18763e-08
1.46608     0.837758    1.13382e-08
1.67552     0.837758    1.14287e-08
1.88496     0.837758    1.45723e-09
2.0944     0.837758    5.28946e-09
2.30383     0.837758    2.81585e-09
2.51327     0.837758    2.11454e-09
2.72271     0.837758    2.93989e-09
2.93215     0.837758    1.24723e-09
3.14159     0.837758    1.39876e-09

-3.14159     1.0472    1.4153e-09
-2.93215     1.0472    1.01962e-09
-2.72271     1.0472    1.81161e-09
-2.51327     1.0472    1.6623e-09
-2.30383     1.0472    2.00073e-09
-2.0944     1.0472    3.22818e-09
-1.88496     1.0472    6.58926e-09
-1.67552     1.0472    1.02945e-09
-1.46608     1.0472    3.3034e-09
-1.25664     1.0472    4.8842e-09
-1.0472     1.0472    1.90771e-08
-0.837758     1.0472    6.91007e-09
-0.628319     1.0472    1.00408e-08
-0.418879     1.0472    3.57993e-08
-0.20944     1.0472    1.21822e-07
0     1.0472    1.97417e-07
0.20944     1.0472    1.53648e-07
0.418879     1.0472    7.22789e-08
0.628319     1.0472    4.00825e-08
0.837758     1.0472    2.63481e-08
1.0472     1.0472    4.78626e-09
1.25664     1.0472    1.20863e-08
1.46608     1.0472    5.30181e-09
1.67552     1.0472    6.06377e-09
1.88496     1.0472    5.20915e-09
2.0944     1.0472    2.60475e-09
2.30383     1.0472    4.36493e-09
2.51327     1.0472    1.56902e-09
2.72271     1.0472    1.32301e-09
2.93215     1.0472    6.22298e-10
3.14159     1.0472    1.59264e-09

-3.14159     1.25664    2.73597e-09
-2.93215     1.25664    2.33551e-09
-2.72271     1.25664    2.75048e-09
-2.51327     1.25664    6.92722e-10
-2.30383     1.25664    5.53052e-09
-2.0944     1.25664    9.11526e-09
-1.88496     1.25664    1.50734e-09
-1.67552     1.25664    2.87039e-09
-1.46608     1.25664    5.45244e-09
-1.25664     1.25664    3.06101e-09
-1.0472     1.25664    5.82611e-09
-0.837758     1.25664    9.46899e-09
-0.628319     1.25664    2.60894e-08
-0.418879     1.25664    3.51764e-08
-0.20944     1.25664    1.78882e-07
0     1.25664    7.54476e-08
0.20944     1.25664    1.88695e-07
0.418879     1.25664    2.24515e-08
0.628319     1.25664    5.17559e-08
0.837758     1.25664    1.27985e-08
1.0472     1.25664    1.49093e-08
1.25664     1.25664    1.1991e-08
1.46608     1.25664    3.89462e-09
1.67552     1.25664    5.42071e-09
1.88496     1.25664    6.66523e-09
2.0944     1.25664    5.37403e-09
2.30383     1.25664    1.23889e-09
2.51327     1.25664    3.37651e-09
2.72271     1.25664    3.71264e-09
2.93215     1.25664    1.17462e-09
3.14159     1.25664    1.23087e-09

-3.14159     1.46608    1.90969e-09
-2.93215     1.46608    2.13852e-09
-2.72271     1.46608    1.39829e-09
-2.51327     1.46608    1.89178e-09
-2.30383     1.46608    2.93384e-09
-2.0944     1.46608    6.30207e-09
-1.88496     1.46608    5.84436e-10
-1.67552     1.46608    3.24848e-09
-1.46608     1.46608    6.90364e-09
-1.25664     1.46608    6.60042e-09
-1.0472     1.46608    9.66334e-10
-0.837758     1.46608    9.09623e-09
-0.628319     1.46608    4.52252e-08
-0.418879     1.46608    1.6661e-08
-0.20944     1.46608    1.93533e-07
0     1.46608    2.70897e-08
0.20944     1.46608    2.23713e-07
0.418879     1.46608    2.22517e-08
0.628319     1.46608    3.39392e-08
0.837758     1.46608    9.64239e-10
1.0472     1.46608    1.22023e-08
1.25664     1.46608    4.79354e-09
1.46608     1.46608    1.28336e-09
1.67552     1.46608    5.9745e-09
1.88496     1.46608    4.01241e-09
2.0944     1.46608    2.22462e-09
2.30383     1.46608    4.99042e-10
2.51327     1.46608    2.27126e-09
2.72271     1.46608    5.09246e-09
2.93215     1.46608    1.91763e-09
3.14159     1.46608    1.32606e-09

-3.14159     1.67552    1.50533e-09
-2.93215     1.67552    3.45717e-09
-2.72271     1.67552    7.74888e-10
-2.51327     1.67552    2.86152e-09
-2.30383     1.67552    2.64154e-09
-2.0944     1.67552    1.57893e-09
-1.88496     1.67552    5.80561e-10
-1.67552     1.67552    1.83848e-09
-1.46608     1.67552    3.1169e-09
-1.25664     1.67552    4.63102e-09
-1.0472     1.67552    7.02965e-09
-0.837758     1.67552    5.47212e-09
-0.628319     1.67552    2.93415e-08
-0.418879     1.67552    1.4446e-08
-0.20944     1.67552    1.77259e-07
0     1.67552    2.03979e-08
0.20944     1.67552    2.12673e-07
0.418879     1.67552    1.40185e-08
0.628319     1.67552    1.7595e-08
0.837758     1.67552    5.50003e-09
1.0472     1.67552    1.34229e-08
1.25664     1.67552    5.75956e-09
1.46608     1.67552    7.05286e-10
1.67552     1.67552    1.90359e-09
1.88496     1.67552    2.15138e-09
2.0944     1.67552    8.29916e-10
2.30383     1.67552    2.98086e-09
2.51327     1.67552    7.97409e-10
2.72271     1.67552    2.1494e-09
2.93215     1.67552    1.17549e-09
3.14159     1.67552    1.01077e-09

-3.14159     1.88496    8.99121e-10
-2.93215     1.88496    3.73478e-09
-2.72271     1.88496    1.51841e-09
-2.51327     1.88496    5.36232e-10
-2.30383     1.88496    1.30828e-09
-2.0944     1.88496    2.34976e-09
-1.88496     1.88496    1.46675e-09
-1.67552     1.88496    1.05322e-09
-1.46608     1.88496    9.40728e-10
-1.25664     1.88496    2.85104e-09
-1.0472     1.88496    9.91789e-09
-0.837758     1.88496    5.57294e-09
-0.628319     1.88496    2.09347e-08
-0.418879     1.88496    2.30528e-08
-0.20944     1.88496    1.18905e-07
0     1.88496    4.68752e-08
0.20944     1.88496    1.36249e-07
0.418879     1.88496    2.46092e-08
0.628319     1.88496    1.58963e-08
0.837758     1.88496    2.67164e-09
1.0472     1.88496    7.02167e-09
1.25664     1.88496    5.0867e-09
1.46608     1.88496    1.54325e-09
1.67552     1.88496    5.27562e-10
1.88496     1.88496    1.82372e-10
2.0944     1.88496    6.44103e-10
2.30383     1.88496    7.28261e-10
2.51327     1.88496    9.11598e-10
2.72271     1.88496    6.73059e-10
2.93215     1.88496    6.91549e-10
3.14159     1.88496    6.14138e-10

-3.14159     2.0944    2.36617e-09
-2.93215     2.0944    1.94866e-09
-2.72271     2.0944    1.96032e-09
-2.51327     2.0944    1.82678e-09
-2.30383     2.0944    1.33943e-09
-2.0944     2.0944    1.1797e-09
-1.88496     2.0944    1.50534e-09
-1.67552     2.0944    2.30371e-09
-1.46608     2.0944    3.68e-09
-1.25664     2.0944    3.48039e-09
-1.0472     2.0944    2.56219e-09
-0.837758     2.0944    7.3785e-09
-0.628319     2.0944    8.41423e-09
-0.418879     2.0944    3.06432e-08
-0.20944     2.0944    6.60775e-08
0     2.0944    7.19613e-08
0.20944     2.0944    7.15609e-08
0.418879     2.0944    2.91494e-08
0.628319     2.0944    5.80495e-09
0.837758     2.0944    5.93053e-09
1.0472     2.0944    4.25073e-09
1.25664     2.0944    4.62279e-09
1.46608     2.0944    2.45104e-09
1.67552     2.0944    3.33613e-09
1.88496     2.0944    5.52351e-10
2.0944     2.0944    6.83242e-10
2.30383     2.0944    2.63722e-09
2.51327     2.0944    1.69721e-09
2.72271     2.0944    1.51708e-09
2.93215     2.0944    1.02878e-09
3.14159     2.0944    1.25623e-09

-3.14159     2.30383    1.30161e-09
-2.93215     2.30383    3.73724e-09
-2.72271     2.30383    2.27488e-09
-2.51327     2.30383    3.97425e-10
-2.30383     2.30383    7.60607e-10
-2.0944     2.30383    2.66489e-09
-1.88496     2.30383    2.14316e-09
-1.67552     2.30383    2.19725e-09
-1.46608     2.30383    1.13865e-09
-1.25664     2.30383    2.69817e-09
-1.0472     2.30383    1.91316e-09
-0.837758     2.30383    1.59165e-09
-0.628319     2.30383    2.31302e-09
-0.418879     2.30383    2.51024e-08
-0.20944     2.30383    1.47891e-08
0     2.30383    7.61831e-08
0.20944     2.30383    1.39981e-08
0.418879     2.30383    2.15778e-08
0.628319     2.30383    4.78475e-09
0.837758     2.30383    5.3424e-09
1.0472     2.30383    2.27917e-09
1.25664     2.30383    1.05697e-09
1.46608     2.30383    2.07729e-09
1.67552     2.30383    7.69649e-10
1.88496     2.30383    1.01044e-09
2.0944     2.30383    1.40989e-09
2.30383     2.30383    7.46001e-10
2.51327     2.30383    1.05501e-09
2.72271     2.30383    1.14247e-09
2.93215     2.30383    1.26391e-09
3.14159     2.30383    1.16907e-09

-3.14159     2.51327    2.2762e-09
-2.93215     2.51327    6.58186e-10
-2.72271     2.51327    4.26934e-10
-2.51327     2.51327    2.49168e-09
-2.30383     2.51327    5.31839e-10
-2.0944     2.51327    9.28416e-10
-1.88496     2.51327    9.59182e-10
-1.67552     2.51327    2.34088e-09
-1.46608     2.51327    1.34144e-09
-1.25664     2.51327    3.16903e-09
-1.0472     2.51327    2.04115e-09
-0.837758     2.51327    4.14228e-09
-0.628319     2.51327    5.8099e-09
-0.418879     2.51327    2.56446e-08
-0.20944     2.51327    4.16713e-08
0     2.51327    7.75641e-08
0.20944     2.51327    4.56988e-08
0.418879     2.51327    2.46232e-08
0.628319     2.51327    5.39072e-09
0.837758     2.51327    3.4844e-09
1.0472     2.51327    6.11194e-09
1.25664     2.51327    3.21446e-09
1.46608     2.51327    2.09733e-09
1.67552     2.51327    1.2422e-09
1.88496     2.51327    1.30008e-09
2.0944     2.51327    3.09043e-10
2.30383     2.51327    1.2478e-09
2.51327     2.51327    5.34717e-10
2.72271     2.51327    1.14871e-09
2.93215     2.51327    1.7574e-09
3.14159     2.51327    1.92586e-09

-3.14159     2.72271    3.35193e-09
-2.93215     2.72271    1.23646e-09
-2.72271     2.72271    3.62898e-09
-2.51327     2.72271    3.33042e-09
-2.30383     2.72271    3.0154e-09
-2.0944     2.72271    2.7183e-10
-1.88496     2.72271    1.31893e-09
-1.67552     2.72271    4.73527e-10
-1.46608     2.72271    1.58074e-09
-1.25664     2.72271    4.01402e-09
-1.0472     2.72271    4.28157e-09
-0.837758     2.72271    3.72522e-09
-0.628319     2.72271    1.24037e-08
-0.418879     2.72271    1.4059e-08
-0.20944     2.72271    8.56894e-08
0     2.72271    5.25017e-08
0.20944     2.72271    8.93906e-08
0.418879     2.72271    1.55439e-08
0.628319     2.72271    1.33949e-08
0.837758     2.72271    2.16853e-09
1.0472     2.72271    1.7912e-10
1.25664     2.72271    2.25919e-09
1.46608     2.72271    1.66212e-09
1.67552     2.72271    1.34322e-09
1.88496     2.72271    7.14317e-10
2.0944     2.72271    6.77316e-10
2.30383     2.72271    2.21778e-09
2.51327     2.72271    1.6004e-09
2.72271     2.72271    1.70346e-09
2.93215     2.72271    2.67675e-09
3.14159     2.72271    8.58544e-10

-3.14159     2.93215    8.55141e-10
-2.93215     2.93215    2.19912e-09
-2.72271     2.93215    1.50828e-09
-2.51327     2.93215    3.94704e-09
-2.30383     2.93215    1.8483e-09
-2.0944     2.93215    1.31109e-09
-1.88496     2.93215    3.41287e-10
-1.67552     2.93215    1.411e-09
-1.46608     2.93215    2.13626e-09
-1.25664     2.93215    2.10098e-09
-1.0472     2.93215    3.08811e-09
-0.837758     2.93215    1.04841e-09
-0.628319     2.93215    1.53153e-08
-0.418879     2.93215    9.68038e-09
-0.20944     2.93215    1.15487e-07
0     2.93215    2.93653e-08
0.20944     2.93215    1.19015e-07
0.418879     2.93215    6.89696e-09
0.628319     2.93215    1.64424e-08
0.837758     2.93215    3.85386e-09
1.0472     2.93215    8.23364e-09
1.25664     2.93215    1.86361e-09
1.46608     2.93215    1.2366e-09
1.67552     2.93215    5.72466e-10
1.88496     2.93215    1.72965e-09
2.0944     2.93215    8.27826e-10
2.30383     2.93215    1.21178e-09
2.51327     2.93215    3.35044e-09
2.72271     2.93215    1.15357e-09
2.93215     2.93215    2.48574e-09
3.14159     2.93215    1.62669e-09

-3.14159     3.14159    7.11962e-10
-2.93215     3.14159    9.62973e-10
-2.72271     3.14159    1.15099e-09
-2.51327     3.14159    1.50284e-09
-2.30383     3.14159    2.27116e-09
-2.0944     3.14159    1.2604e-09
-1.88496     3.14159    1.00385e-09
-1.67552     3.14159    2.85765e-10
-1.46608     3.14159    6.54329e-10
-1.25664     3.14159    7.99028e-10
-1.0472     3.14159    4.5839e-09
-0.837758     3.14159    1.60333e-09
-0.628319     3.14159    1.51994e-08
-0.418879     3.14159    9.39868e-10
-0.20944     3.14159    1.21304e-07
0     3.14159    1.13358e-09
0.20944     3.14159    1.24679e-07
0.418879     3.14159    3.39544e-09
0.628319     3.14159    1.84164e-08
0.837758     3.14159    1.80099e-09
1.0472     3.14159    4.52634e-09
1.25664     3.14159    1.01173e-09
1.46608     3.14159    2.75784e-09
1.67552     3.14159    5.45107e-10
1.88496     3.14159    1.86268e-09
2.0944     3.14159    5.9721e-10
2.30383     3.14159    9.12876e-10
2.51327     3.14159    1.0173e-09
2.72271     3.14159    2.57962e-10
2.93215     3.14159    4.22006e-09
3.14159     3.14159    1.58298e-09

