-3.14159     -3.14159    0.026528
-2.93215     -3.14159    0.014584
-2.72271     -3.14159    0.00906185
-2.51327     -3.14159    0.00645668
-2.30383     -3.14159    0.0054197
-2.0944     -3.14159    0.0115062
-1.88496     -3.14159    0.0164796
-1.67552     -3.14159    0.0179361
-1.46608     -3.14159    0.0161208
-1.25664     -3.14159    0.0147962
-1.0472     -3.14159    0.019941
-0.837758     -3.14159    0.00682115
-0.628319     -3.14159    0.00429132
-0.418879     -3.14159    0.0125687
-0.20944     -3.14159    0.00803299
0     -3.14159    0.00208324
0.20944     -3.14159    0.00786293
0.418879     -3.14159    0.0127066
0.628319     -3.14159    0.00453928
0.837758     -3.14159    0.0068703
1.0472     -3.14159    0.019779
1.25664     -3.14159    0.0146524
1.46608     -3.14159    0.0162027
1.67552     -3.14159    0.0181794
1.88496     -3.14159    0.0166703
2.0944     -3.14159    0.0115439
2.30383     -3.14159    0.00511635
2.51327     -3.14159    0.00609226
2.72271     -3.14159    0.00891979
2.93215     -3.14159    0.0145708
3.14159     -3.14159    0.0262993

-3.14159     -2.93215    0.021428
-2.93215     -2.93215    0.00422661
-2.72271     -2.93215    0.00736742
-2.51327     -2.93215    0.00379269
-2.30383     -2.93215    0.0104326
-2.0944     -2.93215    0.0121556
-1.88496     -2.93215    0.0130874
-1.67552     -2.93215    0.00580581
-1.46608     -2.93215    0.00502405
-1.25664     -2.93215    0.0156835
-1.0472     -2.93215    0.0211925
-0.837758     -2.93215    0.00139525
-0.628319     -2.93215    0.0144846
-0.418879     -2.93215    0.0224298
-0.20944     -2.93215    0.015003
0     -2.93215    0.0132078
0.20944     -2.93215    0.0152488
0.418879     -2.93215    0.022492
0.628319     -2.93215    0.0141335
0.837758     -2.93215    0.00135578
1.0472     -2.93215    0.0211753
1.25664     -2.93215    0.0156717
1.46608     -2.93215    0.00512862
1.67552     -2.93215    0.00592307
1.88496     -2.93215    0.0131097
2.0944     -2.93215    0.0122179
2.30383     -2.93215    0.0101346
2.51327     -2.93215    0.00373415
2.72271     -2.93215    0.00734184
2.93215     -2.93215    0.00433203
3.14159     -2.93215    0.0211497

-3.14159     -2.72271    0.00329384
-2.93215     -2.72271    0.00684081
-2.72271     -2.72271    0.00531728
-2.51327     -2.72271    0.00528023
-2.30383     -2.72271    0.00477702
-2.0944     -2.72271    0.00804334
-1.88496     -2.72271    0.0077575
-1.67552     -2.72271    0.00312543
-1.46608     -2.72271    0.00892537
-1.25664     -2.72271    0.00266838
-1.0472     -2.72271    0.00136898
-0.837758     -2.72271    0.00237221
-0.628319     -2.72271    0.0184076
-0.418879     -2.72271    0.0225629
-0.20944     -2.72271    0.00565126
0     -2.72271    0.0348756
0.20944     -2.72271    0.00574258
0.418879     -2.72271    0.0223011
0.628319     -2.72271    0.0181335
0.837758     -2.72271    0.00226605
1.0472     -2.72271    0.00146253
1.25664     -2.72271    0.0027756
1.46608     -2.72271    0.00898569
1.67552     -2.72271    0.00296343
1.88496     -2.72271    0.0077795
2.0944     -2.72271    0.00774713
2.30383     -2.72271    0.00507934
2.51327     -2.72271    0.00543147
2.72271     -2.72271    0.0054262
2.93215     -2.72271    0.00690271
3.14159     -2.72271    0.00341033

-3.14159     -2.51327    0.0018035
-2.93215     -2.51327    0.0048848
-2.72271     -2.51327    0.00206455
-2.51327     -2.51327    0.00860102
-2.30383     -2.51327    0.00442037
-2.0944     -2.51327    0.0299062
-1.88496     -2.51327    0.0145083
-1.67552     -2.51327    0.000916091
-1.46608     -2.51327    0.0345498
-1.25664     -2.51327    0.00111717
-1.0472     -2.51327    0.0152205
-0.837758     -2.51327    0.0149583
-0.628319     -2.51327    0.0070361
-0.418879     -2.51327    0.00397652
-0.20944     -2.51327    0.00284828
0     -2.51327    0.0259845
0.20944     -2.51327    0.0030157
0.418879     -2.51327    0.00398811
0.628319     -2.51327    0.00711903
0.837758     -2.51327    0.0147431
1.0472     -2.51327    0.0150029
1.25664     -2.51327    0.00112351
1.46608     -2.51327    0.0345125
1.67552     -2.51327    0.000855873
1.88496     -2.51327    0.014314
2.0944     -2.51327    0.0301068
2.30383     -2.51327    0.00429358
2.51327     -2.51327    0.00883587
2.72271     -2.51327    0.00222031
2.93215     -2.51327    0.00509133
3.14159     -2.51327    0.00190453

-3.14159     -2.30383    0.0106518
-2.93215     -2.30383    0.01177
-2.72271     -2.30383    0.00465088
-2.51327     -2.30383    0.00639998
-2.30383     -2.30383    0.0072825
-2.0944     -2.30383    0.0121229
-1.88496     -2.30383    0.00208238
-1.67552     -2.30383    0.00216765
-1.46608     -2.30383    0.00245592
-1.25664     -2.30383    0.00137398
-1.0472     -2.30383    0.0128402
-0.837758     -2.30383    0.0165768
-0.628319     -2.30383    0.00888296
-0.418879     -2.30383    0.0215916
-0.20944     -2.30383    0.00729389
0     -2.30383    0.002153
0.20944     -2.30383    0.00725506
0.418879     -2.30383    0.0217953
0.628319     -2.30383    0.00882337
0.837758     -2.30383    0.0165799
1.0472     -2.30383    0.012956
1.25664     -2.30383    0.00129676
1.46608     -2.30383    0.00250342
1.67552     -2.30383    0.00195694
1.88496     -2.30383    0.00200123
2.0944     -2.30383    0.0124447
2.30383     -2.30383    0.00722871
2.51327     -2.30383    0.0065901
2.72271     -2.30383    0.00462296
2.93215     -2.30383    0.0119377
3.14159     -2.30383    0.0108313

-3.14159     -2.0944    0.0169711
-2.93215     -2.0944    0.00280846
-2.72271     -2.0944    0.00971058
-2.51327     -2.0944    0.00121545
-2.30383     -2.0944    0.00566783
-2.0944     -2.0944    0.00045964
-1.88496     -2.0944    0.00359775
-1.67552     -2.0944    0.0195753
-1.46608     -2.0944    0.00813471
-1.25664     -2.0944    0.00416356
-1.0472     -2.0944    0.00576324
-0.837758     -2.0944    0.0131904
-0.628319     -2.0944    0.0159194
-0.418879     -2.0944    0.0198068
-0.20944     -2.0944    0.00897384
0     -2.0944    0.0109237
0.20944     -2.0944    0.00865595
0.418879     -2.0944    0.0197295
0.628319     -2.0944    0.0157357
0.837758     -2.0944    0.0132793
1.0472     -2.0944    0.0057093
1.25664     -2.0944    0.00422502
1.46608     -2.0944    0.00825838
1.67552     -2.0944    0.0196522
1.88496     -2.0944    0.00352183
2.0944     -2.0944    0.000298599
2.30383     -2.0944    0.00583274
2.51327     -2.0944    0.00114271
2.72271     -2.0944    0.00962661
2.93215     -2.0944    0.0026055
3.14159     -2.0944    0.0173209

-3.14159     -1.88496    0.0098658
-2.93215     -1.88496    0.0177484
-2.72271     -1.88496    0.00581273
-2.51327     -1.88496    0.0168536
-2.30383     -1.88496    0.0263793
-2.0944     -1.88496    0.0227897
-1.88496     -1.88496    0.0103414
-1.67552     -1.88496    0.0139199
-1.46608     -1.88496    0.0165741
-1.25664     -1.88496    0.0144103
-1.0472     -1.88496    0.0260174
-0.837758     -1.88496    0.0174859
-0.628319     -1.88496    0.0147668
-0.418879     -1.88496    0.00570535
-0.20944     -1.88496    0.00685567
0     -1.88496    0.00226837
0.20944     -1.88496    0.00684948
0.418879     -1.88496    0.00544304
0.628319     -1.88496    0.0150125
0.837758     -1.88496    0.0176076
1.0472     -1.88496    0.0259241
1.25664     -1.88496    0.0143571
1.46608     -1.88496    0.0164438
1.67552     -1.88496    0.014019
1.88496     -1.88496    0.0102999
2.0944     -1.88496    0.0228047
2.30383     -1.88496    0.0263696
2.51327     -1.88496    0.0168706
2.72271     -1.88496    0.00566704
2.93215     -1.88496    0.0176087
3.14159     -1.88496    0.0095118

-3.14159     -1.67552    0.0124121
-2.93215     -1.67552    0.0127184
-2.72271     -1.67552    0.00523341
-2.51327     -1.67552    0.0131781
-2.30383     -1.67552    0.0101739
-2.0944     -1.67552    0.0111131
-1.88496     -1.67552    0.00320888
-1.67552     -1.67552    0.0103587
-1.46608     -1.67552    0.0116252
-1.25664     -1.67552    0.016636
-1.0472     -1.67552    0.0116514
-0.837758     -1.67552    0.000912106
-0.628319     -1.67552    0.0180607
-0.418879     -1.67552    0.0289237
-0.20944     -1.67552    0.00839276
0     -1.67552    0.0299094
0.20944     -1.67552    0.00833725
0.418879     -1.67552    0.0289849
0.628319     -1.67552    0.018054
0.837758     -1.67552    0.00152149
1.0472     -1.67552    0.0121482
1.25664     -1.67552    0.0166345
1.46608     -1.67552    0.0117056
1.67552     -1.67552    0.0104896
1.88496     -1.67552    0.00324355
2.0944     -1.67552    0.011279
2.30383     -1.67552    0.0101481
2.51327     -1.67552    0.013034
2.72271     -1.67552    0.00526783
2.93215     -1.67552    0.0124378
3.14159     -1.67552    0.0122876

-3.14159     -1.46608    0.016571
-2.93215     -1.46608    0.000641453
-2.72271     -1.46608    0.00589533
-2.51327     -1.46608    0.00814672
-2.30383     -1.46608    0.0235006
-2.0944     -1.46608    0.0021832
-1.88496     -1.46608    0.00549851
-1.67552     -1.46608    0.028388
-1.46608     -1.46608    0.0154558
-1.25664     -1.46608    0.0147061
-1.0472     -1.46608    0.00488884
-0.837758     -1.46608    0.00164053
-0.628319     -1.46608    0.0130662
-0.418879     -1.46608    0.0131219
-0.20944     -1.46608    0.0019956
0     -1.46608    0.00566262
0.20944     -1.46608    0.00194141
0.418879     -1.46608    0.0130351
0.628319     -1.46608    0.0131821
0.837758     -1.46608    0.00168436
1.0472     -1.46608    0.0051299
1.25664     -1.46608    0.0146574
1.46608     -1.46608    0.0154706
1.67552     -1.46608    0.0283858
1.88496     -1.46608    0.00529513
2.0944     -1.46608    0.00204047
2.30383     -1.46608    0.0232401
2.51327     -1.46608    0.00817743
2.72271     -1.46608    0.005677
2.93215     -1.46608    0.000580625
3.14159     -1.46608    0.0169687

-3.14159     -1.25664    0.00717232
-2.93215     -1.25664    0.00850844
-2.72271     -1.25664    0.0188245
-2.51327     -1.25664    0.00351246
-2.30383     -1.25664    0.0381669
-2.0944     -1.25664    0.00882132
-1.88496     -1.25664    0.00809758
-1.67552     -1.25664    0.012909
-1.46608     -1.25664    0.00206888
-1.25664     -1.25664    0.0291866
-1.0472     -1.25664    0.0198485
-0.837758     -1.25664    0.0125348
-0.628319     -1.25664    0.0142535
-0.418879     -1.25664    0.00876478
-0.20944     -1.25664    0.0027816
0     -1.25664    0.00581651
0.20944     -1.25664    0.00265121
0.418879     -1.25664    0.00844346
0.628319     -1.25664    0.0143098
0.837758     -1.25664    0.0121505
1.0472     -1.25664    0.019837
1.25664     -1.25664    0.0292968
1.46608     -1.25664    0.00222898
1.67552     -1.25664    0.012786
1.88496     -1.25664    0.00804162
2.0944     -1.25664    0.00885489
2.30383     -1.25664    0.0382119
2.51327     -1.25664    0.00380596
2.72271     -1.25664    0.0187337
2.93215     -1.25664    0.00842967
3.14159     -1.25664    0.00725017

-3.14159     -1.0472    0.000707511
-2.93215     -1.0472    0.0162829
-2.72271     -1.0472    0.0254821
-2.51327     -1.0472    0.0149812
-2.30383     -1.0472    0.00401043
-2.0944     -1.0472    0.00363313
-1.88496     -1.0472    0.010611
-1.67552     -1.0472    0.00119137
-1.46608     -1.0472    0.0138441
-1.25664     -1.0472    0.0111662
-1.0472     -1.0472    0.00762477
-0.837758     -1.0472    0.0101902
-0.628319     -1.0472    0.0167307
-0.418879     -1.0472    0.0179066
-0.20944     -1.0472    0.0176626
0     -1.0472    0.0211127
0.20944     -1.0472    0.0179392
0.418879     -1.0472    0.0177528
0.628319     -1.0472    0.0165133
0.837758     -1.0472    0.0101651
1.0472     -1.0472    0.00765042
1.25664     -1.0472    0.0112824
1.46608     -1.0472    0.0137924
1.67552     -1.0472    0.00121603
1.88496     -1.0472    0.0106037
2.0944     -1.0472    0.00354336
2.30383     -1.0472    0.00417275
2.51327     -1.0472    0.0148592
2.72271     -1.0472    0.0255832
2.93215     -1.0472    0.0159668
3.14159     -1.0472    0.00087838

-3.14159     -0.837758    0.00767227
-2.93215     -0.837758    0.00230929
-2.72271     -0.837758    0.0177526
-2.51327     -0.837758    0.00874708
-2.30383     -0.837758    0.00400398
-2.0944     -0.837758    0.0211272
-1.88496     -0.837758    0.00796895
-1.67552     -0.837758    0.0034184
-1.46608     -0.837758    0.0275386
-1.25664     -0.837758    0.00194957
-1.0472     -0.837758    0.00253157
-0.837758     -0.837758    0.0170614
-0.628319     -0.837758    0.0151971
-0.418879     -0.837758    0.00669904
-0.20944     -0.837758    0.0142388
0     -0.837758    0.0162736
0.20944     -0.837758    0.0141614
0.418879     -0.837758    0.00659762
0.628319     -0.837758    0.0154128
0.837758     -0.837758    0.0170507
1.0472     -0.837758    0.00265392
1.25664     -0.837758    0.00200887
1.46608     -0.837758    0.0274658
1.67552     -0.837758    0.00335773
1.88496     -0.837758    0.00777265
2.0944     -0.837758    0.0208742
2.30383     -0.837758    0.00372029
2.51327     -0.837758    0.00862716
2.72271     -0.837758    0.017831
2.93215     -0.837758    0.00254834
3.14159     -0.837758    0.00766596

-3.14159     -0.628319    0.0267479
-2.93215     -0.628319    0.00380367
-2.72271     -0.628319    0.0061877
-2.51327     -0.628319    0.0111617
-2.30383     -0.628319    0.0102586
-2.0944     -0.628319    0.0263387
-1.88496     -0.628319    0.00293605
-1.67552     -0.628319    0.0158597
-1.46608     -0.628319    0.00563699
-1.25664     -0.628319    0.000841615
-1.0472     -0.628319    0.00212684
-0.837758     -0.628319    0.0121833
-0.628319     -0.628319    0.0160124
-0.418879     -0.628319    0.0035999
-0.20944     -0.628319    0.0214638
0     -0.628319    0.00987057
0.20944     -0.628319    0.0208219
0.418879     -0.628319    0.00368748
0.628319     -0.628319    0.0160613
0.837758     -0.628319    0.0122069
1.0472     -0.628319    0.00196973
1.25664     -0.628319    0.000734874
1.46608     -0.628319    0.00574495
1.67552     -0.628319    0.0156259
1.88496     -0.628319    0.00308325
2.0944     -0.628319    0.0262983
2.30383     -0.628319    0.0104132
2.51327     -0.628319    0.0114674
2.72271     -0.628319    0.00602996
2.93215     -0.628319    0.00382592
3.14159     -0.628319    0.026419

-3.14159     -0.418879    0.0207821
-2.93215     -0.418879    0.0034887
-2.72271     -0.418879    0.0115317
-2.51327     -0.418879    0.0195179
-2.30383     -0.418879    0.00930049
-2.0944     -0.418879    0.0130952
-1.88496     -0.418879    0.0139327
-1.67552     -0.418879    0.0295199
-1.46608     -0.418879    0.00783161
-1.25664     -0.418879    0.000695627
-1.0472     -0.418879    0.0139488
-0.837758     -0.418879    0.0120018
-0.628319     -0.418879    0.0100308
-0.418879     -0.418879    0.0326526
-0.20944     -0.418879    0.0132978
0     -0.418879    0.0379977
0.20944     -0.418879    0.0133438
0.418879     -0.418879    0.0325473
0.628319     -0.418879    0.0099653
0.837758     -0.418879    0.0120595
1.0472     -0.418879    0.0138074
1.25664     -0.418879    0.000692748
1.46608     -0.418879    0.00796485
1.67552     -0.418879    0.0288477
1.88496     -0.418879    0.0140666
2.0944     -0.418879    0.0130428
2.30383     -0.418879    0.00924293
2.51327     -0.418879    0.0197171
2.72271     -0.418879    0.0114521
2.93215     -0.418879    0.00351995
3.14159     -0.418879    0.0206538

-3.14159     -0.20944    0.000910015
-2.93215     -0.20944    0.0045969
-2.72271     -0.20944    0.00760529
-2.51327     -0.20944    0.00950825
-2.30383     -0.20944    0.0153146
-2.0944     -0.20944    0.0192342
-1.88496     -0.20944    0.0106689
-1.67552     -0.20944    0.0131295
-1.46608     -0.20944    0.0146906
-1.25664     -0.20944    0.0134978
-1.0472     -0.20944    0.0177792
-0.837758     -0.20944    0.0126227
-0.628319     -0.20944    0.00202398
-0.418879     -0.20944    0.0348681
-0.20944     -0.20944    0.0063818
0     -0.20944    0.00713915
0.20944     -0.20944    0.00538586
0.418879     -0.20944    0.0344314
0.628319     -0.20944    0.00189048
0.837758     -0.20944    0.0126071
1.0472     -0.20944    0.0180536
1.25664     -0.20944    0.0135517
1.46608     -0.20944    0.0146134
1.67552     -0.20944    0.0130209
1.88496     -0.20944    0.0101885
2.0944     -0.20944    0.0193756
2.30383     -0.20944    0.0154521
2.51327     -0.20944    0.00943536
2.72271     -0.20944    0.00780486
2.93215     -0.20944    0.00465948
3.14159     -0.20944    0.000993985

-3.14159     0    0.00240991
-2.93215     0    0.0354192
-2.72271     0    0.00239585
-2.51327     0    0.0038759
-2.30383     0    0.00309396
-2.0944     0    0.0256676
-1.88496     0    0.00216515
-1.67552     0    0.000606716
-1.46608     0    0.0102263
-1.25664     0    0.0167421
-1.0472     0    0.0125511
-0.837758     0    0.000595896
-0.628319     0    0.0363075
-0.418879     0    0.00875405
-0.20944     0    0.0161315
0     0    1.22286e-14
0.20944     0    0.0161315
0.418879     0    0.00875405
0.628319     0    0.0363075
0.837758     0    0.000595896
1.0472     0    0.0125511
1.25664     0    0.0167421
1.46608     0    0.0102263
1.67552     0    0.000606716
1.88496     0    0.00216515
2.0944     0    0.0256676
2.30383     0    0.00309396
2.51327     0    0.0038759
2.72271     0    0.00239585
2.93215     0    0.0354192
3.14159     0    0.00240991

-3.14159     0.20944    0.000993985
-2.93215     0.20944    0.00465948
-2.72271     0.20944    0.00780486
-2.51327     0.20944    0.00943536
-2.30383     0.20944    0.0154521
-2.0944     0.20944    0.0193756
-1.88496     0.20944    0.0101885
-1.67552     0.20944    0.0130209
-1.46608     0.20944    0.0146134
-1.25664     0.20944    0.0135517
-1.0472     0.20944    0.0180536
-0.837758     0.20944    0.0126071
-0.628319     0.20944    0.00189048
-0.418879     0.20944    0.0344314
-0.20944     0.20944    0.00538586
0     0.20944    0.00713915
0.20944     0.20944    0.0063818
0.418879     0.20944    0.0348681
0.628319     0.20944    0.00202398
0.837758     0.20944    0.0126227
1.0472     0.20944    0.0177792
1.25664     0.20944    0.0134978
1.46608     0.20944    0.0146906
1.67552     0.20944    0.0131295
1.88496     0.20944    0.0106689
2.0944     0.20944    0.0192342
2.30383     0.20944    0.0153146
2.51327     0.20944    0.00950825
2.72271     0.20944    0.00760529
2.93215     0.20944    0.0045969
3.14159     0.20944    0.000910015

-3.14159     0.418879    0.0206538
-2.93215     0.418879    0.00351995
-2.72271     0.418879    0.0114521
-2.51327     0.418879    0.0197171
-2.30383     0.418879    0.00924293
-2.0944     0.418879    0.0130428
-1.88496     0.418879    0.0140666
-1.67552     0.418879    0.0288477
-1.46608     0.418879    0.00796485
-1.25664     0.418879    0.000692748
-1.0472     0.418879    0.0138074
-0.837758     0.418879    0.0120595
-0.628319     0.418879    0.0099653
-0.418879     0.418879    0.0325473
-0.20944     0.418879    0.0133438
0     0.418879    0.0379977
0.20944     0.418879    0.0132978
0.418879     0.418879    0.0326526
0.628319     0.418879    0.0100308
0.837758     0.418879    0.0120018
1.0472     0.418879    0.0139488
1.25664     0.418879    0.000695627
1.46608     0.418879    0.00783161
1.67552     0.418879    0.0295199
1.88496     0.418879    0.0139327
2.0944     0.418879    0.0130952
2.30383     0.418879    0.00930049
2.51327     0.418879    0.0195179
2.72271     0.418879    0.0115317
2.93215     0.418879    0.0034887
3.14159     0.418879    0.0207821

-3.14159     0.628319    0.026419
-2.93215     0.628319    0.00382592
-2.72271     0.628319    0.00602996
-2.51327     0.628319    0.0114674
-2.30383     0.628319    0.0104132
-2.0944     0.628319    0.0262983
-1.88496     0.628319    0.00308325
-1.67552     0.628319    0.0156259
-1.46608     0.628319    0.00574495
-1.25664     0.628319    0.000734874
-1.0472     0.628319    0.00196973
-0.837758     0.628319    0.0122069
-0.628319     0.628319    0.0160613
-0.418879     0.628319    0.00368748
-0.20944     0.628319    0.0208219
0     0.628319    0.00987057
0.20944     0.628319    0.0214638
0.418879     0.628319    0.0035999
0.628319     0.628319    0.0160124
0.837758     0.628319    0.0121833
1.0472     0.628319    0.00212684
1.25664     0.628319    0.000841615
1.46608     0.628319    0.00563699
1.67552     0.628319    0.0158597
1.88496     0.628319    0.00293605
2.0944     0.628319    0.0263387
2.30383     0.628319    0.0102586
2.51327     0.628319    0.0111617
2.72271     0.628319    0.0061877
2.93215     0.628319    0.00380367
3.14159     0.628319    0.0267479

-3.14159     0.837758    0.00766596
-2.93215     0.837758    0.00254834
-2.72271     0.837758    0.017831
-2.51327     0.837758    0.00862716
-2.30383     0.837758    0.00372029
-2.0944     0.837758    0.0208742
-1.88496     0.837758    0.00777265
-1.67552     0.837758    0.00335773
-1.46608     0.837758    0.0274658
-1.25664     0.837758    0.00200887
-1.0472     0.837758    0.00265392
-0.837758     0.837758    0.0170507
-0.628319     0.837758    0.0154128
-0.418879     0.837758    0.00659762
-0.20944     0.837758    0.0141614
0     0.837758    0.0162736
0.20944     0.837758    0.0142388
0.418879     0.837758    0.00669904
0.628319     0.837758    0.0151971
0.837758     0.837758    0.0170614
1.0472     0.837758    0.00253157
1.25664     0.837758    0.00194957
1.46608     0.837758    0.0275386
1.67552     0.837758    0.0034184
1.88496     0.837758    0.00796895
2.0944     0.837758    0.0211272
2.30383     0.837758    0.00400398
2.51327     0.837758    0.00874708
2.72271     0.837758    0.0177526
2.93215     0.837758    0.00230929
3.14159     0.837758    0.00767227

-3.14159     1.0472    0.00087838
-2.93215     1.0472    0.0159668
-2.72271     1.0472    0.0255832
-2.51327     1.0472    0.0148592
-2.30383     1.0472    0.00417275
-2.0944     1.0472    0.00354336
-1.88496     1.0472    0.0106037
-1.67552     1.0472    0.00121603
-1.46608     1.0472    0.0137924
-1.25664     1.0472    0.0112824
-1.0472     1.0472    0.00765042
-0.837758     1.0472    0.0101651
-0.628319     1.0472    0.0165133
-0.418879     1.0472    0.0177528
-0.20944     1.0472    0.0179392
0     1.0472    0.0211127
0.20944     1.0472    0.0176626
0.418879     1.0472    0.0179066
0.628319     1.0472    0.0167307
0.837758     1.0472    0.0101902
1.0472     1.0472    0.00762477
1.25664     1.0472    0.0111662
1.46608     1.0472    0.0138441
1.67552     1.0472    0.00119137
1.88496     1.0472    0.010611
2.0944     1.0472    0.00363313
2.30383     1.0472    0.00401043
2.51327     1.0472    0.0149812
2.72271     1.0472    0.0254821
2.93215     1.0472    0.0162829
3.14159     1.0472    0.000707511

-3.14159     1.25664    0.00725017
-2.93215     1.25664    0.00842967
-2.72271     1.25664    0.0187337
-2.51327     1.25664    0.00380596
-2.30383     1.25664    0.0382119
-2.0944     1.25664    0.00885489
-1.88496     1.25664    0.00804162
-1.67552     1.25664    0.012786
-1.46608     1.25664    0.00222898
-1.25664     1.25664    0.0292968
-1.0472     1.25664    0.019837
-0.837758     1.25664    0.0121505
-0.628319     1.25664    0.0143098
-0.418879     1.25664    0.00844346
-0.20944     1.25664    0.00265121
0     1.25664    0.00581651
0.20944     1.25664    0.0027816
0.418879     1.25664    0.00876478
0.628319     1.25664    0.0142535
0.837758     1.25664    0.0125348
1.0472     1.25664    0.0198485
1.25664     1.25664    0.0291866
1.46608     1.25664    0.00206888
1.67552     1.25664    0.012909
1.88496     1.25664    0.00809758
2.0944     1.25664    0.00882132
2.30383     1.25664    0.0381669
2.51327     1.25664    0.00351246
2.72271     1.25664    0.0188245
2.93215     1.25664    0.00850844
3.14159     1.25664    0.00717232

-3.14159     1.46608    0.0169687
-2.93215     1.46608    0.000580625
-2.72271     1.46608    0.005677
-2.51327     1.46608    0.00817743
-2.30383     1.46608    0.0232401
-2.0944     1.46608    0.00204047
-1.88496     1.46608    0.00529513
-1.67552     1.46608    0.0283858
-1.46608     1.46608    0.0154706
-1.25664     1.46608    0.0146574
-1.0472     1.46608    0.0051299
-0.837758     1.46608    0.00168436
-0.628319     1.46608    0.0131821
-0.418879     1.46608    0.0130351
-0.20944     1.46608    0.00194141
0     1.46608    0.00566262
0.20944     1.46608    0.0019956
0.418879     1.46608    0.0131219
0.628319     1.46608    0.0130662
0.837758     1.46608    0.00164053
1.0472     1.46608    0.00488884
1.25664     1.46608    0.0147061
1.46608     1.46608    0.0154558
1.67552     1.46608    0.028388
1.88496     1.46608    0.00549851
2.0944     1.46608    0.0021832
2.30383     1.46608    0.0235006
2.51327     1.46608    0.00814672
2.72271     1.46608    0.00589533
2.93215     1.46608    0.000641453
3.14159     1.46608    0.016571

-3.14159     1.67552    0.0122876
-2.93215     1.67552    0.0124378
-2.72271     1.67552    0.00526783
-2.51327     1.67552    0.013034
-2.30383     1.67552    0.0101481
-2.0944     1.67552    0.011279
-1.88496     1.67552    0.00324355
-1.67552     1.67552    0.0104896
-1.46608     1.67552    0.0117056
-1.25664     1.67552    0.0166345
-1.0472     1.67552    0.0121482
-0.837758     1.67552    0.00152149
-0.628319     1.67552    0.018054
-0.418879     1.67552    0.0289849
-0.20944     1.67552    0.00833725
0     1.67552    0.0299094
0.20944     1.67552    0.00839276
0.418879     1.67552    0.0289237
0.628319     1.67552    0.0180607
0.837758     1.67552    0.000912106
1.0472     1.67552    0.0116514
1.25664     1.67552    0.016636
1.46608     1.67552    0.0116252
1.67552     1.67552    0.0103587
1.88496     1.67552    0.00320888
2.0944     1.67552    0.0111131
2.30383     1.67552    0.0101739
2.51327     1.67552    0.0131781
2.72271     1.67552    0.00523341
2.93215     1.67552    0.0127184
3.14159     1.67552    0.0124121

-3.14159     1.88496    0.0095118
-2.93215     1.88496    0.0176087
-2.72271     1.88496    0.00566704
-2.51327     1.88496    0.0168706
-2.30383     1.88496    0.0263696
-2.0944     1.88496    0.0228047
-1.88496     1.88496    0.0102999
-1.67552     1.88496    0.014019
-1.46608     1.88496    0.0164438
-1.25664     1.88496    0.0143571
-1.0472     1.88496    0.0259241
-0.837758     1.88496    0.0176076
-0.628319     1.88496    0.0150125
-0.418879     1.88496    0.00544304
-0.20944     1.88496    0.00684948
0     1.88496    0.00226837
0.20944     1.88496    0.00685567
0.418879     1.88496    0.00570535
0.628319     1.88496    0.0147668
0.837758     1.88496    0.0174859
1.0472     1.88496    0.0260174
1.25664     1.88496    0.0144103
1.46608     1.88496    0.0165741
1.67552     1.88496    0.0139199
1.88496     1.88496    0.0103414
2.0944     1.88496    0.0227897
2.30383     1.88496    0.0263793
2.51327     1.88496    0.0168536
2.72271     1.88496    0.00581273
2.93215     1.88496    0.0177484
3.14159     1.88496    0.0098658

-3.14159     2.0944    0.0173209
-2.93215     2.0944    0.0026055
-2.72271     2.0944    0.00962661
-2.51327     2.0944    0.00114271
-2.30383     2.0944    0.00583274
-2.0944     2.0944    0.000298599
-1.88496     2.0944    0.00352183
-1.67552     2.0944    0.0196522
-1.46608     2.0944    0.00825838
-1.25664     2.0944    0.00422502
-1.0472     2.0944    0.0057093
-0.837758     2.0944    0.0132793
-0.628319     2.0944    0.0157357
-0.418879     2.0944    0.0197295
-0.20944     2.0944    0.00865595
0     2.0944    0.0109237
0.20944     2.0944    0.00897384
0.418879     2.0944    0.0198068
0.628319     2.0944    0.0159194
0.837758     2.0944    0.0131904
1.0472     2.0944    0.00576324
1.25664     2.0944    0.00416356
1.46608     2.0944    0.00813471
1.67552     2.0944    0.0195753
1.88496     2.0944    0.00359775
2.0944     2.0944    0.00045964
2.30383     2.0944    0.00566783
2.51327     2.0944    0.00121545
2.72271     2.0944    0.00971058
2.93215     2.0944    0.00280846
3.14159     2.0944    0.0169711

-3.14159     2.30383    0.0108313
-2.93215     2.30383    0.0119377
-2.72271     2.30383    0.00462296
-2.51327     2.30383    0.0065901
-2.30383     2.30383    0.00722871
-2.0944     2.30383    0.0124447
-1.88496     2.30383    0.00200123
-1.67552     2.30383    0.00195694
-1.46608     2.30383    0.00250342
-1.25664     2.30383    0.00129676
-1.0472     2.30383    0.012956
-0.837758     2.30383    0.0165799
-0.628319     2.30383    0.00882337
-0.418879     2.30383    0.0217953
-0.20944     2.30383    0.00725506
0     2.30383    0.002153
0.20944     2.30383    0.00729389
0.418879     2.30383    0.0215916
0.628319     2.30383    0.00888296
0.837758     2.30383    0.0165768
1.0472     2.30383    0.0128402
1.25664     2.30383    0.00137398
1.46608     2.30383    0.00245592
1.67552     2.30383    0.00216765
1.88496     2.30383    0.00208238
2.0944     2.30383    0.0121229
2.30383     2.30383    0.0072825
2.51327     2.30383    0.00639998
2.72271     2.30383    0.00465088
2.93215     2.30383    0.01177
3.14159     2.30383    0.0106518

-3.14159     2.51327    0.00190453
-2.93215     2.51327    0.00509133
-2.72271     2.51327    0.00222031
-2.51327     2.51327    0.00883587
-2.30383     2.51327    0.00429358
-2.0944     2.51327    0.0301068
-1.88496     2.51327    0.014314
-1.67552     2.51327    0.000855873
-1.46608     2.51327    0.0345125
-1.25664     2.51327    0.00112351
-1.0472     2.51327    0.0150029
-0.837758     2.51327    0.0147431
-0.628319     2.51327    0.00711903
-0.418879     2.51327    0.00398811
-0.20944     2.51327    0.0030157
0     2.51327    0.0259845
0.20944     2.51327    0.00284828
0.418879     2.51327    0.00397652
0.628319     2.51327    0.0070361
0.837758     2.51327    0.0149583
1.0472     2.51327    0.0152205
1.25664     2.51327    0.00111717
1.46608     2.51327    0.0345498
1.67552     2.51327    0.000916091
1.88496     2.51327    0.0145083
2.0944     2.51327    0.0299062
2.30383     2.51327    0.00442037
2.51327     2.51327    0.00860102
2.72271     2.51327    0.00206455
2.93215     2.51327    0.0048848
3.14159     2.51327    0.0018035

-3.14159     2.72271    0.00341033
-2.93215     2.72271    0.00690271
-2.72271     2.72271    0.0054262
-2.51327     2.72271    0.00543147
-2.30383     2.72271    0.00507934
-2.0944     2.72271    0.00774713
-1.88496     2.72271    0.0077795
-1.67552     2.72271    0.00296343
-1.46608     2.72271    0.00898569
-1.25664     2.72271    0.0027756
-1.0472     2.72271    0.00146253
-0.837758     2.72271    0.00226605
-0.628319     2.72271    0.0181335
-0.418879     2.72271    0.0223011
-0.20944     2.72271    0.00574258
0     2.72271    0.0348756
0.20944     2.72271    0.00565126
0.418879     2.72271    0.0225629
0.628319     2.72271    0.0184076
0.837758     2.72271    0.00237221
1.0472     2.72271    0.00136898
1.25664     2.72271    0.00266838
1.46608     2.72271    0.00892537
1.67552     2.72271    0.00312543
1.88496     2.72271    0.0077575
2.0944     2.72271    0.00804334
2.30383     2.72271    0.00477702
2.51327     2.72271    0.00528023
2.72271     2.72271    0.00531728
2.93215     2.72271    0.00684081
3.14159     2.72271    0.00329384

-3.14159     2.93215    0.0211497
-2.93215     2.93215    0.00433203
-2.72271     2.93215    0.00734184
-2.51327     2.93215    0.00373415
-2.30383     2.93215    0.0101346
-2.0944     2.93215    0.0122179
-1.88496     2.93215    0.0131097
-1.67552     2.93215    0.00592307
-1.46608     2.93215    0.00512862
-1.25664     2.93215    0.0156717
-1.0472     2.93215    0.0211753
-0.837758     2.93215    0.00135578
-0.628319     2.93215    0.0141335
-0.418879     2.93215    0.022492
-0.20944     2.93215    0.0152488
0     2.93215    0.0132078
0.20944     2.93215    0.015003
0.418879     2.93215    0.0224298
0.628319     2.93215    0.0144846
0.837758     2.93215    0.00139525
1.0472     2.93215    0.0211925
1.25664     2.93215    0.0156835
1.46608     2.93215    0.00502405
1.67552     2.93215    0.00580581
1.88496     2.93215    0.0130874
2.0944     2.93215    0.0121556
2.30383     2.93215    0.0104326
2.51327     2.93215    0.00379269
2.72271     2.93215    0.00736742
2.93215     2.93215    0.00422661
3.14159     2.93215    0.021428

-3.14159     3.14159    0.0262993
-2.93215     3.14159    0.0145708
-2.72271     3.14159    0.00891979
-2.51327     3.14159    0.00609226
-2.30383     3.14159    0.00511635
-2.0944     3.14159    0.0115439
-1.88496     3.14159    0.0166703
-1.67552     3.14159    0.0181794
-1.46608     3.14159    0.0162027
-1.25664     3.14159    0.0146524
-1.0472     3.14159    0.019779
-0.837758     3.14159    0.0068703
-0.628319     3.14159    0.00453928
-0.418879     3.14159    0.0127066
-0.20944     3.14159    0.00786293
0     3.14159    0.00208324
0.20944     3.14159    0.00803299
0.418879     3.14159    0.0125687
0.628319     3.14159    0.00429132
0.837758     3.14159    0.00682115
1.0472     3.14159    0.019941
1.25664     3.14159    0.0147962
1.46608     3.14159    0.0161208
1.67552     3.14159    0.0179361
1.88496     3.14159    0.0164796
2.0944     3.14159    0.0115062
2.30383     3.14159    0.0054197
2.51327     3.14159    0.00645668
2.72271     3.14159    0.00906185
2.93215     3.14159    0.014584
3.14159     3.14159    0.026528

