-3.14159     -3.14159    6.92135e-05
-2.93215     -3.14159    2.66278e-05
-2.72271     -3.14159    1.73109e-05
-2.51327     -3.14159    5.52859e-05
-2.30383     -3.14159    3.91828e-05
-2.0944     -3.14159    6.84476e-07
-1.88496     -3.14159    2.53342e-05
-1.67552     -3.14159    1.96612e-05
-1.46608     -3.14159    9.3083e-06
-1.25664     -3.14159    2.63914e-05
-1.0472     -3.14159    8.47702e-05
-0.837758     -3.14159    9.78358e-05
-0.628319     -3.14159    0.000116347
-0.418879     -3.14159    0.000126375
-0.20944     -3.14159    0.000136932
0     -3.14159    0.000148981
0.20944     -3.14159    0.000136943
0.418879     -3.14159    0.000126366
0.628319     -3.14159    0.000116336
0.837758     -3.14159    9.7828e-05
1.0472     -3.14159    8.47618e-05
1.25664     -3.14159    2.6383e-05
1.46608     -3.14159    9.31215e-06
1.67552     -3.14159    1.96588e-05
1.88496     -3.14159    2.53268e-05
2.0944     -3.14159    6.69435e-07
2.30383     -3.14159    3.91979e-05
2.51327     -3.14159    5.52897e-05
2.72271     -3.14159    1.73116e-05
2.93215     -3.14159    2.66256e-05
3.14159     -3.14159    6.92146e-05

-3.14159     -2.93215    0.000105253
-2.93215     -2.93215    5.33175e-05
-2.72271     -2.93215    1.03232e-05
-2.51327     -2.93215    4.43793e-06
-2.30383     -2.93215    4.07638e-05
-2.0944     -2.93215    3.53129e-05
-1.88496     -2.93215    1.43505e-05
-1.67552     -2.93215    2.96028e-05
-1.46608     -2.93215    7.48282e-06
-1.25664     -2.93215    3.01957e-05
-1.0472     -2.93215    9.62679e-05
-0.837758     -2.93215    0.000120352
-0.628319     -2.93215    0.000139154
-0.418879     -2.93215    0.000159566
-0.20944     -2.93215    0.000165751
0     -2.93215    0.000159703
0.20944     -2.93215    0.000165727
0.418879     -2.93215    0.00015952
0.628319     -2.93215    0.000139151
0.837758     -2.93215    0.000120347
1.0472     -2.93215    9.62591e-05
1.25664     -2.93215    3.01876e-05
1.46608     -2.93215    7.47563e-06
1.67552     -2.93215    2.95945e-05
1.88496     -2.93215    1.43369e-05
2.0944     -2.93215    3.533e-05
2.30383     -2.93215    4.0775e-05
2.51327     -2.93215    4.43809e-06
2.72271     -2.93215    1.03269e-05
2.93215     -2.93215    5.33232e-05
3.14159     -2.93215    0.000105256

-3.14159     -2.72271    9.43301e-05
-2.93215     -2.72271    4.02334e-05
-2.72271     -2.72271    1.09671e-06
-2.51327     -2.72271    8.67869e-06
-2.30383     -2.72271    2.03612e-05
-2.0944     -2.72271    1.86655e-06
-1.88496     -2.72271    5.16698e-06
-1.67552     -2.72271    1.622e-05
-1.46608     -2.72271    1.46339e-05
-1.25664     -2.72271    9.22259e-06
-1.0472     -2.72271    7.46679e-05
-0.837758     -2.72271    0.000108807
-0.628319     -2.72271    0.00013469
-0.418879     -2.72271    0.00014664
-0.20944     -2.72271    0.000160159
0     -2.72271    0.000171482
0.20944     -2.72271    0.000160181
0.418879     -2.72271    0.000146718
0.628319     -2.72271    0.000134688
0.837758     -2.72271    0.000108799
1.0472     -2.72271    7.46619e-05
1.25664     -2.72271    9.21472e-06
1.46608     -2.72271    1.46272e-05
1.67552     -2.72271    1.62097e-05
1.88496     -2.72271    5.15089e-06
2.0944     -2.72271    1.85787e-06
2.30383     -2.72271    2.03551e-05
2.51327     -2.72271    8.67517e-06
2.72271     -2.72271    1.09431e-06
2.93215     -2.72271    4.02359e-05
3.14159     -2.72271    9.43279e-05

-3.14159     -2.51327    8.6244e-05
-2.93215     -2.51327    2.35193e-05
-2.72271     -2.51327    2.06981e-06
-2.51327     -2.51327    9.4287e-06
-2.30383     -2.51327    5.74078e-05
-2.0944     -2.51327    7.9102e-05
-1.88496     -2.51327    3.3388e-05
-1.67552     -2.51327    9.36121e-07
-1.46608     -2.51327    2.45096e-05
-1.25664     -2.51327    8.49994e-06
-1.0472     -2.51327    7.12248e-05
-0.837758     -2.51327    0.000111591
-0.628319     -2.51327    0.000130071
-0.418879     -2.51327    0.000129809
-0.20944     -2.51327    0.000143299
0     -2.51327    0.000152569
0.20944     -2.51327    0.000143287
0.418879     -2.51327    0.000129703
0.628319     -2.51327    0.000130068
0.837758     -2.51327    0.000111586
1.0472     -2.51327    7.12175e-05
1.25664     -2.51327    8.49171e-06
1.46608     -2.51327    2.45016e-05
1.67552     -2.51327    9.27058e-07
1.88496     -2.51327    3.33759e-05
2.0944     -2.51327    7.90946e-05
2.30383     -2.51327    5.73964e-05
2.51327     -2.51327    9.42547e-06
2.72271     -2.51327    2.07022e-06
2.93215     -2.51327    2.35186e-05
3.14159     -2.51327    8.62401e-05

-3.14159     -2.30383    5.74259e-05
-2.93215     -2.30383    9.21031e-06
-2.72271     -2.30383    1.52293e-05
-2.51327     -2.30383    6.73988e-05
-2.30383     -2.30383    9.61978e-05
-2.0944     -2.30383    0.000110717
-1.88496     -2.30383    7.85294e-05
-1.67552     -2.30383    3.08537e-05
-1.46608     -2.30383    1.06743e-05
-1.25664     -2.30383    8.80758e-06
-1.0472     -2.30383    5.65159e-05
-0.837758     -2.30383    0.000112675
-0.628319     -2.30383    0.000131415
-0.418879     -2.30383    0.000140684
-0.20944     -2.30383    0.000141057
0     -2.30383    0.000144233
0.20944     -2.30383    0.000141053
0.418879     -2.30383    0.000140796
0.628319     -2.30383    0.000131411
0.837758     -2.30383    0.000112668
1.0472     -2.30383    5.65089e-05
1.25664     -2.30383    8.79927e-06
1.46608     -2.30383    1.06664e-05
1.67552     -2.30383    3.08504e-05
1.88496     -2.30383    7.85244e-05
2.0944     -2.30383    0.000110711
2.30383     -2.30383    9.61893e-05
2.51327     -2.30383    6.73918e-05
2.72271     -2.30383    1.52267e-05
2.93215     -2.30383    9.20997e-06
3.14159     -2.30383    5.74238e-05

-3.14159     -2.0944    2.72922e-05
-2.93215     -2.0944    1.25051e-05
-2.72271     -2.0944    4.84717e-05
-2.51327     -2.0944    9.74833e-05
-2.30383     -2.0944    0.00012785
-2.0944     -2.0944    0.000126871
-1.88496     -2.0944    0.000102764
-1.67552     -2.0944    9.42213e-05
-1.46608     -2.0944    4.50834e-05
-1.25664     -2.0944    1.33962e-05
-1.0472     -2.0944    3.95688e-05
-0.837758     -2.0944    8.07135e-05
-0.628319     -2.0944    0.000111227
-0.418879     -2.0944    0.000131752
-0.20944     -2.0944    0.000125163
0     -2.0944    0.000127134
0.20944     -2.0944    0.000125189
0.418879     -2.0944    0.000131654
0.628319     -2.0944    0.000111224
0.837758     -2.0944    8.07101e-05
1.0472     -2.0944    3.95608e-05
1.25664     -2.0944    1.33877e-05
1.46608     -2.0944    4.50776e-05
1.67552     -2.0944    9.42201e-05
1.88496     -2.0944    0.000102761
2.0944     -2.0944    0.000126865
2.30383     -2.0944    0.000127842
2.51327     -2.0944    9.74745e-05
2.72271     -2.0944    4.84661e-05
2.93215     -2.0944    1.25031e-05
3.14159     -2.0944    2.7289e-05

-3.14159     -1.88496    1.14448e-05
-2.93215     -1.88496    2.8552e-05
-2.72271     -1.88496    9.1372e-05
-2.51327     -1.88496    0.00013605
-2.30383     -1.88496    0.000154501
-2.0944     -1.88496    0.000139021
-1.88496     -1.88496    0.000124135
-1.67552     -1.88496    0.000119283
-1.46608     -1.88496    8.92436e-05
-1.25664     -1.88496    4.74804e-05
-1.0472     -1.88496    4.16635e-05
-0.837758     -1.88496    6.27772e-05
-0.628319     -1.88496    9.42496e-05
-0.418879     -1.88496    0.000108074
-0.20944     -1.88496    0.000102746
0     -1.88496    0.000102667
0.20944     -1.88496    0.000102693
0.418879     -1.88496    0.000108148
0.628319     -1.88496    9.42563e-05
0.837758     -1.88496    6.27737e-05
1.0472     -1.88496    4.16574e-05
1.25664     -1.88496    4.74743e-05
1.46608     -1.88496    8.92387e-05
1.67552     -1.88496    0.000119282
1.88496     -1.88496    0.000124132
2.0944     -1.88496    0.000139014
2.30383     -1.88496    0.00015449
2.51327     -1.88496    0.00013604
2.72271     -1.88496    9.13641e-05
2.93215     -1.88496    2.8548e-05
3.14159     -1.88496    1.14431e-05

-3.14159     -1.67552    1.48128e-05
-2.93215     -1.67552    6.88151e-05
-2.72271     -1.67552    0.000133401
-2.51327     -1.67552    0.000156999
-2.30383     -1.67552    0.000164582
-2.0944     -1.67552    0.000138558
-1.88496     -1.67552    0.000133863
-1.67552     -1.67552    0.00013249
-1.46608     -1.67552    9.92245e-05
-1.25664     -1.67552    6.7e-05
-1.0472     -1.67552    3.87651e-05
-0.837758     -1.67552    3.79121e-05
-0.628319     -1.67552    7.4696e-05
-0.418879     -1.67552    8.85723e-05
-0.20944     -1.67552    7.26351e-05
0     -1.67552    7.78534e-05
0.20944     -1.67552    7.27106e-05
0.418879     -1.67552    8.85379e-05
0.628319     -1.67552    7.46887e-05
0.837758     -1.67552    3.79105e-05
1.0472     -1.67552    3.87526e-05
1.25664     -1.67552    6.69949e-05
1.46608     -1.67552    9.92207e-05
1.67552     -1.67552    0.000132491
1.88496     -1.67552    0.00013386
2.0944     -1.67552    0.000138551
2.30383     -1.67552    0.000164573
2.51327     -1.67552    0.000156988
2.72271     -1.67552    0.00013339
2.93215     -1.67552    6.88082e-05
3.14159     -1.67552    1.48105e-05

-3.14159     -1.46608    3.54362e-05
-2.93215     -1.46608    0.000104696
-2.72271     -1.46608    0.000155745
-2.51327     -1.46608    0.000160244
-2.30383     -1.46608    0.000167684
-2.0944     -1.46608    0.000143807
-1.88496     -1.46608    0.000135524
-1.67552     -1.46608    0.000139609
-1.46608     -1.46608    0.000114737
-1.25664     -1.46608    8.78261e-05
-1.0472     -1.46608    4.77022e-05
-0.837758     -1.46608    3.0565e-05
-0.628319     -1.46608    5.05749e-05
-0.418879     -1.46608    6.73424e-05
-0.20944     -1.46608    4.3404e-05
0     -1.46608    4.30316e-05
0.20944     -1.46608    4.32854e-05
0.418879     -1.46608    6.73012e-05
0.628319     -1.46608    5.05777e-05
0.837758     -1.46608    3.05532e-05
1.0472     -1.46608    4.76946e-05
1.25664     -1.46608    8.78216e-05
1.46608     -1.46608    0.000114739
1.67552     -1.46608    0.000139608
1.88496     -1.46608    0.000135519
2.0944     -1.46608    0.000143802
2.30383     -1.46608    0.000167678
2.51327     -1.46608    0.000160238
2.72271     -1.46608    0.000155735
2.93215     -1.46608    0.000104688
3.14159     -1.46608    3.54332e-05

-3.14159     -1.25664    6.862e-05
-2.93215     -1.25664    0.000120911
-2.72271     -1.25664    0.00015745
-2.51327     -1.25664    0.00016743
-2.30383     -1.25664    0.000165328
-2.0944     -1.25664    0.000145971
-1.88496     -1.25664    0.000142851
-1.67552     -1.25664    0.000124628
-1.46608     -1.25664    0.000107056
-1.25664     -1.25664    9.55748e-05
-1.0472     -1.25664    6.52742e-05
-0.837758     -1.25664    4.97471e-05
-0.628319     -1.25664    5.45564e-05
-0.418879     -1.25664    6.09521e-05
-0.20944     -1.25664    4.42523e-05
0     -1.25664    2.76922e-05
0.20944     -1.25664    4.43615e-05
0.418879     -1.25664    6.10525e-05
0.628319     -1.25664    5.45447e-05
0.837758     -1.25664    4.97608e-05
1.0472     -1.25664    6.52837e-05
1.25664     -1.25664    9.55752e-05
1.46608     -1.25664    0.000107055
1.67552     -1.25664    0.000124629
1.88496     -1.25664    0.000142849
2.0944     -1.25664    0.00014597
2.30383     -1.25664    0.000165331
2.51327     -1.25664    0.000167427
2.72271     -1.25664    0.000157444
2.93215     -1.25664    0.000120904
3.14159     -1.25664    6.86177e-05

-3.14159     -1.0472    9.00578e-05
-2.93215     -1.0472    0.000136237
-2.72271     -1.0472    0.000159772
-2.51327     -1.0472    0.000147291
-2.30383     -1.0472    0.000139539
-2.0944     -1.0472    0.000140483
-1.88496     -1.0472    0.000135317
-1.67552     -1.0472    0.000110761
-1.46608     -1.0472    9.25834e-05
-1.25664     -1.0472    6.46857e-05
-1.0472     -1.0472    6.40233e-05
-0.837758     -1.0472    5.51678e-05
-0.628319     -1.0472    5.75609e-05
-0.418879     -1.0472    6.37672e-05
-0.20944     -1.0472    5.50058e-05
0     -1.0472    9.79568e-06
0.20944     -1.0472    5.48993e-05
0.418879     -1.0472    6.36356e-05
0.628319     -1.0472    5.75801e-05
0.837758     -1.0472    5.51606e-05
1.0472     -1.0472    6.40301e-05
1.25664     -1.0472    6.46875e-05
1.46608     -1.0472    9.25829e-05
1.67552     -1.0472    0.00011076
1.88496     -1.0472    0.000135315
2.0944     -1.0472    0.000140485
2.30383     -1.0472    0.000139546
2.51327     -1.0472    0.000147293
2.72271     -1.0472    0.000159772
2.93215     -1.0472    0.000136232
3.14159     -1.0472    9.00536e-05

-3.14159     -0.837758    9.78817e-05
-2.93215     -0.837758    0.000123196
-2.72271     -0.837758    0.000136264
-2.51327     -0.837758    0.00013106
-2.30383     -0.837758    0.000134102
-2.0944     -0.837758    0.000142676
-1.88496     -0.837758    0.000120501
-1.67552     -0.837758    9.83917e-05
-1.46608     -0.837758    8.02912e-05
-1.25664     -0.837758    4.74734e-05
-1.0472     -0.837758    3.97954e-05
-0.837758     -0.837758    6.79209e-05
-0.628319     -0.837758    6.41258e-05
-0.418879     -0.837758    6.47474e-05
-0.20944     -0.837758    6.63158e-05
0     -0.837758    4.12705e-05
0.20944     -0.837758    6.6406e-05
0.418879     -0.837758    6.50194e-05
0.628319     -0.837758    6.41628e-05
0.837758     -0.837758    6.79162e-05
1.0472     -0.837758    3.97954e-05
1.25664     -0.837758    4.74758e-05
1.46608     -0.837758    8.02894e-05
1.67552     -0.837758    9.83861e-05
1.88496     -0.837758    0.000120498
2.0944     -0.837758    0.000142679
2.30383     -0.837758    0.000134103
2.51327     -0.837758    0.000131064
2.72271     -0.837758    0.000136269
2.93215     -0.837758    0.000123198
3.14159     -0.837758    9.78814e-05

-3.14159     -0.628319    0.000102082
-2.93215     -0.628319    0.000115093
-2.72271     -0.628319    0.000108736
-2.51327     -0.628319    0.000128208
-2.30383     -0.628319    0.000132938
-2.0944     -0.628319    0.000129255
-1.88496     -0.628319    0.000113955
-1.67552     -0.628319    9.30157e-05
-1.46608     -0.628319    5.6502e-05
-1.25664     -0.628319    3.76468e-05
-1.0472     -0.628319    1.93826e-05
-0.837758     -0.628319    3.01292e-05
-0.628319     -0.628319    6.80292e-05
-0.418879     -0.628319    7.62437e-05
-0.20944     -0.628319    7.94714e-05
0     -0.628319    3.52282e-05
0.20944     -0.628319    7.98726e-05
0.418879     -0.628319    7.59761e-05
0.628319     -0.628319    6.80153e-05
0.837758     -0.628319    3.01555e-05
1.0472     -0.628319    1.93899e-05
1.25664     -0.628319    3.76452e-05
1.46608     -0.628319    5.64922e-05
1.67552     -0.628319    9.30116e-05
1.88496     -0.628319    0.000113956
2.0944     -0.628319    0.000129255
2.30383     -0.628319    0.000132936
2.51327     -0.628319    0.000128207
2.72271     -0.628319    0.000108738
2.93215     -0.628319    0.000115098
3.14159     -0.628319    0.000102085

-3.14159     -0.418879    4.5856e-05
-2.93215     -0.418879    5.36087e-05
-2.72271     -0.418879    8.33547e-05
-2.51327     -0.418879    0.000105158
-2.30383     -0.418879    0.00010527
-2.0944     -0.418879    9.60036e-05
-1.88496     -0.418879    9.85173e-05
-1.67552     -0.418879    8.59212e-05
-1.46608     -0.418879    6.2955e-05
-1.25664     -0.418879    4.72357e-05
-1.0472     -0.418879    4.38475e-05
-0.837758     -0.418879    2.69935e-05
-0.628319     -0.418879    4.07574e-05
-0.418879     -0.418879    8.25319e-05
-0.20944     -0.418879    9.64676e-05
0     -0.418879    0.000133204
0.20944     -0.418879    9.614e-05
0.418879     -0.418879    8.22321e-05
0.628319     -0.418879    4.07661e-05
0.837758     -0.418879    2.69523e-05
1.0472     -0.418879    4.38546e-05
1.25664     -0.418879    4.72265e-05
1.46608     -0.418879    6.29516e-05
1.67552     -0.418879    8.59167e-05
1.88496     -0.418879    9.85099e-05
2.0944     -0.418879    9.60023e-05
2.30383     -0.418879    0.000105272
2.51327     -0.418879    0.000105161
2.72271     -0.418879    8.33544e-05
2.93215     -0.418879    5.36119e-05
3.14159     -0.418879    4.58562e-05

-3.14159     -0.20944    5.35052e-06
-2.93215     -0.20944    5.91822e-06
-2.72271     -0.20944    3.08786e-05
-2.51327     -0.20944    4.56823e-05
-2.30383     -0.20944    5.79511e-05
-2.0944     -0.20944    6.07164e-05
-1.88496     -0.20944    5.75176e-05
-1.67552     -0.20944    5.45526e-05
-1.46608     -0.20944    6.10111e-05
-1.25664     -0.20944    6.22362e-05
-1.0472     -0.20944    6.53484e-05
-0.837758     -0.20944    6.95066e-05
-0.628319     -0.20944    5.94442e-05
-0.418879     -0.20944    9.21367e-05
-0.20944     -0.20944    0.000142238
0     -0.20944    0.000136814
0.20944     -0.20944    0.000142793
0.418879     -0.20944    9.26877e-05
0.628319     -0.20944    5.94249e-05
0.837758     -0.20944    6.95016e-05
1.0472     -0.20944    6.53406e-05
1.25664     -0.20944    6.22319e-05
1.46608     -0.20944    6.10099e-05
1.67552     -0.20944    5.45479e-05
1.88496     -0.20944    5.75153e-05
2.0944     -0.20944    6.0715e-05
2.30383     -0.20944    5.79523e-05
2.51327     -0.20944    4.56839e-05
2.72271     -0.20944    3.08802e-05
2.93215     -0.20944    5.91467e-06
3.14159     -0.20944    5.35094e-06

-3.14159     0    1.69364e-05
-2.93215     0    2.52473e-05
-2.72271     0    8.57702e-07
-2.51327     0    7.54574e-06
-2.30383     0    2.78761e-05
-2.0944     0    4.13451e-05
-1.88496     0    3.00993e-05
-1.67552     0    3.18937e-05
-1.46608     0    4.34337e-05
-1.25664     0    5.78455e-05
-1.0472     0    6.06097e-05
-0.837758     0    7.02482e-05
-0.628319     0    9.6343e-05
-0.418879     0    0.000105157
-0.20944     0    0.000176324
0     0    1.79045e-16
0.20944     0    0.000176324
0.418879     0    0.000105157
0.628319     0    9.6343e-05
0.837758     0    7.02482e-05
1.0472     0    6.06097e-05
1.25664     0    5.78455e-05
1.46608     0    4.34337e-05
1.67552     0    3.18937e-05
1.88496     0    3.00993e-05
2.0944     0    4.13451e-05
2.30383     0    2.78761e-05
2.51327     0    7.54574e-06
2.72271     0    8.57702e-07
2.93215     0    2.52473e-05
3.14159     0    1.69364e-05

-3.14159     0.20944    5.35094e-06
-2.93215     0.20944    5.91467e-06
-2.72271     0.20944    3.08802e-05
-2.51327     0.20944    4.56839e-05
-2.30383     0.20944    5.79523e-05
-2.0944     0.20944    6.0715e-05
-1.88496     0.20944    5.75153e-05
-1.67552     0.20944    5.45479e-05
-1.46608     0.20944    6.10099e-05
-1.25664     0.20944    6.22319e-05
-1.0472     0.20944    6.53406e-05
-0.837758     0.20944    6.95016e-05
-0.628319     0.20944    5.94249e-05
-0.418879     0.20944    9.26877e-05
-0.20944     0.20944    0.000142793
0     0.20944    0.000136814
0.20944     0.20944    0.000142238
0.418879     0.20944    9.21367e-05
0.628319     0.20944    5.94442e-05
0.837758     0.20944    6.95066e-05
1.0472     0.20944    6.53484e-05
1.25664     0.20944    6.22362e-05
1.46608     0.20944    6.10111e-05
1.67552     0.20944    5.45526e-05
1.88496     0.20944    5.75176e-05
2.0944     0.20944    6.07164e-05
2.30383     0.20944    5.79511e-05
2.51327     0.20944    4.56823e-05
2.72271     0.20944    3.08786e-05
2.93215     0.20944    5.91822e-06
3.14159     0.20944    5.35052e-06

-3.14159     0.418879    4.58562e-05
-2.93215     0.418879    5.36119e-05
-2.72271     0.418879    8.33544e-05
-2.51327     0.418879    0.000105161
-2.30383     0.418879    0.000105272
-2.0944     0.418879    9.60023e-05
-1.88496     0.418879    9.85099e-05
-1.67552     0.418879    8.59167e-05
-1.46608     0.418879    6.29516e-05
-1.25664     0.418879    4.72265e-05
-1.0472     0.418879    4.38546e-05
-0.837758     0.418879    2.69523e-05
-0.628319     0.418879    4.07661e-05
-0.418879     0.418879    8.22321e-05
-0.20944     0.418879    9.614e-05
0     0.418879    0.000133204
0.20944     0.418879    9.64676e-05
0.418879     0.418879    8.25319e-05
0.628319     0.418879    4.07574e-05
0.837758     0.418879    2.69935e-05
1.0472     0.418879    4.38475e-05
1.25664     0.418879    4.72357e-05
1.46608     0.418879    6.2955e-05
1.67552     0.418879    8.59212e-05
1.88496     0.418879    9.85173e-05
2.0944     0.418879    9.60036e-05
2.30383     0.418879    0.00010527
2.51327     0.418879    0.000105158
2.72271     0.418879    8.33547e-05
2.93215     0.418879    5.36087e-05
3.14159     0.418879    4.5856e-05

-3.14159     0.628319    0.000102085
-2.93215     0.628319    0.000115098
-2.72271     0.628319    0.000108738
-2.51327     0.628319    0.000128207
-2.30383     0.628319    0.000132936
-2.0944     0.628319    0.000129255
-1.88496     0.628319    0.000113956
-1.67552     0.628319    9.30116e-05
-1.46608     0.628319    5.64922e-05
-1.25664     0.628319    3.76452e-05
-1.0472     0.628319    1.93899e-05
-0.837758     0.628319    3.01555e-05
-0.628319     0.628319    6.80153e-05
-0.418879     0.628319    7.59761e-05
-0.20944     0.628319    7.98726e-05
0     0.628319    3.52282e-05
0.20944     0.628319    7.94714e-05
0.418879     0.628319    7.62437e-05
0.628319     0.628319    6.80292e-05
0.837758     0.628319    3.01292e-05
1.0472     0.628319    1.93826e-05
1.25664     0.628319    3.76468e-05
1.46608     0.628319    5.6502e-05
1.67552     0.628319    9.30157e-05
1.88496     0.628319    0.000113955
2.0944     0.628319    0.000129255
2.30383     0.628319    0.000132938
2.51327     0.628319    0.000128208
2.72271     0.628319    0.000108736
2.93215     0.628319    0.000115093
3.14159     0.628319    0.000102082

-3.14159     0.837758    9.78814e-05
-2.93215     0.837758    0.000123198
-2.72271     0.837758    0.000136269
-2.51327     0.837758    0.000131064
-2.30383     0.837758    0.000134103
-2.0944     0.837758    0.000142679
-1.88496     0.837758    0.000120498
-1.67552     0.837758    9.83861e-05
-1.46608     0.837758    8.02894e-05
-1.25664     0.837758    4.74758e-05
-1.0472     0.837758    3.97954e-05
-0.837758     0.837758    6.79162e-05
-0.628319     0.837758    6.41628e-05
-0.418879     0.837758    6.50194e-05
-0.20944     0.837758    6.6406e-05
0     0.837758    4.12705e-05
0.20944     0.837758    6.63158e-05
0.418879     0.837758    6.47474e-05
0.628319     0.837758    6.41258e-05
0.837758     0.837758    6.79209e-05
1.0472     0.837758    3.97954e-05
1.25664     0.837758    4.74734e-05
1.46608     0.837758    8.02912e-05
1.67552     0.837758    9.83917e-05
1.88496     0.837758    0.000120501
2.0944     0.837758    0.000142676
2.30383     0.837758    0.000134102
2.51327     0.837758    0.00013106
2.72271     0.837758    0.000136264
2.93215     0.837758    0.000123196
3.14159     0.837758    9.78817e-05

-3.14159     1.0472    9.00536e-05
-2.93215     1.0472    0.000136232
-2.72271     1.0472    0.000159772
-2.51327     1.0472    0.000147293
-2.30383     1.0472    0.000139546
-2.0944     1.0472    0.000140485
-1.88496     1.0472    0.000135315
-1.67552     1.0472    0.00011076
-1.46608     1.0472    9.25829e-05
-1.25664     1.0472    6.46875e-05
-1.0472     1.0472    6.40301e-05
-0.837758     1.0472    5.51606e-05
-0.628319     1.0472    5.75801e-05
-0.418879     1.0472    6.36356e-05
-0.20944     1.0472    5.48993e-05
0     1.0472    9.79568e-06
0.20944     1.0472    5.50058e-05
0.418879     1.0472    6.37672e-05
0.628319     1.0472    5.75609e-05
0.837758     1.0472    5.51678e-05
1.0472     1.0472    6.40233e-05
1.25664     1.0472    6.46857e-05
1.46608     1.0472    9.25834e-05
1.67552     1.0472    0.000110761
1.88496     1.0472    0.000135317
2.0944     1.0472    0.000140483
2.30383     1.0472    0.000139539
2.51327     1.0472    0.000147291
2.72271     1.0472    0.000159772
2.93215     1.0472    0.000136237
3.14159     1.0472    9.00578e-05

-3.14159     1.25664    6.86177e-05
-2.93215     1.25664    0.000120904
-2.72271     1.25664    0.000157444
-2.51327     1.25664    0.000167427
-2.30383     1.25664    0.000165331
-2.0944     1.25664    0.00014597
-1.88496     1.25664    0.000142849
-1.67552     1.25664    0.000124629
-1.46608     1.25664    0.000107055
-1.25664     1.25664    9.55752e-05
-1.0472     1.25664    6.52837e-05
-0.837758     1.25664    4.97608e-05
-0.628319     1.25664    5.45447e-05
-0.418879     1.25664    6.10525e-05
-0.20944     1.25664    4.43615e-05
0     1.25664    2.76922e-05
0.20944     1.25664    4.42523e-05
0.418879     1.25664    6.09521e-05
0.628319     1.25664    5.45564e-05
0.837758     1.25664    4.97471e-05
1.0472     1.25664    6.52742e-05
1.25664     1.25664    9.55748e-05
1.46608     1.25664    0.000107056
1.67552     1.25664    0.000124628
1.88496     1.25664    0.000142851
2.0944     1.25664    0.000145971
2.30383     1.25664    0.000165328
2.51327     1.25664    0.00016743
2.72271     1.25664    0.00015745
2.93215     1.25664    0.000120911
3.14159     1.25664    6.862e-05

-3.14159     1.46608    3.54332e-05
-2.93215     1.46608    0.000104688
-2.72271     1.46608    0.000155735
-2.51327     1.46608    0.000160238
-2.30383     1.46608    0.000167678
-2.0944     1.46608    0.000143802
-1.88496     1.46608    0.000135519
-1.67552     1.46608    0.000139608
-1.46608     1.46608    0.000114739
-1.25664     1.46608    8.78216e-05
-1.0472     1.46608    4.76946e-05
-0.837758     1.46608    3.05532e-05
-0.628319     1.46608    5.05777e-05
-0.418879     1.46608    6.73012e-05
-0.20944     1.46608    4.32854e-05
0     1.46608    4.30316e-05
0.20944     1.46608    4.3404e-05
0.418879     1.46608    6.73424e-05
0.628319     1.46608    5.05749e-05
0.837758     1.46608    3.0565e-05
1.0472     1.46608    4.77022e-05
1.25664     1.46608    8.78261e-05
1.46608     1.46608    0.000114737
1.67552     1.46608    0.000139609
1.88496     1.46608    0.000135524
2.0944     1.46608    0.000143807
2.30383     1.46608    0.000167684
2.51327     1.46608    0.000160244
2.72271     1.46608    0.000155745
2.93215     1.46608    0.000104696
3.14159     1.46608    3.54362e-05

-3.14159     1.67552    1.48105e-05
-2.93215     1.67552    6.88082e-05
-2.72271     1.67552    0.00013339
-2.51327     1.67552    0.000156988
-2.30383     1.67552    0.000164573
-2.0944     1.67552    0.000138551
-1.88496     1.67552    0.00013386
-1.67552     1.67552    0.000132491
-1.46608     1.67552    9.92207e-05
-1.25664     1.67552    6.69949e-05
-1.0472     1.67552    3.87526e-05
-0.837758     1.67552    3.79105e-05
-0.628319     1.67552    7.46887e-05
-0.418879     1.67552    8.85379e-05
-0.20944     1.67552    7.27106e-05
0     1.67552    7.78534e-05
0.20944     1.67552    7.26351e-05
0.418879     1.67552    8.85723e-05
0.628319     1.67552    7.4696e-05
0.837758     1.67552    3.79121e-05
1.0472     1.67552    3.87651e-05
1.25664     1.67552    6.7e-05
1.46608     1.67552    9.92245e-05
1.67552     1.67552    0.00013249
1.88496     1.67552    0.000133863
2.0944     1.67552    0.000138558
2.30383     1.67552    0.000164582
2.51327     1.67552    0.000156999
2.72271     1.67552    0.000133401
2.93215     1.67552    6.88151e-05
3.14159     1.67552    1.48128e-05

-3.14159     1.88496    1.14431e-05
-2.93215     1.88496    2.8548e-05
-2.72271     1.88496    9.13641e-05
-2.51327     1.88496    0.00013604
-2.30383     1.88496    0.00015449
-2.0944     1.88496    0.000139014
-1.88496     1.88496    0.000124132
-1.67552     1.88496    0.000119282
-1.46608     1.88496    8.92387e-05
-1.25664     1.88496    4.74743e-05
-1.0472     1.88496    4.16574e-05
-0.837758     1.88496    6.27737e-05
-0.628319     1.88496    9.42563e-05
-0.418879     1.88496    0.000108148
-0.20944     1.88496    0.000102693
0     1.88496    0.000102667
0.20944     1.88496    0.000102746
0.418879     1.88496    0.000108074
0.628319     1.88496    9.42496e-05
0.837758     1.88496    6.27772e-05
1.0472     1.88496    4.16635e-05
1.25664     1.88496    4.74804e-05
1.46608     1.88496    8.92436e-05
1.67552     1.88496    0.000119283
1.88496     1.88496    0.000124135
2.0944     1.88496    0.000139021
2.30383     1.88496    0.000154501
2.51327     1.88496    0.00013605
2.72271     1.88496    9.1372e-05
2.93215     1.88496    2.8552e-05
3.14159     1.88496    1.14448e-05

-3.14159     2.0944    2.7289e-05
-2.93215     2.0944    1.25031e-05
-2.72271     2.0944    4.84661e-05
-2.51327     2.0944    9.74745e-05
-2.30383     2.0944    0.000127842
-2.0944     2.0944    0.000126865
-1.88496     2.0944    0.000102761
-1.67552     2.0944    9.42201e-05
-1.46608     2.0944    4.50776e-05
-1.25664     2.0944    1.33877e-05
-1.0472     2.0944    3.95608e-05
-0.837758     2.0944    8.07101e-05
-0.628319     2.0944    0.000111224
-0.418879     2.0944    0.000131654
-0.20944     2.0944    0.000125189
0     2.0944    0.000127134
0.20944     2.0944    0.000125163
0.418879     2.0944    0.000131752
0.628319     2.0944    0.000111227
0.837758     2.0944    8.07135e-05
1.0472     2.0944    3.95688e-05
1.25664     2.0944    1.33962e-05
1.46608     2.0944    4.50834e-05
1.67552     2.0944    9.42213e-05
1.88496     2.0944    0.000102764
2.0944     2.0944    0.000126871
2.30383     2.0944    0.00012785
2.51327     2.0944    9.74833e-05
2.72271     2.0944    4.84717e-05
2.93215     2.0944    1.25051e-05
3.14159     2.0944    2.72922e-05

-3.14159     2.30383    5.74238e-05
-2.93215     2.30383    9.20997e-06
-2.72271     2.30383    1.52267e-05
-2.51327     2.30383    6.73918e-05
-2.30383     2.30383    9.61893e-05
-2.0944     2.30383    0.000110711
-1.88496     2.30383    7.85244e-05
-1.67552     2.30383    3.08504e-05
-1.46608     2.30383    1.06664e-05
-1.25664     2.30383    8.79927e-06
-1.0472     2.30383    5.65089e-05
-0.837758     2.30383    0.000112668
-0.628319     2.30383    0.000131411
-0.418879     2.30383    0.000140796
-0.20944     2.30383    0.000141053
0     2.30383    0.000144233
0.20944     2.30383    0.000141057
0.418879     2.30383    0.000140684
0.628319     2.30383    0.000131415
0.837758     2.30383    0.000112675
1.0472     2.30383    5.65159e-05
1.25664     2.30383    8.80758e-06
1.46608     2.30383    1.06743e-05
1.67552     2.30383    3.08537e-05
1.88496     2.30383    7.85294e-05
2.0944     2.30383    0.000110717
2.30383     2.30383    9.61978e-05
2.51327     2.30383    6.73988e-05
2.72271     2.30383    1.52293e-05
2.93215     2.30383    9.21031e-06
3.14159     2.30383    5.74259e-05

-3.14159     2.51327    8.62401e-05
-2.93215     2.51327    2.35186e-05
-2.72271     2.51327    2.07022e-06
-2.51327     2.51327    9.42547e-06
-2.30383     2.51327    5.73964e-05
-2.0944     2.51327    7.90946e-05
-1.88496     2.51327    3.33759e-05
-1.67552     2.51327    9.27058e-07
-1.46608     2.51327    2.45016e-05
-1.25664     2.51327    8.49171e-06
-1.0472     2.51327    7.12175e-05
-0.837758     2.51327    0.000111586
-0.628319     2.51327    0.000130068
-0.418879     2.51327    0.000129703
-0.20944     2.51327    0.000143287
0     2.51327    0.000152569
0.20944     2.51327    0.000143299
0.418879     2.51327    0.000129809
0.628319     2.51327    0.000130071
0.837758     2.51327    0.000111591
1.0472     2.51327    7.12248e-05
1.25664     2.51327    8.49994e-06
1.46608     2.51327    2.45096e-05
1.67552     2.51327    9.36121e-07
1.88496     2.51327    3.3388e-05
2.0944     2.51327    7.9102e-05
2.30383     2.51327    5.74078e-05
2.51327     2.51327    9.4287e-06
2.72271     2.51327    2.06981e-06
2.93215     2.51327    2.35193e-05
3.14159     2.51327    8.6244e-05

-3.14159     2.72271    9.43279e-05
-2.93215     2.72271    4.02359e-05
-2.72271     2.72271    1.09431e-06
-2.51327     2.72271    8.67517e-06
-2.30383     2.72271    2.03551e-05
-2.0944     2.72271    1.85787e-06
-1.88496     2.72271    5.15089e-06
-1.67552     2.72271    1.62097e-05
-1.46608     2.72271    1.46272e-05
-1.25664     2.72271    9.21472e-06
-1.0472     2.72271    7.46619e-05
-0.837758     2.72271    0.000108799
-0.628319     2.72271    0.000134688
-0.418879     2.72271    0.000146718
-0.20944     2.72271    0.000160181
0     2.72271    0.000171482
0.20944     2.72271    0.000160159
0.418879     2.72271    0.00014664
0.628319     2.72271    0.00013469
0.837758     2.72271    0.000108807
1.0472     2.72271    7.46679e-05
1.25664     2.72271    9.22259e-06
1.46608     2.72271    1.46339e-05
1.67552     2.72271    1.622e-05
1.88496     2.72271    5.16698e-06
2.0944     2.72271    1.86655e-06
2.30383     2.72271    2.03612e-05
2.51327     2.72271    8.67869e-06
2.72271     2.72271    1.09671e-06
2.93215     2.72271    4.02334e-05
3.14159     2.72271    9.43301e-05

-3.14159     2.93215    0.000105256
-2.93215     2.93215    5.33232e-05
-2.72271     2.93215    1.03269e-05
-2.51327     2.93215    4.43809e-06
-2.30383     2.93215    4.0775e-05
-2.0944     2.93215    3.533e-05
-1.88496     2.93215    1.43369e-05
-1.67552     2.93215    2.95945e-05
-1.46608     2.93215    7.47563e-06
-1.25664     2.93215    3.01876e-05
-1.0472     2.93215    9.62591e-05
-0.837758     2.93215    0.000120347
-0.628319     2.93215    0.000139151
-0.418879     2.93215    0.00015952
-0.20944     2.93215    0.000165727
0     2.93215    0.000159703
0.20944     2.93215    0.000165751
0.418879     2.93215    0.000159566
0.628319     2.93215    0.000139154
0.837758     2.93215    0.000120352
1.0472     2.93215    9.62679e-05
1.25664     2.93215    3.01957e-05
1.46608     2.93215    7.48282e-06
1.67552     2.93215    2.96028e-05
1.88496     2.93215    1.43505e-05
2.0944     2.93215    3.53129e-05
2.30383     2.93215    4.07638e-05
2.51327     2.93215    4.43793e-06
2.72271     2.93215    1.03232e-05
2.93215     2.93215    5.33175e-05
3.14159     2.93215    0.000105253

-3.14159     3.14159    6.92146e-05
-2.93215     3.14159    2.66256e-05
-2.72271     3.14159    1.73116e-05
-2.51327     3.14159    5.52897e-05
-2.30383     3.14159    3.91979e-05
-2.0944     3.14159    6.69435e-07
-1.88496     3.14159    2.53268e-05
-1.67552     3.14159    1.96588e-05
-1.46608     3.14159    9.31215e-06
-1.25664     3.14159    2.6383e-05
-1.0472     3.14159    8.47618e-05
-0.837758     3.14159    9.7828e-05
-0.628319     3.14159    0.000116336
-0.418879     3.14159    0.000126366
-0.20944     3.14159    0.000136943
0     3.14159    0.000148981
0.20944     3.14159    0.000136932
0.418879     3.14159    0.000126375
0.628319     3.14159    0.000116347
0.837758     3.14159    9.78358e-05
1.0472     3.14159    8.47702e-05
1.25664     3.14159    2.63914e-05
1.46608     3.14159    9.3083e-06
1.67552     3.14159    1.96612e-05
1.88496     3.14159    2.53342e-05
2.0944     3.14159    6.84476e-07
2.30383     3.14159    3.91828e-05
2.51327     3.14159    5.52859e-05
2.72271     3.14159    1.73109e-05
2.93215     3.14159    2.66278e-05
3.14159     3.14159    6.92135e-05

