-3.14159     -3.14159    4.06087e-05
-2.93215     -3.14159    3.01479e-05
-2.72271     -3.14159    0.000144221
-2.51327     -3.14159    0.00023146
-2.30383     -3.14159    0.000240259
-2.0944     -3.14159    0.000193506
-1.88496     -3.14159    0.000153431
-1.67552     -3.14159    0.000138805
-1.46608     -3.14159    0.000126752
-1.25664     -3.14159    3.04334e-05
-1.0472     -3.14159    6.5788e-05
-0.837758     -3.14159    0.000133808
-0.628319     -3.14159    0.000168362
-0.418879     -3.14159    0.000184036
-0.20944     -3.14159    0.000189814
0     -3.14159    0.000195574
0.20944     -3.14159    0.0001898
0.418879     -3.14159    0.000184003
0.628319     -3.14159    0.000168318
0.837758     -3.14159    0.000133823
1.0472     -3.14159    6.57904e-05
1.25664     -3.14159    3.04754e-05
1.46608     -3.14159    0.000126789
1.67552     -3.14159    0.000138827
1.88496     -3.14159    0.000153459
2.0944     -3.14159    0.000193565
2.30383     -3.14159    0.000240285
2.51327     -3.14159    0.00023146
2.72271     -3.14159    0.000144217
2.93215     -3.14159    3.01236e-05
3.14159     -3.14159    4.0608e-05

-3.14159     -2.93215    0.000108557
-2.93215     -2.93215    2.66579e-05
-2.72271     -2.93215    8.18575e-05
-2.51327     -2.93215    0.000162291
-2.30383     -2.93215    0.000195959
-2.0944     -2.93215    0.000177512
-1.88496     -2.93215    0.000127732
-1.67552     -2.93215    0.000101975
-1.46608     -2.93215    8.99651e-05
-1.25664     -2.93215    8.17666e-06
-1.0472     -2.93215    8.79263e-05
-0.837758     -2.93215    0.000144413
-0.628319     -2.93215    0.000176041
-0.418879     -2.93215    0.000180572
-0.20944     -2.93215    0.000174927
0     -2.93215    0.000172315
0.20944     -2.93215    0.000174912
0.418879     -2.93215    0.000180402
0.628319     -2.93215    0.000176073
0.837758     -2.93215    0.000144413
1.0472     -2.93215    8.7878e-05
1.25664     -2.93215    8.21309e-06
1.46608     -2.93215    9.00377e-05
1.67552     -2.93215    0.000102041
1.88496     -2.93215    0.000127815
2.0944     -2.93215    0.000177574
2.30383     -2.93215    0.00019603
2.51327     -2.93215    0.000162369
2.72271     -2.93215    8.18637e-05
2.93215     -2.93215    2.6707e-05
3.14159     -2.93215    0.000108558

-3.14159     -2.72271    0.000138052
-2.93215     -2.72271    3.77169e-05
-2.72271     -2.72271    5.50064e-05
-2.51327     -2.72271    7.81322e-05
-2.30383     -2.72271    7.07577e-05
-2.0944     -2.72271    7.20459e-05
-1.88496     -2.72271    8.30948e-05
-1.67552     -2.72271    8.69356e-05
-1.46608     -2.72271    8.42513e-05
-1.25664     -2.72271    3.41914e-05
-1.0472     -2.72271    8.04643e-05
-0.837758     -2.72271    0.000134727
-0.628319     -2.72271    0.000164218
-0.418879     -2.72271    0.000150744
-0.20944     -2.72271    0.000133802
0     -2.72271    0.000120802
0.20944     -2.72271    0.000133806
0.418879     -2.72271    0.000151018
0.628319     -2.72271    0.000164186
0.837758     -2.72271    0.000134715
1.0472     -2.72271    8.04675e-05
1.25664     -2.72271    3.42764e-05
1.46608     -2.72271    8.43184e-05
1.67552     -2.72271    8.70165e-05
1.88496     -2.72271    8.31761e-05
2.0944     -2.72271    7.21195e-05
2.30383     -2.72271    7.08138e-05
2.51327     -2.72271    7.81781e-05
2.72271     -2.72271    5.49582e-05
2.93215     -2.72271    3.76924e-05
3.14159     -2.72271    0.000138033

-3.14159     -2.51327    0.000136173
-2.93215     -2.51327    3.40392e-05
-2.72271     -2.51327    2.81812e-05
-2.51327     -2.51327    7.29984e-06
-2.30383     -2.51327    4.31637e-05
-2.0944     -2.51327    4.94161e-05
-1.88496     -2.51327    2.04283e-06
-1.67552     -2.51327    7.10583e-05
-1.46608     -2.51327    8.86657e-05
-1.25664     -2.51327    6.76959e-05
-1.0472     -2.51327    5.87769e-05
-0.837758     -2.51327    0.000114035
-0.628319     -2.51327    0.00013332
-0.418879     -2.51327    0.000111274
-0.20944     -2.51327    8.90786e-05
0     -2.51327    0.000105451
0.20944     -2.51327    8.91052e-05
0.418879     -2.51327    0.000110849
0.628319     -2.51327    0.000133317
0.837758     -2.51327    0.000113996
1.0472     -2.51327    5.87164e-05
1.25664     -2.51327    6.77138e-05
1.46608     -2.51327    8.87452e-05
1.67552     -2.51327    7.11115e-05
1.88496     -2.51327    1.99948e-06
2.0944     -2.51327    4.94027e-05
2.30383     -2.51327    4.31316e-05
2.51327     -2.51327    7.3271e-06
2.72271     -2.51327    2.81888e-05
2.93215     -2.51327    3.40355e-05
3.14159     -2.51327    0.000136111

-3.14159     -2.30383    0.000105691
-2.93215     -2.30383    2.31326e-05
-2.72271     -2.30383    2.59184e-05
-2.51327     -2.30383    9.32909e-05
-2.30383     -2.30383    0.000131405
-2.0944     -2.30383    0.000114076
-1.88496     -2.30383    8.23132e-05
-1.67552     -2.30383    4.32881e-06
-1.46608     -2.30383    7.7437e-05
-1.25664     -2.30383    7.87588e-05
-1.0472     -2.30383    1.87934e-05
-0.837758     -2.30383    8.64026e-05
-0.628319     -2.30383    9.3022e-05
-0.418879     -2.30383    8.14152e-05
-0.20944     -2.30383    4.86504e-05
0     -2.30383    3.95447e-05
0.20944     -2.30383    4.86123e-05
0.418879     -2.30383    8.18489e-05
0.628319     -2.30383    9.30213e-05
0.837758     -2.30383    8.63885e-05
1.0472     -2.30383    1.87679e-05
1.25664     -2.30383    7.88727e-05
1.46608     -2.30383    7.74909e-05
1.67552     -2.30383    4.23299e-06
1.88496     -2.30383    8.22835e-05
2.0944     -2.30383    0.000114032
2.30383     -2.30383    0.000131349
2.51327     -2.30383    9.32437e-05
2.72271     -2.30383    2.58865e-05
2.93215     -2.30383    2.31015e-05
3.14159     -2.30383    0.000105626

-3.14159     -2.0944    6.2495e-05
-2.93215     -2.0944    3.65144e-05
-2.72271     -2.0944    9.2248e-05
-2.51327     -2.0944    0.000157123
-2.30383     -2.0944    0.000173191
-2.0944     -2.0944    0.000158514
-1.88496     -2.0944    0.000125067
-1.67552     -2.0944    8.80281e-05
-1.46608     -2.0944    8.96164e-07
-1.25664     -2.0944    5.84851e-05
-1.0472     -2.0944    1.83844e-05
-0.837758     -2.0944    4.38401e-05
-0.628319     -2.0944    4.97448e-05
-0.418879     -2.0944    4.12239e-05
-0.20944     -2.0944    9.56284e-06
0     -2.0944    4.79922e-05
0.20944     -2.0944    9.51055e-06
0.418879     -2.0944    4.08845e-05
0.628319     -2.0944    4.97067e-05
0.837758     -2.0944    4.38575e-05
1.0472     -2.0944    1.83921e-05
1.25664     -2.0944    5.85224e-05
1.46608     -2.0944    8.75153e-07
1.67552     -2.0944    8.80534e-05
1.88496     -2.0944    0.000125074
2.0944     -2.0944    0.000158495
2.30383     -2.0944    0.000173147
2.51327     -2.0944    0.000157056
2.72271     -2.0944    9.22226e-05
2.93215     -2.0944    3.6472e-05
3.14159     -2.0944    6.24925e-05

-3.14159     -1.88496    3.74176e-05
-2.93215     -1.88496    6.35274e-05
-2.72271     -1.88496    0.000151403
-2.51327     -1.88496    0.000189333
-2.30383     -1.88496    0.000181065
-2.0944     -1.88496    0.000166788
-1.88496     -1.88496    0.000140445
-1.67552     -1.88496    0.000100822
-1.46608     -1.88496    6.09706e-05
-1.25664     -1.88496    1.16472e-05
-1.0472     -1.88496    3.52046e-05
-0.837758     -1.88496    2.7088e-06
-0.628319     -1.88496    1.23328e-05
-0.418879     -1.88496    1.79177e-06
-0.20944     -1.88496    3.19528e-05
0     -1.88496    7.29503e-05
0.20944     -1.88496    3.18903e-05
0.418879     -1.88496    1.41272e-06
0.628319     -1.88496    1.24065e-05
0.837758     -1.88496    2.585e-06
1.0472     -1.88496    3.53263e-05
1.25664     -1.88496    1.17096e-05
1.46608     -1.88496    6.09392e-05
1.67552     -1.88496    0.000100798
1.88496     -1.88496    0.000140443
2.0944     -1.88496    0.000166742
2.30383     -1.88496    0.000181021
2.51327     -1.88496    0.000189288
2.72271     -1.88496    0.000151334
2.93215     -1.88496    6.35193e-05
3.14159     -1.88496    3.739e-05

-3.14159     -1.67552    4.2311e-05
-2.93215     -1.67552    0.000116059
-2.72271     -1.67552    0.000187463
-2.51327     -1.67552    0.000184876
-2.30383     -1.67552    0.000161333
-2.0944     -1.67552    0.000135651
-1.88496     -1.67552    0.000119425
-1.67552     -1.67552    9.07237e-05
-1.46608     -1.67552    5.1207e-05
-1.25664     -1.67552    8.91836e-06
-1.0472     -1.67552    4.88273e-05
-0.837758     -1.67552    5.75056e-05
-0.628319     -1.67552    3.12294e-05
-0.418879     -1.67552    4.19615e-05
-0.20944     -1.67552    8.77426e-05
0     -1.67552    7.70714e-05
0.20944     -1.67552    8.76843e-05
0.418879     -1.67552    4.1994e-05
0.628319     -1.67552    3.14588e-05
0.837758     -1.67552    5.753e-05
1.0472     -1.67552    4.88296e-05
1.25664     -1.67552    8.87957e-06
1.46608     -1.67552    5.118e-05
1.67552     -1.67552    9.06651e-05
1.88496     -1.67552    0.000119395
2.0944     -1.67552    0.000135606
2.30383     -1.67552    0.000161299
2.51327     -1.67552    0.000184845
2.72271     -1.67552    0.000187417
2.93215     -1.67552    0.000116042
3.14159     -1.67552    4.2297e-05

-3.14159     -1.46608    7.56633e-05
-2.93215     -1.46608    0.000164658
-2.72271     -1.46608    0.00019545
-2.51327     -1.46608    0.000161625
-2.30383     -1.46608    0.000132888
-2.0944     -1.46608    9.69566e-05
-1.88496     -1.46608    7.25484e-05
-1.67552     -1.46608    6.24483e-05
-1.46608     -1.46608    3.19119e-05
-1.25664     -1.46608    7.43e-07
-1.0472     -1.46608    5.3779e-05
-0.837758     -1.46608    0.000101269
-0.628319     -1.46608    9.01399e-05
-0.418879     -1.46608    0.000100055
-0.20944     -1.46608    0.000148572
0     -1.46608    0.000149969
0.20944     -1.46608    0.000148339
0.418879     -1.46608    0.000100067
0.628319     -1.46608    9.00523e-05
0.837758     -1.46608    0.000101354
1.0472     -1.46608    5.38637e-05
1.25664     -1.46608    7.33994e-07
1.46608     -1.46608    3.18645e-05
1.67552     -1.46608    6.25052e-05
1.88496     -1.46608    7.25297e-05
2.0944     -1.46608    9.69724e-05
2.30383     -1.46608    0.00013287
2.51327     -1.46608    0.000161606
2.72271     -1.46608    0.000195365
2.93215     -1.46608    0.000164647
3.14159     -1.46608    7.56462e-05

-3.14159     -1.25664    0.000118231
-2.93215     -1.25664    0.000180943
-2.72271     -1.25664    0.00018155
-2.51327     -1.25664    0.000149843
-2.30383     -1.25664    0.000109111
-2.0944     -1.25664    6.14673e-05
-1.88496     -1.25664    3.76724e-05
-1.67552     -1.25664    1.26076e-05
-1.46608     -1.25664    1.11337e-05
-1.25664     -1.25664    2.5287e-05
-1.0472     -1.25664    6.9586e-05
-0.837758     -1.25664    0.000112833
-0.628319     -1.25664    0.000131042
-0.418879     -1.25664    0.000153923
-0.20944     -1.25664    0.000200049
0     -1.25664    0.000281065
0.20944     -1.25664    0.000200295
0.418879     -1.25664    0.000153832
0.628319     -1.25664    0.000131195
0.837758     -1.25664    0.000112874
1.0472     -1.25664    6.94474e-05
1.25664     -1.25664    2.53329e-05
1.46608     -1.25664    1.11052e-05
1.67552     -1.25664    1.26608e-05
1.88496     -1.25664    3.76627e-05
2.0944     -1.25664    6.14173e-05
2.30383     -1.25664    0.000109077
2.51327     -1.25664    0.000149843
2.72271     -1.25664    0.000181482
2.93215     -1.25664    0.000180892
3.14159     -1.25664    0.000118154

-3.14159     -1.0472    0.000139903
-2.93215     -1.0472    0.000184948
-2.72271     -1.0472    0.000177637
-2.51327     -1.0472    0.000137893
-2.30383     -1.0472    9.31042e-05
-2.0944     -1.0472    4.35197e-05
-1.88496     -1.0472    1.71348e-05
-1.67552     -1.0472    2.46026e-05
-1.46608     -1.0472    5.57099e-05
-1.25664     -1.0472    9.27342e-05
-1.0472     -1.0472    0.000115178
-0.837758     -1.0472    0.000150697
-0.628319     -1.0472    0.000172953
-0.418879     -1.0472    0.000210082
-0.20944     -1.0472    0.000249569
0     -1.0472    0.00023682
0.20944     -1.0472    0.000249659
0.418879     -1.0472    0.000210938
0.628319     -1.0472    0.000172748
0.837758     -1.0472    0.000150675
1.0472     -1.0472    0.000115346
1.25664     -1.0472    9.269e-05
1.46608     -1.0472    5.57406e-05
1.67552     -1.0472    2.46995e-05
1.88496     -1.0472    1.7155e-05
2.0944     -1.0472    4.35537e-05
2.30383     -1.0472    9.30961e-05
2.51327     -1.0472    0.000137912
2.72271     -1.0472    0.000177641
2.93215     -1.0472    0.000184899
3.14159     -1.0472    0.000139858

-3.14159     -0.837758    0.000132466
-2.93215     -0.837758    0.000156728
-2.72271     -0.837758    0.000168242
-2.51327     -0.837758    0.000142627
-2.30383     -0.837758    9.70582e-05
-2.0944     -0.837758    5.79317e-05
-1.88496     -0.837758    2.1057e-06
-1.67552     -0.837758    4.56757e-05
-1.46608     -0.837758    8.44276e-05
-1.25664     -0.837758    0.000148766
-1.0472     -0.837758    0.000186689
-0.837758     -0.837758    0.000195229
-0.628319     -0.837758    0.000236954
-0.418879     -0.837758    0.000279893
-0.20944     -0.837758    0.000334217
0     -0.837758    0.000497609
0.20944     -0.837758    0.00033371
0.418879     -0.837758    0.000278678
0.628319     -0.837758    0.000237223
0.837758     -0.837758    0.000195153
1.0472     -0.837758    0.000186754
1.25664     -0.837758    0.000148859
1.46608     -0.837758    8.44753e-05
1.67552     -0.837758    4.5706e-05
1.88496     -0.837758    2.17175e-06
2.0944     -0.837758    5.79916e-05
2.30383     -0.837758    9.71117e-05
2.51327     -0.837758    0.000142661
2.72271     -0.837758    0.000168238
2.93215     -0.837758    0.000156737
3.14159     -0.837758    0.000132456

-3.14159     -0.628319    9.07941e-05
-2.93215     -0.628319    0.000130652
-2.72271     -0.628319    0.000134114
-2.51327     -0.628319    0.000126302
-2.30383     -0.628319    9.29696e-05
-2.0944     -0.628319    5.30157e-05
-1.88496     -0.628319    6.14228e-06
-1.67552     -0.628319    4.6414e-05
-1.46608     -0.628319    0.000116709
-1.25664     -0.628319    0.000178324
-1.0472     -0.628319    0.000252528
-0.837758     -0.628319    0.000286436
-0.628319     -0.628319    0.000317931
-0.418879     -0.628319    0.000388854
-0.20944     -0.628319    0.000462032
0     -0.628319    0.000360114
0.20944     -0.628319    0.000464054
0.418879     -0.628319    0.000389972
0.628319     -0.628319    0.000318531
0.837758     -0.628319    0.000286307
1.0472     -0.628319    0.000252515
1.25664     -0.628319    0.000178254
1.46608     -0.628319    0.000116762
1.67552     -0.628319    4.63802e-05
1.88496     -0.628319    6.22783e-06
2.0944     -0.628319    5.30438e-05
2.30383     -0.628319    9.30103e-05
2.51327     -0.628319    0.000126285
2.72271     -0.628319    0.000134116
2.93215     -0.628319    0.000130671
3.14159     -0.628319    9.07973e-05

-3.14159     -0.418879    1.33087e-05
-2.93215     -0.418879    4.9868e-05
-2.72271     -0.418879    8.53614e-05
-2.51327     -0.418879    8.76162e-05
-2.30383     -0.418879    7.39515e-05
-2.0944     -0.418879    3.7663e-05
-1.88496     -0.418879    6.75512e-06
-1.67552     -0.418879    3.69913e-05
-1.46608     -0.418879    0.000108771
-1.25664     -0.418879    0.000180052
-1.0472     -0.418879    0.00024633
-0.837758     -0.418879    0.000341799
-0.628319     -0.418879    0.000418692
-0.418879     -0.418879    0.000520234
-0.20944     -0.418879    0.000653337
0     -0.418879    0.000879536
0.20944     -0.418879    0.000651749
0.418879     -0.418879    0.000521498
0.628319     -0.418879    0.000417559
0.837758     -0.418879    0.000341852
1.0472     -0.418879    0.000246938
1.25664     -0.418879    0.000180157
1.46608     -0.418879    0.000108909
1.67552     -0.418879    3.70886e-05
1.88496     -0.418879    6.77973e-06
2.0944     -0.418879    3.76552e-05
2.30383     -0.418879    7.39255e-05
2.51327     -0.418879    8.76082e-05
2.72271     -0.418879    8.53461e-05
2.93215     -0.418879    4.99075e-05
3.14159     -0.418879    1.33075e-05

-3.14159     -0.20944    6.42171e-05
-2.93215     -0.20944    5.76479e-05
-2.72271     -0.20944    2.58082e-05
-2.51327     -0.20944    4.2545e-07
-2.30383     -0.20944    1.01734e-05
-2.0944     -0.20944    7.14612e-07
-1.88496     -0.20944    3.29425e-05
-1.67552     -0.20944    6.82864e-05
-1.46608     -0.20944    0.00010799
-1.25664     -0.20944    0.000164237
-1.0472     -0.20944    0.000229397
-0.837758     -0.20944    0.000328097
-0.628319     -0.20944    0.000475718
-0.418879     -0.20944    0.000651126
-0.20944     -0.20944    0.000920088
0     -0.20944    0.000860871
0.20944     -0.20944    0.000911478
0.418879     -0.20944    0.00064818
0.628319     -0.20944    0.000476081
0.837758     -0.20944    0.000328088
1.0472     -0.20944    0.00022883
1.25664     -0.20944    0.000164485
1.46608     -0.20944    0.000107838
1.67552     -0.20944    6.82758e-05
1.88496     -0.20944    3.29466e-05
2.0944     -0.20944    1.07702e-06
2.30383     -0.20944    1.01606e-05
2.51327     -0.20944    5.62843e-07
2.72271     -0.20944    2.58091e-05
2.93215     -0.20944    5.7629e-05
3.14159     -0.20944    6.41998e-05

-3.14159     0    9.57318e-05
-2.93215     0    8.76635e-05
-2.72271     0    0.000106875
-2.51327     0    7.09228e-05
-2.30383     0    4.34375e-05
-2.0944     0    4.00001e-05
-1.88496     0    6.41754e-05
-1.67552     0    0.000102421
-1.46608     0    0.00012787
-1.25664     0    0.000162612
-1.0472     0    0.000239198
-0.837758     0    0.000333344
-0.628319     0    0.000480705
-0.418879     0    0.000720086
-0.20944     0    0.00106048
0     0    6.54699e-17
0.20944     0    0.00106048
0.418879     0    0.000720086
0.628319     0    0.000480705
0.837758     0    0.000333344
1.0472     0    0.000239198
1.25664     0    0.000162612
1.46608     0    0.00012787
1.67552     0    0.000102421
1.88496     0    6.41754e-05
2.0944     0    4.00001e-05
2.30383     0    4.34375e-05
2.51327     0    7.09228e-05
2.72271     0    0.000106875
2.93215     0    8.76635e-05
3.14159     0    9.57318e-05

-3.14159     0.20944    6.41998e-05
-2.93215     0.20944    5.7629e-05
-2.72271     0.20944    2.58091e-05
-2.51327     0.20944    5.62843e-07
-2.30383     0.20944    1.01606e-05
-2.0944     0.20944    1.07702e-06
-1.88496     0.20944    3.29466e-05
-1.67552     0.20944    6.82758e-05
-1.46608     0.20944    0.000107838
-1.25664     0.20944    0.000164485
-1.0472     0.20944    0.00022883
-0.837758     0.20944    0.000328088
-0.628319     0.20944    0.000476081
-0.418879     0.20944    0.00064818
-0.20944     0.20944    0.000911478
0     0.20944    0.000860871
0.20944     0.20944    0.000920088
0.418879     0.20944    0.000651126
0.628319     0.20944    0.000475718
0.837758     0.20944    0.000328097
1.0472     0.20944    0.000229397
1.25664     0.20944    0.000164237
1.46608     0.20944    0.00010799
1.67552     0.20944    6.82864e-05
1.88496     0.20944    3.29425e-05
2.0944     0.20944    7.14612e-07
2.30383     0.20944    1.01734e-05
2.51327     0.20944    4.2545e-07
2.72271     0.20944    2.58082e-05
2.93215     0.20944    5.76479e-05
3.14159     0.20944    6.42171e-05

-3.14159     0.418879    1.33075e-05
-2.93215     0.418879    4.99075e-05
-2.72271     0.418879    8.53461e-05
-2.51327     0.418879    8.76082e-05
-2.30383     0.418879    7.39255e-05
-2.0944     0.418879    3.76552e-05
-1.88496     0.418879    6.77973e-06
-1.67552     0.418879    3.70886e-05
-1.46608     0.418879    0.000108909
-1.25664     0.418879    0.000180157
-1.0472     0.418879    0.000246938
-0.837758     0.418879    0.000341852
-0.628319     0.418879    0.000417559
-0.418879     0.418879    0.000521498
-0.20944     0.418879    0.000651749
0     0.418879    0.000879536
0.20944     0.418879    0.000653337
0.418879     0.418879    0.000520234
0.628319     0.418879    0.000418692
0.837758     0.418879    0.000341799
1.0472     0.418879    0.00024633
1.25664     0.418879    0.000180052
1.46608     0.418879    0.000108771
1.67552     0.418879    3.69913e-05
1.88496     0.418879    6.75512e-06
2.0944     0.418879    3.7663e-05
2.30383     0.418879    7.39515e-05
2.51327     0.418879    8.76162e-05
2.72271     0.418879    8.53614e-05
2.93215     0.418879    4.9868e-05
3.14159     0.418879    1.33087e-05

-3.14159     0.628319    9.07973e-05
-2.93215     0.628319    0.000130671
-2.72271     0.628319    0.000134116
-2.51327     0.628319    0.000126285
-2.30383     0.628319    9.30103e-05
-2.0944     0.628319    5.30438e-05
-1.88496     0.628319    6.22783e-06
-1.67552     0.628319    4.63802e-05
-1.46608     0.628319    0.000116762
-1.25664     0.628319    0.000178254
-1.0472     0.628319    0.000252515
-0.837758     0.628319    0.000286307
-0.628319     0.628319    0.000318531
-0.418879     0.628319    0.000389972
-0.20944     0.628319    0.000464054
0     0.628319    0.000360114
0.20944     0.628319    0.000462032
0.418879     0.628319    0.000388854
0.628319     0.628319    0.000317931
0.837758     0.628319    0.000286436
1.0472     0.628319    0.000252528
1.25664     0.628319    0.000178324
1.46608     0.628319    0.000116709
1.67552     0.628319    4.6414e-05
1.88496     0.628319    6.14228e-06
2.0944     0.628319    5.30157e-05
2.30383     0.628319    9.29696e-05
2.51327     0.628319    0.000126302
2.72271     0.628319    0.000134114
2.93215     0.628319    0.000130652
3.14159     0.628319    9.07941e-05

-3.14159     0.837758    0.000132456
-2.93215     0.837758    0.000156737
-2.72271     0.837758    0.000168238
-2.51327     0.837758    0.000142661
-2.30383     0.837758    9.71117e-05
-2.0944     0.837758    5.79916e-05
-1.88496     0.837758    2.17175e-06
-1.67552     0.837758    4.5706e-05
-1.46608     0.837758    8.44753e-05
-1.25664     0.837758    0.000148859
-1.0472     0.837758    0.000186754
-0.837758     0.837758    0.000195153
-0.628319     0.837758    0.000237223
-0.418879     0.837758    0.000278678
-0.20944     0.837758    0.00033371
0     0.837758    0.000497609
0.20944     0.837758    0.000334217
0.418879     0.837758    0.000279893
0.628319     0.837758    0.000236954
0.837758     0.837758    0.000195229
1.0472     0.837758    0.000186689
1.25664     0.837758    0.000148766
1.46608     0.837758    8.44276e-05
1.67552     0.837758    4.56757e-05
1.88496     0.837758    2.1057e-06
2.0944     0.837758    5.79317e-05
2.30383     0.837758    9.70582e-05
2.51327     0.837758    0.000142627
2.72271     0.837758    0.000168242
2.93215     0.837758    0.000156728
3.14159     0.837758    0.000132466

-3.14159     1.0472    0.000139858
-2.93215     1.0472    0.000184899
-2.72271     1.0472    0.000177641
-2.51327     1.0472    0.000137912
-2.30383     1.0472    9.30961e-05
-2.0944     1.0472    4.35537e-05
-1.88496     1.0472    1.7155e-05
-1.67552     1.0472    2.46995e-05
-1.46608     1.0472    5.57406e-05
-1.25664     1.0472    9.269e-05
-1.0472     1.0472    0.000115346
-0.837758     1.0472    0.000150675
-0.628319     1.0472    0.000172748
-0.418879     1.0472    0.000210938
-0.20944     1.0472    0.000249659
0     1.0472    0.00023682
0.20944     1.0472    0.000249569
0.418879     1.0472    0.000210082
0.628319     1.0472    0.000172953
0.837758     1.0472    0.000150697
1.0472     1.0472    0.000115178
1.25664     1.0472    9.27342e-05
1.46608     1.0472    5.57099e-05
1.67552     1.0472    2.46026e-05
1.88496     1.0472    1.71348e-05
2.0944     1.0472    4.35197e-05
2.30383     1.0472    9.31042e-05
2.51327     1.0472    0.000137893
2.72271     1.0472    0.000177637
2.93215     1.0472    0.000184948
3.14159     1.0472    0.000139903

-3.14159     1.25664    0.000118154
-2.93215     1.25664    0.000180892
-2.72271     1.25664    0.000181482
-2.51327     1.25664    0.000149843
-2.30383     1.25664    0.000109077
-2.0944     1.25664    6.14173e-05
-1.88496     1.25664    3.76627e-05
-1.67552     1.25664    1.26608e-05
-1.46608     1.25664    1.11052e-05
-1.25664     1.25664    2.53329e-05
-1.0472     1.25664    6.94474e-05
-0.837758     1.25664    0.000112874
-0.628319     1.25664    0.000131195
-0.418879     1.25664    0.000153832
-0.20944     1.25664    0.000200295
0     1.25664    0.000281065
0.20944     1.25664    0.000200049
0.418879     1.25664    0.000153923
0.628319     1.25664    0.000131042
0.837758     1.25664    0.000112833
1.0472     1.25664    6.9586e-05
1.25664     1.25664    2.5287e-05
1.46608     1.25664    1.11337e-05
1.67552     1.25664    1.26076e-05
1.88496     1.25664    3.76724e-05
2.0944     1.25664    6.14673e-05
2.30383     1.25664    0.000109111
2.51327     1.25664    0.000149843
2.72271     1.25664    0.00018155
2.93215     1.25664    0.000180943
3.14159     1.25664    0.000118231

-3.14159     1.46608    7.56462e-05
-2.93215     1.46608    0.000164647
-2.72271     1.46608    0.000195365
-2.51327     1.46608    0.000161606
-2.30383     1.46608    0.00013287
-2.0944     1.46608    9.69724e-05
-1.88496     1.46608    7.25297e-05
-1.67552     1.46608    6.25052e-05
-1.46608     1.46608    3.18645e-05
-1.25664     1.46608    7.33994e-07
-1.0472     1.46608    5.38637e-05
-0.837758     1.46608    0.000101354
-0.628319     1.46608    9.00523e-05
-0.418879     1.46608    0.000100067
-0.20944     1.46608    0.000148339
0     1.46608    0.000149969
0.20944     1.46608    0.000148572
0.418879     1.46608    0.000100055
0.628319     1.46608    9.01399e-05
0.837758     1.46608    0.000101269
1.0472     1.46608    5.3779e-05
1.25664     1.46608    7.43e-07
1.46608     1.46608    3.19119e-05
1.67552     1.46608    6.24483e-05
1.88496     1.46608    7.25484e-05
2.0944     1.46608    9.69566e-05
2.30383     1.46608    0.000132888
2.51327     1.46608    0.000161625
2.72271     1.46608    0.00019545
2.93215     1.46608    0.000164658
3.14159     1.46608    7.56633e-05

-3.14159     1.67552    4.2297e-05
-2.93215     1.67552    0.000116042
-2.72271     1.67552    0.000187417
-2.51327     1.67552    0.000184845
-2.30383     1.67552    0.000161299
-2.0944     1.67552    0.000135606
-1.88496     1.67552    0.000119395
-1.67552     1.67552    9.06651e-05
-1.46608     1.67552    5.118e-05
-1.25664     1.67552    8.87957e-06
-1.0472     1.67552    4.88296e-05
-0.837758     1.67552    5.753e-05
-0.628319     1.67552    3.14588e-05
-0.418879     1.67552    4.1994e-05
-0.20944     1.67552    8.76843e-05
0     1.67552    7.70714e-05
0.20944     1.67552    8.77426e-05
0.418879     1.67552    4.19615e-05
0.628319     1.67552    3.12294e-05
0.837758     1.67552    5.75056e-05
1.0472     1.67552    4.88273e-05
1.25664     1.67552    8.91836e-06
1.46608     1.67552    5.1207e-05
1.67552     1.67552    9.07237e-05
1.88496     1.67552    0.000119425
2.0944     1.67552    0.000135651
2.30383     1.67552    0.000161333
2.51327     1.67552    0.000184876
2.72271     1.67552    0.000187463
2.93215     1.67552    0.000116059
3.14159     1.67552    4.2311e-05

-3.14159     1.88496    3.739e-05
-2.93215     1.88496    6.35193e-05
-2.72271     1.88496    0.000151334
-2.51327     1.88496    0.000189288
-2.30383     1.88496    0.000181021
-2.0944     1.88496    0.000166742
-1.88496     1.88496    0.000140443
-1.67552     1.88496    0.000100798
-1.46608     1.88496    6.09392e-05
-1.25664     1.88496    1.17096e-05
-1.0472     1.88496    3.53263e-05
-0.837758     1.88496    2.585e-06
-0.628319     1.88496    1.24065e-05
-0.418879     1.88496    1.41272e-06
-0.20944     1.88496    3.18903e-05
0     1.88496    7.29503e-05
0.20944     1.88496    3.19528e-05
0.418879     1.88496    1.79177e-06
0.628319     1.88496    1.23328e-05
0.837758     1.88496    2.7088e-06
1.0472     1.88496    3.52046e-05
1.25664     1.88496    1.16472e-05
1.46608     1.88496    6.09706e-05
1.67552     1.88496    0.000100822
1.88496     1.88496    0.000140445
2.0944     1.88496    0.000166788
2.30383     1.88496    0.000181065
2.51327     1.88496    0.000189333
2.72271     1.88496    0.000151403
2.93215     1.88496    6.35274e-05
3.14159     1.88496    3.74176e-05

-3.14159     2.0944    6.24925e-05
-2.93215     2.0944    3.6472e-05
-2.72271     2.0944    9.22226e-05
-2.51327     2.0944    0.000157056
-2.30383     2.0944    0.000173147
-2.0944     2.0944    0.000158495
-1.88496     2.0944    0.000125074
-1.67552     2.0944    8.80534e-05
-1.46608     2.0944    8.75153e-07
-1.25664     2.0944    5.85224e-05
-1.0472     2.0944    1.83921e-05
-0.837758     2.0944    4.38575e-05
-0.628319     2.0944    4.97067e-05
-0.418879     2.0944    4.08845e-05
-0.20944     2.0944    9.51055e-06
0     2.0944    4.79922e-05
0.20944     2.0944    9.56284e-06
0.418879     2.0944    4.12239e-05
0.628319     2.0944    4.97448e-05
0.837758     2.0944    4.38401e-05
1.0472     2.0944    1.83844e-05
1.25664     2.0944    5.84851e-05
1.46608     2.0944    8.96164e-07
1.67552     2.0944    8.80281e-05
1.88496     2.0944    0.000125067
2.0944     2.0944    0.000158514
2.30383     2.0944    0.000173191
2.51327     2.0944    0.000157123
2.72271     2.0944    9.2248e-05
2.93215     2.0944    3.65144e-05
3.14159     2.0944    6.2495e-05

-3.14159     2.30383    0.000105626
-2.93215     2.30383    2.31015e-05
-2.72271     2.30383    2.58865e-05
-2.51327     2.30383    9.32437e-05
-2.30383     2.30383    0.000131349
-2.0944     2.30383    0.000114032
-1.88496     2.30383    8.22835e-05
-1.67552     2.30383    4.23299e-06
-1.46608     2.30383    7.74909e-05
-1.25664     2.30383    7.88727e-05
-1.0472     2.30383    1.87679e-05
-0.837758     2.30383    8.63885e-05
-0.628319     2.30383    9.30213e-05
-0.418879     2.30383    8.18489e-05
-0.20944     2.30383    4.86123e-05
0     2.30383    3.95447e-05
0.20944     2.30383    4.86504e-05
0.418879     2.30383    8.14152e-05
0.628319     2.30383    9.3022e-05
0.837758     2.30383    8.64026e-05
1.0472     2.30383    1.87934e-05
1.25664     2.30383    7.87588e-05
1.46608     2.30383    7.7437e-05
1.67552     2.30383    4.32881e-06
1.88496     2.30383    8.23132e-05
2.0944     2.30383    0.000114076
2.30383     2.30383    0.000131405
2.51327     2.30383    9.32909e-05
2.72271     2.30383    2.59184e-05
2.93215     2.30383    2.31326e-05
3.14159     2.30383    0.000105691

-3.14159     2.51327    0.000136111
-2.93215     2.51327    3.40355e-05
-2.72271     2.51327    2.81888e-05
-2.51327     2.51327    7.3271e-06
-2.30383     2.51327    4.31316e-05
-2.0944     2.51327    4.94027e-05
-1.88496     2.51327    1.99948e-06
-1.67552     2.51327    7.11115e-05
-1.46608     2.51327    8.87452e-05
-1.25664     2.51327    6.77138e-05
-1.0472     2.51327    5.87164e-05
-0.837758     2.51327    0.000113996
-0.628319     2.51327    0.000133317
-0.418879     2.51327    0.000110849
-0.20944     2.51327    8.91052e-05
0     2.51327    0.000105451
0.20944     2.51327    8.90786e-05
0.418879     2.51327    0.000111274
0.628319     2.51327    0.00013332
0.837758     2.51327    0.000114035
1.0472     2.51327    5.87769e-05
1.25664     2.51327    6.76959e-05
1.46608     2.51327    8.86657e-05
1.67552     2.51327    7.10583e-05
1.88496     2.51327    2.04283e-06
2.0944     2.51327    4.94161e-05
2.30383     2.51327    4.31637e-05
2.51327     2.51327    7.29984e-06
2.72271     2.51327    2.81812e-05
2.93215     2.51327    3.40392e-05
3.14159     2.51327    0.000136173

-3.14159     2.72271    0.000138033
-2.93215     2.72271    3.76924e-05
-2.72271     2.72271    5.49582e-05
-2.51327     2.72271    7.81781e-05
-2.30383     2.72271    7.08138e-05
-2.0944     2.72271    7.21195e-05
-1.88496     2.72271    8.31761e-05
-1.67552     2.72271    8.70165e-05
-1.46608     2.72271    8.43184e-05
-1.25664     2.72271    3.42764e-05
-1.0472     2.72271    8.04675e-05
-0.837758     2.72271    0.000134715
-0.628319     2.72271    0.000164186
-0.418879     2.72271    0.000151018
-0.20944     2.72271    0.000133806
0     2.72271    0.000120802
0.20944     2.72271    0.000133802
0.418879     2.72271    0.000150744
0.628319     2.72271    0.000164218
0.837758     2.72271    0.000134727
1.0472     2.72271    8.04643e-05
1.25664     2.72271    3.41914e-05
1.46608     2.72271    8.42513e-05
1.67552     2.72271    8.69356e-05
1.88496     2.72271    8.30948e-05
2.0944     2.72271    7.20459e-05
2.30383     2.72271    7.07577e-05
2.51327     2.72271    7.81322e-05
2.72271     2.72271    5.50064e-05
2.93215     2.72271    3.77169e-05
3.14159     2.72271    0.000138052

-3.14159     2.93215    0.000108558
-2.93215     2.93215    2.6707e-05
-2.72271     2.93215    8.18637e-05
-2.51327     2.93215    0.000162369
-2.30383     2.93215    0.00019603
-2.0944     2.93215    0.000177574
-1.88496     2.93215    0.000127815
-1.67552     2.93215    0.000102041
-1.46608     2.93215    9.00377e-05
-1.25664     2.93215    8.21309e-06
-1.0472     2.93215    8.7878e-05
-0.837758     2.93215    0.000144413
-0.628319     2.93215    0.000176073
-0.418879     2.93215    0.000180402
-0.20944     2.93215    0.000174912
0     2.93215    0.000172315
0.20944     2.93215    0.000174927
0.418879     2.93215    0.000180572
0.628319     2.93215    0.000176041
0.837758     2.93215    0.000144413
1.0472     2.93215    8.79263e-05
1.25664     2.93215    8.17666e-06
1.46608     2.93215    8.99651e-05
1.67552     2.93215    0.000101975
1.88496     2.93215    0.000127732
2.0944     2.93215    0.000177512
2.30383     2.93215    0.000195959
2.51327     2.93215    0.000162291
2.72271     2.93215    8.18575e-05
2.93215     2.93215    2.66579e-05
3.14159     2.93215    0.000108557

-3.14159     3.14159    4.0608e-05
-2.93215     3.14159    3.01236e-05
-2.72271     3.14159    0.000144217
-2.51327     3.14159    0.00023146
-2.30383     3.14159    0.000240285
-2.0944     3.14159    0.000193565
-1.88496     3.14159    0.000153459
-1.67552     3.14159    0.000138827
-1.46608     3.14159    0.000126789
-1.25664     3.14159    3.04754e-05
-1.0472     3.14159    6.57904e-05
-0.837758     3.14159    0.000133823
-0.628319     3.14159    0.000168318
-0.418879     3.14159    0.000184003
-0.20944     3.14159    0.0001898
0     3.14159    0.000195574
0.20944     3.14159    0.000189814
0.418879     3.14159    0.000184036
0.628319     3.14159    0.000168362
0.837758     3.14159    0.000133808
1.0472     3.14159    6.5788e-05
1.25664     3.14159    3.04334e-05
1.46608     3.14159    0.000126752
1.67552     3.14159    0.000138805
1.88496     3.14159    0.000153431
2.0944     3.14159    0.000193506
2.30383     3.14159    0.000240259
2.51327     3.14159    0.00023146
2.72271     3.14159    0.000144221
2.93215     3.14159    3.01479e-05
3.14159     3.14159    4.06087e-05

