-3.14159     -3.14159    1.82103e-09
-2.93215     -3.14159    3.7231e-09
-2.72271     -3.14159    6.73456e-10
-2.51327     -3.14159    5.54061e-10
-2.30383     -3.14159    9.07904e-10
-2.0944     -3.14159    1.40104e-10
-1.88496     -3.14159    8.44371e-10
-1.67552     -3.14159    2.86262e-10
-1.46608     -3.14159    2.03101e-09
-1.25664     -3.14159    8.2065e-10
-1.0472     -3.14159    5.05637e-09
-0.837758     -3.14159    1.70271e-09
-0.628319     -3.14159    1.84603e-08
-0.418879     -3.14159    3.36913e-09
-0.20944     -3.14159    1.30256e-07
0     -3.14159    1.08496e-09
0.20944     -3.14159    1.2702e-07
0.418879     -3.14159    9.82261e-10
0.628319     -3.14159    1.57036e-08
0.837758     -3.14159    1.88769e-09
1.0472     -3.14159    5.01523e-09
1.25664     -3.14159    6.91648e-10
1.46608     -3.14159    8.38163e-10
1.67552     -3.14159    5.76514e-10
1.88496     -3.14159    1.35299e-09
2.0944     -3.14159    1.15896e-09
2.30383     -3.14159    1.68417e-09
2.51327     -3.14159    1.02919e-09
2.72271     -3.14159    1.15638e-09
2.93215     -3.14159    5.26217e-10
3.14159     -3.14159    7.16999e-10

-3.14159     -2.93215    1.31421e-09
-2.93215     -2.93215    1.6163e-09
-2.72271     -2.93215    9.94303e-10
-2.51327     -2.93215    3.15352e-09
-2.30383     -2.93215    1.36969e-09
-2.0944     -2.93215    5.4739e-11
-1.88496     -2.93215    9.67938e-10
-1.67552     -2.93215    2.34089e-10
-1.46608     -2.93215    1.08954e-09
-1.25664     -2.93215    1.72066e-09
-1.0472     -2.93215    8.06554e-09
-0.837758     -2.93215    3.41052e-09
-0.628319     -2.93215    1.61861e-08
-0.418879     -2.93215    7.59268e-09
-0.20944     -2.93215    1.24244e-07
0     -2.93215    2.91119e-08
0.20944     -2.93215    1.21457e-07
0.418879     -2.93215    9.84994e-09
0.628319     -2.93215    1.51289e-08
0.837758     -2.93215    2.62855e-10
1.0472     -2.93215    3.6172e-09
1.25664     -2.93215    2.04727e-09
1.46608     -2.93215    1.81287e-09
1.67552     -2.93215    5.4465e-10
1.88496     -2.93215    4.52062e-10
2.0944     -2.93215    1.95325e-10
2.30383     -2.93215    1.30486e-09
2.51327     -2.93215    3.82452e-09
2.72271     -2.93215    1.82645e-09
2.93215     -2.93215    2.32388e-09
3.14159     -2.93215    4.97936e-10

-3.14159     -2.72271    6.42646e-10
-2.93215     -2.72271    2.85768e-09
-2.72271     -2.72271    1.80017e-09
-2.51327     -2.72271    1.79987e-09
-2.30383     -2.72271    2.18426e-09
-2.0944     -2.72271    7.00009e-10
-1.88496     -2.72271    4.66551e-10
-1.67552     -2.72271    1.82229e-10
-1.46608     -2.72271    1.40105e-09
-1.25664     -2.72271    2.24542e-09
-1.0472     -2.72271    4.41666e-10
-0.837758     -2.72271    2.64627e-09
-0.628319     -2.72271    1.40321e-08
-0.418879     -2.72271    1.69217e-08
-0.20944     -2.72271    9.40273e-08
0     -2.72271    5.1608e-08
0.20944     -2.72271    8.9155e-08
0.418879     -2.72271    1.33621e-08
0.628319     -2.72271    1.29129e-08
0.837758     -2.72271    4.73699e-09
1.0472     -2.72271    3.91663e-09
1.25664     -2.72271    3.25446e-09
1.46608     -2.72271    1.85808e-09
1.67552     -2.72271    7.71621e-10
1.88496     -2.72271    7.18678e-10
2.0944     -2.72271    5.10348e-10
2.30383     -2.72271    3.17435e-09
2.51327     -2.72271    3.58911e-09
2.72271     -2.72271    4.00296e-09
2.93215     -2.72271    1.43487e-09
3.14159     -2.72271    3.33635e-09

-3.14159     -2.51327    1.62866e-09
-2.93215     -2.51327    1.57926e-09
-2.72271     -2.51327    1.17421e-09
-2.51327     -2.51327    6.10684e-10
-2.30383     -2.51327    1.3553e-09
-2.0944     -2.51327    6.14245e-10
-1.88496     -2.51327    8.50287e-10
-1.67552     -2.51327    1.12884e-09
-1.46608     -2.51327    1.17809e-09
-1.25664     -2.51327    2.8988e-09
-1.0472     -2.51327    6.03267e-09
-0.837758     -2.51327    4.24695e-09
-0.628319     -2.51327    5.62077e-09
-0.418879     -2.51327    2.55876e-08
-0.20944     -2.51327    4.78367e-08
0     -2.51327    7.65136e-08
0.20944     -2.51327    4.30921e-08
0.418879     -2.51327    2.75592e-08
0.628319     -2.51327    5.57415e-09
0.837758     -2.51327    4.43823e-09
1.0472     -2.51327    1.92039e-09
1.25664     -2.51327    2.91094e-09
1.46608     -2.51327    9.74544e-10
1.67552     -2.51327    1.81696e-09
1.88496     -2.51327    4.69695e-10
2.0944     -2.51327    9.18902e-10
2.30383     -2.51327    6.37283e-10
2.51327     -2.51327    2.67674e-09
2.72271     -2.51327    4.14551e-10
2.93215     -2.51327    7.43919e-10
3.14159     -2.51327    2.0768e-09

-3.14159     -2.30383    1.18264e-09
-2.93215     -2.30383    1.41237e-09
-2.72271     -2.30383    1.23454e-09
-2.51327     -2.30383    8.29847e-10
-2.30383     -2.30383    1.02534e-09
-2.0944     -2.30383    1.82393e-09
-1.88496     -2.30383    1.37022e-09
-1.67552     -2.30383    2.1917e-10
-1.46608     -2.30383    1.32418e-09
-1.25664     -2.30383    1.53745e-09
-1.0472     -2.30383    2.17152e-09
-0.837758     -2.30383    6.00485e-09
-0.628319     -2.30383    4.85043e-09
-0.418879     -2.30383    2.28006e-08
-0.20944     -2.30383    1.43738e-08
0     -2.30383    7.51905e-08
0.20944     -2.30383    1.48056e-08
0.418879     -2.30383    2.61763e-08
0.628319     -2.30383    3.12225e-09
0.837758     -2.30383    1.80784e-09
1.0472     -2.30383    1.91949e-09
1.25664     -2.30383    2.54039e-09
1.46608     -2.30383    1.12333e-09
1.67552     -2.30383    1.28099e-09
1.88496     -2.30383    2.45574e-09
2.0944     -2.30383    3.12988e-09
2.30383     -2.30383    9.78988e-10
2.51327     -2.30383    1.75235e-10
2.72271     -2.30383    2.28182e-09
2.93215     -2.30383    4.379e-09
3.14159     -2.30383    1.41063e-09

-3.14159     -2.0944    1.44101e-09
-2.93215     -2.0944    1.30831e-09
-2.72271     -2.0944    1.91631e-09
-2.51327     -2.0944    1.87817e-09
-2.30383     -2.0944    2.9794e-09
-2.0944     -2.0944    9.34061e-10
-1.88496     -2.0944    7.53707e-10
-1.67552     -2.0944    3.25784e-09
-1.46608     -2.0944    2.18571e-09
-1.25664     -2.0944    3.30943e-09
-1.0472     -2.0944    3.94298e-09
-0.837758     -2.0944    5.81402e-09
-0.628319     -2.0944    5.76096e-09
-0.418879     -2.0944    3.04268e-08
-0.20944     -2.0944    7.46259e-08
0     -2.0944    7.03796e-08
0.20944     -2.0944    6.89559e-08
0.418879     -2.0944    3.30839e-08
0.628319     -2.0944    8.362e-09
0.837758     -2.0944    7.41885e-09
1.0472     -2.0944    2.83663e-09
1.25664     -2.0944    3.62198e-09
1.46608     -2.0944    2.85003e-09
1.67552     -2.0944    2.82525e-09
1.88496     -2.0944    1.83746e-09
2.0944     -2.0944    9.06044e-10
2.30383     -2.0944    1.24341e-09
2.51327     -2.0944    1.74669e-09
2.72271     -2.0944    2.06807e-09
2.93215     -2.0944    2.17859e-09
3.14159     -2.0944    2.90124e-09

-3.14159     -1.88496    5.51796e-10
-2.93215     -1.88496    8.05318e-10
-2.72271     -1.88496    1.0434e-09
-2.51327     -1.88496    1.03911e-09
-2.30383     -1.88496    9.21513e-10
-2.0944     -1.88496    9.17076e-10
-1.88496     -1.88496    3.93334e-10
-1.67552     -1.88496    6.2125e-10
-1.46608     -1.88496    1.16012e-09
-1.25664     -1.88496    4.27598e-09
-1.0472     -1.88496    7.76176e-09
-0.837758     -1.88496    2.47634e-09
-0.628319     -1.88496    1.64948e-08
-0.418879     -1.88496    2.57551e-08
-0.20944     -1.88496    1.42382e-07
0     -1.88496    4.64976e-08
0.20944     -1.88496    1.26033e-07
0.418879     -1.88496    2.37821e-08
0.628319     -1.88496    2.15456e-08
0.837758     -1.88496    5.9696e-09
1.0472     -1.88496    9.87586e-09
1.25664     -1.88496    2.83008e-09
1.46608     -1.88496    9.05483e-10
1.67552     -1.88496    9.02075e-10
1.88496     -1.88496    1.33688e-09
2.0944     -1.88496    2.22607e-09
2.30383     -1.88496    1.15711e-09
2.51327     -1.88496    2.8506e-10
2.72271     -1.88496    1.90186e-09
2.93215     -1.88496    4.22611e-09
3.14159     -1.88496    7.56669e-10

-3.14159     -1.67552    9.98655e-10
-2.93215     -1.67552    1.51702e-09
-2.72271     -1.67552    2.03359e-09
-2.51327     -1.67552    9.07358e-10
-2.30383     -1.67552    3.13741e-09
-2.0944     -1.67552    4.78204e-10
-1.88496     -1.67552    2.89929e-09
-1.67552     -1.67552    2.44083e-09
-1.46608     -1.67552    1.04044e-09
-1.25664     -1.67552    6.35722e-09
-1.0472     -1.67552    1.35523e-08
-0.837758     -1.67552    5.25365e-09
-0.628319     -1.67552    1.74956e-08
-0.418879     -1.67552    1.431e-08
-0.20944     -1.67552    2.20362e-07
0     -1.67552    2.08756e-08
0.20944     -1.67552    1.84917e-07
0.418879     -1.67552    1.46991e-08
0.628319     -1.67552    2.98079e-08
0.837758     -1.67552    5.15855e-09
1.0472     -1.67552    7.13745e-09
1.25664     -1.67552    4.71437e-09
1.46608     -1.67552    2.39204e-09
1.67552     -1.67552    1.95937e-09
1.88496     -1.67552    1.30904e-09
2.0944     -1.67552    8.94502e-10
2.30383     -1.67552    2.29725e-09
2.51327     -1.67552    2.97887e-09
2.72271     -1.67552    8.98511e-10
2.93215     -1.67552    4.03196e-09
3.14159     -1.67552    1.58766e-09

-3.14159     -1.46608    1.40383e-09
-2.93215     -1.46608    1.6055e-09
-2.72271     -1.46608    5.15623e-09
-2.51327     -1.46608    2.38664e-09
-2.30383     -1.46608    6.39248e-10
-2.0944     -1.46608    2.89608e-09
-1.88496     -1.46608    4.54833e-09
-1.67552     -1.46608    7.21419e-09
-1.46608     -1.46608    1.03894e-09
-1.25664     -1.46608    5.54134e-09
-1.0472     -1.46608    1.20799e-08
-0.837758     -1.46608    6.30377e-10
-0.628319     -1.46608    3.49274e-08
-0.418879     -1.46608    2.34685e-08
-0.20944     -1.46608    2.3156e-07
0     -1.46608    2.50059e-08
0.20944     -1.46608    2.02802e-07
0.418879     -1.46608    1.61761e-08
0.628319     -1.46608    4.60815e-08
0.837758     -1.46608    8.99995e-09
1.0472     -1.46608    2.21222e-09
1.25664     -1.46608    7.10193e-09
1.46608     -1.46608    7.41097e-09
1.67552     -1.46608    3.24697e-09
1.88496     -1.46608    4.04215e-10
2.0944     -1.46608    4.91683e-09
2.30383     -1.46608    3.33823e-09
2.51327     -1.46608    1.85482e-09
2.72271     -1.46608    1.59346e-09
2.93215     -1.46608    2.4021e-09
3.14159     -1.46608    2.21232e-09

-3.14159     -1.25664    1.14855e-09
-2.93215     -1.25664    1.1913e-09
-2.72271     -1.25664    3.42075e-09
-2.51327     -1.25664    3.02871e-09
-2.30383     -1.25664    8.59095e-10
-2.0944     -1.25664    5.64588e-09
-1.88496     -1.25664    7.5363e-09
-1.67552     -1.25664    5.69877e-09
-1.46608     -1.25664    4.03456e-09
-1.25664     -1.25664    1.30078e-08
-1.0472     -1.25664    1.62093e-08
-0.837758     -1.25664    1.36147e-08
-0.628319     -1.25664    5.32054e-08
-0.418879     -1.25664    2.27852e-08
-0.20944     -1.25664    2.00117e-07
0     -1.25664    7.65372e-08
0.20944     -1.25664    1.87052e-07
0.418879     -1.25664    3.63245e-08
0.628319     -1.25664    2.74043e-08
0.837758     -1.25664    1.10082e-08
1.0472     -1.25664    5.49267e-09
1.25664     -1.25664    3.56244e-09
1.46608     -1.25664    5.40192e-09
1.67552     -1.25664    2.72573e-09
1.88496     -1.25664    1.50315e-09
2.0944     -1.25664    8.90094e-09
2.30383     -1.25664    6.84957e-09
2.51327     -1.25664    1.16405e-09
2.72271     -1.25664    3.29526e-09
2.93215     -1.25664    3.2148e-09
3.14159     -1.25664    2.71166e-09

-3.14159     -1.0472    1.43675e-09
-2.93215     -1.0472    2.18994e-10
-2.72271     -1.0472    1.37757e-09
-2.51327     -1.0472    1.22264e-09
-2.30383     -1.0472    4.02389e-09
-2.0944     -1.0472    2.61803e-09
-1.88496     -1.0472    5.59913e-09
-1.67552     -1.0472    6.29792e-09
-1.46608     -1.0472    5.07182e-09
-1.25664     -1.0472    1.14416e-08
-1.0472     -1.0472    5.99741e-09
-0.837758     -1.0472    2.91723e-08
-0.628319     -1.0472    4.24168e-08
-0.418879     -1.0472    7.7884e-08
-0.20944     -1.0472    1.64532e-07
0     -1.0472    1.96384e-07
0.20944     -1.0472    1.28944e-07
0.418879     -1.0472    3.72894e-08
0.628319     -1.0472    1.07318e-08
0.837758     -1.0472    8.32775e-09
1.0472     -1.0472    2.14702e-08
1.25664     -1.0472    4.91797e-09
1.46608     -1.0472    3.83537e-09
1.67552     -1.0472    1.16904e-09
1.88496     -1.0472    7.03692e-09
2.0944     -1.0472    3.7494e-09
2.30383     -1.0472    2.31852e-09
2.51327     -1.0472    2.89987e-09
2.72271     -1.0472    2.35099e-09
2.93215     -1.0472    1.45278e-09
3.14159     -1.0472    1.31696e-09

-3.14159     -0.837758    1.1045e-09
-2.93215     -0.837758    1.22363e-09
-2.72271     -0.837758    2.8069e-09
-2.51327     -0.837758    1.80919e-09
-2.30383     -0.837758    2.57459e-09
-2.0944     -0.837758    5.44718e-09
-1.88496     -0.837758    1.32492e-09
-1.67552     -0.837758    1.10812e-08
-1.46608     -0.837758    1.20056e-08
-1.25664     -0.837758    1.17614e-08
-1.0472     -0.837758    1.98262e-08
-0.837758     -0.837758    7.0145e-09
-0.628319     -0.837758    6.16121e-08
-0.418879     -0.837758    1.03056e-07
-0.20944     -0.837758    2.68122e-08
0     -0.837758    3.06466e-07
0.20944     -0.837758    1.16855e-07
0.418879     -0.837758    1.30972e-07
0.628319     -0.837758    1.56501e-08
0.837758     -0.837758    6.14201e-09
1.0472     -0.837758    1.8576e-08
1.25664     -0.837758    7.58534e-09
1.46608     -0.837758    2.9102e-09
1.67552     -0.837758    8.34465e-09
1.88496     -0.837758    8.88597e-09
2.0944     -0.837758    5.57599e-10
2.30383     -0.837758    2.34514e-09
2.51327     -0.837758    2.23395e-09
2.72271     -0.837758    1.0599e-09
2.93215     -0.837758    9.04344e-10
3.14159     -0.837758    3.1678e-09

-3.14159     -0.628319    1.70027e-09
-2.93215     -0.628319    6.23735e-10
-2.72271     -0.628319    5.00638e-10
-2.51327     -0.628319    2.78042e-09
-2.30383     -0.628319    2.86175e-09
-2.0944     -0.628319    3.81937e-09
-1.88496     -0.628319    7.34024e-09
-1.67552     -0.628319    4.04496e-09
-1.46608     -0.628319    1.34653e-08
-1.25664     -0.628319    3.39302e-09
-1.0472     -0.628319    5.36915e-09
-0.837758     -0.628319    1.02536e-08
-0.628319     -0.628319    3.62289e-08
-0.418879     -0.628319    1.33406e-07
-0.20944     -0.628319    4.73658e-07
0     -0.628319    3.60883e-07
0.20944     -0.628319    2.51891e-07
0.418879     -0.628319    1.80187e-07
0.628319     -0.628319    5.44935e-08
0.837758     -0.628319    3.00375e-08
1.0472     -0.628319    9.90039e-09
1.25664     -0.628319    1.87156e-08
1.46608     -0.628319    7.61476e-09
1.67552     -0.628319    6.00543e-09
1.88496     -0.628319    8.52204e-09
2.0944     -0.628319    4.59179e-09
2.30383     -0.628319    2.37194e-09
2.51327     -0.628319    1.99169e-09
2.72271     -0.628319    2.45649e-09
2.93215     -0.628319    1.19799e-09
3.14159     -0.628319    8.96279e-10

-3.14159     -0.418879    1.12734e-09
-2.93215     -0.418879    1.00088e-09
-2.72271     -0.418879    3.99899e-09
-2.51327     -0.418879    2.48902e-09
-2.30383     -0.418879    5.81323e-09
-2.0944     -0.418879    4.66251e-09
-1.88496     -0.418879    3.45018e-09
-1.67552     -0.418879    9.80386e-09
-1.46608     -0.418879    1.30921e-08
-1.25664     -0.418879    3.24419e-08
-1.0472     -0.418879    4.77424e-08
-0.837758     -0.418879    4.10158e-08
-0.628319     -0.418879    1.12408e-07
-0.418879     -0.418879    2.87823e-07
-0.20944     -0.418879    7.77075e-07
0     -0.418879    2.24377e-07
0.20944     -0.418879    1.03056e-06
0.418879     -0.418879    8.14795e-08
0.628319     -0.418879    8.76822e-08
0.837758     -0.418879    1.50181e-08
1.0472     -0.418879    4.48921e-08
1.25664     -0.418879    2.85989e-09
1.46608     -0.418879    1.72075e-08
1.67552     -0.418879    3.89411e-09
1.88496     -0.418879    7.21699e-09
2.0944     -0.418879    5.35326e-09
2.30383     -0.418879    1.91806e-09
2.51327     -0.418879    1.30729e-09
2.72271     -0.418879    1.43117e-09
2.93215     -0.418879    2.05491e-09
3.14159     -0.418879    4.60099e-10

-3.14159     -0.20944    7.40507e-10
-2.93215     -0.20944    4.60468e-10
-2.72271     -0.20944    1.95717e-09
-2.51327     -0.20944    4.65903e-09
-2.30383     -0.20944    2.86689e-09
-2.0944     -0.20944    8.40762e-09
-1.88496     -0.20944    1.02583e-08
-1.67552     -0.20944    6.92184e-09
-1.46608     -0.20944    1.66713e-08
-1.25664     -0.20944    3.21829e-08
-1.0472     -0.20944    3.59832e-08
-0.837758     -0.20944    6.12672e-08
-0.628319     -0.20944    1.87448e-07
-0.418879     -0.20944    4.04234e-07
-0.20944     -0.20944    1.6041e-06
0     -0.20944    2.1055e-06
0.20944     -0.20944    2.84913e-07
0.418879     -0.20944    2.38291e-07
0.628319     -0.20944    1.29535e-07
0.837758     -0.20944    2.84477e-08
1.0472     -0.20944    6.43612e-08
1.25664     -0.20944    1.11732e-08
1.46608     -0.20944    2.23678e-08
1.67552     -0.20944    4.18795e-09
1.88496     -0.20944    2.69571e-09
2.0944     -0.20944    2.72564e-09
2.30383     -0.20944    2.50988e-09
2.51327     -0.20944    2.34236e-09
2.72271     -0.20944    8.73414e-10
2.93215     -0.20944    1.8015e-10
3.14159     -0.20944    1.09365e-09

-3.14159     0    1.14565e-09
-2.93215     0    2.82494e-10
-2.72271     0    1.33456e-09
-2.51327     0    1.16571e-09
-2.30383     0    3.51499e-09
-2.0944     0    5.94534e-09
-1.88496     0    7.90578e-09
-1.67552     0    1.08175e-08
-1.46608     0    1.21691e-08
-1.25664     0    3.65757e-08
-1.0472     0    2.37633e-08
-0.837758     0    5.17102e-08
-0.628319     0    1.08743e-07
-0.418879     0    3.38164e-07
-0.20944     0    1.78381e-06
0     0    6.03715e-16
0.20944     0    1.78381e-06
0.418879     0    3.38164e-07
0.628319     0    1.08743e-07
0.837758     0    5.17102e-08
1.0472     0    2.37633e-08
1.25664     0    3.65757e-08
1.46608     0    1.21691e-08
1.67552     0    1.08175e-08
1.88496     0    7.90578e-09
2.0944     0    5.94534e-09
2.30383     0    3.51499e-09
2.51327     0    1.16571e-09
2.72271     0    1.33456e-09
2.93215     0    2.82494e-10
3.14159     0    1.14565e-09

-3.14159     0.20944    1.09365e-09
-2.93215     0.20944    1.8015e-10
-2.72271     0.20944    8.73414e-10
-2.51327     0.20944    2.34236e-09
-2.30383     0.20944    2.50988e-09
-2.0944     0.20944    2.72564e-09
-1.88496     0.20944    2.69571e-09
-1.67552     0.20944    4.18795e-09
-1.46608     0.20944    2.23678e-08
-1.25664     0.20944    1.11732e-08
-1.0472     0.20944    6.43612e-08
-0.837758     0.20944    2.84477e-08
-0.628319     0.20944    1.29535e-07
-0.418879     0.20944    2.38291e-07
-0.20944     0.20944    2.84913e-07
0     0.20944    2.1055e-06
0.20944     0.20944    1.6041e-06
0.418879     0.20944    4.04234e-07
0.628319     0.20944    1.87448e-07
0.837758     0.20944    6.12672e-08
1.0472     0.20944    3.59832e-08
1.25664     0.20944    3.21829e-08
1.46608     0.20944    1.66713e-08
1.67552     0.20944    6.92184e-09
1.88496     0.20944    1.02583e-08
2.0944     0.20944    8.40762e-09
2.30383     0.20944    2.86689e-09
2.51327     0.20944    4.65903e-09
2.72271     0.20944    1.95717e-09
2.93215     0.20944    4.60468e-10
3.14159     0.20944    7.40507e-10

-3.14159     0.418879    4.60099e-10
-2.93215     0.418879    2.05491e-09
-2.72271     0.418879    1.43117e-09
-2.51327     0.418879    1.30729e-09
-2.30383     0.418879    1.91806e-09
-2.0944     0.418879    5.35326e-09
-1.88496     0.418879    7.21699e-09
-1.67552     0.418879    3.89411e-09
-1.46608     0.418879    1.72075e-08
-1.25664     0.418879    2.85989e-09
-1.0472     0.418879    4.48921e-08
-0.837758     0.418879    1.50181e-08
-0.628319     0.418879    8.76822e-08
-0.418879     0.418879    8.14795e-08
-0.20944     0.418879    1.03056e-06
0     0.418879    2.24377e-07
0.20944     0.418879    7.77075e-07
0.418879     0.418879    2.87823e-07
0.628319     0.418879    1.12408e-07
0.837758     0.418879    4.10158e-08
1.0472     0.418879    4.77424e-08
1.25664     0.418879    3.24419e-08
1.46608     0.418879    1.30921e-08
1.67552     0.418879    9.80386e-09
1.88496     0.418879    3.45018e-09
2.0944     0.418879    4.66251e-09
2.30383     0.418879    5.81323e-09
2.51327     0.418879    2.48902e-09
2.72271     0.418879    3.99899e-09
2.93215     0.418879    1.00088e-09
3.14159     0.418879    1.12734e-09

-3.14159     0.628319    8.96279e-10
-2.93215     0.628319    1.19799e-09
-2.72271     0.628319    2.45649e-09
-2.51327     0.628319    1.99169e-09
-2.30383     0.628319    2.37194e-09
-2.0944     0.628319    4.59179e-09
-1.88496     0.628319    8.52204e-09
-1.67552     0.628319    6.00543e-09
-1.46608     0.628319    7.61476e-09
-1.25664     0.628319    1.87156e-08
-1.0472     0.628319    9.90039e-09
-0.837758     0.628319    3.00375e-08
-0.628319     0.628319    5.44935e-08
-0.418879     0.628319    1.80187e-07
-0.20944     0.628319    2.51891e-07
0     0.628319    3.60883e-07
0.20944     0.628319    4.73658e-07
0.418879     0.628319    1.33406e-07
0.628319     0.628319    3.62289e-08
0.837758     0.628319    1.02536e-08
1.0472     0.628319    5.36915e-09
1.25664     0.628319    3.39302e-09
1.46608     0.628319    1.34653e-08
1.67552     0.628319    4.04496e-09
1.88496     0.628319    7.34024e-09
2.0944     0.628319    3.81937e-09
2.30383     0.628319    2.86175e-09
2.51327     0.628319    2.78042e-09
2.72271     0.628319    5.00638e-10
2.93215     0.628319    6.23735e-10
3.14159     0.628319    1.70027e-09

-3.14159     0.837758    3.1678e-09
-2.93215     0.837758    9.04344e-10
-2.72271     0.837758    1.0599e-09
-2.51327     0.837758    2.23395e-09
-2.30383     0.837758    2.34514e-09
-2.0944     0.837758    5.57599e-10
-1.88496     0.837758    8.88597e-09
-1.67552     0.837758    8.34465e-09
-1.46608     0.837758    2.9102e-09
-1.25664     0.837758    7.58534e-09
-1.0472     0.837758    1.8576e-08
-0.837758     0.837758    6.14201e-09
-0.628319     0.837758    1.56501e-08
-0.418879     0.837758    1.30972e-07
-0.20944     0.837758    1.16855e-07
0     0.837758    3.06466e-07
0.20944     0.837758    2.68122e-08
0.418879     0.837758    1.03056e-07
0.628319     0.837758    6.16121e-08
0.837758     0.837758    7.0145e-09
1.0472     0.837758    1.98262e-08
1.25664     0.837758    1.17614e-08
1.46608     0.837758    1.20056e-08
1.67552     0.837758    1.10812e-08
1.88496     0.837758    1.32492e-09
2.0944     0.837758    5.44718e-09
2.30383     0.837758    2.57459e-09
2.51327     0.837758    1.80919e-09
2.72271     0.837758    2.8069e-09
2.93215     0.837758    1.22363e-09
3.14159     0.837758    1.1045e-09

-3.14159     1.0472    1.31696e-09
-2.93215     1.0472    1.45278e-09
-2.72271     1.0472    2.35099e-09
-2.51327     1.0472    2.89987e-09
-2.30383     1.0472    2.31852e-09
-2.0944     1.0472    3.7494e-09
-1.88496     1.0472    7.03692e-09
-1.67552     1.0472    1.16904e-09
-1.46608     1.0472    3.83537e-09
-1.25664     1.0472    4.91797e-09
-1.0472     1.0472    2.14702e-08
-0.837758     1.0472    8.32775e-09
-0.628319     1.0472    1.07318e-08
-0.418879     1.0472    3.72894e-08
-0.20944     1.0472    1.28944e-07
0     1.0472    1.96384e-07
0.20944     1.0472    1.64532e-07
0.418879     1.0472    7.7884e-08
0.628319     1.0472    4.24168e-08
0.837758     1.0472    2.91723e-08
1.0472     1.0472    5.99741e-09
1.25664     1.0472    1.14416e-08
1.46608     1.0472    5.07182e-09
1.67552     1.0472    6.29792e-09
1.88496     1.0472    5.59913e-09
2.0944     1.0472    2.61803e-09
2.30383     1.0472    4.02389e-09
2.51327     1.0472    1.22264e-09
2.72271     1.0472    1.37757e-09
2.93215     1.0472    2.18994e-10
3.14159     1.0472    1.43675e-09

-3.14159     1.25664    2.71166e-09
-2.93215     1.25664    3.2148e-09
-2.72271     1.25664    3.29526e-09
-2.51327     1.25664    1.16405e-09
-2.30383     1.25664    6.84957e-09
-2.0944     1.25664    8.90094e-09
-1.88496     1.25664    1.50315e-09
-1.67552     1.25664    2.72573e-09
-1.46608     1.25664    5.40192e-09
-1.25664     1.25664    3.56244e-09
-1.0472     1.25664    5.49267e-09
-0.837758     1.25664    1.10082e-08
-0.628319     1.25664    2.74043e-08
-0.418879     1.25664    3.63245e-08
-0.20944     1.25664    1.87052e-07
0     1.25664    7.65372e-08
0.20944     1.25664    2.00117e-07
0.418879     1.25664    2.27852e-08
0.628319     1.25664    5.32054e-08
0.837758     1.25664    1.36147e-08
1.0472     1.25664    1.62093e-08
1.25664     1.25664    1.30078e-08
1.46608     1.25664    4.03456e-09
1.67552     1.25664    5.69877e-09
1.88496     1.25664    7.5363e-09
2.0944     1.25664    5.64588e-09
2.30383     1.25664    8.59095e-10
2.51327     1.25664    3.02871e-09
2.72271     1.25664    3.42075e-09
2.93215     1.25664    1.1913e-09
3.14159     1.25664    1.14855e-09

-3.14159     1.46608    2.21232e-09
-2.93215     1.46608    2.4021e-09
-2.72271     1.46608    1.59346e-09
-2.51327     1.46608    1.85482e-09
-2.30383     1.46608    3.33823e-09
-2.0944     1.46608    4.91683e-09
-1.88496     1.46608    4.04215e-10
-1.67552     1.46608    3.24697e-09
-1.46608     1.46608    7.41097e-09
-1.25664     1.46608    7.10193e-09
-1.0472     1.46608    2.21222e-09
-0.837758     1.46608    8.99995e-09
-0.628319     1.46608    4.60815e-08
-0.418879     1.46608    1.61761e-08
-0.20944     1.46608    2.02802e-07
0     1.46608    2.50059e-08
0.20944     1.46608    2.3156e-07
0.418879     1.46608    2.34685e-08
0.628319     1.46608    3.49274e-08
0.837758     1.46608    6.30377e-10
1.0472     1.46608    1.20799e-08
1.25664     1.46608    5.54134e-09
1.46608     1.46608    1.03894e-09
1.67552     1.46608    7.21419e-09
1.88496     1.46608    4.54833e-09
2.0944     1.46608    2.89608e-09
2.30383     1.46608    6.39248e-10
2.51327     1.46608    2.38664e-09
2.72271     1.46608    5.15623e-09
2.93215     1.46608    1.6055e-09
3.14159     1.46608    1.40383e-09

-3.14159     1.67552    1.58766e-09
-2.93215     1.67552    4.03196e-09
-2.72271     1.67552    8.98511e-10
-2.51327     1.67552    2.97887e-09
-2.30383     1.67552    2.29725e-09
-2.0944     1.67552    8.94502e-10
-1.88496     1.67552    1.30904e-09
-1.67552     1.67552    1.95937e-09
-1.46608     1.67552    2.39204e-09
-1.25664     1.67552    4.71437e-09
-1.0472     1.67552    7.13745e-09
-0.837758     1.67552    5.15855e-09
-0.628319     1.67552    2.98079e-08
-0.418879     1.67552    1.46991e-08
-0.20944     1.67552    1.84917e-07
0     1.67552    2.08756e-08
0.20944     1.67552    2.20362e-07
0.418879     1.67552    1.431e-08
0.628319     1.67552    1.74956e-08
0.837758     1.67552    5.25365e-09
1.0472     1.67552    1.35523e-08
1.25664     1.67552    6.35722e-09
1.46608     1.67552    1.04044e-09
1.67552     1.67552    2.44083e-09
1.88496     1.67552    2.89929e-09
2.0944     1.67552    4.78204e-10
2.30383     1.67552    3.13741e-09
2.51327     1.67552    9.07358e-10
2.72271     1.67552    2.03359e-09
2.93215     1.67552    1.51702e-09
3.14159     1.67552    9.98655e-10

-3.14159     1.88496    7.56669e-10
-2.93215     1.88496    4.22611e-09
-2.72271     1.88496    1.90186e-09
-2.51327     1.88496    2.8506e-10
-2.30383     1.88496    1.15711e-09
-2.0944     1.88496    2.22607e-09
-1.88496     1.88496    1.33688e-09
-1.67552     1.88496    9.02075e-10
-1.46608     1.88496    9.05483e-10
-1.25664     1.88496    2.83008e-09
-1.0472     1.88496    9.87586e-09
-0.837758     1.88496    5.9696e-09
-0.628319     1.88496    2.15456e-08
-0.418879     1.88496    2.37821e-08
-0.20944     1.88496    1.26033e-07
0     1.88496    4.64976e-08
0.20944     1.88496    1.42382e-07
0.418879     1.88496    2.57551e-08
0.628319     1.88496    1.64948e-08
0.837758     1.88496    2.47634e-09
1.0472     1.88496    7.76176e-09
1.25664     1.88496    4.27598e-09
1.46608     1.88496    1.16012e-09
1.67552     1.88496    6.2125e-10
1.88496     1.88496    3.93334e-10
2.0944     1.88496    9.17076e-10
2.30383     1.88496    9.21513e-10
2.51327     1.88496    1.03911e-09
2.72271     1.88496    1.0434e-09
2.93215     1.88496    8.05318e-10
3.14159     1.88496    5.51796e-10

-3.14159     2.0944    2.90124e-09
-2.93215     2.0944    2.17859e-09
-2.72271     2.0944    2.06807e-09
-2.51327     2.0944    1.74669e-09
-2.30383     2.0944    1.24341e-09
-2.0944     2.0944    9.06044e-10
-1.88496     2.0944    1.83746e-09
-1.67552     2.0944    2.82525e-09
-1.46608     2.0944    2.85003e-09
-1.25664     2.0944    3.62198e-09
-1.0472     2.0944    2.83663e-09
-0.837758     2.0944    7.41885e-09
-0.628319     2.0944    8.362e-09
-0.418879     2.0944    3.30839e-08
-0.20944     2.0944    6.89559e-08
0     2.0944    7.03796e-08
0.20944     2.0944    7.46259e-08
0.418879     2.0944    3.04268e-08
0.628319     2.0944    5.76096e-09
0.837758     2.0944    5.81402e-09
1.0472     2.0944    3.94298e-09
1.25664     2.0944    3.30943e-09
1.46608     2.0944    2.18571e-09
1.67552     2.0944    3.25784e-09
1.88496     2.0944    7.53707e-10
2.0944     2.0944    9.34061e-10
2.30383     2.0944    2.9794e-09
2.51327     2.0944    1.87817e-09
2.72271     2.0944    1.91631e-09
2.93215     2.0944    1.30831e-09
3.14159     2.0944    1.44101e-09

-3.14159     2.30383    1.41063e-09
-2.93215     2.30383    4.379e-09
-2.72271     2.30383    2.28182e-09
-2.51327     2.30383    1.75235e-10
-2.30383     2.30383    9.78988e-10
-2.0944     2.30383    3.12988e-09
-1.88496     2.30383    2.45574e-09
-1.67552     2.30383    1.28099e-09
-1.46608     2.30383    1.12333e-09
-1.25664     2.30383    2.54039e-09
-1.0472     2.30383    1.91949e-09
-0.837758     2.30383    1.80784e-09
-0.628319     2.30383    3.12225e-09
-0.418879     2.30383    2.61763e-08
-0.20944     2.30383    1.48056e-08
0     2.30383    7.51905e-08
0.20944     2.30383    1.43738e-08
0.418879     2.30383    2.28006e-08
0.628319     2.30383    4.85043e-09
0.837758     2.30383    6.00485e-09
1.0472     2.30383    2.17152e-09
1.25664     2.30383    1.53745e-09
1.46608     2.30383    1.32418e-09
1.67552     2.30383    2.1917e-10
1.88496     2.30383    1.37022e-09
2.0944     2.30383    1.82393e-09
2.30383     2.30383    1.02534e-09
2.51327     2.30383    8.29847e-10
2.72271     2.30383    1.23454e-09
2.93215     2.30383    1.41237e-09
3.14159     2.30383    1.18264e-09

-3.14159     2.51327    2.0768e-09
-2.93215     2.51327    7.43919e-10
-2.72271     2.51327    4.14551e-10
-2.51327     2.51327    2.67674e-09
-2.30383     2.51327    6.37283e-10
-2.0944     2.51327    9.18902e-10
-1.88496     2.51327    4.69695e-10
-1.67552     2.51327    1.81696e-09
-1.46608     2.51327    9.74544e-10
-1.25664     2.51327    2.91094e-09
-1.0472     2.51327    1.92039e-09
-0.837758     2.51327    4.43823e-09
-0.628319     2.51327    5.57415e-09
-0.418879     2.51327    2.75592e-08
-0.20944     2.51327    4.30921e-08
0     2.51327    7.65136e-08
0.20944     2.51327    4.78367e-08
0.418879     2.51327    2.55876e-08
0.628319     2.51327    5.62077e-09
0.837758     2.51327    4.24695e-09
1.0472     2.51327    6.03267e-09
1.25664     2.51327    2.8988e-09
1.46608     2.51327    1.17809e-09
1.67552     2.51327    1.12884e-09
1.88496     2.51327    8.50287e-10
2.0944     2.51327    6.14245e-10
2.30383     2.51327    1.3553e-09
2.51327     2.51327    6.10684e-10
2.72271     2.51327    1.17421e-09
2.93215     2.51327    1.57926e-09
3.14159     2.51327    1.62866e-09

-3.14159     2.72271    3.33635e-09
-2.93215     2.72271    1.43487e-09
-2.72271     2.72271    4.00296e-09
-2.51327     2.72271    3.58911e-09
-2.30383     2.72271    3.17435e-09
-2.0944     2.72271    5.10348e-10
-1.88496     2.72271    7.18678e-10
-1.67552     2.72271    7.71621e-10
-1.46608     2.72271    1.85808e-09
-1.25664     2.72271    3.25446e-09
-1.0472     2.72271    3.91663e-09
-0.837758     2.72271    4.73699e-09
-0.628319     2.72271    1.29129e-08
-0.418879     2.72271    1.33621e-08
-0.20944     2.72271    8.9155e-08
0     2.72271    5.1608e-08
0.20944     2.72271    9.40273e-08
0.418879     2.72271    1.69217e-08
0.628319     2.72271    1.40321e-08
0.837758     2.72271    2.64627e-09
1.0472     2.72271    4.41666e-10
1.25664     2.72271    2.24542e-09
1.46608     2.72271    1.40105e-09
1.67552     2.72271    1.82229e-10
1.88496     2.72271    4.66551e-10
2.0944     2.72271    7.00009e-10
2.30383     2.72271    2.18426e-09
2.51327     2.72271    1.79987e-09
2.72271     2.72271    1.80017e-09
2.93215     2.72271    2.85768e-09
3.14159     2.72271    6.42646e-10

-3.14159     2.93215    4.97936e-10
-2.93215     2.93215    2.32388e-09
-2.72271     2.93215    1.82645e-09
-2.51327     2.93215    3.82452e-09
-2.30383     2.93215    1.30486e-09
-2.0944     2.93215    1.95325e-10
-1.88496     2.93215    4.52062e-10
-1.67552     2.93215    5.4465e-10
-1.46608     2.93215    1.81287e-09
-1.25664     2.93215    2.04727e-09
-1.0472     2.93215    3.6172e-09
-0.837758     2.93215    2.62855e-10
-0.628319     2.93215    1.51289e-08
-0.418879     2.93215    9.84994e-09
-0.20944     2.93215    1.21457e-07
0     2.93215    2.91119e-08
0.20944     2.93215    1.24244e-07
0.418879     2.93215    7.59268e-09
0.628319     2.93215    1.61861e-08
0.837758     2.93215    3.41052e-09
1.0472     2.93215    8.06554e-09
1.25664     2.93215    1.72066e-09
1.46608     2.93215    1.08954e-09
1.67552     2.93215    2.34089e-10
1.88496     2.93215    9.67938e-10
2.0944     2.93215    5.4739e-11
2.30383     2.93215    1.36969e-09
2.51327     2.93215    3.15352e-09
2.72271     2.93215    9.94303e-10
2.93215     2.93215    1.6163e-09
3.14159     2.93215    1.31421e-09

-3.14159     3.14159    7.16999e-10
-2.93215     3.14159    5.26217e-10
-2.72271     3.14159    1.15638e-09
-2.51327     3.14159    1.02919e-09
-2.30383     3.14159    1.68417e-09
-2.0944     3.14159    1.15896e-09
-1.88496     3.14159    1.35299e-09
-1.67552     3.14159    5.76514e-10
-1.46608     3.14159    8.38163e-10
-1.25664     3.14159    6.91648e-10
-1.0472     3.14159    5.01523e-09
-0.837758     3.14159    1.88769e-09
-0.628319     3.14159    1.57036e-08
-0.418879     3.14159    9.82261e-10
-0.20944     3.14159    1.2702e-07
0     3.14159    1.08496e-09
0.20944     3.14159    1.30256e-07
0.418879     3.14159    3.36913e-09
0.628319     3.14159    1.84603e-08
0.837758     3.14159    1.70271e-09
1.0472     3.14159    5.05637e-09
1.25664     3.14159    8.2065e-10
1.46608     3.14159    2.03101e-09
1.67552     3.14159    2.86262e-10
1.88496     3.14159    8.44371e-10
2.0944     3.14159    1.40104e-10
2.30383     3.14159    9.07904e-10
2.51327     3.14159    5.54061e-10
2.72271     3.14159    6.73456e-10
2.93215     3.14159    3.7231e-09
3.14159     3.14159    1.82103e-09

