-3.14159     -3.14159    0.00025415
-2.93215     -3.14159    0.000330741
-2.72271     -3.14159    0.000424658
-2.51327     -3.14159    0.000512387
-2.30383     -3.14159    0.000541703
-2.0944     -3.14159    0.000508408
-1.88496     -3.14159    0.000486232
-1.67552     -3.14159    0.000465989
-1.46608     -3.14159    0.000427456
-1.25664     -3.14159    0.000330376
-1.0472     -3.14159    0.000303551
-0.837758     -3.14159    0.000251964
-0.628319     -3.14159    0.000225882
-0.418879     -3.14159    0.000192798
-0.20944     -3.14159    0.000182606
0     -3.14159    0.000179177
0.20944     -3.14159    0.000182633
0.418879     -3.14159    0.000192796
0.628319     -3.14159    0.000225878
0.837758     -3.14159    0.000251961
1.0472     -3.14159    0.000303548
1.25664     -3.14159    0.000330377
1.46608     -3.14159    0.000427459
1.67552     -3.14159    0.000465992
1.88496     -3.14159    0.000486239
2.0944     -3.14159    0.000508413
2.30383     -3.14159    0.000541706
2.51327     -3.14159    0.000512377
2.72271     -3.14159    0.000424654
2.93215     -3.14159    0.000330743
3.14159     -3.14159    0.000254144

-3.14159     -2.93215    0.000257055
-2.93215     -2.93215    0.000339058
-2.72271     -2.93215    0.000397403
-2.51327     -2.93215    0.000437608
-2.30383     -2.93215    0.000468962
-2.0944     -2.93215    0.000474332
-1.88496     -2.93215    0.000447025
-1.67552     -2.93215    0.000413939
-1.46608     -2.93215    0.000362672
-1.25664     -2.93215    0.000264432
-1.0472     -2.93215    0.000220902
-0.837758     -2.93215    0.000180471
-0.628319     -2.93215    0.000143377
-0.418879     -2.93215    0.00012258
-0.20944     -2.93215    0.000109915
0     -2.93215    0.000109567
0.20944     -2.93215    0.000109876
0.418879     -2.93215    0.000122611
0.628319     -2.93215    0.000143378
0.837758     -2.93215    0.000180471
1.0472     -2.93215    0.000220902
1.25664     -2.93215    0.000264428
1.46608     -2.93215    0.000362679
1.67552     -2.93215    0.00041395
1.88496     -2.93215    0.000447036
2.0944     -2.93215    0.000474344
2.30383     -2.93215    0.000468962
2.51327     -2.93215    0.000437601
2.72271     -2.93215    0.000397402
2.93215     -2.93215    0.000339055
3.14159     -2.93215    0.000257055

-3.14159     -2.72271    0.000255181
-2.93215     -2.72271    0.000363845
-2.72271     -2.72271    0.000424087
-2.51327     -2.72271    0.000414435
-2.30383     -2.72271    0.00038068
-2.0944     -2.72271    0.000364321
-1.88496     -2.72271    0.000359482
-1.67552     -2.72271    0.000347138
-1.46608     -2.72271    0.000315157
-1.25664     -2.72271    0.000225127
-1.0472     -2.72271    0.000151622
-0.837758     -2.72271    0.00010787
-0.628319     -2.72271    7.01883e-05
-0.418879     -2.72271    6.40725e-05
-0.20944     -2.72271    6.61319e-05
0     -2.72271    6.65144e-05
0.20944     -2.72271    6.61708e-05
0.418879     -2.72271    6.40112e-05
0.628319     -2.72271    7.01835e-05
0.837758     -2.72271    0.000107865
1.0472     -2.72271    0.000151627
1.25664     -2.72271    0.000225132
1.46608     -2.72271    0.000315173
1.67552     -2.72271    0.000347158
1.88496     -2.72271    0.000359498
2.0944     -2.72271    0.000364327
2.30383     -2.72271    0.000380685
2.51327     -2.72271    0.000414438
2.72271     -2.72271    0.000424082
2.93215     -2.72271    0.000363837
3.14159     -2.72271    0.000255182

-3.14159     -2.51327    0.000282792
-2.93215     -2.51327    0.000369856
-2.72271     -2.51327    0.000409364
-2.51327     -2.51327    0.000400959
-2.30383     -2.51327    0.000337183
-2.0944     -2.51327    0.000280239
-1.88496     -2.51327    0.00024357
-1.67552     -2.51327    0.000266208
-1.46608     -2.51327    0.000280354
-1.25664     -2.51327    0.000213433
-1.0472     -2.51327    0.000113757
-0.837758     -2.51327    7.15689e-05
-0.628319     -2.51327    3.07629e-05
-0.418879     -2.51327    3.20293e-05
-0.20944     -2.51327    3.76377e-05
0     -2.51327    5.82792e-05
0.20944     -2.51327    3.76109e-05
0.418879     -2.51327    3.20876e-05
0.628319     -2.51327    3.07628e-05
0.837758     -2.51327    7.15794e-05
1.0472     -2.51327    0.000113759
1.25664     -2.51327    0.000213445
1.46608     -2.51327    0.000280369
1.67552     -2.51327    0.000266224
1.88496     -2.51327    0.000243587
2.0944     -2.51327    0.000280256
2.30383     -2.51327    0.000337201
2.51327     -2.51327    0.000400967
2.72271     -2.51327    0.000409361
2.93215     -2.51327    0.000369855
3.14159     -2.51327    0.000282792

-3.14159     -2.30383    0.000313608
-2.93215     -2.30383    0.000371962
-2.72271     -2.30383    0.000374587
-2.51327     -2.30383    0.000318875
-2.30383     -2.30383    0.000255527
-2.0944     -2.30383    0.000223633
-1.88496     -2.30383    0.000168586
-1.67552     -2.30383    0.000166635
-1.46608     -2.30383    0.000204418
-1.25664     -2.30383    0.000173663
-1.0472     -2.30383    7.37981e-05
-0.837758     -2.30383    4.07179e-05
-0.628319     -2.30383    1.3139e-05
-0.418879     -2.30383    1.03415e-05
-0.20944     -2.30383    2.673e-05
0     -2.30383    2.80718e-05
0.20944     -2.30383    2.67159e-05
0.418879     -2.30383    1.02533e-05
0.628319     -2.30383    1.31382e-05
0.837758     -2.30383    4.07118e-05
1.0472     -2.30383    7.37992e-05
1.25664     -2.30383    0.000173681
1.46608     -2.30383    0.000204436
1.67552     -2.30383    0.000166652
1.88496     -2.30383    0.000168606
2.0944     -2.30383    0.000223649
2.30383     -2.30383    0.000255545
2.51327     -2.30383    0.000318886
2.72271     -2.30383    0.000374592
2.93215     -2.30383    0.000371957
3.14159     -2.30383    0.000313608

-3.14159     -2.0944    0.000336246
-2.93215     -2.0944    0.000350688
-2.72271     -2.0944    0.000325701
-2.51327     -2.0944    0.000253698
-2.30383     -2.0944    0.000188093
-2.0944     -2.0944    0.000136462
-1.88496     -2.0944    0.000104001
-1.67552     -2.0944    9.56234e-05
-1.46608     -2.0944    9.09847e-05
-1.25664     -2.0944    9.48409e-05
-1.0472     -2.0944    3.34519e-05
-0.837758     -2.0944    1.37505e-05
-0.628319     -2.0944    1.55171e-05
-0.418879     -2.0944    1.94248e-05
-0.20944     -2.0944    1.82332e-06
0     -2.0944    2.6523e-05
0.20944     -2.0944    1.78922e-06
0.418879     -2.0944    1.9352e-05
0.628319     -2.0944    1.55236e-05
0.837758     -2.0944    1.37436e-05
1.0472     -2.0944    3.34595e-05
1.25664     -2.0944    9.48534e-05
1.46608     -2.0944    9.10125e-05
1.67552     -2.0944    9.56483e-05
1.88496     -2.0944    0.000104028
2.0944     -2.0944    0.000136486
2.30383     -2.0944    0.000188108
2.51327     -2.0944    0.00025371
2.72271     -2.0944    0.000325708
2.93215     -2.0944    0.000350689
3.14159     -2.0944    0.000336247

-3.14159     -1.88496    0.000342715
-2.93215     -1.88496    0.00033568
-2.72271     -1.88496    0.00026556
-2.51327     -1.88496    0.000175538
-2.30383     -1.88496    0.00013345
-2.0944     -1.88496    7.77137e-05
-1.88496     -1.88496    4.51743e-05
-1.67552     -1.88496    5.16764e-05
-1.46608     -1.88496    1.82545e-05
-1.25664     -1.88496    6.15873e-06
-1.0472     -1.88496    1.1964e-05
-0.837758     -1.88496    5.21259e-05
-0.628319     -1.88496    5.3502e-05
-0.418879     -1.88496    4.66004e-05
-0.20944     -1.88496    2.62505e-05
0     -1.88496    3.03032e-05
0.20944     -1.88496    2.63345e-05
0.418879     -1.88496    4.66422e-05
0.628319     -1.88496    5.34986e-05
0.837758     -1.88496    5.2139e-05
1.0472     -1.88496    1.19662e-05
1.25664     -1.88496    6.17233e-06
1.46608     -1.88496    1.82762e-05
1.67552     -1.88496    5.17013e-05
1.88496     -1.88496    4.5201e-05
2.0944     -1.88496    7.77407e-05
2.30383     -1.88496    0.000133472
2.51327     -1.88496    0.000175556
2.72271     -1.88496    0.000265568
2.93215     -1.88496    0.000335685
3.14159     -1.88496    0.000342715

-3.14159     -1.67552    0.000342161
-2.93215     -1.67552    0.000307524
-2.72271     -1.67552    0.000209423
-2.51327     -1.67552    0.000133018
-2.30383     -1.67552    8.72191e-05
-2.0944     -1.67552    4.85717e-05
-1.88496     -1.67552    2.39432e-05
-1.67552     -1.67552    9.54488e-06
-1.46608     -1.67552    9.09614e-06
-1.25664     -1.67552    4.6403e-05
-1.0472     -1.67552    5.65032e-05
-0.837758     -1.67552    7.39889e-05
-0.628319     -1.67552    8.557e-05
-0.418879     -1.67552    8.19402e-05
-0.20944     -1.67552    4.8491e-05
0     -1.67552    4.68362e-05
0.20944     -1.67552    4.827e-05
0.418879     -1.67552    8.19133e-05
0.628319     -1.67552    8.55722e-05
0.837758     -1.67552    7.39812e-05
1.0472     -1.67552    5.64897e-05
1.25664     -1.67552    4.63873e-05
1.46608     -1.67552    9.07393e-06
1.67552     -1.67552    9.56574e-06
1.88496     -1.67552    2.39666e-05
2.0944     -1.67552    4.85902e-05
2.30383     -1.67552    8.72453e-05
2.51327     -1.67552    0.000133035
2.72271     -1.67552    0.000209438
2.93215     -1.67552    0.000307527
3.14159     -1.67552    0.000342161

-3.14159     -1.46608    0.000330433
-2.93215     -1.46608    0.000251062
-2.72271     -1.46608    0.000154511
-2.51327     -1.46608    0.000104254
-2.30383     -1.46608    7.15208e-05
-2.0944     -1.46608    3.97246e-05
-1.88496     -1.46608    2.53418e-05
-1.67552     -1.46608    9.08499e-06
-1.46608     -1.46608    3.41694e-05
-1.25664     -1.46608    6.46509e-05
-1.0472     -1.46608    8.54397e-05
-0.837758     -1.46608    8.56544e-05
-0.628319     -1.46608    0.000102408
-0.418879     -1.46608    0.000103012
-0.20944     -1.46608    7.05864e-05
0     -1.46608    5.32596e-05
0.20944     -1.46608    7.08603e-05
0.418879     -1.46608    0.000103006
0.628319     -1.46608    0.000102412
0.837758     -1.46608    8.56569e-05
1.0472     -1.46608    8.54373e-05
1.25664     -1.46608    6.46374e-05
1.46608     -1.46608    3.41535e-05
1.67552     -1.46608    9.05187e-06
1.88496     -1.46608    2.53648e-05
2.0944     -1.46608    3.97524e-05
2.30383     -1.46608    7.1547e-05
2.51327     -1.46608    0.000104274
2.72271     -1.46608    0.000154524
2.93215     -1.46608    0.000251073
3.14159     -1.46608    0.000330434

-3.14159     -1.25664    0.000304472
-2.93215     -1.25664    0.000200849
-2.72271     -1.25664    0.000129093
-2.51327     -1.25664    7.89333e-05
-2.30383     -1.25664    5.29142e-05
-2.0944     -1.25664    3.94128e-05
-1.88496     -1.25664    2.45318e-05
-1.67552     -1.25664    7.83572e-06
-1.46608     -1.25664    3.57631e-05
-1.25664     -1.25664    7.95013e-05
-1.0472     -1.25664    9.87713e-05
-0.837758     -1.25664    0.000110388
-0.628319     -1.25664    0.000122892
-0.418879     -1.25664    0.000124951
-0.20944     -1.25664    9.77037e-05
0     -1.25664    7.6358e-05
0.20944     -1.25664    9.76014e-05
0.418879     -1.25664    0.000124942
0.628319     -1.25664    0.000122868
0.837758     -1.25664    0.000110382
1.0472     -1.25664    9.87531e-05
1.25664     -1.25664    7.94834e-05
1.46608     -1.25664    3.57411e-05
1.67552     -1.25664    7.8048e-06
1.88496     -1.25664    2.45435e-05
2.0944     -1.25664    3.94174e-05
2.30383     -1.25664    5.2913e-05
2.51327     -1.25664    7.89504e-05
2.72271     -1.25664    0.000129103
2.93215     -1.25664    0.000200856
3.14159     -1.25664    0.000304472

-3.14159     -1.0472    0.000272049
-2.93215     -1.0472    0.00018129
-2.72271     -1.0472    0.000109089
-2.51327     -1.0472    6.572e-05
-2.30383     -1.0472    3.68271e-05
-2.0944     -1.0472    3.6097e-05
-1.88496     -1.0472    1.13428e-05
-1.67552     -1.0472    8.09847e-06
-1.46608     -1.0472    3.49162e-05
-1.25664     -1.0472    6.80115e-05
-1.0472     -1.0472    0.000104776
-0.837758     -1.0472    0.000122256
-0.628319     -1.0472    0.000150935
-0.418879     -1.0472    0.000148201
-0.20944     -1.0472    0.000138285
0     -1.0472    5.68145e-05
0.20944     -1.0472    0.000138338
0.418879     -1.0472    0.000148102
0.628319     -1.0472    0.00015088
0.837758     -1.0472    0.000122216
1.0472     -1.0472    0.000104793
1.25664     -1.0472    6.79915e-05
1.46608     -1.0472    3.49143e-05
1.67552     -1.0472    8.10266e-06
1.88496     -1.0472    1.13416e-05
2.0944     -1.0472    3.60897e-05
2.30383     -1.0472    3.68161e-05
2.51327     -1.0472    6.57208e-05
2.72271     -1.0472    0.000109099
2.93215     -1.0472    0.0001813
3.14159     -1.0472    0.000272049

-3.14159     -0.837758    0.00025283
-2.93215     -0.837758    0.000174549
-2.72271     -0.837758    8.78566e-05
-2.51327     -0.837758    2.8871e-05
-2.30383     -0.837758    2.30704e-05
-2.0944     -0.837758    5.21885e-06
-1.88496     -0.837758    8.36656e-06
-1.67552     -0.837758    1.80445e-05
-1.46608     -0.837758    4.94e-05
-1.25664     -0.837758    5.40961e-05
-1.0472     -0.837758    8.45952e-05
-0.837758     -0.837758    0.000138303
-0.628319     -0.837758    0.00016409
-0.418879     -0.837758    0.000188006
-0.20944     -0.837758    0.000178527
0     -0.837758    0.000205942
0.20944     -0.837758    0.000178376
0.418879     -0.837758    0.000188319
0.628319     -0.837758    0.000164148
0.837758     -0.837758    0.000138343
1.0472     -0.837758    8.45694e-05
1.25664     -0.837758    5.4088e-05
1.46608     -0.837758    4.94161e-05
1.67552     -0.837758    1.80509e-05
1.88496     -0.837758    8.36837e-06
2.0944     -0.837758    5.22745e-06
2.30383     -0.837758    2.30755e-05
2.51327     -0.837758    2.88664e-05
2.72271     -0.837758    8.78512e-05
2.93215     -0.837758    0.000174553
3.14159     -0.837758    0.000252831

-3.14159     -0.628319    0.000258594
-2.93215     -0.628319    0.000166681
-2.72271     -0.628319    9.04306e-05
-2.51327     -0.628319    5.013e-05
-2.30383     -0.628319    1.33283e-05
-2.0944     -0.628319    1.38767e-05
-1.88496     -0.628319    3.49717e-05
-1.67552     -0.628319    5.15202e-05
-1.46608     -0.628319    5.78681e-05
-1.25664     -0.628319    6.58462e-05
-1.0472     -0.628319    5.95192e-05
-0.837758     -0.628319    0.000113624
-0.628319     -0.628319    0.000174529
-0.418879     -0.628319    0.000196929
-0.20944     -0.628319    0.000224523
0     -0.628319    0.000182559
0.20944     -0.628319    0.000223807
0.418879     -0.628319    0.000196964
0.628319     -0.628319    0.000174674
0.837758     -0.628319    0.000113686
1.0472     -0.628319    5.94576e-05
1.25664     -0.628319    6.58378e-05
1.46608     -0.628319    5.78659e-05
1.67552     -0.628319    5.15218e-05
1.88496     -0.628319    3.4978e-05
2.0944     -0.628319    1.38847e-05
2.30383     -0.628319    1.33262e-05
2.51327     -0.628319    5.01295e-05
2.72271     -0.628319    9.04223e-05
2.93215     -0.628319    0.000166673
3.14159     -0.628319    0.000258593

-3.14159     -0.418879    0.000252913
-2.93215     -0.418879    0.000172878
-2.72271     -0.418879    0.000106788
-2.51327     -0.418879    5.97483e-05
-2.30383     -0.418879    6.93226e-06
-2.0944     -0.418879    3.02833e-05
-1.88496     -0.418879    6.13147e-05
-1.67552     -0.418879    8.86343e-05
-1.46608     -0.418879    9.36774e-05
-1.25664     -0.418879    9.77621e-05
-1.0472     -0.418879    0.000110503
-0.837758     -0.418879    0.000122304
-0.628319     -0.418879    0.000195903
-0.418879     -0.418879    0.000258162
-0.20944     -0.418879    0.000280336
0     -0.418879    0.000437211
0.20944     -0.418879    0.000280789
0.418879     -0.418879    0.000257891
0.628319     -0.418879    0.000195838
0.837758     -0.418879    0.000122353
1.0472     -0.418879    0.000110572
1.25664     -0.418879    9.77498e-05
1.46608     -0.418879    9.36954e-05
1.67552     -0.418879    8.86503e-05
1.88496     -0.418879    6.13248e-05
2.0944     -0.418879    3.02839e-05
2.30383     -0.418879    6.92757e-06
2.51327     -0.418879    5.97494e-05
2.72271     -0.418879    0.000106786
2.93215     -0.418879    0.000172873
3.14159     -0.418879    0.000252904

-3.14159     -0.20944    0.000294508
-2.93215     -0.20944    0.000233504
-2.72271     -0.20944    0.000169518
-2.51327     -0.20944    8.10774e-05
-2.30383     -0.20944    1.65874e-05
-2.0944     -0.20944    4.28625e-05
-1.88496     -0.20944    7.2183e-05
-1.67552     -0.20944    9.41835e-05
-1.46608     -0.20944    0.000117322
-1.25664     -0.20944    0.000133371
-1.0472     -0.20944    0.000162084
-0.837758     -0.20944    0.000183394
-0.628319     -0.20944    0.000221299
-0.418879     -0.20944    0.000322734
-0.20944     -0.20944    0.000418277
0     -0.20944    0.000414782
0.20944     -0.20944    0.000417369
0.418879     -0.20944    0.000322439
0.628319     -0.20944    0.000221106
0.837758     -0.20944    0.000183397
1.0472     -0.20944    0.00016207
1.25664     -0.20944    0.000133388
1.46608     -0.20944    0.00011733
1.67552     -0.20944    9.4186e-05
1.88496     -0.20944    7.21903e-05
2.0944     -0.20944    4.28499e-05
2.30383     -0.20944    1.65794e-05
2.51327     -0.20944    8.10738e-05
2.72271     -0.20944    0.000169511
2.93215     -0.20944    0.000233496
3.14159     -0.20944    0.000294499

-3.14159     0    0.000346654
-2.93215     0    0.000285839
-2.72271     0    0.000221129
-2.51327     0    0.000128939
-2.30383     0    3.20978e-05
-2.0944     0    2.82008e-05
-1.88496     0    7.32494e-05
-1.67552     0    8.72237e-05
-1.46608     0    0.000109538
-1.25664     0    0.000146169
-1.0472     0    0.000161371
-0.837758     0    0.000194849
-0.628319     0    0.000234348
-0.418879     0    0.000308355
-0.20944     0    0.000523329
0     0    1.02512e-16
0.20944     0    0.000523329
0.418879     0    0.000308355
0.628319     0    0.000234348
0.837758     0    0.000194849
1.0472     0    0.000161371
1.25664     0    0.000146169
1.46608     0    0.000109538
1.67552     0    8.72237e-05
1.88496     0    7.32494e-05
2.0944     0    2.82008e-05
2.30383     0    3.20978e-05
2.51327     0    0.000128939
2.72271     0    0.000221129
2.93215     0    0.000285839
3.14159     0    0.000346654

-3.14159     0.20944    0.000294499
-2.93215     0.20944    0.000233496
-2.72271     0.20944    0.000169511
-2.51327     0.20944    8.10738e-05
-2.30383     0.20944    1.65794e-05
-2.0944     0.20944    4.28499e-05
-1.88496     0.20944    7.21903e-05
-1.67552     0.20944    9.4186e-05
-1.46608     0.20944    0.00011733
-1.25664     0.20944    0.000133388
-1.0472     0.20944    0.00016207
-0.837758     0.20944    0.000183397
-0.628319     0.20944    0.000221106
-0.418879     0.20944    0.000322439
-0.20944     0.20944    0.000417369
0     0.20944    0.000414782
0.20944     0.20944    0.000418277
0.418879     0.20944    0.000322734
0.628319     0.20944    0.000221299
0.837758     0.20944    0.000183394
1.0472     0.20944    0.000162084
1.25664     0.20944    0.000133371
1.46608     0.20944    0.000117322
1.67552     0.20944    9.41835e-05
1.88496     0.20944    7.2183e-05
2.0944     0.20944    4.28625e-05
2.30383     0.20944    1.65874e-05
2.51327     0.20944    8.10774e-05
2.72271     0.20944    0.000169518
2.93215     0.20944    0.000233504
3.14159     0.20944    0.000294508

-3.14159     0.418879    0.000252904
-2.93215     0.418879    0.000172873
-2.72271     0.418879    0.000106786
-2.51327     0.418879    5.97494e-05
-2.30383     0.418879    6.92757e-06
-2.0944     0.418879    3.02839e-05
-1.88496     0.418879    6.13248e-05
-1.67552     0.418879    8.86503e-05
-1.46608     0.418879    9.36954e-05
-1.25664     0.418879    9.77498e-05
-1.0472     0.418879    0.000110572
-0.837758     0.418879    0.000122353
-0.628319     0.418879    0.000195838
-0.418879     0.418879    0.000257891
-0.20944     0.418879    0.000280789
0     0.418879    0.000437211
0.20944     0.418879    0.000280336
0.418879     0.418879    0.000258162
0.628319     0.418879    0.000195903
0.837758     0.418879    0.000122304
1.0472     0.418879    0.000110503
1.25664     0.418879    9.77621e-05
1.46608     0.418879    9.36774e-05
1.67552     0.418879    8.86343e-05
1.88496     0.418879    6.13147e-05
2.0944     0.418879    3.02833e-05
2.30383     0.418879    6.93226e-06
2.51327     0.418879    5.97483e-05
2.72271     0.418879    0.000106788
2.93215     0.418879    0.000172878
3.14159     0.418879    0.000252913

-3.14159     0.628319    0.000258593
-2.93215     0.628319    0.000166673
-2.72271     0.628319    9.04223e-05
-2.51327     0.628319    5.01295e-05
-2.30383     0.628319    1.33262e-05
-2.0944     0.628319    1.38847e-05
-1.88496     0.628319    3.4978e-05
-1.67552     0.628319    5.15218e-05
-1.46608     0.628319    5.78659e-05
-1.25664     0.628319    6.58378e-05
-1.0472     0.628319    5.94576e-05
-0.837758     0.628319    0.000113686
-0.628319     0.628319    0.000174674
-0.418879     0.628319    0.000196964
-0.20944     0.628319    0.000223807
0     0.628319    0.000182559
0.20944     0.628319    0.000224523
0.418879     0.628319    0.000196929
0.628319     0.628319    0.000174529
0.837758     0.628319    0.000113624
1.0472     0.628319    5.95192e-05
1.25664     0.628319    6.58462e-05
1.46608     0.628319    5.78681e-05
1.67552     0.628319    5.15202e-05
1.88496     0.628319    3.49717e-05
2.0944     0.628319    1.38767e-05
2.30383     0.628319    1.33283e-05
2.51327     0.628319    5.013e-05
2.72271     0.628319    9.04306e-05
2.93215     0.628319    0.000166681
3.14159     0.628319    0.000258594

-3.14159     0.837758    0.000252831
-2.93215     0.837758    0.000174553
-2.72271     0.837758    8.78512e-05
-2.51327     0.837758    2.88664e-05
-2.30383     0.837758    2.30755e-05
-2.0944     0.837758    5.22745e-06
-1.88496     0.837758    8.36837e-06
-1.67552     0.837758    1.80509e-05
-1.46608     0.837758    4.94161e-05
-1.25664     0.837758    5.4088e-05
-1.0472     0.837758    8.45694e-05
-0.837758     0.837758    0.000138343
-0.628319     0.837758    0.000164148
-0.418879     0.837758    0.000188319
-0.20944     0.837758    0.000178376
0     0.837758    0.000205942
0.20944     0.837758    0.000178527
0.418879     0.837758    0.000188006
0.628319     0.837758    0.00016409
0.837758     0.837758    0.000138303
1.0472     0.837758    8.45952e-05
1.25664     0.837758    5.40961e-05
1.46608     0.837758    4.94e-05
1.67552     0.837758    1.80445e-05
1.88496     0.837758    8.36656e-06
2.0944     0.837758    5.21885e-06
2.30383     0.837758    2.30704e-05
2.51327     0.837758    2.8871e-05
2.72271     0.837758    8.78566e-05
2.93215     0.837758    0.000174549
3.14159     0.837758    0.00025283

-3.14159     1.0472    0.000272049
-2.93215     1.0472    0.0001813
-2.72271     1.0472    0.000109099
-2.51327     1.0472    6.57208e-05
-2.30383     1.0472    3.68161e-05
-2.0944     1.0472    3.60897e-05
-1.88496     1.0472    1.13416e-05
-1.67552     1.0472    8.10266e-06
-1.46608     1.0472    3.49143e-05
-1.25664     1.0472    6.79915e-05
-1.0472     1.0472    0.000104793
-0.837758     1.0472    0.000122216
-0.628319     1.0472    0.00015088
-0.418879     1.0472    0.000148102
-0.20944     1.0472    0.000138338
0     1.0472    5.68145e-05
0.20944     1.0472    0.000138285
0.418879     1.0472    0.000148201
0.628319     1.0472    0.000150935
0.837758     1.0472    0.000122256
1.0472     1.0472    0.000104776
1.25664     1.0472    6.80115e-05
1.46608     1.0472    3.49162e-05
1.67552     1.0472    8.09847e-06
1.88496     1.0472    1.13428e-05
2.0944     1.0472    3.6097e-05
2.30383     1.0472    3.68271e-05
2.51327     1.0472    6.572e-05
2.72271     1.0472    0.000109089
2.93215     1.0472    0.00018129
3.14159     1.0472    0.000272049

-3.14159     1.25664    0.000304472
-2.93215     1.25664    0.000200856
-2.72271     1.25664    0.000129103
-2.51327     1.25664    7.89504e-05
-2.30383     1.25664    5.2913e-05
-2.0944     1.25664    3.94174e-05
-1.88496     1.25664    2.45435e-05
-1.67552     1.25664    7.8048e-06
-1.46608     1.25664    3.57411e-05
-1.25664     1.25664    7.94834e-05
-1.0472     1.25664    9.87531e-05
-0.837758     1.25664    0.000110382
-0.628319     1.25664    0.000122868
-0.418879     1.25664    0.000124942
-0.20944     1.25664    9.76014e-05
0     1.25664    7.6358e-05
0.20944     1.25664    9.77037e-05
0.418879     1.25664    0.000124951
0.628319     1.25664    0.000122892
0.837758     1.25664    0.000110388
1.0472     1.25664    9.87713e-05
1.25664     1.25664    7.95013e-05
1.46608     1.25664    3.57631e-05
1.67552     1.25664    7.83572e-06
1.88496     1.25664    2.45318e-05
2.0944     1.25664    3.94128e-05
2.30383     1.25664    5.29142e-05
2.51327     1.25664    7.89333e-05
2.72271     1.25664    0.000129093
2.93215     1.25664    0.000200849
3.14159     1.25664    0.000304472

-3.14159     1.46608    0.000330434
-2.93215     1.46608    0.000251073
-2.72271     1.46608    0.000154524
-2.51327     1.46608    0.000104274
-2.30383     1.46608    7.1547e-05
-2.0944     1.46608    3.97524e-05
-1.88496     1.46608    2.53648e-05
-1.67552     1.46608    9.05187e-06
-1.46608     1.46608    3.41535e-05
-1.25664     1.46608    6.46374e-05
-1.0472     1.46608    8.54373e-05
-0.837758     1.46608    8.56569e-05
-0.628319     1.46608    0.000102412
-0.418879     1.46608    0.000103006
-0.20944     1.46608    7.08603e-05
0     1.46608    5.32596e-05
0.20944     1.46608    7.05864e-05
0.418879     1.46608    0.000103012
0.628319     1.46608    0.000102408
0.837758     1.46608    8.56544e-05
1.0472     1.46608    8.54397e-05
1.25664     1.46608    6.46509e-05
1.46608     1.46608    3.41694e-05
1.67552     1.46608    9.08499e-06
1.88496     1.46608    2.53418e-05
2.0944     1.46608    3.97246e-05
2.30383     1.46608    7.15208e-05
2.51327     1.46608    0.000104254
2.72271     1.46608    0.000154511
2.93215     1.46608    0.000251062
3.14159     1.46608    0.000330433

-3.14159     1.67552    0.000342161
-2.93215     1.67552    0.000307527
-2.72271     1.67552    0.000209438
-2.51327     1.67552    0.000133035
-2.30383     1.67552    8.72453e-05
-2.0944     1.67552    4.85902e-05
-1.88496     1.67552    2.39666e-05
-1.67552     1.67552    9.56574e-06
-1.46608     1.67552    9.07393e-06
-1.25664     1.67552    4.63873e-05
-1.0472     1.67552    5.64897e-05
-0.837758     1.67552    7.39812e-05
-0.628319     1.67552    8.55722e-05
-0.418879     1.67552    8.19133e-05
-0.20944     1.67552    4.827e-05
0     1.67552    4.68362e-05
0.20944     1.67552    4.8491e-05
0.418879     1.67552    8.19402e-05
0.628319     1.67552    8.557e-05
0.837758     1.67552    7.39889e-05
1.0472     1.67552    5.65032e-05
1.25664     1.67552    4.6403e-05
1.46608     1.67552    9.09614e-06
1.67552     1.67552    9.54488e-06
1.88496     1.67552    2.39432e-05
2.0944     1.67552    4.85717e-05
2.30383     1.67552    8.72191e-05
2.51327     1.67552    0.000133018
2.72271     1.67552    0.000209423
2.93215     1.67552    0.000307524
3.14159     1.67552    0.000342161

-3.14159     1.88496    0.000342715
-2.93215     1.88496    0.000335685
-2.72271     1.88496    0.000265568
-2.51327     1.88496    0.000175556
-2.30383     1.88496    0.000133472
-2.0944     1.88496    7.77407e-05
-1.88496     1.88496    4.5201e-05
-1.67552     1.88496    5.17013e-05
-1.46608     1.88496    1.82762e-05
-1.25664     1.88496    6.17233e-06
-1.0472     1.88496    1.19662e-05
-0.837758     1.88496    5.2139e-05
-0.628319     1.88496    5.34986e-05
-0.418879     1.88496    4.66422e-05
-0.20944     1.88496    2.63345e-05
0     1.88496    3.03032e-05
0.20944     1.88496    2.62505e-05
0.418879     1.88496    4.66004e-05
0.628319     1.88496    5.3502e-05
0.837758     1.88496    5.21259e-05
1.0472     1.88496    1.1964e-05
1.25664     1.88496    6.15873e-06
1.46608     1.88496    1.82545e-05
1.67552     1.88496    5.16764e-05
1.88496     1.88496    4.51743e-05
2.0944     1.88496    7.77137e-05
2.30383     1.88496    0.00013345
2.51327     1.88496    0.000175538
2.72271     1.88496    0.00026556
2.93215     1.88496    0.00033568
3.14159     1.88496    0.000342715

-3.14159     2.0944    0.000336247
-2.93215     2.0944    0.000350689
-2.72271     2.0944    0.000325708
-2.51327     2.0944    0.00025371
-2.30383     2.0944    0.000188108
-2.0944     2.0944    0.000136486
-1.88496     2.0944    0.000104028
-1.67552     2.0944    9.56483e-05
-1.46608     2.0944    9.10125e-05
-1.25664     2.0944    9.48534e-05
-1.0472     2.0944    3.34595e-05
-0.837758     2.0944    1.37436e-05
-0.628319     2.0944    1.55236e-05
-0.418879     2.0944    1.9352e-05
-0.20944     2.0944    1.78922e-06
0     2.0944    2.6523e-05
0.20944     2.0944    1.82332e-06
0.418879     2.0944    1.94248e-05
0.628319     2.0944    1.55171e-05
0.837758     2.0944    1.37505e-05
1.0472     2.0944    3.34519e-05
1.25664     2.0944    9.48409e-05
1.46608     2.0944    9.09847e-05
1.67552     2.0944    9.56234e-05
1.88496     2.0944    0.000104001
2.0944     2.0944    0.000136462
2.30383     2.0944    0.000188093
2.51327     2.0944    0.000253698
2.72271     2.0944    0.000325701
2.93215     2.0944    0.000350688
3.14159     2.0944    0.000336246

-3.14159     2.30383    0.000313608
-2.93215     2.30383    0.000371957
-2.72271     2.30383    0.000374592
-2.51327     2.30383    0.000318886
-2.30383     2.30383    0.000255545
-2.0944     2.30383    0.000223649
-1.88496     2.30383    0.000168606
-1.67552     2.30383    0.000166652
-1.46608     2.30383    0.000204436
-1.25664     2.30383    0.000173681
-1.0472     2.30383    7.37992e-05
-0.837758     2.30383    4.07118e-05
-0.628319     2.30383    1.31382e-05
-0.418879     2.30383    1.02533e-05
-0.20944     2.30383    2.67159e-05
0     2.30383    2.80718e-05
0.20944     2.30383    2.673e-05
0.418879     2.30383    1.03415e-05
0.628319     2.30383    1.3139e-05
0.837758     2.30383    4.07179e-05
1.0472     2.30383    7.37981e-05
1.25664     2.30383    0.000173663
1.46608     2.30383    0.000204418
1.67552     2.30383    0.000166635
1.88496     2.30383    0.000168586
2.0944     2.30383    0.000223633
2.30383     2.30383    0.000255527
2.51327     2.30383    0.000318875
2.72271     2.30383    0.000374587
2.93215     2.30383    0.000371962
3.14159     2.30383    0.000313608

-3.14159     2.51327    0.000282792
-2.93215     2.51327    0.000369855
-2.72271     2.51327    0.000409361
-2.51327     2.51327    0.000400967
-2.30383     2.51327    0.000337201
-2.0944     2.51327    0.000280256
-1.88496     2.51327    0.000243587
-1.67552     2.51327    0.000266224
-1.46608     2.51327    0.000280369
-1.25664     2.51327    0.000213445
-1.0472     2.51327    0.000113759
-0.837758     2.51327    7.15794e-05
-0.628319     2.51327    3.07628e-05
-0.418879     2.51327    3.20876e-05
-0.20944     2.51327    3.76109e-05
0     2.51327    5.82792e-05
0.20944     2.51327    3.76377e-05
0.418879     2.51327    3.20293e-05
0.628319     2.51327    3.07629e-05
0.837758     2.51327    7.15689e-05
1.0472     2.51327    0.000113757
1.25664     2.51327    0.000213433
1.46608     2.51327    0.000280354
1.67552     2.51327    0.000266208
1.88496     2.51327    0.00024357
2.0944     2.51327    0.000280239
2.30383     2.51327    0.000337183
2.51327     2.51327    0.000400959
2.72271     2.51327    0.000409364
2.93215     2.51327    0.000369856
3.14159     2.51327    0.000282792

-3.14159     2.72271    0.000255182
-2.93215     2.72271    0.000363837
-2.72271     2.72271    0.000424082
-2.51327     2.72271    0.000414438
-2.30383     2.72271    0.000380685
-2.0944     2.72271    0.000364327
-1.88496     2.72271    0.000359498
-1.67552     2.72271    0.000347158
-1.46608     2.72271    0.000315173
-1.25664     2.72271    0.000225132
-1.0472     2.72271    0.000151627
-0.837758     2.72271    0.000107865
-0.628319     2.72271    7.01835e-05
-0.418879     2.72271    6.40112e-05
-0.20944     2.72271    6.61708e-05
0     2.72271    6.65144e-05
0.20944     2.72271    6.61319e-05
0.418879     2.72271    6.40725e-05
0.628319     2.72271    7.01883e-05
0.837758     2.72271    0.00010787
1.0472     2.72271    0.000151622
1.25664     2.72271    0.000225127
1.46608     2.72271    0.000315157
1.67552     2.72271    0.000347138
1.88496     2.72271    0.000359482
2.0944     2.72271    0.000364321
2.30383     2.72271    0.00038068
2.51327     2.72271    0.000414435
2.72271     2.72271    0.000424087
2.93215     2.72271    0.000363845
3.14159     2.72271    0.000255181

-3.14159     2.93215    0.000257055
-2.93215     2.93215    0.000339055
-2.72271     2.93215    0.000397402
-2.51327     2.93215    0.000437601
-2.30383     2.93215    0.000468962
-2.0944     2.93215    0.000474344
-1.88496     2.93215    0.000447036
-1.67552     2.93215    0.00041395
-1.46608     2.93215    0.000362679
-1.25664     2.93215    0.000264428
-1.0472     2.93215    0.000220902
-0.837758     2.93215    0.000180471
-0.628319     2.93215    0.000143378
-0.418879     2.93215    0.000122611
-0.20944     2.93215    0.000109876
0     2.93215    0.000109567
0.20944     2.93215    0.000109915
0.418879     2.93215    0.00012258
0.628319     2.93215    0.000143377
0.837758     2.93215    0.000180471
1.0472     2.93215    0.000220902
1.25664     2.93215    0.000264432
1.46608     2.93215    0.000362672
1.67552     2.93215    0.000413939
1.88496     2.93215    0.000447025
2.0944     2.93215    0.000474332
2.30383     2.93215    0.000468962
2.51327     2.93215    0.000437608
2.72271     2.93215    0.000397403
2.93215     2.93215    0.000339058
3.14159     2.93215    0.000257055

-3.14159     3.14159    0.000254144
-2.93215     3.14159    0.000330743
-2.72271     3.14159    0.000424654
-2.51327     3.14159    0.000512377
-2.30383     3.14159    0.000541706
-2.0944     3.14159    0.000508413
-1.88496     3.14159    0.000486239
-1.67552     3.14159    0.000465992
-1.46608     3.14159    0.000427459
-1.25664     3.14159    0.000330377
-1.0472     3.14159    0.000303548
-0.837758     3.14159    0.000251961
-0.628319     3.14159    0.000225878
-0.418879     3.14159    0.000192796
-0.20944     3.14159    0.000182633
0     3.14159    0.000179177
0.20944     3.14159    0.000182606
0.418879     3.14159    0.000192798
0.628319     3.14159    0.000225882
0.837758     3.14159    0.000251964
1.0472     3.14159    0.000303551
1.25664     3.14159    0.000330376
1.46608     3.14159    0.000427456
1.67552     3.14159    0.000465989
1.88496     3.14159    0.000486232
2.0944     3.14159    0.000508408
2.30383     3.14159    0.000541703
2.51327     3.14159    0.000512387
2.72271     3.14159    0.000424658
2.93215     3.14159    0.000330741
3.14159     3.14159    0.00025415

