-3.14159     -3.14159    1.44717e-09
-2.93215     -3.14159    3.1008e-09
-2.72271     -3.14159    3.10425e-10
-2.51327     -3.14159    6.20211e-10
-2.30383     -3.14159    6.4049e-10
-2.0944     -3.14159    1.72023e-10
-1.88496     -3.14159    9.50614e-10
-1.67552     -3.14159    2.40633e-10
-1.46608     -3.14159    1.94172e-09
-1.25664     -3.14159    7.30609e-10
-1.0472     -3.14159    4.1543e-09
-0.837758     -3.14159    1.49968e-09
-0.628319     -3.14159    1.55775e-08
-0.418879     -3.14159    2.91406e-09
-0.20944     -3.14159    1.06772e-07
0     -3.14159    9.25944e-10
0.20944     -3.14159    1.03869e-07
0.418879     -3.14159    8.04809e-10
0.628319     -3.14159    1.30335e-08
0.837758     -3.14159    1.52343e-09
1.0472     -3.14159    4.10701e-09
1.25664     -3.14159    5.58322e-10
1.46608     -3.14159    6.06346e-10
1.67552     -3.14159    3.4536e-10
1.88496     -3.14159    9.4866e-10
2.0944     -3.14159    7.71071e-10
2.30383     -3.14159    1.57796e-09
2.51327     -3.14159    9.82155e-10
2.72271     -3.14159    9.61891e-10
2.93215     -3.14159    5.48662e-10
3.14159     -3.14159    6.22566e-10

-3.14159     -2.93215    1.2093e-09
-2.93215     -2.93215    1.61284e-09
-2.72271     -2.93215    7.71558e-10
-2.51327     -2.93215    2.58465e-09
-2.30383     -2.93215    1.04059e-09
-2.0944     -2.93215    2.91204e-10
-1.88496     -2.93215    1.02769e-09
-1.67552     -2.93215    3.06543e-10
-1.46608     -2.93215    9.51536e-10
-1.25664     -2.93215    1.46597e-09
-1.0472     -2.93215    6.81379e-09
-0.837758     -2.93215    2.99157e-09
-0.628319     -2.93215    1.37356e-08
-0.418879     -2.93215    6.02152e-09
-0.20944     -2.93215    1.01827e-07
0     -2.93215    2.55966e-08
0.20944     -2.93215    9.89926e-08
0.418879     -2.93215    8.15164e-09
0.628319     -2.93215    1.2778e-08
0.837758     -2.93215    4.50951e-10
1.0472     -2.93215    2.9165e-09
1.25664     -2.93215    1.67143e-09
1.46608     -2.93215    1.62862e-09
1.67552     -2.93215    7.42271e-10
1.88496     -2.93215    2.46574e-10
2.0944     -2.93215    3.40192e-10
2.30383     -2.93215    1.19938e-09
2.51327     -2.93215    2.99341e-09
2.72271     -2.93215    1.45757e-09
2.93215     -2.93215    1.88796e-09
3.14159     -2.93215    4.21187e-10

-3.14159     -2.72271    6.25341e-10
-2.93215     -2.72271    2.38294e-09
-2.72271     -2.72271    1.4733e-09
-2.51327     -2.72271    1.44705e-09
-2.30383     -2.72271    1.75956e-09
-2.0944     -2.72271    5.42571e-10
-1.88496     -2.72271    4.38199e-10
-1.67552     -2.72271    5.42964e-10
-1.46608     -2.72271    1.26735e-09
-1.25664     -2.72271    1.89217e-09
-1.0472     -2.72271    3.71694e-10
-0.837758     -2.72271    2.08707e-09
-0.628319     -2.72271    1.15914e-08
-0.418879     -2.72271    1.36784e-08
-0.20944     -2.72271    7.69279e-08
0     -2.72271    4.56047e-08
0.20944     -2.72271    7.29272e-08
0.418879     -2.72271    1.12828e-08
0.628319     -2.72271    1.07208e-08
0.837758     -2.72271    3.67991e-09
1.0472     -2.72271    3.40523e-09
1.25664     -2.72271    2.97782e-09
1.46608     -2.72271    1.47428e-09
1.67552     -2.72271    3.17543e-10
1.88496     -2.72271    7.11078e-10
2.0944     -2.72271    3.19344e-10
2.30383     -2.72271    2.46033e-09
2.51327     -2.72271    2.8786e-09
2.72271     -2.72271    3.27249e-09
2.93215     -2.72271    1.15365e-09
3.14159     -2.72271    2.86544e-09

-3.14159     -2.51327    1.51721e-09
-2.93215     -2.51327    1.44777e-09
-2.72271     -2.51327    9.93843e-10
-2.51327     -2.51327    4.95495e-10
-2.30383     -2.51327    1.07468e-09
-2.0944     -2.51327    3.97114e-10
-1.88496     -2.51327    8.34545e-10
-1.67552     -2.51327    1.00344e-09
-1.46608     -2.51327    1.30883e-09
-1.25664     -2.51327    2.56293e-09
-1.0472     -2.51327    4.98627e-09
-0.837758     -2.51327    3.32844e-09
-0.628319     -2.51327    4.64386e-09
-0.418879     -2.51327    2.10588e-08
-0.20944     -2.51327    3.92163e-08
0     -2.51327    6.72658e-08
0.20944     -2.51327    3.53518e-08
0.418879     -2.51327    2.22337e-08
0.628319     -2.51327    4.77186e-09
0.837758     -2.51327    3.62363e-09
1.0472     -2.51327    1.67007e-09
1.25664     -2.51327    2.51751e-09
1.46608     -2.51327    9.28437e-10
1.67552     -2.51327    1.68205e-09
1.88496     -2.51327    5.21644e-10
2.0944     -2.51327    7.39025e-10
2.30383     -2.51327    4.24436e-10
2.51327     -2.51327    2.18483e-09
2.72271     -2.51327    3.63808e-10
2.93215     -2.51327    5.96338e-10
3.14159     -2.51327    1.87164e-09

-3.14159     -2.30383    1.03899e-09
-2.93215     -2.30383    1.17329e-09
-2.72271     -2.30383    1.04023e-09
-2.51327     -2.30383    7.77635e-10
-2.30383     -2.30383    8.13934e-10
-2.0944     -2.30383    1.38225e-09
-1.88496     -2.30383    1.00188e-09
-1.67552     -2.30383    2.66167e-10
-1.46608     -2.30383    1.34419e-09
-1.25664     -2.30383    1.20098e-09
-1.0472     -2.30383    1.72761e-09
-0.837758     -2.30383    4.82745e-09
-0.628319     -2.30383    4.03315e-09
-0.418879     -2.30383    1.85739e-08
-0.20944     -2.30383    1.18585e-08
0     -2.30383    6.65419e-08
0.20944     -2.30383    1.23379e-08
0.418879     -2.30383    2.13291e-08
0.628319     -2.30383    2.32885e-09
0.837758     -2.30383    1.51307e-09
1.0472     -2.30383    1.51479e-09
1.25664     -2.30383    2.20338e-09
1.46608     -2.30383    9.01472e-10
1.67552     -2.30383    1.35889e-09
1.88496     -2.30383    1.9044e-09
2.0944     -2.30383    2.43579e-09
2.30383     -2.30383    7.65658e-10
2.51327     -2.30383    9.78065e-11
2.72271     -2.30383    1.98951e-09
2.93215     -2.30383    3.57996e-09
3.14159     -2.30383    1.19512e-09

-3.14159     -2.0944    1.20516e-09
-2.93215     -2.0944    1.04028e-09
-2.72271     -2.0944    1.53556e-09
-2.51327     -2.0944    1.57401e-09
-2.30383     -2.0944    2.45393e-09
-2.0944     -2.0944    7.08571e-10
-1.88496     -2.0944    5.65318e-10
-1.67552     -2.0944    2.69592e-09
-1.46608     -2.0944    1.86583e-09
-1.25664     -2.0944    3.21628e-09
-1.0472     -2.0944    3.4228e-09
-0.837758     -2.0944    4.93062e-09
-0.628319     -2.0944    4.87994e-09
-0.418879     -2.0944    2.49492e-08
-0.20944     -2.0944    6.13521e-08
0     -2.0944    6.25344e-08
0.20944     -2.0944    5.64169e-08
0.418879     -2.0944    2.66123e-08
0.628319     -2.0944    7.09857e-09
0.837758     -2.0944    6.17152e-09
1.0472     -2.0944    2.27446e-09
1.25664     -2.0944    2.96866e-09
1.46608     -2.0944    2.6252e-09
1.67552     -2.0944    2.14178e-09
1.88496     -2.0944    1.42573e-09
2.0944     -2.0944    8.10116e-10
2.30383     -2.0944    1.08726e-09
2.51327     -2.0944    1.52249e-09
2.72271     -2.0944    1.77552e-09
2.93215     -2.0944    1.83624e-09
3.14159     -2.0944    2.35572e-09

-3.14159     -1.88496    4.97172e-10
-2.93215     -1.88496    6.74606e-10
-2.72271     -1.88496    7.60755e-10
-2.51327     -1.88496    8.72407e-10
-2.30383     -1.88496    7.05487e-10
-2.0944     -1.88496    6.76145e-10
-1.88496     -1.88496    1.68906e-10
-1.67552     -1.88496    4.50396e-10
-1.46608     -1.88496    1.09404e-09
-1.25664     -1.88496    3.7866e-09
-1.0472     -1.88496    6.24247e-09
-0.837758     -1.88496    2.15952e-09
-0.628319     -1.88496    1.36572e-08
-0.418879     -1.88496    2.12008e-08
-0.20944     -1.88496    1.168e-07
0     -1.88496    4.1191e-08
0.20944     -1.88496    1.01971e-07
0.418879     -1.88496    1.948e-08
0.628319     -1.88496    1.79751e-08
0.837758     -1.88496    4.84356e-09
1.0472     -1.88496    8.20715e-09
1.25664     -1.88496    2.33954e-09
1.46608     -1.88496    7.65202e-10
1.67552     -1.88496    7.57194e-10
1.88496     -1.88496    1.16255e-09
2.0944     -1.88496    1.87507e-09
2.30383     -1.88496    1.00011e-09
2.51327     -1.88496    3.13383e-10
2.72271     -1.88496    1.53646e-09
2.93215     -1.88496    3.55743e-09
3.14159     -1.88496    6.88264e-10

-3.14159     -1.67552    8.71193e-10
-2.93215     -1.67552    1.21831e-09
-2.72271     -1.67552    1.78835e-09
-2.51327     -1.67552    7.4878e-10
-2.30383     -1.67552    2.57973e-09
-2.0944     -1.67552    1.17978e-10
-1.88496     -1.67552    2.1059e-09
-1.67552     -1.67552    1.85399e-09
-1.46608     -1.67552    7.45247e-10
-1.25664     -1.67552    5.0733e-09
-1.0472     -1.67552    1.13191e-08
-0.837758     -1.67552    4.46945e-09
-0.628319     -1.67552    1.47278e-08
-0.418879     -1.67552    1.20609e-08
-0.20944     -1.67552    1.81921e-07
0     -1.67552    1.82154e-08
0.20944     -1.67552    1.50741e-07
0.418879     -1.67552    1.23122e-08
0.628319     -1.67552    2.50205e-08
0.837758     -1.67552    4.44319e-09
1.0472     -1.67552    6.01338e-09
1.25664     -1.67552    3.82856e-09
1.46608     -1.67552    2.2472e-09
1.67552     -1.67552    1.59856e-09
1.88496     -1.67552    8.45864e-10
2.0944     -1.67552    9.20235e-10
2.30383     -1.67552    1.99238e-09
2.51327     -1.67552    2.54456e-09
2.72271     -1.67552    7.56169e-10
2.93215     -1.67552    3.35632e-09
3.14159     -1.67552    1.33755e-09

-3.14159     -1.46608    1.20487e-09
-2.93215     -1.46608    1.50905e-09
-2.72271     -1.46608    4.40172e-09
-2.51327     -1.46608    2.01133e-09
-2.30383     -1.46608    4.39561e-10
-2.0944     -1.46608    2.13623e-09
-1.88496     -1.46608    3.64773e-09
-1.67552     -1.46608    5.57782e-09
-1.46608     -1.46608    9.5312e-10
-1.25664     -1.46608    4.37713e-09
-1.0472     -1.46608    1.02381e-08
-0.837758     -1.46608    5.53828e-10
-0.628319     -1.46608    2.90006e-08
-0.418879     -1.46608    1.96173e-08
-0.20944     -1.46608    1.91282e-07
0     -1.46608    2.20478e-08
0.20944     -1.46608    1.64832e-07
0.418879     -1.46608    1.38453e-08
0.628319     -1.46608    3.86342e-08
0.837758     -1.46608    7.57351e-09
1.0472     -1.46608    1.33622e-09
1.25664     -1.46608    5.75772e-09
1.46608     -1.46608    6.04525e-09
1.67552     -1.46608    2.67135e-09
1.88496     -1.46608    3.95797e-10
2.0944     -1.46608    4.49172e-09
2.30383     -1.46608    2.63421e-09
2.51327     -1.46608    1.57546e-09
2.72271     -1.46608    1.34112e-09
2.93215     -1.46608    2.03207e-09
3.14159     -1.46608    1.81421e-09

-3.14159     -1.25664    1.02897e-09
-2.93215     -1.25664    1.01164e-09
-2.72271     -1.25664    3.04278e-09
-2.51327     -1.25664    2.66535e-09
-2.30383     -1.25664    8.43643e-10
-2.0944     -1.25664    4.57595e-09
-1.88496     -1.25664    6.04069e-09
-1.67552     -1.25664    4.66084e-09
-1.46608     -1.25664    3.33798e-09
-1.25664     -1.25664    1.0618e-08
-1.0472     -1.25664    1.32349e-08
-0.837758     -1.25664    1.12763e-08
-0.628319     -1.25664    4.44386e-08
-0.418879     -1.25664    1.94139e-08
-0.20944     -1.25664    1.63631e-07
0     -1.25664    6.65496e-08
0.20944     -1.25664    1.52254e-07
0.418879     -1.25664    3.0362e-08
0.628319     -1.25664    2.26122e-08
0.837758     -1.25664    8.74321e-09
1.0472     -1.25664    4.74061e-09
1.25664     -1.25664    2.80682e-09
1.46608     -1.25664    4.53649e-09
1.67552     -1.25664    2.31826e-09
1.88496     -1.25664    1.26902e-09
2.0944     -1.25664    7.41303e-09
2.30383     -1.25664    5.21524e-09
2.51327     -1.25664    7.71629e-10
2.72271     -1.25664    2.65416e-09
2.93215     -1.25664    2.52113e-09
3.14159     -1.25664    2.36354e-09

-3.14159     -1.0472    1.31975e-09
-2.93215     -1.0472    3.1086e-10
-2.72271     -1.0472    1.12381e-09
-2.51327     -1.0472    1.0965e-09
-2.30383     -1.0472    3.3919e-09
-2.0944     -1.0472    2.12349e-09
-1.88496     -1.0472    4.59512e-09
-1.67552     -1.0472    5.23099e-09
-1.46608     -1.0472    4.38434e-09
-1.25664     -1.0472    9.89683e-09
-1.0472     -1.0472    4.65721e-09
-0.837758     -1.0472    2.38218e-08
-0.628319     -1.0472    3.52262e-08
-0.418879     -1.0472    6.41498e-08
-0.20944     -1.0472    1.33524e-07
0     -1.0472    1.70957e-07
0.20944     -1.0472    1.0357e-07
0.418879     -1.0472    2.95085e-08
0.628319     -1.0472    8.87788e-09
0.837758     -1.0472    6.54607e-09
1.0472     -1.0472    1.72606e-08
1.25664     -1.0472    4.16135e-09
1.46608     -1.0472    3.06199e-09
1.67552     -1.0472    9.57055e-10
1.88496     -1.0472    5.76796e-09
2.0944     -1.0472    2.93942e-09
2.30383     -1.0472    1.80427e-09
2.51327     -1.0472    2.03048e-09
2.72271     -1.0472    1.79715e-09
2.93215     -1.0472    1.14538e-09
3.14159     -1.0472    1.16558e-09

-3.14159     -0.837758    1.04808e-09
-2.93215     -0.837758    1.08681e-09
-2.72271     -0.837758    2.35513e-09
-2.51327     -0.837758    1.60496e-09
-2.30383     -0.837758    2.24155e-09
-2.0944     -0.837758    4.46658e-09
-1.88496     -0.837758    1.15282e-09
-1.67552     -0.837758    9.47522e-09
-1.46608     -0.837758    9.93104e-09
-1.25664     -0.837758    1.00038e-08
-1.0472     -0.837758    1.73532e-08
-0.837758     -0.837758    5.56029e-09
-0.628319     -0.837758    5.07999e-08
-0.418879     -0.837758    8.55909e-08
-0.20944     -0.837758    2.3204e-08
0     -0.837758    2.64778e-07
0.20944     -0.837758    9.69423e-08
0.418879     -0.837758    1.07221e-07
0.628319     -0.837758    1.28937e-08
0.837758     -0.837758    4.8953e-09
1.0472     -0.837758    1.59364e-08
1.25664     -0.837758    6.04877e-09
1.46608     -0.837758    2.4822e-09
1.67552     -0.837758    7.23732e-09
1.88496     -0.837758    7.30689e-09
2.0944     -0.837758    5.31465e-10
2.30383     -0.837758    2.12438e-09
2.51327     -0.837758    1.51748e-09
2.72271     -0.837758    4.57125e-10
2.93215     -0.837758    8.6113e-10
3.14159     -0.837758    2.652e-09

-3.14159     -0.628319    1.45469e-09
-2.93215     -0.628319    5.90974e-10
-2.72271     -0.628319    2.86402e-10
-2.51327     -0.628319    2.38156e-09
-2.30383     -0.628319    2.54858e-09
-2.0944     -0.628319    3.16537e-09
-1.88496     -0.628319    6.25607e-09
-1.67552     -0.628319    3.4638e-09
-1.46608     -0.628319    1.10578e-08
-1.25664     -0.628319    2.92669e-09
-1.0472     -0.628319    4.91065e-09
-0.837758     -0.628319    9.16832e-09
-0.628319     -0.628319    3.07576e-08
-0.418879     -0.628319    1.09247e-07
-0.20944     -0.628319    3.95468e-07
0     -0.628319    3.07127e-07
0.20944     -0.628319    2.02661e-07
0.418879     -0.628319    1.48596e-07
0.628319     -0.628319    4.61126e-08
0.837758     -0.628319    2.48242e-08
1.0472     -0.628319    9.29254e-09
1.25664     -0.628319    1.58842e-08
1.46608     -0.628319    6.64643e-09
1.67552     -0.628319    5.07756e-09
1.88496     -0.628319    7.03945e-09
2.0944     -0.628319    3.34905e-09
2.30383     -0.628319    2.00079e-09
2.51327     -0.628319    1.76251e-09
2.72271     -0.628319    2.04785e-09
2.93215     -0.628319    9.6854e-10
3.14159     -0.628319    9.70879e-10

-3.14159     -0.418879    8.47517e-10
-2.93215     -0.418879    9.34676e-10
-2.72271     -0.418879    3.02569e-09
-2.51327     -0.418879    2.03685e-09
-2.30383     -0.418879    4.82621e-09
-2.0944     -0.418879    3.954e-09
-1.88496     -0.418879    2.76572e-09
-1.67552     -0.418879    7.96427e-09
-1.46608     -0.418879    1.09102e-08
-1.25664     -0.418879    2.67113e-08
-1.0472     -0.418879    3.84626e-08
-0.837758     -0.418879    3.5189e-08
-0.628319     -0.418879    9.55849e-08
-0.418879     -0.418879    2.32254e-07
-0.20944     -0.418879    6.37895e-07
0     -0.418879    2.12741e-07
0.20944     -0.418879    8.35431e-07
0.418879     -0.418879    6.84331e-08
0.628319     -0.418879    7.37803e-08
0.837758     -0.418879    1.31074e-08
1.0472     -0.418879    3.79961e-08
1.25664     -0.418879    2.39324e-09
1.46608     -0.418879    1.4147e-08
1.67552     -0.418879    3.11105e-09
1.88496     -0.418879    5.85699e-09
2.0944     -0.418879    4.34204e-09
2.30383     -0.418879    1.57053e-09
2.51327     -0.418879    1.15983e-09
2.72271     -0.418879    1.14985e-09
2.93215     -0.418879    1.86289e-09
3.14159     -0.418879    2.72734e-10

-3.14159     -0.20944    5.61356e-10
-2.93215     -0.20944    2.36362e-10
-2.72271     -0.20944    1.85694e-09
-2.51327     -0.20944    4.00342e-09
-2.30383     -0.20944    2.44713e-09
-2.0944     -0.20944    6.93669e-09
-1.88496     -0.20944    8.5657e-09
-1.67552     -0.20944    5.63149e-09
-1.46608     -0.20944    1.37999e-08
-1.25664     -0.20944    2.64314e-08
-1.0472     -0.20944    3.00448e-08
-0.837758     -0.20944    4.96169e-08
-0.628319     -0.20944    1.5623e-07
-0.418879     -0.20944    3.28404e-07
-0.20944     -0.20944    1.32466e-06
0     -0.20944    1.79135e-06
0.20944     -0.20944    2.29891e-07
0.418879     -0.20944    1.94039e-07
0.628319     -0.20944    1.07763e-07
0.837758     -0.20944    2.41293e-08
1.0472     -0.20944    5.3685e-08
1.25664     -0.20944    9.21018e-09
1.46608     -0.20944    1.85713e-08
1.67552     -0.20944    3.52831e-09
1.88496     -0.20944    2.49642e-09
2.0944     -0.20944    1.91371e-09
2.30383     -0.20944    2.00858e-09
2.51327     -0.20944    2.31103e-09
2.72271     -0.20944    8.22442e-10
2.93215     -0.20944    1.75251e-10
3.14159     -0.20944    8.97559e-10

-3.14159     0    7.90968e-10
-2.93215     0    3.72567e-10
-2.72271     0    1.1919e-09
-2.51327     0    1.36329e-09
-2.30383     0    2.93785e-09
-2.0944     0    5.24992e-09
-1.88496     0    6.69188e-09
-1.67552     0    9.09477e-09
-1.46608     0    1.00671e-08
-1.25664     0    3.04484e-08
-1.0472     0    2.01328e-08
-0.837758     0    4.27592e-08
-0.628319     0    8.98833e-08
-0.418879     0    2.70201e-07
-0.20944     0    1.46063e-06
0     0    3.67854e-16
0.20944     0    1.46063e-06
0.418879     0    2.70201e-07
0.628319     0    8.98833e-08
0.837758     0    4.27592e-08
1.0472     0    2.01328e-08
1.25664     0    3.04484e-08
1.46608     0    1.00671e-08
1.67552     0    9.09477e-09
1.88496     0    6.69188e-09
2.0944     0    5.24992e-09
2.30383     0    2.93785e-09
2.51327     0    1.36329e-09
2.72271     0    1.1919e-09
2.93215     0    3.72567e-10
3.14159     0    7.90968e-10

-3.14159     0.20944    8.97559e-10
-2.93215     0.20944    1.75251e-10
-2.72271     0.20944    8.22442e-10
-2.51327     0.20944    2.31103e-09
-2.30383     0.20944    2.00858e-09
-2.0944     0.20944    1.91371e-09
-1.88496     0.20944    2.49642e-09
-1.67552     0.20944    3.52831e-09
-1.46608     0.20944    1.85713e-08
-1.25664     0.20944    9.21018e-09
-1.0472     0.20944    5.3685e-08
-0.837758     0.20944    2.41293e-08
-0.628319     0.20944    1.07763e-07
-0.418879     0.20944    1.94039e-07
-0.20944     0.20944    2.29891e-07
0     0.20944    1.79135e-06
0.20944     0.20944    1.32466e-06
0.418879     0.20944    3.28404e-07
0.628319     0.20944    1.5623e-07
0.837758     0.20944    4.96169e-08
1.0472     0.20944    3.00448e-08
1.25664     0.20944    2.64314e-08
1.46608     0.20944    1.37999e-08
1.67552     0.20944    5.63149e-09
1.88496     0.20944    8.5657e-09
2.0944     0.20944    6.93669e-09
2.30383     0.20944    2.44713e-09
2.51327     0.20944    4.00342e-09
2.72271     0.20944    1.85694e-09
2.93215     0.20944    2.36362e-10
3.14159     0.20944    5.61356e-10

-3.14159     0.418879    2.72734e-10
-2.93215     0.418879    1.86289e-09
-2.72271     0.418879    1.14985e-09
-2.51327     0.418879    1.15983e-09
-2.30383     0.418879    1.57053e-09
-2.0944     0.418879    4.34204e-09
-1.88496     0.418879    5.85699e-09
-1.67552     0.418879    3.11105e-09
-1.46608     0.418879    1.4147e-08
-1.25664     0.418879    2.39324e-09
-1.0472     0.418879    3.79961e-08
-0.837758     0.418879    1.31074e-08
-0.628319     0.418879    7.37803e-08
-0.418879     0.418879    6.84331e-08
-0.20944     0.418879    8.35431e-07
0     0.418879    2.12741e-07
0.20944     0.418879    6.37895e-07
0.418879     0.418879    2.32254e-07
0.628319     0.418879    9.55849e-08
0.837758     0.418879    3.5189e-08
1.0472     0.418879    3.84626e-08
1.25664     0.418879    2.67113e-08
1.46608     0.418879    1.09102e-08
1.67552     0.418879    7.96427e-09
1.88496     0.418879    2.76572e-09
2.0944     0.418879    3.954e-09
2.30383     0.418879    4.82621e-09
2.51327     0.418879    2.03685e-09
2.72271     0.418879    3.02569e-09
2.93215     0.418879    9.34676e-10
3.14159     0.418879    8.47517e-10

-3.14159     0.628319    9.70879e-10
-2.93215     0.628319    9.6854e-10
-2.72271     0.628319    2.04785e-09
-2.51327     0.628319    1.76251e-09
-2.30383     0.628319    2.00079e-09
-2.0944     0.628319    3.34905e-09
-1.88496     0.628319    7.03945e-09
-1.67552     0.628319    5.07756e-09
-1.46608     0.628319    6.64643e-09
-1.25664     0.628319    1.58842e-08
-1.0472     0.628319    9.29254e-09
-0.837758     0.628319    2.48242e-08
-0.628319     0.628319    4.61126e-08
-0.418879     0.628319    1.48596e-07
-0.20944     0.628319    2.02661e-07
0     0.628319    3.07127e-07
0.20944     0.628319    3.95468e-07
0.418879     0.628319    1.09247e-07
0.628319     0.628319    3.07576e-08
0.837758     0.628319    9.16832e-09
1.0472     0.628319    4.91065e-09
1.25664     0.628319    2.92669e-09
1.46608     0.628319    1.10578e-08
1.67552     0.628319    3.4638e-09
1.88496     0.628319    6.25607e-09
2.0944     0.628319    3.16537e-09
2.30383     0.628319    2.54858e-09
2.51327     0.628319    2.38156e-09
2.72271     0.628319    2.86402e-10
2.93215     0.628319    5.90974e-10
3.14159     0.628319    1.45469e-09

-3.14159     0.837758    2.652e-09
-2.93215     0.837758    8.6113e-10
-2.72271     0.837758    4.57125e-10
-2.51327     0.837758    1.51748e-09
-2.30383     0.837758    2.12438e-09
-2.0944     0.837758    5.31465e-10
-1.88496     0.837758    7.30689e-09
-1.67552     0.837758    7.23732e-09
-1.46608     0.837758    2.4822e-09
-1.25664     0.837758    6.04877e-09
-1.0472     0.837758    1.59364e-08
-0.837758     0.837758    4.8953e-09
-0.628319     0.837758    1.28937e-08
-0.418879     0.837758    1.07221e-07
-0.20944     0.837758    9.69423e-08
0     0.837758    2.64778e-07
0.20944     0.837758    2.3204e-08
0.418879     0.837758    8.55909e-08
0.628319     0.837758    5.07999e-08
0.837758     0.837758    5.56029e-09
1.0472     0.837758    1.73532e-08
1.25664     0.837758    1.00038e-08
1.46608     0.837758    9.93104e-09
1.67552     0.837758    9.47522e-09
1.88496     0.837758    1.15282e-09
2.0944     0.837758    4.46658e-09
2.30383     0.837758    2.24155e-09
2.51327     0.837758    1.60496e-09
2.72271     0.837758    2.35513e-09
2.93215     0.837758    1.08681e-09
3.14159     0.837758    1.04808e-09

-3.14159     1.0472    1.16558e-09
-2.93215     1.0472    1.14538e-09
-2.72271     1.0472    1.79715e-09
-2.51327     1.0472    2.03048e-09
-2.30383     1.0472    1.80427e-09
-2.0944     1.0472    2.93942e-09
-1.88496     1.0472    5.76796e-09
-1.67552     1.0472    9.57055e-10
-1.46608     1.0472    3.06199e-09
-1.25664     1.0472    4.16135e-09
-1.0472     1.0472    1.72606e-08
-0.837758     1.0472    6.54607e-09
-0.628319     1.0472    8.87788e-09
-0.418879     1.0472    2.95085e-08
-0.20944     1.0472    1.0357e-07
0     1.0472    1.70957e-07
0.20944     1.0472    1.33524e-07
0.418879     1.0472    6.41498e-08
0.628319     1.0472    3.52262e-08
0.837758     1.0472    2.38218e-08
1.0472     1.0472    4.65721e-09
1.25664     1.0472    9.89683e-09
1.46608     1.0472    4.38434e-09
1.67552     1.0472    5.23099e-09
1.88496     1.0472    4.59512e-09
2.0944     1.0472    2.12349e-09
2.30383     1.0472    3.3919e-09
2.51327     1.0472    1.0965e-09
2.72271     1.0472    1.12381e-09
2.93215     1.0472    3.1086e-10
3.14159     1.0472    1.31975e-09

-3.14159     1.25664    2.36354e-09
-2.93215     1.25664    2.52113e-09
-2.72271     1.25664    2.65416e-09
-2.51327     1.25664    7.71629e-10
-2.30383     1.25664    5.21524e-09
-2.0944     1.25664    7.41303e-09
-1.88496     1.25664    1.26902e-09
-1.67552     1.25664    2.31826e-09
-1.46608     1.25664    4.53649e-09
-1.25664     1.25664    2.80682e-09
-1.0472     1.25664    4.74061e-09
-0.837758     1.25664    8.74321e-09
-0.628319     1.25664    2.26122e-08
-0.418879     1.25664    3.0362e-08
-0.20944     1.25664    1.52254e-07
0     1.25664    6.65496e-08
0.20944     1.25664    1.63631e-07
0.418879     1.25664    1.94139e-08
0.628319     1.25664    4.44386e-08
0.837758     1.25664    1.12763e-08
1.0472     1.25664    1.32349e-08
1.25664     1.25664    1.0618e-08
1.46608     1.25664    3.33798e-09
1.67552     1.25664    4.66084e-09
1.88496     1.25664    6.04069e-09
2.0944     1.25664    4.57595e-09
2.30383     1.25664    8.43643e-10
2.51327     1.25664    2.66535e-09
2.72271     1.25664    3.04278e-09
2.93215     1.25664    1.01164e-09
3.14159     1.25664    1.02897e-09

-3.14159     1.46608    1.81421e-09
-2.93215     1.46608    2.03207e-09
-2.72271     1.46608    1.34112e-09
-2.51327     1.46608    1.57546e-09
-2.30383     1.46608    2.63421e-09
-2.0944     1.46608    4.49172e-09
-1.88496     1.46608    3.95797e-10
-1.67552     1.46608    2.67135e-09
-1.46608     1.46608    6.04525e-09
-1.25664     1.46608    5.75772e-09
-1.0472     1.46608    1.33622e-09
-0.837758     1.46608    7.57351e-09
-0.628319     1.46608    3.86342e-08
-0.418879     1.46608    1.38453e-08
-0.20944     1.46608    1.64832e-07
0     1.46608    2.20478e-08
0.20944     1.46608    1.91282e-07
0.418879     1.46608    1.96173e-08
0.628319     1.46608    2.90006e-08
0.837758     1.46608    5.53828e-10
1.0472     1.46608    1.02381e-08
1.25664     1.46608    4.37713e-09
1.46608     1.46608    9.5312e-10
1.67552     1.46608    5.57782e-09
1.88496     1.46608    3.64773e-09
2.0944     1.46608    2.13623e-09
2.30383     1.46608    4.39561e-10
2.51327     1.46608    2.01133e-09
2.72271     1.46608    4.40172e-09
2.93215     1.46608    1.50905e-09
3.14159     1.46608    1.20487e-09

-3.14159     1.67552    1.33755e-09
-2.93215     1.67552    3.35632e-09
-2.72271     1.67552    7.56169e-10
-2.51327     1.67552    2.54456e-09
-2.30383     1.67552    1.99238e-09
-2.0944     1.67552    9.20235e-10
-1.88496     1.67552    8.45864e-10
-1.67552     1.67552    1.59856e-09
-1.46608     1.67552    2.2472e-09
-1.25664     1.67552    3.82856e-09
-1.0472     1.67552    6.01338e-09
-0.837758     1.67552    4.44319e-09
-0.628319     1.67552    2.50205e-08
-0.418879     1.67552    1.23122e-08
-0.20944     1.67552    1.50741e-07
0     1.67552    1.82154e-08
0.20944     1.67552    1.81921e-07
0.418879     1.67552    1.20609e-08
0.628319     1.67552    1.47278e-08
0.837758     1.67552    4.46945e-09
1.0472     1.67552    1.13191e-08
1.25664     1.67552    5.0733e-09
1.46608     1.67552    7.45247e-10
1.67552     1.67552    1.85399e-09
1.88496     1.67552    2.1059e-09
2.0944     1.67552    1.17978e-10
2.30383     1.67552    2.57973e-09
2.51327     1.67552    7.4878e-10
2.72271     1.67552    1.78835e-09
2.93215     1.67552    1.21831e-09
3.14159     1.67552    8.71193e-10

-3.14159     1.88496    6.88264e-10
-2.93215     1.88496    3.55743e-09
-2.72271     1.88496    1.53646e-09
-2.51327     1.88496    3.13383e-10
-2.30383     1.88496    1.00011e-09
-2.0944     1.88496    1.87507e-09
-1.88496     1.88496    1.16255e-09
-1.67552     1.88496    7.57194e-10
-1.46608     1.88496    7.65202e-10
-1.25664     1.88496    2.33954e-09
-1.0472     1.88496    8.20715e-09
-0.837758     1.88496    4.84356e-09
-0.628319     1.88496    1.79751e-08
-0.418879     1.88496    1.948e-08
-0.20944     1.88496    1.01971e-07
0     1.88496    4.1191e-08
0.20944     1.88496    1.168e-07
0.418879     1.88496    2.12008e-08
0.628319     1.88496    1.36572e-08
0.837758     1.88496    2.15952e-09
1.0472     1.88496    6.24247e-09
1.25664     1.88496    3.7866e-09
1.46608     1.88496    1.09404e-09
1.67552     1.88496    4.50396e-10
1.88496     1.88496    1.68906e-10
2.0944     1.88496    6.76145e-10
2.30383     1.88496    7.05487e-10
2.51327     1.88496    8.72407e-10
2.72271     1.88496    7.60755e-10
2.93215     1.88496    6.74606e-10
3.14159     1.88496    4.97172e-10

-3.14159     2.0944    2.35572e-09
-2.93215     2.0944    1.83624e-09
-2.72271     2.0944    1.77552e-09
-2.51327     2.0944    1.52249e-09
-2.30383     2.0944    1.08726e-09
-2.0944     2.0944    8.10116e-10
-1.88496     2.0944    1.42573e-09
-1.67552     2.0944    2.14178e-09
-1.46608     2.0944    2.6252e-09
-1.25664     2.0944    2.96866e-09
-1.0472     2.0944    2.27446e-09
-0.837758     2.0944    6.17152e-09
-0.628319     2.0944    7.09857e-09
-0.418879     2.0944    2.66123e-08
-0.20944     2.0944    5.64169e-08
0     2.0944    6.25344e-08
0.20944     2.0944    6.13521e-08
0.418879     2.0944    2.49492e-08
0.628319     2.0944    4.87994e-09
0.837758     2.0944    4.93062e-09
1.0472     2.0944    3.4228e-09
1.25664     2.0944    3.21628e-09
1.46608     2.0944    1.86583e-09
1.67552     2.0944    2.69592e-09
1.88496     2.0944    5.65318e-10
2.0944     2.0944    7.08571e-10
2.30383     2.0944    2.45393e-09
2.51327     2.0944    1.57401e-09
2.72271     2.0944    1.53556e-09
2.93215     2.0944    1.04028e-09
3.14159     2.0944    1.20516e-09

-3.14159     2.30383    1.19512e-09
-2.93215     2.30383    3.57996e-09
-2.72271     2.30383    1.98951e-09
-2.51327     2.30383    9.78065e-11
-2.30383     2.30383    7.65658e-10
-2.0944     2.30383    2.43579e-09
-1.88496     2.30383    1.9044e-09
-1.67552     2.30383    1.35889e-09
-1.46608     2.30383    9.01472e-10
-1.25664     2.30383    2.20338e-09
-1.0472     2.30383    1.51479e-09
-0.837758     2.30383    1.51307e-09
-0.628319     2.30383    2.32885e-09
-0.418879     2.30383    2.13291e-08
-0.20944     2.30383    1.23379e-08
0     2.30383    6.65419e-08
0.20944     2.30383    1.18585e-08
0.418879     2.30383    1.85739e-08
0.628319     2.30383    4.03315e-09
0.837758     2.30383    4.82745e-09
1.0472     2.30383    1.72761e-09
1.25664     2.30383    1.20098e-09
1.46608     2.30383    1.34419e-09
1.67552     2.30383    2.66167e-10
1.88496     2.30383    1.00188e-09
2.0944     2.30383    1.38225e-09
2.30383     2.30383    8.13934e-10
2.51327     2.30383    7.77635e-10
2.72271     2.30383    1.04023e-09
2.93215     2.30383    1.17329e-09
3.14159     2.30383    1.03899e-09

-3.14159     2.51327    1.87164e-09
-2.93215     2.51327    5.96338e-10
-2.72271     2.51327    3.63808e-10
-2.51327     2.51327    2.18483e-09
-2.30383     2.51327    4.24436e-10
-2.0944     2.51327    7.39025e-10
-1.88496     2.51327    5.21644e-10
-1.67552     2.51327    1.68205e-09
-1.46608     2.51327    9.28437e-10
-1.25664     2.51327    2.51751e-09
-1.0472     2.51327    1.67007e-09
-0.837758     2.51327    3.62363e-09
-0.628319     2.51327    4.77186e-09
-0.418879     2.51327    2.22337e-08
-0.20944     2.51327    3.53518e-08
0     2.51327    6.72658e-08
0.20944     2.51327    3.92163e-08
0.418879     2.51327    2.10588e-08
0.628319     2.51327    4.64386e-09
0.837758     2.51327    3.32844e-09
1.0472     2.51327    4.98627e-09
1.25664     2.51327    2.56293e-09
1.46608     2.51327    1.30883e-09
1.67552     2.51327    1.00344e-09
1.88496     2.51327    8.34545e-10
2.0944     2.51327    3.97114e-10
2.30383     2.51327    1.07468e-09
2.51327     2.51327    4.95495e-10
2.72271     2.51327    9.93843e-10
2.93215     2.51327    1.44777e-09
3.14159     2.51327    1.51721e-09

-3.14159     2.72271    2.86544e-09
-2.93215     2.72271    1.15365e-09
-2.72271     2.72271    3.27249e-09
-2.51327     2.72271    2.8786e-09
-2.30383     2.72271    2.46033e-09
-2.0944     2.72271    3.19344e-10
-1.88496     2.72271    7.11078e-10
-1.67552     2.72271    3.17543e-10
-1.46608     2.72271    1.47428e-09
-1.25664     2.72271    2.97782e-09
-1.0472     2.72271    3.40523e-09
-0.837758     2.72271    3.67991e-09
-0.628319     2.72271    1.07208e-08
-0.418879     2.72271    1.12828e-08
-0.20944     2.72271    7.29272e-08
0     2.72271    4.56047e-08
0.20944     2.72271    7.69279e-08
0.418879     2.72271    1.36784e-08
0.628319     2.72271    1.15914e-08
0.837758     2.72271    2.08707e-09
1.0472     2.72271    3.71694e-10
1.25664     2.72271    1.89217e-09
1.46608     2.72271    1.26735e-09
1.67552     2.72271    5.42964e-10
1.88496     2.72271    4.38199e-10
2.0944     2.72271    5.42571e-10
2.30383     2.72271    1.75956e-09
2.51327     2.72271    1.44705e-09
2.72271     2.72271    1.4733e-09
2.93215     2.72271    2.38294e-09
3.14159     2.72271    6.25341e-10

-3.14159     2.93215    4.21187e-10
-2.93215     2.93215    1.88796e-09
-2.72271     2.93215    1.45757e-09
-2.51327     2.93215    2.99341e-09
-2.30383     2.93215    1.19938e-09
-2.0944     2.93215    3.40192e-10
-1.88496     2.93215    2.46574e-10
-1.67552     2.93215    7.42271e-10
-1.46608     2.93215    1.62862e-09
-1.25664     2.93215    1.67143e-09
-1.0472     2.93215    2.9165e-09
-0.837758     2.93215    4.50951e-10
-0.628319     2.93215    1.2778e-08
-0.418879     2.93215    8.15164e-09
-0.20944     2.93215    9.89926e-08
0     2.93215    2.55966e-08
0.20944     2.93215    1.01827e-07
0.418879     2.93215    6.02152e-09
0.628319     2.93215    1.37356e-08
0.837758     2.93215    2.99157e-09
1.0472     2.93215    6.81379e-09
1.25664     2.93215    1.46597e-09
1.46608     2.93215    9.51536e-10
1.67552     2.93215    3.06543e-10
1.88496     2.93215    1.02769e-09
2.0944     2.93215    2.91204e-10
2.30383     2.93215    1.04059e-09
2.51327     2.93215    2.58465e-09
2.72271     2.93215    7.71558e-10
2.93215     2.93215    1.61284e-09
3.14159     2.93215    1.2093e-09

-3.14159     3.14159    6.22566e-10
-2.93215     3.14159    5.48662e-10
-2.72271     3.14159    9.61891e-10
-2.51327     3.14159    9.82155e-10
-2.30383     3.14159    1.57796e-09
-2.0944     3.14159    7.71071e-10
-1.88496     3.14159    9.4866e-10
-1.67552     3.14159    3.4536e-10
-1.46608     3.14159    6.06346e-10
-1.25664     3.14159    5.58322e-10
-1.0472     3.14159    4.10701e-09
-0.837758     3.14159    1.52343e-09
-0.628319     3.14159    1.30335e-08
-0.418879     3.14159    8.04809e-10
-0.20944     3.14159    1.03869e-07
0     3.14159    9.25944e-10
0.20944     3.14159    1.06772e-07
0.418879     3.14159    2.91406e-09
0.628319     3.14159    1.55775e-08
0.837758     3.14159    1.49968e-09
1.0472     3.14159    4.1543e-09
1.25664     3.14159    7.30609e-10
1.46608     3.14159    1.94172e-09
1.67552     3.14159    2.40633e-10
1.88496     3.14159    9.50614e-10
2.0944     3.14159    1.72023e-10
2.30383     3.14159    6.4049e-10
2.51327     3.14159    6.20211e-10
2.72271     3.14159    3.10425e-10
2.93215     3.14159    3.1008e-09
3.14159     3.14159    1.44717e-09

