-3.14159     -3.14159    0.00768434
-2.93215     -3.14159    0.00133558
-2.72271     -3.14159    0.000726306
-2.51327     -3.14159    0.00375575
-2.30383     -3.14159    0.00122867
-2.0944     -3.14159    0.0025441
-1.88496     -3.14159    0.00195529
-1.67552     -3.14159    0.00394816
-1.46608     -3.14159    0.00485281
-1.25664     -3.14159    0.00147958
-1.0472     -3.14159    0.00599887
-0.837758     -3.14159    0.00215384
-0.628319     -3.14159    0.000155584
-0.418879     -3.14159    0.00224033
-0.20944     -3.14159    0.000966396
0     -3.14159    0.000310353
0.20944     -3.14159    0.000767228
0.418879     -3.14159    0.00240454
0.628319     -3.14159    0.000216918
0.837758     -3.14159    0.00220189
1.0472     -3.14159    0.00584174
1.25664     -3.14159    0.00146377
1.46608     -3.14159    0.00496854
1.67552     -3.14159    0.00416318
1.88496     -3.14159    0.00214147
2.0944     -3.14159    0.00265035
2.30383     -3.14159    0.00152566
2.51327     -3.14159    0.00416532
2.72271     -3.14159    0.000774541
2.93215     -3.14159    0.00139048
3.14159     -3.14159    0.00752015

-3.14159     -2.93215    0.00648667
-2.93215     -2.93215    0.00100948
-2.72271     -2.93215    0.000158635
-2.51327     -2.93215    0.000636538
-2.30383     -2.93215    0.00293323
-2.0944     -2.93215    0.00256299
-1.88496     -2.93215    0.00369251
-1.67552     -2.93215    0.00146361
-1.46608     -2.93215    0.00190785
-1.25664     -2.93215    0.00377876
-1.0472     -2.93215    0.00634125
-0.837758     -2.93215    0.000497625
-0.628319     -2.93215    0.00163784
-0.418879     -2.93215    0.00605756
-0.20944     -2.93215    0.00581578
0     -2.93215    0.00295737
0.20944     -2.93215    0.005984
0.418879     -2.93215    0.00617118
0.628319     -2.93215    0.00139685
0.837758     -2.93215    0.000477161
1.0472     -2.93215    0.00633122
1.25664     -2.93215    0.00386098
1.46608     -2.93215    0.00200984
1.67552     -2.93215    0.0015955
1.88496     -2.93215    0.00372609
2.0944     -2.93215    0.00268067
2.30383     -2.93215    0.00311124
2.51327     -2.93215    0.000585144
2.72271     -2.93215    0.000201851
2.93215     -2.93215    0.00110134
3.14159     -2.93215    0.00624171

-3.14159     -2.72271    0.00119116
-2.93215     -2.72271    0.000377634
-2.72271     -2.72271    0.00141481
-2.51327     -2.72271    0.00314323
-2.30383     -2.72271    0.00117588
-2.0944     -2.72271    0.000476545
-1.88496     -2.72271    0.00213078
-1.67552     -2.72271    0.00177375
-1.46608     -2.72271    0.00152904
-1.25664     -2.72271    0.000449191
-1.0472     -2.72271    0.00135163
-0.837758     -2.72271    0.000724837
-0.628319     -2.72271    0.00422948
-0.418879     -2.72271    0.00660857
-0.20944     -2.72271    0.00278656
0     -2.72271    0.00745077
0.20944     -2.72271    0.00283197
0.418879     -2.72271    0.00623696
0.628319     -2.72271    0.00407954
0.837758     -2.72271    0.0005451
1.0472     -2.72271    0.00140727
1.25664     -2.72271    0.000355402
1.46608     -2.72271    0.00164578
1.67552     -2.72271    0.00159703
1.88496     -2.72271    0.00212579
2.0944     -2.72271    0.000911376
2.30383     -2.72271    0.000766596
2.51327     -2.72271    0.0032932
2.72271     -2.72271    0.00135197
2.93215     -2.72271    0.000520029
3.14159     -2.72271    0.00132788

-3.14159     -2.51327    0.000669346
-2.93215     -2.51327    0.00194636
-2.72271     -2.51327    0.00321546
-2.51327     -2.51327    0.0010404
-2.30383     -2.51327    0.00156518
-2.0944     -2.51327    0.00718901
-1.88496     -2.51327    0.00345619
-1.67552     -2.51327    0.00126113
-1.46608     -2.51327    0.0105506
-1.25664     -2.51327    0.000154339
-1.0472     -2.51327    0.00361357
-0.837758     -2.51327    0.00338517
-0.628319     -2.51327    0.00233079
-0.418879     -2.51327    0.00105993
-0.20944     -2.51327    0.000451984
0     -2.51327    0.00486943
0.20944     -2.51327    0.000295607
0.418879     -2.51327    0.00107184
0.628319     -2.51327    0.00244788
0.837758     -2.51327    0.0033125
1.0472     -2.51327    0.00349183
1.25664     -2.51327    0.000130442
1.46608     -2.51327    0.0105246
1.67552     -2.51327    0.00109957
1.88496     -2.51327    0.00328095
2.0944     -2.51327    0.00726263
2.30383     -2.51327    0.0014498
2.51327     -2.51327    0.000872503
2.72271     -2.51327    0.00325938
2.93215     -2.51327    0.00163373
3.14159     -2.51327    0.000733925

-3.14159     -2.30383    0.000340097
-2.93215     -2.30383    0.00507427
-2.72271     -2.30383    0.00335927
-2.51327     -2.30383    0.00140716
-2.30383     -2.30383    0.00229437
-2.0944     -2.30383    0.00490106
-1.88496     -2.30383    3.38234e-05
-1.67552     -2.30383    0.000377867
-1.46608     -2.30383    0.00113287
-1.25664     -2.30383    0.000154543
-1.0472     -2.30383    0.00191492
-0.837758     -2.30383    0.00254256
-0.628319     -2.30383    0.00354493
-0.418879     -2.30383    0.00702504
-0.20944     -2.30383    0.00123183
0     -2.30383    0.00210047
0.20944     -2.30383    0.00120341
0.418879     -2.30383    0.00720007
0.628319     -2.30383    0.00349117
0.837758     -2.30383    0.00262893
1.0472     -2.30383    0.00206038
1.25664     -2.30383    1.96265e-05
1.46608     -2.30383    0.00115255
1.67552     -2.30383    0.000146724
1.88496     -2.30383    5.7598e-05
2.0944     -2.30383    0.00519462
2.30383     -2.30383    0.00224007
2.51327     -2.30383    0.00162051
2.72271     -2.30383    0.0034633
2.93215     -2.30383    0.00538428
3.14159     -2.30383    0.000460341

-3.14159     -2.0944    0.000616076
-2.93215     -2.0944    0.00488498
-2.72271     -2.0944    0.0003988
-2.51327     -2.0944    0.000122221
-2.30383     -2.0944    0.000617389
-2.0944     -2.0944    0.000548641
-1.88496     -2.0944    0.000189109
-1.67552     -2.0944    0.0044662
-1.46608     -2.0944    0.000881852
-1.25664     -2.0944    0.0019621
-1.0472     -2.0944    0.000533684
-0.837758     -2.0944    0.00139911
-0.628319     -2.0944    0.00478611
-0.418879     -2.0944    0.00717493
-0.20944     -2.0944    0.000980032
0     -2.0944    0.00241203
0.20944     -2.0944    0.000665927
0.418879     -2.0944    0.00704651
0.628319     -2.0944    0.00462014
0.837758     -2.0944    0.00147976
1.0472     -2.0944    0.000575719
1.25664     -2.0944    0.00203029
1.46608     -2.0944    0.000994978
1.67552     -2.0944    0.00455475
1.88496     -2.0944    0.000215779
2.0944     -2.0944    0.000790055
2.30383     -2.0944    0.000480664
2.51327     -2.0944    0.000129691
2.72271     -2.0944    0.000236437
2.93215     -2.0944    0.00516579
3.14159     -2.0944    0.0010013

-3.14159     -1.88496    0.000234065
-2.93215     -1.88496    0.00254086
-2.72271     -1.88496    0.00117808
-2.51327     -1.88496    0.0036789
-2.30383     -1.88496    0.00573026
-2.0944     -1.88496    0.00514445
-1.88496     -1.88496    0.00249587
-1.67552     -1.88496    0.00298546
-1.46608     -1.88496    0.00194442
-1.25664     -1.88496    0.00174915
-1.0472     -1.88496    0.00623718
-0.837758     -1.88496    0.00205809
-0.628319     -1.88496    0.00565132
-0.418879     -1.88496    0.000868254
-0.20944     -1.88496    0.00119878
0     -1.88496    0.000806475
0.20944     -1.88496    0.00119994
0.418879     -1.88496    0.000550002
0.628319     -1.88496    0.00589407
0.837758     -1.88496    0.00221409
1.0472     -1.88496    0.00621994
1.25664     -1.88496    0.0016977
1.46608     -1.88496    0.00177545
1.67552     -1.88496    0.00306893
1.88496     -1.88496    0.00247689
2.0944     -1.88496    0.00510296
2.30383     -1.88496    0.00570669
2.51327     -1.88496    0.00373561
2.72271     -1.88496    0.00117348
2.93215     -1.88496    0.00236665
3.14159     -1.88496    0.000116155

-3.14159     -1.67552    0.000432604
-2.93215     -1.67552    0.0038753
-2.72271     -1.67552    0.00128962
-2.51327     -1.67552    0.00393394
-2.30383     -1.67552    0.00531304
-2.0944     -1.67552    0.00307099
-1.88496     -1.67552    0.00159403
-1.67552     -1.67552    0.00407874
-1.46608     -1.67552    0.00214251
-1.25664     -1.67552    0.00251604
-1.0472     -1.67552    0.00104503
-0.837758     -1.67552    0.00428207
-0.628319     -1.67552    0.00677257
-0.418879     -1.67552    0.00651788
-0.20944     -1.67552    0.000760764
0     -1.67552    0.0097715
0.20944     -1.67552    0.000704467
0.418879     -1.67552    0.00647562
0.628319     -1.67552    0.00670426
0.837758     -1.67552    0.00389329
1.0472     -1.67552    0.000591102
1.25664     -1.67552    0.00251623
1.46608     -1.67552    0.0021469
1.67552     -1.67552    0.00424567
1.88496     -1.67552    0.00168509
2.0944     -1.67552    0.00316213
2.30383     -1.67552    0.00532749
2.51327     -1.67552    0.00386815
2.72271     -1.67552    0.00136024
2.93215     -1.67552    0.00344582
3.14159     -1.67552    0.000457938

-3.14159     -1.46608    0.000499355
-2.93215     -1.46608    0.00182539
-2.72271     -1.46608    0.00235269
-2.51327     -1.46608    0.00183627
-2.30383     -1.46608    0.00621976
-2.0944     -1.46608    0.00038722
-1.88496     -1.46608    0.00123573
-1.67552     -1.46608    0.00989405
-1.46608     -1.46608    0.0052625
-1.25664     -1.46608    0.00592246
-1.0472     -1.46608    0.000411635
-0.837758     -1.46608    0.000151915
-0.628319     -1.46608    0.00327679
-0.418879     -1.46608    0.0017144
-0.20944     -1.46608    0.00323088
0     -1.46608    0.00131416
0.20944     -1.46608    0.00315199
0.418879     -1.46608    0.00167898
0.628319     -1.46608    0.0033985
0.837758     -1.46608    0.00021291
1.0472     -1.46608    0.000374454
1.25664     -1.46608    0.00589411
1.46608     -1.46608    0.00533746
1.67552     -1.46608    0.00991954
1.88496     -1.46608    0.00100809
2.0944     -1.46608    0.000620684
2.30383     -1.46608    0.00590212
2.51327     -1.46608    0.00185062
2.72271     -1.46608    0.00218965
2.93215     -1.46608    0.00198406
3.14159     -1.46608    0.000892607

-3.14159     -1.25664    0.000443977
-2.93215     -1.25664    0.00126302
-2.72271     -1.25664    0.00552121
-2.51327     -1.25664    0.00274112
-2.30383     -1.25664    0.0074822
-2.0944     -1.25664    0.00211989
-1.88496     -1.25664    0.00204868
-1.67552     -1.25664    0.00207348
-1.46608     -1.25664    0.00151328
-1.25664     -1.25664    0.00747158
-1.0472     -1.25664    0.00602683
-0.837758     -1.25664    0.00307253
-0.628319     -1.25664    0.00162607
-0.418879     -1.25664    0.000285241
-0.20944     -1.25664    0.00176845
0     -1.25664    0.00154079
0.20944     -1.25664    0.00166155
0.418879     -1.25664    0.000553366
0.628319     -1.25664    0.0015759
0.837758     -1.25664    0.00280134
1.0472     -1.25664    0.00605298
1.25664     -1.25664    0.00767226
1.46608     -1.25664    0.00165607
1.67552     -1.25664    0.0020553
1.88496     -1.25664    0.00196465
2.0944     -1.25664    0.00213874
2.30383     -1.25664    0.00735921
2.51327     -1.25664    0.00304327
2.72271     -1.25664    0.00539969
2.93215     -1.25664    0.0011397
3.14159     -1.25664    0.000461305

-3.14159     -1.0472    0.000635935
-2.93215     -1.0472    0.00214993
-2.72271     -1.0472    0.00675902
-2.51327     -1.0472    0.00483632
-2.30383     -1.0472    0.00184846
-2.0944     -1.0472    0.000334383
-1.88496     -1.0472    0.00338417
-1.67552     -1.0472    0.00155872
-1.46608     -1.0472    0.00395256
-1.25664     -1.0472    0.00029634
-1.0472     -1.0472    0.0003001
-0.837758     -1.0472    0.000505136
-0.628319     -1.0472    0.00283695
-0.418879     -1.0472    0.00504299
-0.20944     -1.0472    0.00522939
0     -1.0472    0.00366433
0.20944     -1.0472    0.00551705
0.418879     -1.0472    0.00495638
0.628319     -1.0472    0.0024913
0.837758     -1.0472    0.000577097
1.0472     -1.0472    0.000254629
1.25664     -1.0472    0.000118987
1.46608     -1.0472    0.00395134
1.67552     -1.0472    0.00151352
1.88496     -1.0472    0.00342787
2.0944     -1.0472    0.000183273
2.30383     -1.0472    0.00197741
2.51327     -1.0472    0.00478429
2.72271     -1.0472    0.00685948
2.93215     -1.0472    0.00182389
3.14159     -1.0472    0.000781551

-3.14159     -0.837758    0.00234991
-2.93215     -0.837758    0.0016265
-2.72271     -0.837758    0.00306138
-2.51327     -0.837758    0.00234207
-2.30383     -0.837758    0.00137771
-2.0944     -0.837758    0.00635618
-1.88496     -0.837758    0.00041039
-1.67552     -0.837758    0.00129511
-1.46608     -0.837758    0.0089597
-1.25664     -0.837758    0.000809035
-1.0472     -0.837758    0.000818109
-0.837758     -0.837758    0.00533
-0.628319     -0.837758    0.00476146
-0.418879     -0.837758    0.00195415
-0.20944     -0.837758    0.00233005
0     -0.837758    0.0064021
0.20944     -0.837758    0.00221622
0.418879     -0.837758    0.00179053
0.628319     -0.837758    0.00500598
0.837758     -0.837758    0.00536796
1.0472     -0.837758    0.000958288
1.25664     -0.837758    0.000792263
1.46608     -0.837758    0.00903205
1.67552     -0.837758    0.00123089
1.88496     -0.837758    0.000259074
2.0944     -0.837758    0.00609973
2.30383     -0.837758    0.00120121
2.51327     -0.837758    0.00224829
2.72271     -0.837758    0.00328664
2.93215     -0.837758    0.00182746
3.14159     -0.837758    0.00237158

-3.14159     -0.628319    0.00811705
-2.93215     -0.628319    0.00183595
-2.72271     -0.628319    0.000724678
-2.51327     -0.628319    0.00305416
-2.30383     -0.628319    0.00387514
-2.0944     -0.628319    0.00945853
-1.88496     -0.628319    0.000272593
-1.67552     -0.628319    0.00279847
-1.46608     -0.628319    0.000948151
-1.25664     -0.628319    8.44589e-05
-1.0472     -0.628319    0.000625814
-0.837758     -0.628319    0.00290008
-0.628319     -0.628319    0.00314228
-0.418879     -0.628319    0.000601276
-0.20944     -0.628319    0.00477647
0     -0.628319    0.00112129
0.20944     -0.628319    0.00413161
0.418879     -0.628319    0.000419243
0.628319     -0.628319    0.00313044
0.837758     -0.628319    0.00294674
1.0472     -0.628319    0.000450303
1.25664     -0.628319    7.12484e-05
1.46608     -0.628319    0.000922519
1.67552     -0.628319    0.00263771
1.88496     -0.628319    0.000386248
2.0944     -0.628319    0.00947811
2.30383     -0.628319    0.00405221
2.51327     -0.628319    0.00335634
2.72271     -0.628319    0.000496998
2.93215     -0.628319    0.00183651
3.14159     -0.628319    0.00782985

-3.14159     -0.418879    0.00559847
-2.93215     -0.418879    0.00208669
-2.72271     -0.418879    0.00255869
-2.51327     -0.418879    0.00391791
-2.30383     -0.418879    0.000887905
-2.0944     -0.418879    0.00290805
-1.88496     -0.418879    0.00628296
-1.67552     -0.418879    0.00730875
-1.46608     -0.418879    0.000561699
-1.25664     -0.418879    0.000835957
-1.0472     -0.418879    0.00428358
-0.837758     -0.418879    0.000467942
-0.628319     -0.418879    0.00458949
-0.418879     -0.418879    0.00699169
-0.20944     -0.418879    0.00158341
0     -0.418879    0.00722251
0.20944     -0.418879    0.00155656
0.418879     -0.418879    0.00701818
0.628319     -0.418879    0.00452932
0.837758     -0.418879    0.000458081
1.0472     -0.418879    0.00416404
1.25664     -0.418879    0.000785924
1.46608     -0.418879    0.00051733
1.67552     -0.418879    0.00679981
1.88496     -0.418879    0.00629009
2.0944     -0.418879    0.00284534
2.30383     -0.418879    0.000868873
2.51327     -0.418879    0.00403652
2.72271     -0.418879    0.00249572
2.93215     -0.418879    0.00211777
3.14159     -0.418879    0.00552878

-3.14159     -0.20944    0.000961478
-2.93215     -0.20944    0.000755873
-2.72271     -0.20944    0.00186773
-2.51327     -0.20944    0.00114004
-2.30383     -0.20944    0.00125756
-2.0944     -0.20944    0.00296874
-1.88496     -0.20944    0.00159597
-1.67552     -0.20944    0.00457376
-1.46608     -0.20944    0.00276778
-1.25664     -0.20944    0.0013723
-1.0472     -0.20944    0.0062295
-0.837758     -0.20944    0.0021377
-0.628319     -0.20944    0.000154855
-0.418879     -0.20944    0.0065493
-0.20944     -0.20944    0.000223383
0     -0.20944    0.000794045
0.20944     -0.20944    0.00100936
0.418879     -0.20944    0.00622498
0.628319     -0.20944    0.000256589
0.837758     -0.20944    0.00211836
1.0472     -0.20944    0.00661533
1.25664     -0.20944    0.00152716
1.46608     -0.20944    0.002691
1.67552     -0.20944    0.00453418
1.88496     -0.20944    0.00112048
2.0944     -0.20944    0.00308514
2.30383     -0.20944    0.00135693
2.51327     -0.20944    0.00105928
2.72271     -0.20944    0.00202632
2.93215     -0.20944    0.000809066
3.14159     -0.20944    0.000912165

-3.14159     0    0.00160657
-2.93215     0    0.0106079
-2.72271     0    0.00021765
-2.51327     0    0.00178999
-2.30383     0    0.000162591
-2.0944     0    0.00528575
-1.88496     0    0.00600494
-1.67552     0    0.000409019
-1.46608     0    0.00078623
-1.25664     0    0.00179759
-1.0472     0    0.00326709
-0.837758     0    0.00047333
-0.628319     0    0.00818745
-0.418879     0    0.000764942
-0.20944     0    0.00287645
0     0    9.54519e-15
0.20944     0    0.00287645
0.418879     0    0.000764942
0.628319     0    0.00818745
0.837758     0    0.00047333
1.0472     0    0.00326709
1.25664     0    0.00179759
1.46608     0    0.00078623
1.67552     0    0.000409019
1.88496     0    0.00600494
2.0944     0    0.00528575
2.30383     0    0.000162591
2.51327     0    0.00178999
2.72271     0    0.00021765
2.93215     0    0.0106079
3.14159     0    0.00160657

-3.14159     0.20944    0.000912165
-2.93215     0.20944    0.000809066
-2.72271     0.20944    0.00202632
-2.51327     0.20944    0.00105928
-2.30383     0.20944    0.00135693
-2.0944     0.20944    0.00308514
-1.88496     0.20944    0.00112048
-1.67552     0.20944    0.00453418
-1.46608     0.20944    0.002691
-1.25664     0.20944    0.00152716
-1.0472     0.20944    0.00661533
-0.837758     0.20944    0.00211836
-0.628319     0.20944    0.000256589
-0.418879     0.20944    0.00622498
-0.20944     0.20944    0.00100936
0     0.20944    0.000794045
0.20944     0.20944    0.000223383
0.418879     0.20944    0.0065493
0.628319     0.20944    0.000154855
0.837758     0.20944    0.0021377
1.0472     0.20944    0.0062295
1.25664     0.20944    0.0013723
1.46608     0.20944    0.00276778
1.67552     0.20944    0.00457376
1.88496     0.20944    0.00159597
2.0944     0.20944    0.00296874
2.30383     0.20944    0.00125756
2.51327     0.20944    0.00114004
2.72271     0.20944    0.00186773
2.93215     0.20944    0.000755873
3.14159     0.20944    0.000961478

-3.14159     0.418879    0.00552878
-2.93215     0.418879    0.00211777
-2.72271     0.418879    0.00249572
-2.51327     0.418879    0.00403652
-2.30383     0.418879    0.000868873
-2.0944     0.418879    0.00284534
-1.88496     0.418879    0.00629009
-1.67552     0.418879    0.00679981
-1.46608     0.418879    0.00051733
-1.25664     0.418879    0.000785924
-1.0472     0.418879    0.00416404
-0.837758     0.418879    0.000458081
-0.628319     0.418879    0.00452932
-0.418879     0.418879    0.00701818
-0.20944     0.418879    0.00155656
0     0.418879    0.00722251
0.20944     0.418879    0.00158341
0.418879     0.418879    0.00699169
0.628319     0.418879    0.00458949
0.837758     0.418879    0.000467942
1.0472     0.418879    0.00428358
1.25664     0.418879    0.000835957
1.46608     0.418879    0.000561699
1.67552     0.418879    0.00730875
1.88496     0.418879    0.00628296
2.0944     0.418879    0.00290805
2.30383     0.418879    0.000887905
2.51327     0.418879    0.00391791
2.72271     0.418879    0.00255869
2.93215     0.418879    0.00208669
3.14159     0.418879    0.00559847

-3.14159     0.628319    0.00782985
-2.93215     0.628319    0.00183651
-2.72271     0.628319    0.000496998
-2.51327     0.628319    0.00335634
-2.30383     0.628319    0.00405221
-2.0944     0.628319    0.00947811
-1.88496     0.628319    0.000386248
-1.67552     0.628319    0.00263771
-1.46608     0.628319    0.000922519
-1.25664     0.628319    7.12484e-05
-1.0472     0.628319    0.000450303
-0.837758     0.628319    0.00294674
-0.628319     0.628319    0.00313044
-0.418879     0.628319    0.000419243
-0.20944     0.628319    0.00413161
0     0.628319    0.00112129
0.20944     0.628319    0.00477647
0.418879     0.628319    0.000601276
0.628319     0.628319    0.00314228
0.837758     0.628319    0.00290008
1.0472     0.628319    0.000625814
1.25664     0.628319    8.44589e-05
1.46608     0.628319    0.000948151
1.67552     0.628319    0.00279847
1.88496     0.628319    0.000272593
2.0944     0.628319    0.00945853
2.30383     0.628319    0.00387514
2.51327     0.628319    0.00305416
2.72271     0.628319    0.000724678
2.93215     0.628319    0.00183595
3.14159     0.628319    0.00811705

-3.14159     0.837758    0.00237158
-2.93215     0.837758    0.00182746
-2.72271     0.837758    0.00328664
-2.51327     0.837758    0.00224829
-2.30383     0.837758    0.00120121
-2.0944     0.837758    0.00609973
-1.88496     0.837758    0.000259074
-1.67552     0.837758    0.00123089
-1.46608     0.837758    0.00903205
-1.25664     0.837758    0.000792263
-1.0472     0.837758    0.000958288
-0.837758     0.837758    0.00536796
-0.628319     0.837758    0.00500598
-0.418879     0.837758    0.00179053
-0.20944     0.837758    0.00221622
0     0.837758    0.0064021
0.20944     0.837758    0.00233005
0.418879     0.837758    0.00195415
0.628319     0.837758    0.00476146
0.837758     0.837758    0.00533
1.0472     0.837758    0.000818109
1.25664     0.837758    0.000809035
1.46608     0.837758    0.0089597
1.67552     0.837758    0.00129511
1.88496     0.837758    0.00041039
2.0944     0.837758    0.00635618
2.30383     0.837758    0.00137771
2.51327     0.837758    0.00234207
2.72271     0.837758    0.00306138
2.93215     0.837758    0.0016265
3.14159     0.837758    0.00234991

-3.14159     1.0472    0.000781551
-2.93215     1.0472    0.00182389
-2.72271     1.0472    0.00685948
-2.51327     1.0472    0.00478429
-2.30383     1.0472    0.00197741
-2.0944     1.0472    0.000183273
-1.88496     1.0472    0.00342787
-1.67552     1.0472    0.00151352
-1.46608     1.0472    0.00395134
-1.25664     1.0472    0.000118987
-1.0472     1.0472    0.000254629
-0.837758     1.0472    0.000577097
-0.628319     1.0472    0.0024913
-0.418879     1.0472    0.00495638
-0.20944     1.0472    0.00551705
0     1.0472    0.00366433
0.20944     1.0472    0.00522939
0.418879     1.0472    0.00504299
0.628319     1.0472    0.00283695
0.837758     1.0472    0.000505136
1.0472     1.0472    0.0003001
1.25664     1.0472    0.00029634
1.46608     1.0472    0.00395256
1.67552     1.0472    0.00155872
1.88496     1.0472    0.00338417
2.0944     1.0472    0.000334383
2.30383     1.0472    0.00184846
2.51327     1.0472    0.00483632
2.72271     1.0472    0.00675902
2.93215     1.0472    0.00214993
3.14159     1.0472    0.000635935

-3.14159     1.25664    0.000461305
-2.93215     1.25664    0.0011397
-2.72271     1.25664    0.00539969
-2.51327     1.25664    0.00304327
-2.30383     1.25664    0.00735921
-2.0944     1.25664    0.00213874
-1.88496     1.25664    0.00196465
-1.67552     1.25664    0.0020553
-1.46608     1.25664    0.00165607
-1.25664     1.25664    0.00767226
-1.0472     1.25664    0.00605298
-0.837758     1.25664    0.00280134
-0.628319     1.25664    0.0015759
-0.418879     1.25664    0.000553366
-0.20944     1.25664    0.00166155
0     1.25664    0.00154079
0.20944     1.25664    0.00176845
0.418879     1.25664    0.000285241
0.628319     1.25664    0.00162607
0.837758     1.25664    0.00307253
1.0472     1.25664    0.00602683
1.25664     1.25664    0.00747158
1.46608     1.25664    0.00151328
1.67552     1.25664    0.00207348
1.88496     1.25664    0.00204868
2.0944     1.25664    0.00211989
2.30383     1.25664    0.0074822
2.51327     1.25664    0.00274112
2.72271     1.25664    0.00552121
2.93215     1.25664    0.00126302
3.14159     1.25664    0.000443977

-3.14159     1.46608    0.000892607
-2.93215     1.46608    0.00198406
-2.72271     1.46608    0.00218965
-2.51327     1.46608    0.00185062
-2.30383     1.46608    0.00590212
-2.0944     1.46608    0.000620684
-1.88496     1.46608    0.00100809
-1.67552     1.46608    0.00991954
-1.46608     1.46608    0.00533746
-1.25664     1.46608    0.00589411
-1.0472     1.46608    0.000374454
-0.837758     1.46608    0.00021291
-0.628319     1.46608    0.0033985
-0.418879     1.46608    0.00167898
-0.20944     1.46608    0.00315199
0     1.46608    0.00131416
0.20944     1.46608    0.00323088
0.418879     1.46608    0.0017144
0.628319     1.46608    0.00327679
0.837758     1.46608    0.000151915
1.0472     1.46608    0.000411635
1.25664     1.46608    0.00592246
1.46608     1.46608    0.0052625
1.67552     1.46608    0.00989405
1.88496     1.46608    0.00123573
2.0944     1.46608    0.00038722
2.30383     1.46608    0.00621976
2.51327     1.46608    0.00183627
2.72271     1.46608    0.00235269
2.93215     1.46608    0.00182539
3.14159     1.46608    0.000499355

-3.14159     1.67552    0.000457938
-2.93215     1.67552    0.00344582
-2.72271     1.67552    0.00136024
-2.51327     1.67552    0.00386815
-2.30383     1.67552    0.00532749
-2.0944     1.67552    0.00316213
-1.88496     1.67552    0.00168509
-1.67552     1.67552    0.00424567
-1.46608     1.67552    0.0021469
-1.25664     1.67552    0.00251623
-1.0472     1.67552    0.000591102
-0.837758     1.67552    0.00389329
-0.628319     1.67552    0.00670426
-0.418879     1.67552    0.00647562
-0.20944     1.67552    0.000704467
0     1.67552    0.0097715
0.20944     1.67552    0.000760764
0.418879     1.67552    0.00651788
0.628319     1.67552    0.00677257
0.837758     1.67552    0.00428207
1.0472     1.67552    0.00104503
1.25664     1.67552    0.00251604
1.46608     1.67552    0.00214251
1.67552     1.67552    0.00407874
1.88496     1.67552    0.00159403
2.0944     1.67552    0.00307099
2.30383     1.67552    0.00531304
2.51327     1.67552    0.00393394
2.72271     1.67552    0.00128962
2.93215     1.67552    0.0038753
3.14159     1.67552    0.000432604

-3.14159     1.88496    0.000116155
-2.93215     1.88496    0.00236665
-2.72271     1.88496    0.00117348
-2.51327     1.88496    0.00373561
-2.30383     1.88496    0.00570669
-2.0944     1.88496    0.00510296
-1.88496     1.88496    0.00247689
-1.67552     1.88496    0.00306893
-1.46608     1.88496    0.00177545
-1.25664     1.88496    0.0016977
-1.0472     1.88496    0.00621994
-0.837758     1.88496    0.00221409
-0.628319     1.88496    0.00589407
-0.418879     1.88496    0.000550002
-0.20944     1.88496    0.00119994
0     1.88496    0.000806475
0.20944     1.88496    0.00119878
0.418879     1.88496    0.000868254
0.628319     1.88496    0.00565132
0.837758     1.88496    0.00205809
1.0472     1.88496    0.00623718
1.25664     1.88496    0.00174915
1.46608     1.88496    0.00194442
1.67552     1.88496    0.00298546
1.88496     1.88496    0.00249587
2.0944     1.88496    0.00514445
2.30383     1.88496    0.00573026
2.51327     1.88496    0.0036789
2.72271     1.88496    0.00117808
2.93215     1.88496    0.00254086
3.14159     1.88496    0.000234065

-3.14159     2.0944    0.0010013
-2.93215     2.0944    0.00516579
-2.72271     2.0944    0.000236437
-2.51327     2.0944    0.000129691
-2.30383     2.0944    0.000480664
-2.0944     2.0944    0.000790055
-1.88496     2.0944    0.000215779
-1.67552     2.0944    0.00455475
-1.46608     2.0944    0.000994978
-1.25664     2.0944    0.00203029
-1.0472     2.0944    0.000575719
-0.837758     2.0944    0.00147976
-0.628319     2.0944    0.00462014
-0.418879     2.0944    0.00704651
-0.20944     2.0944    0.000665927
0     2.0944    0.00241203
0.20944     2.0944    0.000980032
0.418879     2.0944    0.00717493
0.628319     2.0944    0.00478611
0.837758     2.0944    0.00139911
1.0472     2.0944    0.000533684
1.25664     2.0944    0.0019621
1.46608     2.0944    0.000881852
1.67552     2.0944    0.0044662
1.88496     2.0944    0.000189109
2.0944     2.0944    0.000548641
2.30383     2.0944    0.000617389
2.51327     2.0944    0.000122221
2.72271     2.0944    0.0003988
2.93215     2.0944    0.00488498
3.14159     2.0944    0.000616076

-3.14159     2.30383    0.000460341
-2.93215     2.30383    0.00538428
-2.72271     2.30383    0.0034633
-2.51327     2.30383    0.00162051
-2.30383     2.30383    0.00224007
-2.0944     2.30383    0.00519462
-1.88496     2.30383    5.7598e-05
-1.67552     2.30383    0.000146724
-1.46608     2.30383    0.00115255
-1.25664     2.30383    1.96265e-05
-1.0472     2.30383    0.00206038
-0.837758     2.30383    0.00262893
-0.628319     2.30383    0.00349117
-0.418879     2.30383    0.00720007
-0.20944     2.30383    0.00120341
0     2.30383    0.00210047
0.20944     2.30383    0.00123183
0.418879     2.30383    0.00702504
0.628319     2.30383    0.00354493
0.837758     2.30383    0.00254256
1.0472     2.30383    0.00191492
1.25664     2.30383    0.000154543
1.46608     2.30383    0.00113287
1.67552     2.30383    0.000377867
1.88496     2.30383    3.38234e-05
2.0944     2.30383    0.00490106
2.30383     2.30383    0.00229437
2.51327     2.30383    0.00140716
2.72271     2.30383    0.00335927
2.93215     2.30383    0.00507427
3.14159     2.30383    0.000340097

-3.14159     2.51327    0.000733925
-2.93215     2.51327    0.00163373
-2.72271     2.51327    0.00325938
-2.51327     2.51327    0.000872503
-2.30383     2.51327    0.0014498
-2.0944     2.51327    0.00726263
-1.88496     2.51327    0.00328095
-1.67552     2.51327    0.00109957
-1.46608     2.51327    0.0105246
-1.25664     2.51327    0.000130442
-1.0472     2.51327    0.00349183
-0.837758     2.51327    0.0033125
-0.628319     2.51327    0.00244788
-0.418879     2.51327    0.00107184
-0.20944     2.51327    0.000295607
0     2.51327    0.00486943
0.20944     2.51327    0.000451984
0.418879     2.51327    0.00105993
0.628319     2.51327    0.00233079
0.837758     2.51327    0.00338517
1.0472     2.51327    0.00361357
1.25664     2.51327    0.000154339
1.46608     2.51327    0.0105506
1.67552     2.51327    0.00126113
1.88496     2.51327    0.00345619
2.0944     2.51327    0.00718901
2.30383     2.51327    0.00156518
2.51327     2.51327    0.0010404
2.72271     2.51327    0.00321546
2.93215     2.51327    0.00194636
3.14159     2.51327    0.000669346

-3.14159     2.72271    0.00132788
-2.93215     2.72271    0.000520029
-2.72271     2.72271    0.00135197
-2.51327     2.72271    0.0032932
-2.30383     2.72271    0.000766596
-2.0944     2.72271    0.000911376
-1.88496     2.72271    0.00212579
-1.67552     2.72271    0.00159703
-1.46608     2.72271    0.00164578
-1.25664     2.72271    0.000355402
-1.0472     2.72271    0.00140727
-0.837758     2.72271    0.0005451
-0.628319     2.72271    0.00407954
-0.418879     2.72271    0.00623696
-0.20944     2.72271    0.00283197
0     2.72271    0.00745077
0.20944     2.72271    0.00278656
0.418879     2.72271    0.00660857
0.628319     2.72271    0.00422948
0.837758     2.72271    0.000724837
1.0472     2.72271    0.00135163
1.25664     2.72271    0.000449191
1.46608     2.72271    0.00152904
1.67552     2.72271    0.00177375
1.88496     2.72271    0.00213078
2.0944     2.72271    0.000476545
2.30383     2.72271    0.00117588
2.51327     2.72271    0.00314323
2.72271     2.72271    0.00141481
2.93215     2.72271    0.000377634
3.14159     2.72271    0.00119116

-3.14159     2.93215    0.00624171
-2.93215     2.93215    0.00110134
-2.72271     2.93215    0.000201851
-2.51327     2.93215    0.000585144
-2.30383     2.93215    0.00311124
-2.0944     2.93215    0.00268067
-1.88496     2.93215    0.00372609
-1.67552     2.93215    0.0015955
-1.46608     2.93215    0.00200984
-1.25664     2.93215    0.00386098
-1.0472     2.93215    0.00633122
-0.837758     2.93215    0.000477161
-0.628319     2.93215    0.00139685
-0.418879     2.93215    0.00617118
-0.20944     2.93215    0.005984
0     2.93215    0.00295737
0.20944     2.93215    0.00581578
0.418879     2.93215    0.00605756
0.628319     2.93215    0.00163784
0.837758     2.93215    0.000497625
1.0472     2.93215    0.00634125
1.25664     2.93215    0.00377876
1.46608     2.93215    0.00190785
1.67552     2.93215    0.00146361
1.88496     2.93215    0.00369251
2.0944     2.93215    0.00256299
2.30383     2.93215    0.00293323
2.51327     2.93215    0.000636538
2.72271     2.93215    0.000158635
2.93215     2.93215    0.00100948
3.14159     2.93215    0.00648667

-3.14159     3.14159    0.00752015
-2.93215     3.14159    0.00139048
-2.72271     3.14159    0.000774541
-2.51327     3.14159    0.00416532
-2.30383     3.14159    0.00152566
-2.0944     3.14159    0.00265035
-1.88496     3.14159    0.00214147
-1.67552     3.14159    0.00416318
-1.46608     3.14159    0.00496854
-1.25664     3.14159    0.00146377
-1.0472     3.14159    0.00584174
-0.837758     3.14159    0.00220189
-0.628319     3.14159    0.000216918
-0.418879     3.14159    0.00240454
-0.20944     3.14159    0.000767228
0     3.14159    0.000310353
0.20944     3.14159    0.000966396
0.418879     3.14159    0.00224033
0.628319     3.14159    0.000155584
0.837758     3.14159    0.00215384
1.0472     3.14159    0.00599887
1.25664     3.14159    0.00147958
1.46608     3.14159    0.00485281
1.67552     3.14159    0.00394816
1.88496     3.14159    0.00195529
2.0944     3.14159    0.0025441
2.30383     3.14159    0.00122867
2.51327     3.14159    0.00375575
2.72271     3.14159    0.000726306
2.93215     3.14159    0.00133558
3.14159     3.14159    0.00768434

