-3.14159     -3.14159    4.87128e-08
-2.93215     -3.14159    3.48958e-06
-2.72271     -3.14159    7.02338e-06
-2.51327     -3.14159    9.58636e-06
-2.30383     -3.14159    1.08137e-05
-2.0944     -3.14159    1.11818e-05
-1.88496     -3.14159    1.10546e-05
-1.67552     -3.14159    1.02439e-05
-1.46608     -3.14159    7.82009e-06
-1.25664     -3.14159    3.50102e-06
-1.0472     -3.14159    1.13077e-06
-0.837758     -3.14159    4.77961e-06
-0.628319     -3.14159    7.15593e-06
-0.418879     -3.14159    8.45472e-06
-0.20944     -3.14159    9.04952e-06
0     -3.14159    9.20195e-06
0.20944     -3.14159    9.05993e-06
0.418879     -3.14159    8.45682e-06
0.628319     -3.14159    7.15543e-06
0.837758     -3.14159    4.77334e-06
1.0472     -3.14159    1.13503e-06
1.25664     -3.14159    3.50683e-06
1.46608     -3.14159    7.82169e-06
1.67552     -3.14159    1.02467e-05
1.88496     -3.14159    1.10535e-05
2.0944     -3.14159    1.11788e-05
2.30383     -3.14159    1.08229e-05
2.51327     -3.14159    9.59228e-06
2.72271     -3.14159    7.03646e-06
2.93215     -3.14159    3.48761e-06
3.14159     -3.14159    5.20209e-08

-3.14159     -2.93215    3.16855e-06
-2.93215     -2.93215    3.04674e-07
-2.72271     -2.93215    3.92233e-06
-2.51327     -2.93215    6.61153e-06
-2.30383     -2.93215    8.22726e-06
-2.0944     -2.93215    9.07539e-06
-1.88496     -2.93215    9.29152e-06
-1.67552     -2.93215    8.64906e-06
-1.46608     -2.93215    6.43161e-06
-1.25664     -2.93215    2.23769e-06
-1.0472     -2.93215    2.39507e-06
-0.837758     -2.93215    5.80207e-06
-0.628319     -2.93215    7.709e-06
-0.418879     -2.93215    8.57241e-06
-0.20944     -2.93215    8.87188e-06
0     -2.93215    8.91729e-06
0.20944     -2.93215    8.86597e-06
0.418879     -2.93215    8.58389e-06
0.628319     -2.93215    7.7097e-06
0.837758     -2.93215    5.80061e-06
1.0472     -2.93215    2.39542e-06
1.25664     -2.93215    2.23685e-06
1.46608     -2.93215    6.43825e-06
1.67552     -2.93215    8.65607e-06
1.88496     -2.93215    9.29786e-06
2.0944     -2.93215    9.06958e-06
2.30383     -2.93215    8.22733e-06
2.51327     -2.93215    6.60528e-06
2.72271     -2.93215    3.93133e-06
2.93215     -2.93215    3.13559e-07
3.14159     -2.93215    3.17434e-06

-3.14159     -2.72271    5.23181e-06
-2.93215     -2.72271    2.0712e-06
-2.72271     -2.72271    9.86254e-07
-2.51327     -2.72271    2.92071e-06
-2.30383     -2.72271    4.00519e-06
-2.0944     -2.72271    4.96926e-06
-1.88496     -2.72271    5.95578e-06
-1.67552     -2.72271    6.29456e-06
-1.46608     -2.72271    4.98323e-06
-1.25664     -2.72271    1.42538e-06
-1.0472     -2.72271    2.96847e-06
-0.837758     -2.72271    6.08089e-06
-0.628319     -2.72271    7.58768e-06
-0.418879     -2.72271    8.07025e-06
-0.20944     -2.72271    8.14051e-06
0     -2.72271    8.17516e-06
0.20944     -2.72271    8.14742e-06
0.418879     -2.72271    8.05938e-06
0.628319     -2.72271    7.58985e-06
0.837758     -2.72271    6.07746e-06
1.0472     -2.72271    2.96686e-06
1.25664     -2.72271    1.42533e-06
1.46608     -2.72271    4.97646e-06
1.67552     -2.72271    6.29433e-06
1.88496     -2.72271    5.95126e-06
2.0944     -2.72271    4.9764e-06
2.30383     -2.72271    4.01435e-06
2.51327     -2.72271    2.92097e-06
2.72271     -2.72271    9.91228e-07
2.93215     -2.72271    2.06656e-06
3.14159     -2.72271    5.23553e-06

-3.14159     -2.51327    6.43408e-06
-2.93215     -2.51327    3.79115e-06
-2.72271     -2.51327    1.74638e-06
-2.51327     -2.51327    9.32327e-07
-2.30383     -2.51327    6.45502e-07
-2.0944     -2.51327    9.44814e-08
-1.88496     -2.51327    1.52893e-06
-1.67552     -2.51327    2.97758e-06
-1.46608     -2.51327    3.01348e-06
-1.25664     -2.51327    6.14138e-07
-1.0472     -2.51327    3.207e-06
-0.837758     -2.51327    6.04469e-06
-0.628319     -2.51327    7.25886e-06
-0.418879     -2.51327    7.5063e-06
-0.20944     -2.51327    7.41718e-06
0     -2.51327    7.24573e-06
0.20944     -2.51327    7.40454e-06
0.418879     -2.51327    7.51792e-06
0.628319     -2.51327    7.258e-06
0.837758     -2.51327    6.04712e-06
1.0472     -2.51327    3.20805e-06
1.25664     -2.51327    6.1566e-07
1.46608     -2.51327    3.00907e-06
1.67552     -2.51327    2.98236e-06
1.88496     -2.51327    1.53205e-06
2.0944     -2.51327    1.00316e-07
2.30383     -2.51327    6.46521e-07
2.51327     -2.51327    9.33717e-07
2.72271     -2.51327    1.74649e-06
2.93215     -2.51327    3.7957e-06
3.14159     -2.51327    6.44131e-06

-3.14159     -2.30383    6.93675e-06
-2.93215     -2.30383    5.06824e-06
-2.72271     -2.30383    4.33602e-06
-2.51327     -2.30383    4.55271e-06
-2.30383     -2.30383    4.65858e-06
-2.0944     -2.30383    4.06825e-06
-1.88496     -2.30383    2.74827e-06
-1.67552     -2.30383    9.72264e-07
-1.46608     -2.30383    2.08767e-07
-1.25664     -2.30383    6.80038e-07
-1.0472     -2.30383    3.4887e-06
-0.837758     -2.30383    5.98341e-06
-0.628319     -2.30383    7.01989e-06
-0.418879     -2.30383    7.1291e-06
-0.20944     -2.30383    6.94074e-06
0     -2.30383    6.98652e-06
0.20944     -2.30383    6.94339e-06
0.418879     -2.30383    7.10646e-06
0.628319     -2.30383    7.02565e-06
0.837758     -2.30383    5.9897e-06
1.0472     -2.30383    3.48539e-06
1.25664     -2.30383    6.814e-07
1.46608     -2.30383    2.06221e-07
1.67552     -2.30383    9.79044e-07
1.88496     -2.30383    2.74958e-06
2.0944     -2.30383    4.0647e-06
2.30383     -2.30383    4.66126e-06
2.51327     -2.30383    4.55952e-06
2.72271     -2.30383    4.33168e-06
2.93215     -2.30383    5.06481e-06
3.14159     -2.30383    6.94071e-06

-3.14159     -2.0944    6.97366e-06
-2.93215     -2.0944    6.16092e-06
-2.72271     -2.0944    6.58168e-06
-2.51327     -2.0944    7.23368e-06
-2.30383     -2.0944    7.27438e-06
-2.0944     -2.0944    6.70959e-06
-1.88496     -2.0944    5.71706e-06
-1.67552     -2.0944    4.37615e-06
-1.46608     -2.0944    2.95681e-06
-1.25664     -2.0944    2.6346e-06
-1.0472     -2.0944    4.1155e-06
-0.837758     -2.0944    6.06172e-06
-0.628319     -2.0944    6.99649e-06
-0.418879     -2.0944    7.05493e-06
-0.20944     -2.0944    6.80768e-06
0     -2.0944    6.55833e-06
0.20944     -2.0944    6.82779e-06
0.418879     -2.0944    7.06239e-06
0.628319     -2.0944    6.99496e-06
0.837758     -2.0944    6.06893e-06
1.0472     -2.0944    4.11855e-06
1.25664     -2.0944    2.63222e-06
1.46608     -2.0944    2.96013e-06
1.67552     -2.0944    4.37377e-06
1.88496     -2.0944    5.71924e-06
2.0944     -2.0944    6.70811e-06
2.30383     -2.0944    7.2798e-06
2.51327     -2.0944    7.23755e-06
2.72271     -2.0944    6.5855e-06
2.93215     -2.0944    6.15843e-06
3.14159     -2.0944    6.96919e-06

-3.14159     -1.88496    6.87933e-06
-2.93215     -1.88496    7.18995e-06
-2.72271     -1.88496    8.21529e-06
-2.51327     -1.88496    8.68697e-06
-2.30383     -1.88496    8.40631e-06
-2.0944     -1.88496    7.80413e-06
-1.88496     -1.88496    7.11212e-06
-1.67552     -1.88496    6.352e-06
-1.46608     -1.88496    5.4436e-06
-1.25664     -1.88496    4.76966e-06
-1.0472     -1.88496    5.16818e-06
-0.837758     -1.88496    6.38826e-06
-0.628319     -1.88496    7.16908e-06
-0.418879     -1.88496    7.20125e-06
-0.20944     -1.88496    6.99329e-06
0     -1.88496    6.97124e-06
0.20944     -1.88496    6.95834e-06
0.418879     -1.88496    7.18569e-06
0.628319     -1.88496    7.16078e-06
0.837758     -1.88496    6.37967e-06
1.0472     -1.88496    5.17457e-06
1.25664     -1.88496    4.76946e-06
1.46608     -1.88496    5.44855e-06
1.67552     -1.88496    6.35059e-06
1.88496     -1.88496    7.10821e-06
2.0944     -1.88496    7.80175e-06
2.30383     -1.88496    8.40688e-06
2.51327     -1.88496    8.68437e-06
2.72271     -1.88496    8.22038e-06
2.93215     -1.88496    7.1973e-06
3.14159     -1.88496    6.87677e-06

-3.14159     -1.67552    6.90416e-06
-2.93215     -1.67552    8.0883e-06
-2.72271     -1.67552    9.05565e-06
-2.51327     -1.67552    9.0635e-06
-2.30383     -1.67552    8.51275e-06
-2.0944     -1.67552    7.87419e-06
-1.88496     -1.67552    7.39022e-06
-1.67552     -1.67552    7.04748e-06
-1.46608     -1.67552    6.73665e-06
-1.25664     -1.67552    6.39049e-06
-1.0472     -1.67552    6.37115e-06
-0.837758     -1.67552    6.93648e-06
-0.628319     -1.67552    7.49464e-06
-0.418879     -1.67552    7.56024e-06
-0.20944     -1.67552    7.33877e-06
0     -1.67552    7.20444e-06
0.20944     -1.67552    7.3739e-06
0.418879     -1.67552    7.56512e-06
0.628319     -1.67552    7.49733e-06
0.837758     -1.67552    6.93487e-06
1.0472     -1.67552    6.36685e-06
1.25664     -1.67552    6.38716e-06
1.46608     -1.67552    6.73213e-06
1.67552     -1.67552    7.04781e-06
1.88496     -1.67552    7.39343e-06
2.0944     -1.67552    7.87336e-06
2.30383     -1.67552    8.50671e-06
2.51327     -1.67552    9.06335e-06
2.72271     -1.67552    9.04873e-06
2.93215     -1.67552    8.09526e-06
3.14159     -1.67552    6.90046e-06

-3.14159     -1.46608    6.99255e-06
-2.93215     -1.46608    8.57908e-06
-2.72271     -1.46608    9.21529e-06
-2.51327     -1.46608    8.85267e-06
-2.30383     -1.46608    8.15667e-06
-2.0944     -1.46608    7.52411e-06
-1.88496     -1.46608    7.15215e-06
-1.67552     -1.46608    7.06131e-06
-1.46608     -1.46608    7.13409e-06
-1.25664     -1.46608    7.23583e-06
-1.0472     -1.46608    7.31506e-06
-0.837758     -1.46608    7.55848e-06
-0.628319     -1.46608    7.89026e-06
-0.418879     -1.46608    7.96085e-06
-0.20944     -1.46608    7.84211e-06
0     -1.46608    7.67948e-06
0.20944     -1.46608    7.82137e-06
0.418879     -1.46608    7.96857e-06
0.628319     -1.46608    7.87444e-06
0.837758     -1.46608    7.56487e-06
1.0472     -1.46608    7.31938e-06
1.25664     -1.46608    7.22632e-06
1.46608     -1.46608    7.13995e-06
1.67552     -1.46608    7.04886e-06
1.88496     -1.46608    7.14752e-06
2.0944     -1.46608    7.51903e-06
2.30383     -1.46608    8.1518e-06
2.51327     -1.46608    8.85391e-06
2.72271     -1.46608    9.20988e-06
2.93215     -1.46608    8.58425e-06
3.14159     -1.46608    6.98982e-06

-3.14159     -1.25664    6.84093e-06
-2.93215     -1.25664    8.5241e-06
-2.72271     -1.25664    8.93305e-06
-2.51327     -1.25664    8.46077e-06
-2.30383     -1.25664    7.72188e-06
-2.0944     -1.25664    7.14862e-06
-1.88496     -1.25664    6.83443e-06
-1.67552     -1.25664    6.86728e-06
-1.46608     -1.25664    7.1196e-06
-1.25664     -1.25664    7.50289e-06
-1.0472     -1.25664    7.81249e-06
-0.837758     -1.25664    8.04771e-06
-0.628319     -1.25664    8.21477e-06
-0.418879     -1.25664    8.23776e-06
-0.20944     -1.25664    8.17827e-06
0     -1.25664    8.28005e-06
0.20944     -1.25664    8.2277e-06
0.418879     -1.25664    8.23931e-06
0.628319     -1.25664    8.21445e-06
0.837758     -1.25664    8.03851e-06
1.0472     -1.25664    7.81186e-06
1.25664     -1.25664    7.50477e-06
1.46608     -1.25664    7.13384e-06
1.67552     -1.25664    6.87343e-06
1.88496     -1.25664    6.83297e-06
2.0944     -1.25664    7.14737e-06
2.30383     -1.25664    7.72548e-06
2.51327     -1.25664    8.46186e-06
2.72271     -1.25664    8.934e-06
2.93215     -1.25664    8.52826e-06
3.14159     -1.25664    6.84749e-06

-3.14159     -1.0472    6.13154e-06
-2.93215     -1.0472    7.95718e-06
-2.72271     -1.0472    8.40125e-06
-2.51327     -1.0472    8.04264e-06
-2.30383     -1.0472    7.44842e-06
-2.0944     -1.0472    6.94825e-06
-1.88496     -1.0472    6.7147e-06
-1.67552     -1.0472    6.76943e-06
-1.46608     -1.0472    7.08988e-06
-1.25664     -1.0472    7.57572e-06
-1.0472     -1.0472    8.0157e-06
-0.837758     -1.0472    8.27264e-06
-0.628319     -1.0472    8.37217e-06
-0.418879     -1.0472    8.38494e-06
-0.20944     -1.0472    8.29522e-06
0     -1.0472    7.87881e-06
0.20944     -1.0472    8.25407e-06
0.418879     -1.0472    8.40202e-06
0.628319     -1.0472    8.35295e-06
0.837758     -1.0472    8.27862e-06
1.0472     -1.0472    8.01532e-06
1.25664     -1.0472    7.5729e-06
1.46608     -1.0472    7.07886e-06
1.67552     -1.0472    6.76994e-06
1.88496     -1.0472    6.71692e-06
2.0944     -1.0472    6.94918e-06
2.30383     -1.0472    7.45355e-06
2.51327     -1.0472    8.04613e-06
2.72271     -1.0472    8.40692e-06
2.93215     -1.0472    7.96081e-06
3.14159     -1.0472    6.13738e-06

-3.14159     -0.837758    4.67566e-06
-2.93215     -0.837758    6.79216e-06
-2.72271     -0.837758    7.61991e-06
-2.51327     -0.837758    7.62155e-06
-2.30383     -0.837758    7.29476e-06
-2.0944     -0.837758    6.98635e-06
-1.88496     -0.837758    6.83578e-06
-1.67552     -0.837758    6.91485e-06
-1.46608     -0.837758    7.21611e-06
-1.25664     -0.837758    7.65546e-06
-1.0472     -0.837758    8.09393e-06
-0.837758     -0.837758    8.32589e-06
-0.628319     -0.837758    8.3098e-06
-0.418879     -0.837758    8.10054e-06
-0.20944     -0.837758    8.01236e-06
0     -0.837758    8.52263e-06
0.20944     -0.837758    8.02573e-06
0.418879     -0.837758    8.06234e-06
0.628319     -0.837758    8.30228e-06
0.837758     -0.837758    8.3308e-06
1.0472     -0.837758    8.10424e-06
1.25664     -0.837758    7.6595e-06
1.46608     -0.837758    7.21858e-06
1.67552     -0.837758    6.9146e-06
1.88496     -0.837758    6.8344e-06
2.0944     -0.837758    6.97778e-06
2.30383     -0.837758    7.29397e-06
2.51327     -0.837758    7.62085e-06
2.72271     -0.837758    7.61664e-06
2.93215     -0.837758    6.79268e-06
3.14159     -0.837758    4.67974e-06

-3.14159     -0.628319    2.28306e-06
-2.93215     -0.628319    4.8553e-06
-2.72271     -0.628319    6.29231e-06
-2.51327     -0.628319    6.90859e-06
-2.30383     -0.628319    7.06243e-06
-2.0944     -0.628319    7.07541e-06
-1.88496     -0.628319    7.12172e-06
-1.67552     -0.628319    7.2645e-06
-1.46608     -0.628319    7.52863e-06
-1.25664     -0.628319    7.88978e-06
-1.0472     -0.628319    8.15098e-06
-0.837758     -0.628319    8.26462e-06
-0.628319     -0.628319    8.08691e-06
-0.418879     -0.628319    7.83176e-06
-0.20944     -0.628319    7.49413e-06
0     -0.628319    6.76502e-06
0.20944     -0.628319    7.5108e-06
0.418879     -0.628319    7.85132e-06
0.628319     -0.628319    8.10668e-06
0.837758     -0.628319    8.25048e-06
1.0472     -0.628319    8.13974e-06
1.25664     -0.628319    7.89187e-06
1.46608     -0.628319    7.54389e-06
1.67552     -0.628319    7.27292e-06
1.88496     -0.628319    7.12398e-06
2.0944     -0.628319    7.07273e-06
2.30383     -0.628319    7.06909e-06
2.51327     -0.628319    6.91008e-06
2.72271     -0.628319    6.28894e-06
2.93215     -0.628319    4.85658e-06
3.14159     -0.628319    2.28881e-06

-3.14159     -0.418879    1.11808e-06
-2.93215     -0.418879    1.79463e-06
-2.72271     -0.418879    3.98567e-06
-2.51327     -0.418879    5.45289e-06
-2.30383     -0.418879    6.35778e-06
-2.0944     -0.418879    6.89949e-06
-1.88496     -0.418879    7.29373e-06
-1.67552     -0.418879    7.61922e-06
-1.46608     -0.418879    7.91707e-06
-1.25664     -0.418879    8.1819e-06
-1.0472     -0.418879    8.26966e-06
-0.837758     -0.418879    8.13856e-06
-0.628319     -0.418879    7.85108e-06
-0.418879     -0.418879    7.2252e-06
-0.20944     -0.418879    7.1576e-06
0     -0.418879    7.62679e-06
0.20944     -0.418879    6.65392e-06
0.418879     -0.418879    7.0641e-06
0.628319     -0.418879    7.81242e-06
0.837758     -0.418879    8.12499e-06
1.0472     -0.418879    8.27569e-06
1.25664     -0.418879    8.17113e-06
1.46608     -0.418879    7.91465e-06
1.67552     -0.418879    7.61124e-06
1.88496     -0.418879    7.29247e-06
2.0944     -0.418879    6.89886e-06
2.30383     -0.418879    6.35332e-06
2.51327     -0.418879    5.45169e-06
2.72271     -0.418879    3.99107e-06
2.93215     -0.418879    1.79944e-06
3.14159     -0.418879    1.11601e-06

-3.14159     -0.20944    4.48119e-06
-2.93215     -0.20944    1.68803e-06
-2.72271     -0.20944    9.17735e-07
-2.51327     -0.20944    3.13954e-06
-2.30383     -0.20944    4.86877e-06
-2.0944     -0.20944    6.14157e-06
-1.88496     -0.20944    7.04391e-06
-1.67552     -0.20944    7.68267e-06
-1.46608     -0.20944    8.10455e-06
-1.25664     -0.20944    8.30728e-06
-1.0472     -0.20944    8.30352e-06
-0.837758     -0.20944    8.03066e-06
-0.628319     -0.20944    7.56422e-06
-0.418879     -0.20944    6.97393e-06
-0.20944     -0.20944    6.53058e-06
0     -0.20944    5.33942e-06
0.20944     -0.20944    6.34665e-06
0.418879     -0.20944    6.63285e-06
0.628319     -0.20944    7.57427e-06
0.837758     -0.20944    8.02042e-06
1.0472     -0.20944    8.34318e-06
1.25664     -0.20944    8.32953e-06
1.46608     -0.20944    8.0997e-06
1.67552     -0.20944    7.68025e-06
1.88496     -0.20944    7.03724e-06
2.0944     -0.20944    6.14453e-06
2.30383     -0.20944    4.86693e-06
2.51327     -0.20944    3.1338e-06
2.72271     -0.20944    9.17964e-07
2.93215     -0.20944    1.68878e-06
3.14159     -0.20944    4.47963e-06

-3.14159     0    5.90959e-06
-2.93215     0    3.30654e-06
-2.72271     0    6.94651e-07
-2.51327     0    1.80142e-06
-2.30383     0    3.94586e-06
-2.0944     0    5.58392e-06
-1.88496     0    6.7962e-06
-1.67552     0    7.60779e-06
-1.46608     0    8.11232e-06
-1.25664     0    8.34884e-06
-1.0472     0    8.28264e-06
-0.837758     0    7.97798e-06
-0.628319     0    7.43017e-06
-0.418879     0    7.1823e-06
-0.20944     0    6.25284e-06
0     0    3.25602e-16
0.20944     0    6.25284e-06
0.418879     0    7.1823e-06
0.628319     0    7.43017e-06
0.837758     0    7.97798e-06
1.0472     0    8.28264e-06
1.25664     0    8.34884e-06
1.46608     0    8.11232e-06
1.67552     0    7.60779e-06
1.88496     0    6.7962e-06
2.0944     0    5.58392e-06
2.30383     0    3.94586e-06
2.51327     0    1.80142e-06
2.72271     0    6.94651e-07
2.93215     0    3.30654e-06
3.14159     0    5.90959e-06

-3.14159     0.20944    4.47963e-06
-2.93215     0.20944    1.68878e-06
-2.72271     0.20944    9.17964e-07
-2.51327     0.20944    3.1338e-06
-2.30383     0.20944    4.86693e-06
-2.0944     0.20944    6.14453e-06
-1.88496     0.20944    7.03724e-06
-1.67552     0.20944    7.68025e-06
-1.46608     0.20944    8.0997e-06
-1.25664     0.20944    8.32953e-06
-1.0472     0.20944    8.34318e-06
-0.837758     0.20944    8.02042e-06
-0.628319     0.20944    7.57427e-06
-0.418879     0.20944    6.63285e-06
-0.20944     0.20944    6.34665e-06
0     0.20944    5.33942e-06
0.20944     0.20944    6.53058e-06
0.418879     0.20944    6.97393e-06
0.628319     0.20944    7.56422e-06
0.837758     0.20944    8.03066e-06
1.0472     0.20944    8.30352e-06
1.25664     0.20944    8.30728e-06
1.46608     0.20944    8.10455e-06
1.67552     0.20944    7.68267e-06
1.88496     0.20944    7.04391e-06
2.0944     0.20944    6.14157e-06
2.30383     0.20944    4.86877e-06
2.51327     0.20944    3.13954e-06
2.72271     0.20944    9.17735e-07
2.93215     0.20944    1.68803e-06
3.14159     0.20944    4.48119e-06

-3.14159     0.418879    1.11601e-06
-2.93215     0.418879    1.79944e-06
-2.72271     0.418879    3.99107e-06
-2.51327     0.418879    5.45169e-06
-2.30383     0.418879    6.35332e-06
-2.0944     0.418879    6.89886e-06
-1.88496     0.418879    7.29247e-06
-1.67552     0.418879    7.61124e-06
-1.46608     0.418879    7.91465e-06
-1.25664     0.418879    8.17113e-06
-1.0472     0.418879    8.27569e-06
-0.837758     0.418879    8.12499e-06
-0.628319     0.418879    7.81242e-06
-0.418879     0.418879    7.0641e-06
-0.20944     0.418879    6.65392e-06
0     0.418879    7.62679e-06
0.20944     0.418879    7.1576e-06
0.418879     0.418879    7.2252e-06
0.628319     0.418879    7.85108e-06
0.837758     0.418879    8.13856e-06
1.0472     0.418879    8.26966e-06
1.25664     0.418879    8.1819e-06
1.46608     0.418879    7.91707e-06
1.67552     0.418879    7.61922e-06
1.88496     0.418879    7.29373e-06
2.0944     0.418879    6.89949e-06
2.30383     0.418879    6.35778e-06
2.51327     0.418879    5.45289e-06
2.72271     0.418879    3.98567e-06
2.93215     0.418879    1.79463e-06
3.14159     0.418879    1.11808e-06

-3.14159     0.628319    2.28881e-06
-2.93215     0.628319    4.85658e-06
-2.72271     0.628319    6.28894e-06
-2.51327     0.628319    6.91008e-06
-2.30383     0.628319    7.06909e-06
-2.0944     0.628319    7.07273e-06
-1.88496     0.628319    7.12398e-06
-1.67552     0.628319    7.27292e-06
-1.46608     0.628319    7.54389e-06
-1.25664     0.628319    7.89187e-06
-1.0472     0.628319    8.13974e-06
-0.837758     0.628319    8.25048e-06
-0.628319     0.628319    8.10668e-06
-0.418879     0.628319    7.85132e-06
-0.20944     0.628319    7.5108e-06
0     0.628319    6.76502e-06
0.20944     0.628319    7.49413e-06
0.418879     0.628319    7.83176e-06
0.628319     0.628319    8.08691e-06
0.837758     0.628319    8.26462e-06
1.0472     0.628319    8.15098e-06
1.25664     0.628319    7.88978e-06
1.46608     0.628319    7.52863e-06
1.67552     0.628319    7.2645e-06
1.88496     0.628319    7.12172e-06
2.0944     0.628319    7.07541e-06
2.30383     0.628319    7.06243e-06
2.51327     0.628319    6.90859e-06
2.72271     0.628319    6.29231e-06
2.93215     0.628319    4.8553e-06
3.14159     0.628319    2.28306e-06

-3.14159     0.837758    4.67974e-06
-2.93215     0.837758    6.79268e-06
-2.72271     0.837758    7.61664e-06
-2.51327     0.837758    7.62085e-06
-2.30383     0.837758    7.29397e-06
-2.0944     0.837758    6.97778e-06
-1.88496     0.837758    6.8344e-06
-1.67552     0.837758    6.9146e-06
-1.46608     0.837758    7.21858e-06
-1.25664     0.837758    7.6595e-06
-1.0472     0.837758    8.10424e-06
-0.837758     0.837758    8.3308e-06
-0.628319     0.837758    8.30228e-06
-0.418879     0.837758    8.06234e-06
-0.20944     0.837758    8.02573e-06
0     0.837758    8.52263e-06
0.20944     0.837758    8.01236e-06
0.418879     0.837758    8.10054e-06
0.628319     0.837758    8.3098e-06
0.837758     0.837758    8.32589e-06
1.0472     0.837758    8.09393e-06
1.25664     0.837758    7.65546e-06
1.46608     0.837758    7.21611e-06
1.67552     0.837758    6.91485e-06
1.88496     0.837758    6.83578e-06
2.0944     0.837758    6.98635e-06
2.30383     0.837758    7.29476e-06
2.51327     0.837758    7.62155e-06
2.72271     0.837758    7.61991e-06
2.93215     0.837758    6.79216e-06
3.14159     0.837758    4.67566e-06

-3.14159     1.0472    6.13738e-06
-2.93215     1.0472    7.96081e-06
-2.72271     1.0472    8.40692e-06
-2.51327     1.0472    8.04613e-06
-2.30383     1.0472    7.45355e-06
-2.0944     1.0472    6.94918e-06
-1.88496     1.0472    6.71692e-06
-1.67552     1.0472    6.76994e-06
-1.46608     1.0472    7.07886e-06
-1.25664     1.0472    7.5729e-06
-1.0472     1.0472    8.01532e-06
-0.837758     1.0472    8.27862e-06
-0.628319     1.0472    8.35295e-06
-0.418879     1.0472    8.40202e-06
-0.20944     1.0472    8.25407e-06
0     1.0472    7.87881e-06
0.20944     1.0472    8.29522e-06
0.418879     1.0472    8.38494e-06
0.628319     1.0472    8.37217e-06
0.837758     1.0472    8.27264e-06
1.0472     1.0472    8.0157e-06
1.25664     1.0472    7.57572e-06
1.46608     1.0472    7.08988e-06
1.67552     1.0472    6.76943e-06
1.88496     1.0472    6.7147e-06
2.0944     1.0472    6.94825e-06
2.30383     1.0472    7.44842e-06
2.51327     1.0472    8.04264e-06
2.72271     1.0472    8.40125e-06
2.93215     1.0472    7.95718e-06
3.14159     1.0472    6.13154e-06

-3.14159     1.25664    6.84749e-06
-2.93215     1.25664    8.52826e-06
-2.72271     1.25664    8.934e-06
-2.51327     1.25664    8.46186e-06
-2.30383     1.25664    7.72548e-06
-2.0944     1.25664    7.14737e-06
-1.88496     1.25664    6.83297e-06
-1.67552     1.25664    6.87343e-06
-1.46608     1.25664    7.13384e-06
-1.25664     1.25664    7.50477e-06
-1.0472     1.25664    7.81186e-06
-0.837758     1.25664    8.03851e-06
-0.628319     1.25664    8.21445e-06
-0.418879     1.25664    8.23931e-06
-0.20944     1.25664    8.2277e-06
0     1.25664    8.28005e-06
0.20944     1.25664    8.17827e-06
0.418879     1.25664    8.23776e-06
0.628319     1.25664    8.21477e-06
0.837758     1.25664    8.04771e-06
1.0472     1.25664    7.81249e-06
1.25664     1.25664    7.50289e-06
1.46608     1.25664    7.1196e-06
1.67552     1.25664    6.86728e-06
1.88496     1.25664    6.83443e-06
2.0944     1.25664    7.14862e-06
2.30383     1.25664    7.72188e-06
2.51327     1.25664    8.46077e-06
2.72271     1.25664    8.93305e-06
2.93215     1.25664    8.5241e-06
3.14159     1.25664    6.84093e-06

-3.14159     1.46608    6.98982e-06
-2.93215     1.46608    8.58425e-06
-2.72271     1.46608    9.20988e-06
-2.51327     1.46608    8.85391e-06
-2.30383     1.46608    8.1518e-06
-2.0944     1.46608    7.51903e-06
-1.88496     1.46608    7.14752e-06
-1.67552     1.46608    7.04886e-06
-1.46608     1.46608    7.13995e-06
-1.25664     1.46608    7.22632e-06
-1.0472     1.46608    7.31938e-06
-0.837758     1.46608    7.56487e-06
-0.628319     1.46608    7.87444e-06
-0.418879     1.46608    7.96857e-06
-0.20944     1.46608    7.82137e-06
0     1.46608    7.67948e-06
0.20944     1.46608    7.84211e-06
0.418879     1.46608    7.96085e-06
0.628319     1.46608    7.89026e-06
0.837758     1.46608    7.55848e-06
1.0472     1.46608    7.31506e-06
1.25664     1.46608    7.23583e-06
1.46608     1.46608    7.13409e-06
1.67552     1.46608    7.06131e-06
1.88496     1.46608    7.15215e-06
2.0944     1.46608    7.52411e-06
2.30383     1.46608    8.15667e-06
2.51327     1.46608    8.85267e-06
2.72271     1.46608    9.21529e-06
2.93215     1.46608    8.57908e-06
3.14159     1.46608    6.99255e-06

-3.14159     1.67552    6.90046e-06
-2.93215     1.67552    8.09526e-06
-2.72271     1.67552    9.04873e-06
-2.51327     1.67552    9.06335e-06
-2.30383     1.67552    8.50671e-06
-2.0944     1.67552    7.87336e-06
-1.88496     1.67552    7.39343e-06
-1.67552     1.67552    7.04781e-06
-1.46608     1.67552    6.73213e-06
-1.25664     1.67552    6.38716e-06
-1.0472     1.67552    6.36685e-06
-0.837758     1.67552    6.93487e-06
-0.628319     1.67552    7.49733e-06
-0.418879     1.67552    7.56512e-06
-0.20944     1.67552    7.3739e-06
0     1.67552    7.20444e-06
0.20944     1.67552    7.33877e-06
0.418879     1.67552    7.56024e-06
0.628319     1.67552    7.49464e-06
0.837758     1.67552    6.93648e-06
1.0472     1.67552    6.37115e-06
1.25664     1.67552    6.39049e-06
1.46608     1.67552    6.73665e-06
1.67552     1.67552    7.04748e-06
1.88496     1.67552    7.39022e-06
2.0944     1.67552    7.87419e-06
2.30383     1.67552    8.51275e-06
2.51327     1.67552    9.0635e-06
2.72271     1.67552    9.05565e-06
2.93215     1.67552    8.0883e-06
3.14159     1.67552    6.90416e-06

-3.14159     1.88496    6.87677e-06
-2.93215     1.88496    7.1973e-06
-2.72271     1.88496    8.22038e-06
-2.51327     1.88496    8.68437e-06
-2.30383     1.88496    8.40688e-06
-2.0944     1.88496    7.80175e-06
-1.88496     1.88496    7.10821e-06
-1.67552     1.88496    6.35059e-06
-1.46608     1.88496    5.44855e-06
-1.25664     1.88496    4.76946e-06
-1.0472     1.88496    5.17457e-06
-0.837758     1.88496    6.37967e-06
-0.628319     1.88496    7.16078e-06
-0.418879     1.88496    7.18569e-06
-0.20944     1.88496    6.95834e-06
0     1.88496    6.97124e-06
0.20944     1.88496    6.99329e-06
0.418879     1.88496    7.20125e-06
0.628319     1.88496    7.16908e-06
0.837758     1.88496    6.38826e-06
1.0472     1.88496    5.16818e-06
1.25664     1.88496    4.76966e-06
1.46608     1.88496    5.4436e-06
1.67552     1.88496    6.352e-06
1.88496     1.88496    7.11212e-06
2.0944     1.88496    7.80413e-06
2.30383     1.88496    8.40631e-06
2.51327     1.88496    8.68697e-06
2.72271     1.88496    8.21529e-06
2.93215     1.88496    7.18995e-06
3.14159     1.88496    6.87933e-06

-3.14159     2.0944    6.96919e-06
-2.93215     2.0944    6.15843e-06
-2.72271     2.0944    6.5855e-06
-2.51327     2.0944    7.23755e-06
-2.30383     2.0944    7.2798e-06
-2.0944     2.0944    6.70811e-06
-1.88496     2.0944    5.71924e-06
-1.67552     2.0944    4.37377e-06
-1.46608     2.0944    2.96013e-06
-1.25664     2.0944    2.63222e-06
-1.0472     2.0944    4.11855e-06
-0.837758     2.0944    6.06893e-06
-0.628319     2.0944    6.99496e-06
-0.418879     2.0944    7.06239e-06
-0.20944     2.0944    6.82779e-06
0     2.0944    6.55833e-06
0.20944     2.0944    6.80768e-06
0.418879     2.0944    7.05493e-06
0.628319     2.0944    6.99649e-06
0.837758     2.0944    6.06172e-06
1.0472     2.0944    4.1155e-06
1.25664     2.0944    2.6346e-06
1.46608     2.0944    2.95681e-06
1.67552     2.0944    4.37615e-06
1.88496     2.0944    5.71706e-06
2.0944     2.0944    6.70959e-06
2.30383     2.0944    7.27438e-06
2.51327     2.0944    7.23368e-06
2.72271     2.0944    6.58168e-06
2.93215     2.0944    6.16092e-06
3.14159     2.0944    6.97366e-06

-3.14159     2.30383    6.94071e-06
-2.93215     2.30383    5.06481e-06
-2.72271     2.30383    4.33168e-06
-2.51327     2.30383    4.55952e-06
-2.30383     2.30383    4.66126e-06
-2.0944     2.30383    4.0647e-06
-1.88496     2.30383    2.74958e-06
-1.67552     2.30383    9.79044e-07
-1.46608     2.30383    2.06221e-07
-1.25664     2.30383    6.814e-07
-1.0472     2.30383    3.48539e-06
-0.837758     2.30383    5.9897e-06
-0.628319     2.30383    7.02565e-06
-0.418879     2.30383    7.10646e-06
-0.20944     2.30383    6.94339e-06
0     2.30383    6.98652e-06
0.20944     2.30383    6.94074e-06
0.418879     2.30383    7.1291e-06
0.628319     2.30383    7.01989e-06
0.837758     2.30383    5.98341e-06
1.0472     2.30383    3.4887e-06
1.25664     2.30383    6.80038e-07
1.46608     2.30383    2.08767e-07
1.67552     2.30383    9.72264e-07
1.88496     2.30383    2.74827e-06
2.0944     2.30383    4.06825e-06
2.30383     2.30383    4.65858e-06
2.51327     2.30383    4.55271e-06
2.72271     2.30383    4.33602e-06
2.93215     2.30383    5.06824e-06
3.14159     2.30383    6.93675e-06

-3.14159     2.51327    6.44131e-06
-2.93215     2.51327    3.7957e-06
-2.72271     2.51327    1.74649e-06
-2.51327     2.51327    9.33717e-07
-2.30383     2.51327    6.46521e-07
-2.0944     2.51327    1.00316e-07
-1.88496     2.51327    1.53205e-06
-1.67552     2.51327    2.98236e-06
-1.46608     2.51327    3.00907e-06
-1.25664     2.51327    6.1566e-07
-1.0472     2.51327    3.20805e-06
-0.837758     2.51327    6.04712e-06
-0.628319     2.51327    7.258e-06
-0.418879     2.51327    7.51792e-06
-0.20944     2.51327    7.40454e-06
0     2.51327    7.24573e-06
0.20944     2.51327    7.41718e-06
0.418879     2.51327    7.5063e-06
0.628319     2.51327    7.25886e-06
0.837758     2.51327    6.04469e-06
1.0472     2.51327    3.207e-06
1.25664     2.51327    6.14138e-07
1.46608     2.51327    3.01348e-06
1.67552     2.51327    2.97758e-06
1.88496     2.51327    1.52893e-06
2.0944     2.51327    9.44814e-08
2.30383     2.51327    6.45502e-07
2.51327     2.51327    9.32327e-07
2.72271     2.51327    1.74638e-06
2.93215     2.51327    3.79115e-06
3.14159     2.51327    6.43408e-06

-3.14159     2.72271    5.23553e-06
-2.93215     2.72271    2.06656e-06
-2.72271     2.72271    9.91228e-07
-2.51327     2.72271    2.92097e-06
-2.30383     2.72271    4.01435e-06
-2.0944     2.72271    4.9764e-06
-1.88496     2.72271    5.95126e-06
-1.67552     2.72271    6.29433e-06
-1.46608     2.72271    4.97646e-06
-1.25664     2.72271    1.42533e-06
-1.0472     2.72271    2.96686e-06
-0.837758     2.72271    6.07746e-06
-0.628319     2.72271    7.58985e-06
-0.418879     2.72271    8.05938e-06
-0.20944     2.72271    8.14742e-06
0     2.72271    8.17516e-06
0.20944     2.72271    8.14051e-06
0.418879     2.72271    8.07025e-06
0.628319     2.72271    7.58768e-06
0.837758     2.72271    6.08089e-06
1.0472     2.72271    2.96847e-06
1.25664     2.72271    1.42538e-06
1.46608     2.72271    4.98323e-06
1.67552     2.72271    6.29456e-06
1.88496     2.72271    5.95578e-06
2.0944     2.72271    4.96926e-06
2.30383     2.72271    4.00519e-06
2.51327     2.72271    2.92071e-06
2.72271     2.72271    9.86254e-07
2.93215     2.72271    2.0712e-06
3.14159     2.72271    5.23181e-06

-3.14159     2.93215    3.17434e-06
-2.93215     2.93215    3.13559e-07
-2.72271     2.93215    3.93133e-06
-2.51327     2.93215    6.60528e-06
-2.30383     2.93215    8.22733e-06
-2.0944     2.93215    9.06958e-06
-1.88496     2.93215    9.29786e-06
-1.67552     2.93215    8.65607e-06
-1.46608     2.93215    6.43825e-06
-1.25664     2.93215    2.23685e-06
-1.0472     2.93215    2.39542e-06
-0.837758     2.93215    5.80061e-06
-0.628319     2.93215    7.7097e-06
-0.418879     2.93215    8.58389e-06
-0.20944     2.93215    8.86597e-06
0     2.93215    8.91729e-06
0.20944     2.93215    8.87188e-06
0.418879     2.93215    8.57241e-06
0.628319     2.93215    7.709e-06
0.837758     2.93215    5.80207e-06
1.0472     2.93215    2.39507e-06
1.25664     2.93215    2.23769e-06
1.46608     2.93215    6.43161e-06
1.67552     2.93215    8.64906e-06
1.88496     2.93215    9.29152e-06
2.0944     2.93215    9.07539e-06
2.30383     2.93215    8.22726e-06
2.51327     2.93215    6.61153e-06
2.72271     2.93215    3.92233e-06
2.93215     2.93215    3.04674e-07
3.14159     2.93215    3.16855e-06

-3.14159     3.14159    5.20209e-08
-2.93215     3.14159    3.48761e-06
-2.72271     3.14159    7.03646e-06
-2.51327     3.14159    9.59228e-06
-2.30383     3.14159    1.08229e-05
-2.0944     3.14159    1.11788e-05
-1.88496     3.14159    1.10535e-05
-1.67552     3.14159    1.02467e-05
-1.46608     3.14159    7.82169e-06
-1.25664     3.14159    3.50683e-06
-1.0472     3.14159    1.13503e-06
-0.837758     3.14159    4.77334e-06
-0.628319     3.14159    7.15543e-06
-0.418879     3.14159    8.45682e-06
-0.20944     3.14159    9.05993e-06
0     3.14159    9.20195e-06
0.20944     3.14159    9.04952e-06
0.418879     3.14159    8.45472e-06
0.628319     3.14159    7.15593e-06
0.837758     3.14159    4.77961e-06
1.0472     3.14159    1.13077e-06
1.25664     3.14159    3.50102e-06
1.46608     3.14159    7.82009e-06
1.67552     3.14159    1.02439e-05
1.88496     3.14159    1.10546e-05
2.0944     3.14159    1.11818e-05
2.30383     3.14159    1.08137e-05
2.51327     3.14159    9.58636e-06
2.72271     3.14159    7.02338e-06
2.93215     3.14159    3.48958e-06
3.14159     3.14159    4.87128e-08

