-3.14159     -3.14159    2.95246e-05
-2.93215     -3.14159    7.03879e-05
-2.72271     -3.14159    0.000113565
-2.51327     -3.14159    0.000147181
-2.30383     -3.14159    0.000144852
-2.0944     -3.14159    0.000121036
-1.88496     -3.14159    0.000105262
-1.67552     -3.14159    0.000103155
-1.46608     -3.14159    0.000107314
-1.25664     -3.14159    7.04156e-05
-1.0472     -3.14159    2.96194e-05
-0.837758     -3.14159    6.77575e-06
-0.628319     -3.14159    1.0849e-05
-0.418879     -3.14159    2.37393e-05
-0.20944     -3.14159    3.09652e-05
0     -3.14159    3.65043e-05
0.20944     -3.14159    3.09745e-05
0.418879     -3.14159    2.37346e-05
0.628319     -3.14159    1.08435e-05
0.837758     -3.14159    6.77866e-06
1.0472     -3.14159    2.96238e-05
1.25664     -3.14159    7.04211e-05
1.46608     -3.14159    0.000107316
1.67552     -3.14159    0.000103157
1.88496     -3.14159    0.000105267
2.0944     -3.14159    0.000121044
2.30383     -3.14159    0.00014486
2.51327     -3.14159    0.00014718
2.72271     -3.14159    0.000113564
2.93215     -3.14159    7.03881e-05
3.14159     -3.14159    2.95232e-05

-3.14159     -2.93215    7.32011e-06
-2.93215     -2.93215    5.36746e-05
-2.72271     -2.93215    9.26186e-05
-2.51327     -2.93215    0.000112317
-2.30383     -2.93215    0.000133373
-2.0944     -2.93215    0.000129376
-1.88496     -2.93215    0.000100786
-1.67552     -2.93215    8.60544e-05
-1.46608     -2.93215    8.41945e-05
-1.25664     -2.93215    5.27258e-05
-1.0472     -2.93215    6.22777e-06
-0.837758     -2.93215    1.98594e-05
-0.628319     -2.93215    3.84759e-05
-0.418879     -2.93215    5.17921e-05
-0.20944     -2.93215    5.73503e-05
0     -2.93215    5.55972e-05
0.20944     -2.93215    5.73331e-05
0.418879     -2.93215    5.17564e-05
0.628319     -2.93215    3.84751e-05
0.837758     -2.93215    1.98569e-05
1.0472     -2.93215    6.23361e-06
1.25664     -2.93215    5.27322e-05
1.46608     -2.93215    8.42013e-05
1.67552     -2.93215    8.60627e-05
1.88496     -2.93215    0.000100796
2.0944     -2.93215    0.000129386
2.30383     -2.93215    0.000133379
2.51327     -2.93215    0.000112316
2.72271     -2.93215    9.26156e-05
2.93215     -2.93215    5.36701e-05
3.14159     -2.93215    7.31725e-06

-3.14159     -2.72271    8.40046e-06
-2.93215     -2.72271    5.98749e-05
-2.72271     -2.72271    9.54695e-05
-2.51327     -2.72271    9.43656e-05
-2.30383     -2.72271    8.5441e-05
-2.0944     -2.72271    8.95298e-05
-1.88496     -2.72271    8.52691e-05
-1.67552     -2.72271    7.66887e-05
-1.46608     -2.72271    7.04724e-05
-1.25664     -2.72271    5.21586e-05
-1.0472     -2.72271    1.5441e-06
-0.837758     -2.72271    2.90555e-05
-0.628319     -2.72271    5.02744e-05
-0.418879     -2.72271    5.70042e-05
-0.20944     -2.72271    6.25002e-05
0     -2.72271    6.71595e-05
0.20944     -2.72271    6.25157e-05
0.418879     -2.72271    5.70681e-05
0.628319     -2.72271    5.02739e-05
0.837758     -2.72271    2.90498e-05
1.0472     -2.72271    1.54891e-06
1.25664     -2.72271    5.21645e-05
1.46608     -2.72271    7.04807e-05
1.67552     -2.72271    7.66996e-05
1.88496     -2.72271    8.5282e-05
2.0944     -2.72271    8.95383e-05
2.30383     -2.72271    8.54458e-05
2.51327     -2.72271    9.43668e-05
2.72271     -2.72271    9.54672e-05
2.93215     -2.72271    5.98715e-05
3.14159     -2.72271    8.40034e-06

-3.14159     -2.51327    1.62691e-05
-2.93215     -2.51327    6.75786e-05
-2.72271     -2.51327    8.83686e-05
-2.51327     -2.51327    8.22981e-05
-2.30383     -2.51327    4.91539e-05
-2.0944     -2.51327    3.10914e-05
-1.88496     -2.51327    4.61068e-05
-1.67552     -2.51327    6.53469e-05
-1.46608     -2.51327    5.86393e-05
-1.25664     -2.51327    4.99779e-05
-1.0472     -2.51327    2.88556e-06
-0.837758     -2.51327    3.62553e-05
-0.628319     -2.51327    5.49362e-05
-0.418879     -2.51327    5.59773e-05
-0.20944     -2.51327    6.00236e-05
0     -2.51327    6.10312e-05
0.20944     -2.51327    6.00148e-05
0.418879     -2.51327    5.58918e-05
0.628319     -2.51327    5.4935e-05
0.837758     -2.51327    3.62526e-05
1.0472     -2.51327    2.87955e-06
1.25664     -2.51327    4.99865e-05
1.46608     -2.51327    5.86492e-05
1.67552     -2.51327    6.53601e-05
1.88496     -2.51327    4.61186e-05
2.0944     -2.51327    3.10997e-05
2.30383     -2.51327    4.91639e-05
2.51327     -2.51327    8.2301e-05
2.72271     -2.51327    8.83675e-05
2.93215     -2.51327    6.75786e-05
3.14159     -2.51327    1.62702e-05

-3.14159     -2.30383    3.53174e-05
-2.93215     -2.30383    7.30395e-05
-2.72271     -2.30383    7.15923e-05
-2.51327     -2.30383    3.62352e-05
-2.30383     -2.30383    8.42021e-06
-2.0944     -2.30383    4.08122e-06
-1.88496     -2.30383    3.45253e-06
-1.67552     -2.30383    2.83169e-05
-1.46608     -2.30383    4.74407e-05
-1.25664     -2.30383    4.19601e-05
-1.0472     -2.30383    1.67413e-06
-0.837758     -2.30383    4.0643e-05
-0.628319     -2.30383    5.72185e-05
-0.418879     -2.30383    6.2473e-05
-0.20944     -2.30383    5.99588e-05
0     -2.30383    6.26146e-05
0.20944     -2.30383    5.99569e-05
0.418879     -2.30383    6.2565e-05
0.628319     -2.30383    5.72159e-05
0.837758     -2.30383    4.06378e-05
1.0472     -2.30383    1.66792e-06
1.25664     -2.30383    4.19686e-05
1.46608     -2.30383    4.74506e-05
1.67552     -2.30383    2.83246e-05
1.88496     -2.30383    3.46259e-06
2.0944     -2.30383    4.07126e-06
2.30383     -2.30383    8.42964e-06
2.51327     -2.30383    3.62411e-05
2.72271     -2.30383    7.15938e-05
2.93215     -2.30383    7.30381e-05
3.14159     -2.30383    3.53174e-05

-3.14159     -2.0944    5.48183e-05
-2.93215     -2.0944    6.6822e-05
-2.72271     -2.0944    4.25087e-05
-2.51327     -2.0944    3.04925e-06
-2.30383     -2.0944    2.39857e-05
-2.0944     -2.0944    3.2703e-05
-1.88496     -2.0944    2.62127e-05
-1.67552     -2.0944    1.91596e-05
-1.46608     -2.0944    7.48183e-06
-1.25664     -2.0944    2.3774e-05
-1.0472     -2.0944    8.7093e-07
-0.837758     -2.0944    3.43857e-05
-0.628319     -2.0944    5.22975e-05
-0.418879     -2.0944    6.23504e-05
-0.20944     -2.0944    5.67121e-05
0     -2.0944    5.47083e-05
0.20944     -2.0944    5.67313e-05
0.418879     -2.0944    6.2271e-05
0.628319     -2.0944    5.22958e-05
0.837758     -2.0944    3.4384e-05
1.0472     -2.0944    8.65068e-07
1.25664     -2.0944    2.37829e-05
1.46608     -2.0944    7.49081e-06
1.67552     -2.0944    1.91511e-05
1.88496     -2.0944    2.62034e-05
2.0944     -2.0944    3.26925e-05
2.30383     -2.0944    2.39753e-05
2.51327     -2.0944    3.0568e-06
2.72271     -2.0944    4.25126e-05
2.93215     -2.0944    6.68231e-05
3.14159     -2.0944    5.48199e-05

-3.14159     -1.88496    6.46472e-05
-2.93215     -1.88496    5.35486e-05
-2.72271     -1.88496    7.52124e-06
-2.51327     -1.88496    3.13375e-05
-2.30383     -1.88496    4.75819e-05
-2.0944     -1.88496    5.11178e-05
-1.88496     -1.88496    4.93628e-05
-1.67552     -1.88496    4.34564e-05
-1.46608     -1.88496    3.11776e-05
-1.25664     -1.88496    1.01608e-05
-1.0472     -1.88496    1.01113e-05
-0.837758     -1.88496    3.13989e-05
-0.628319     -1.88496    4.96989e-05
-0.418879     -1.88496    5.56368e-05
-0.20944     -1.88496    5.03222e-05
0     -1.88496    5.00192e-05
0.20944     -1.88496    5.02867e-05
0.418879     -1.88496    5.56983e-05
0.628319     -1.88496    4.97057e-05
0.837758     -1.88496    3.13976e-05
1.0472     -1.88496    1.01063e-05
1.25664     -1.88496    1.01527e-05
1.46608     -1.88496    3.11682e-05
1.67552     -1.88496    4.34479e-05
1.88496     -1.88496    4.93536e-05
2.0944     -1.88496    5.11066e-05
2.30383     -1.88496    4.75705e-05
2.51327     -1.88496    3.13283e-05
2.72271     -1.88496    7.52703e-06
2.93215     -1.88496    5.3551e-05
3.14159     -1.88496    6.46478e-05

-3.14159     -1.67552    6.2706e-05
-2.93215     -1.67552    2.67369e-05
-2.72271     -1.67552    2.37858e-05
-2.51327     -1.67552    4.948e-05
-2.30383     -1.67552    6.04729e-05
-2.0944     -1.67552    5.65906e-05
-1.88496     -1.67552    5.84074e-05
-1.67552     -1.67552    5.82815e-05
-1.46608     -1.67552    4.50641e-05
-1.25664     -1.67552    3.30561e-05
-1.0472     -1.67552    1.92563e-05
-0.837758     -1.67552    2.38593e-05
-0.628319     -1.67552    4.51627e-05
-0.418879     -1.67552    5.18492e-05
-0.20944     -1.67552    3.96182e-05
0     -1.67552    4.1733e-05
0.20944     -1.67552    3.96725e-05
0.418879     -1.67552    5.18225e-05
0.628319     -1.67552    4.51582e-05
0.837758     -1.67552    2.38591e-05
1.0472     -1.67552    1.92455e-05
1.25664     -1.67552    3.30483e-05
1.46608     -1.67552    4.50548e-05
1.67552     -1.67552    5.82747e-05
1.88496     -1.67552    5.83986e-05
2.0944     -1.67552    5.65799e-05
2.30383     -1.67552    6.04627e-05
2.51327     -1.67552    4.94703e-05
2.72271     -1.67552    2.37783e-05
2.93215     -1.67552    2.6741e-05
3.14159     -1.67552    6.27071e-05

-3.14159     -1.46608    4.94325e-05
-2.93215     -1.46608    2.11542e-06
-2.72271     -1.46608    4.43143e-05
-2.51327     -1.46608    5.6661e-05
-2.30383     -1.46608    6.47172e-05
-2.0944     -1.46608    5.99574e-05
-1.88496     -1.46608    5.83774e-05
-1.67552     -1.46608    6.4284e-05
-1.46608     -1.46608    5.68438e-05
-1.25664     -1.46608    4.80985e-05
-1.0472     -1.46608    3.173e-05
-0.837758     -1.46608    2.36108e-05
-0.628319     -1.46608    3.68589e-05
-0.418879     -1.46608    4.52534e-05
-0.20944     -1.46608    2.97176e-05
0     -1.46608    2.69379e-05
0.20944     -1.46608    2.9631e-05
0.418879     -1.46608    4.52214e-05
0.628319     -1.46608    3.68616e-05
0.837758     -1.46608    2.36007e-05
1.0472     -1.46608    3.17211e-05
1.25664     -1.46608    4.80895e-05
1.46608     -1.46608    5.68386e-05
1.67552     -1.46608    6.42757e-05
1.88496     -1.46608    5.83668e-05
2.0944     -1.46608    5.99491e-05
2.30383     -1.46608    6.47087e-05
2.51327     -1.46608    5.66549e-05
2.72271     -1.46608    4.43072e-05
2.93215     -1.46608    2.1103e-06
3.14159     -1.46608    4.94337e-05

-3.14159     -1.25664    2.83046e-05
-2.93215     -1.25664    1.9799e-05
-2.72271     -1.25664    5.02832e-05
-2.51327     -1.25664    6.34043e-05
-2.30383     -1.25664    6.61455e-05
-2.0944     -1.25664    6.04738e-05
-1.88496     -1.25664    6.07728e-05
-1.67552     -1.25664    5.74513e-05
-1.46608     -1.25664    5.37465e-05
-1.25664     -1.25664    5.45175e-05
-1.0472     -1.25664    4.32862e-05
-0.837758     -1.25664    3.72656e-05
-0.628319     -1.25664    4.16058e-05
-0.418879     -1.25664    4.50444e-05
-0.20944     -1.25664    3.3189e-05
0     -1.25664    2.18529e-05
0.20944     -1.25664    3.32713e-05
0.418879     -1.25664    4.51271e-05
0.628319     -1.25664    4.15965e-05
0.837758     -1.25664    3.7275e-05
1.0472     -1.25664    4.32899e-05
1.25664     -1.25664    5.45118e-05
1.46608     -1.25664    5.37392e-05
1.67552     -1.25664    5.74461e-05
1.88496     -1.25664    6.07662e-05
2.0944     -1.25664    6.04683e-05
2.30383     -1.25664    6.6144e-05
2.51327     -1.25664    6.33995e-05
2.72271     -1.25664    5.02782e-05
2.93215     -1.25664    1.97947e-05
3.14159     -1.25664    2.83047e-05

-3.14159     -1.0472    1.27052e-05
-2.93215     -1.0472    2.98889e-05
-2.72271     -1.0472    5.41088e-05
-2.51327     -1.0472    5.74489e-05
-2.30383     -1.0472    5.88085e-05
-2.0944     -1.0472    5.83411e-05
-1.88496     -1.0472    5.91722e-05
-1.67552     -1.0472    5.09951e-05
-1.46608     -1.0472    4.67711e-05
-1.25664     -1.0472    3.90728e-05
-1.0472     -1.0472    4.39731e-05
-0.837758     -1.0472    4.22215e-05
-0.628319     -1.0472    4.76087e-05
-0.418879     -1.0472    4.98484e-05
-0.20944     -1.0472    4.35167e-05
0     -1.0472    1.10106e-05
0.20944     -1.0472    4.34377e-05
0.418879     -1.0472    4.97379e-05
0.628319     -1.0472    4.76228e-05
0.837758     -1.0472    4.22128e-05
1.0472     -1.0472    4.39736e-05
1.25664     -1.0472    3.90696e-05
1.46608     -1.0472    4.67661e-05
1.67552     -1.0472    5.09902e-05
1.88496     -1.0472    5.91678e-05
2.0944     -1.0472    5.83405e-05
2.30383     -1.0472    5.88113e-05
2.51327     -1.0472    5.74487e-05
2.72271     -1.0472    5.4108e-05
2.93215     -1.0472    2.98865e-05
3.14159     -1.0472    1.27066e-05

-3.14159     -0.837758    7.07998e-06
-2.93215     -0.837758    2.42584e-05
-2.72271     -0.837758    4.76752e-05
-2.51327     -0.837758    5.63196e-05
-2.30383     -0.837758    5.84854e-05
-2.0944     -0.837758    6.38974e-05
-1.88496     -0.837758    5.5644e-05
-1.67552     -0.837758    4.69864e-05
-1.46608     -0.837758    4.31329e-05
-1.25664     -0.837758    2.89636e-05
-1.0472     -0.837758    2.95954e-05
-0.837758     -0.837758    4.97355e-05
-0.628319     -0.837758    5.20962e-05
-0.418879     -0.837758    5.54294e-05
-0.20944     -0.837758    5.37222e-05
0     -0.837758    4.45749e-05
0.20944     -0.837758    5.37948e-05
0.418879     -0.837758    5.56498e-05
0.628319     -0.837758    5.21248e-05
0.837758     -0.837758    4.97273e-05
1.0472     -0.837758    2.95919e-05
1.25664     -0.837758    2.89638e-05
1.46608     -0.837758    4.31305e-05
1.67552     -0.837758    4.69818e-05
1.88496     -0.837758    5.56416e-05
2.0944     -0.837758    6.3898e-05
2.30383     -0.837758    5.84855e-05
2.51327     -0.837758    5.6322e-05
2.72271     -0.837758    4.76778e-05
2.93215     -0.837758    2.42607e-05
3.14159     -0.837758    7.07861e-06

-3.14159     -0.628319    1.09518e-05
-2.93215     -0.628319    1.78958e-05
-2.72271     -0.628319    3.27319e-05
-2.51327     -0.628319    4.9998e-05
-2.30383     -0.628319    5.80068e-05
-2.0944     -0.628319    6.02677e-05
-1.88496     -0.628319    5.67195e-05
-1.67552     -0.628319    4.94211e-05
-1.46608     -0.628319    3.37557e-05
-1.25664     -0.628319    2.61245e-05
-1.0472     -0.628319    1.59605e-05
-0.837758     -0.628319    2.84591e-05
-0.628319     -0.628319    5.41817e-05
-0.418879     -0.628319    6.1484e-05
-0.20944     -0.628319    6.51425e-05
0     -0.628319    4.01195e-05
0.20944     -0.628319    6.54676e-05
0.418879     -0.628319    6.12601e-05
0.628319     -0.628319    5.417e-05
0.837758     -0.628319    2.8479e-05
1.0472     -0.628319    1.59676e-05
1.25664     -0.628319    2.61248e-05
1.46608     -0.628319    3.37495e-05
1.67552     -0.628319    4.94196e-05
1.88496     -0.628319    5.67211e-05
2.0944     -0.628319    6.02673e-05
2.30383     -0.628319    5.80057e-05
2.51327     -0.628319    4.99976e-05
2.72271     -0.628319    3.27339e-05
2.93215     -0.628319    1.78989e-05
3.14159     -0.628319    1.09492e-05

-3.14159     -0.418879    4.1754e-05
-2.93215     -0.418879    1.71574e-05
-2.72271     -0.418879    1.17936e-05
-2.51327     -0.418879    3.23964e-05
-2.30383     -0.418879    4.38954e-05
-2.0944     -0.418879    4.70829e-05
-1.88496     -0.418879    5.30181e-05
-1.67552     -0.418879    5.15852e-05
-1.46608     -0.418879    4.19131e-05
-1.25664     -0.418879    3.48499e-05
-1.0472     -0.418879    3.43723e-05
-0.837758     -0.418879    2.77077e-05
-0.628319     -0.418879    4.39432e-05
-0.418879     -0.418879    7.06415e-05
-0.20944     -0.418879    8.05115e-05
0     -0.418879    0.000114205
0.20944     -0.418879    8.02648e-05
0.418879     -0.418879    7.03854e-05
0.628319     -0.418879    4.395e-05
0.837758     -0.418879    2.76747e-05
1.0472     -0.418879    3.4378e-05
1.25664     -0.418879    3.48449e-05
1.46608     -0.418879    4.19135e-05
1.67552     -0.418879    5.15842e-05
1.88496     -0.418879    5.30142e-05
2.0944     -0.418879    4.70826e-05
2.30383     -0.418879    4.38978e-05
2.51327     -0.418879    3.23988e-05
2.72271     -0.418879    1.17947e-05
2.93215     -0.418879    1.71544e-05
3.14159     -0.418879    4.17528e-05

-3.14159     -0.20944    7.0823e-05
-2.93215     -0.20944    5.57026e-05
-2.72271     -0.20944    2.99088e-05
-2.51327     -0.20944    5.38122e-06
-2.30383     -0.20944    1.44958e-05
-2.0944     -0.20944    2.82897e-05
-1.88496     -0.20944    3.3529e-05
-1.67552     -0.20944    3.7144e-05
-1.46608     -0.20944    4.39997e-05
-1.25664     -0.20944    4.69393e-05
-1.0472     -0.20944    5.21408e-05
-0.837758     -0.20944    5.60915e-05
-0.628319     -0.20944    5.56644e-05
-0.418879     -0.20944    8.25961e-05
-0.20944     -0.20944    0.000116789
0     -0.20944    0.000111542
0.20944     -0.20944    0.000117113
0.418879     -0.20944    8.30436e-05
0.628319     -0.20944    5.56534e-05
0.837758     -0.20944    5.60889e-05
1.0472     -0.20944    5.21353e-05
1.25664     -0.20944    4.69381e-05
1.46608     -0.20944    4.40007e-05
1.67552     -0.20944    3.71422e-05
1.88496     -0.20944    3.35279e-05
2.0944     -0.20944    2.82887e-05
2.30383     -0.20944    1.44969e-05
2.51327     -0.20944    5.37928e-06
2.72271     -0.20944    2.99071e-05
2.93215     -0.20944    5.57029e-05
3.14159     -0.20944    7.0821e-05

-3.14159     0    7.53901e-05
-2.93215     0    5.9594e-05
-2.72271     0    5.66509e-05
-2.51327     0    3.32873e-05
-2.30383     0    5.51933e-06
-2.0944     0    1.33945e-05
-1.88496     0    1.93988e-05
-1.67552     0    2.4531e-05
-1.46608     0    3.43585e-05
-1.25664     0    4.69559e-05
-1.0472     0    5.03261e-05
-0.837758     0    5.87824e-05
-0.628319     0    7.44111e-05
-0.418879     0    8.74976e-05
-0.20944     0    0.000143816
0     0    6.19316e-16
0.20944     0    0.000143816
0.418879     0    8.74976e-05
0.628319     0    7.44111e-05
0.837758     0    5.87824e-05
1.0472     0    5.03261e-05
1.25664     0    4.69559e-05
1.46608     0    3.43585e-05
1.67552     0    2.4531e-05
1.88496     0    1.93988e-05
2.0944     0    1.33945e-05
2.30383     0    5.51933e-06
2.51327     0    3.32873e-05
2.72271     0    5.66509e-05
2.93215     0    5.9594e-05
3.14159     0    7.53901e-05

-3.14159     0.20944    7.0821e-05
-2.93215     0.20944    5.57029e-05
-2.72271     0.20944    2.99071e-05
-2.51327     0.20944    5.37928e-06
-2.30383     0.20944    1.44969e-05
-2.0944     0.20944    2.82887e-05
-1.88496     0.20944    3.35279e-05
-1.67552     0.20944    3.71422e-05
-1.46608     0.20944    4.40007e-05
-1.25664     0.20944    4.69381e-05
-1.0472     0.20944    5.21353e-05
-0.837758     0.20944    5.60889e-05
-0.628319     0.20944    5.56534e-05
-0.418879     0.20944    8.30436e-05
-0.20944     0.20944    0.000117113
0     0.20944    0.000111542
0.20944     0.20944    0.000116789
0.418879     0.20944    8.25961e-05
0.628319     0.20944    5.56644e-05
0.837758     0.20944    5.60915e-05
1.0472     0.20944    5.21408e-05
1.25664     0.20944    4.69393e-05
1.46608     0.20944    4.39997e-05
1.67552     0.20944    3.7144e-05
1.88496     0.20944    3.3529e-05
2.0944     0.20944    2.82897e-05
2.30383     0.20944    1.44958e-05
2.51327     0.20944    5.38122e-06
2.72271     0.20944    2.99088e-05
2.93215     0.20944    5.57026e-05
3.14159     0.20944    7.0823e-05

-3.14159     0.418879    4.17528e-05
-2.93215     0.418879    1.71544e-05
-2.72271     0.418879    1.17947e-05
-2.51327     0.418879    3.23988e-05
-2.30383     0.418879    4.38978e-05
-2.0944     0.418879    4.70826e-05
-1.88496     0.418879    5.30142e-05
-1.67552     0.418879    5.15842e-05
-1.46608     0.418879    4.19135e-05
-1.25664     0.418879    3.48449e-05
-1.0472     0.418879    3.4378e-05
-0.837758     0.418879    2.76747e-05
-0.628319     0.418879    4.395e-05
-0.418879     0.418879    7.03854e-05
-0.20944     0.418879    8.02648e-05
0     0.418879    0.000114205
0.20944     0.418879    8.05115e-05
0.418879     0.418879    7.06415e-05
0.628319     0.418879    4.39432e-05
0.837758     0.418879    2.77077e-05
1.0472     0.418879    3.43723e-05
1.25664     0.418879    3.48499e-05
1.46608     0.418879    4.19131e-05
1.67552     0.418879    5.15852e-05
1.88496     0.418879    5.30181e-05
2.0944     0.418879    4.70829e-05
2.30383     0.418879    4.38954e-05
2.51327     0.418879    3.23964e-05
2.72271     0.418879    1.17936e-05
2.93215     0.418879    1.71574e-05
3.14159     0.418879    4.1754e-05

-3.14159     0.628319    1.09492e-05
-2.93215     0.628319    1.78989e-05
-2.72271     0.628319    3.27339e-05
-2.51327     0.628319    4.99976e-05
-2.30383     0.628319    5.80057e-05
-2.0944     0.628319    6.02673e-05
-1.88496     0.628319    5.67211e-05
-1.67552     0.628319    4.94196e-05
-1.46608     0.628319    3.37495e-05
-1.25664     0.628319    2.61248e-05
-1.0472     0.628319    1.59676e-05
-0.837758     0.628319    2.8479e-05
-0.628319     0.628319    5.417e-05
-0.418879     0.628319    6.12601e-05
-0.20944     0.628319    6.54676e-05
0     0.628319    4.01195e-05
0.20944     0.628319    6.51425e-05
0.418879     0.628319    6.1484e-05
0.628319     0.628319    5.41817e-05
0.837758     0.628319    2.84591e-05
1.0472     0.628319    1.59605e-05
1.25664     0.628319    2.61245e-05
1.46608     0.628319    3.37557e-05
1.67552     0.628319    4.94211e-05
1.88496     0.628319    5.67195e-05
2.0944     0.628319    6.02677e-05
2.30383     0.628319    5.80068e-05
2.51327     0.628319    4.9998e-05
2.72271     0.628319    3.27319e-05
2.93215     0.628319    1.78958e-05
3.14159     0.628319    1.09518e-05

-3.14159     0.837758    7.07861e-06
-2.93215     0.837758    2.42607e-05
-2.72271     0.837758    4.76778e-05
-2.51327     0.837758    5.6322e-05
-2.30383     0.837758    5.84855e-05
-2.0944     0.837758    6.3898e-05
-1.88496     0.837758    5.56416e-05
-1.67552     0.837758    4.69818e-05
-1.46608     0.837758    4.31305e-05
-1.25664     0.837758    2.89638e-05
-1.0472     0.837758    2.95919e-05
-0.837758     0.837758    4.97273e-05
-0.628319     0.837758    5.21248e-05
-0.418879     0.837758    5.56498e-05
-0.20944     0.837758    5.37948e-05
0     0.837758    4.45749e-05
0.20944     0.837758    5.37222e-05
0.418879     0.837758    5.54294e-05
0.628319     0.837758    5.20962e-05
0.837758     0.837758    4.97355e-05
1.0472     0.837758    2.95954e-05
1.25664     0.837758    2.89636e-05
1.46608     0.837758    4.31329e-05
1.67552     0.837758    4.69864e-05
1.88496     0.837758    5.5644e-05
2.0944     0.837758    6.38974e-05
2.30383     0.837758    5.84854e-05
2.51327     0.837758    5.63196e-05
2.72271     0.837758    4.76752e-05
2.93215     0.837758    2.42584e-05
3.14159     0.837758    7.07998e-06

-3.14159     1.0472    1.27066e-05
-2.93215     1.0472    2.98865e-05
-2.72271     1.0472    5.4108e-05
-2.51327     1.0472    5.74487e-05
-2.30383     1.0472    5.88113e-05
-2.0944     1.0472    5.83405e-05
-1.88496     1.0472    5.91678e-05
-1.67552     1.0472    5.09902e-05
-1.46608     1.0472    4.67661e-05
-1.25664     1.0472    3.90696e-05
-1.0472     1.0472    4.39736e-05
-0.837758     1.0472    4.22128e-05
-0.628319     1.0472    4.76228e-05
-0.418879     1.0472    4.97379e-05
-0.20944     1.0472    4.34377e-05
0     1.0472    1.10106e-05
0.20944     1.0472    4.35167e-05
0.418879     1.0472    4.98484e-05
0.628319     1.0472    4.76087e-05
0.837758     1.0472    4.22215e-05
1.0472     1.0472    4.39731e-05
1.25664     1.0472    3.90728e-05
1.46608     1.0472    4.67711e-05
1.67552     1.0472    5.09951e-05
1.88496     1.0472    5.91722e-05
2.0944     1.0472    5.83411e-05
2.30383     1.0472    5.88085e-05
2.51327     1.0472    5.74489e-05
2.72271     1.0472    5.41088e-05
2.93215     1.0472    2.98889e-05
3.14159     1.0472    1.27052e-05

-3.14159     1.25664    2.83047e-05
-2.93215     1.25664    1.97947e-05
-2.72271     1.25664    5.02782e-05
-2.51327     1.25664    6.33995e-05
-2.30383     1.25664    6.6144e-05
-2.0944     1.25664    6.04683e-05
-1.88496     1.25664    6.07662e-05
-1.67552     1.25664    5.74461e-05
-1.46608     1.25664    5.37392e-05
-1.25664     1.25664    5.45118e-05
-1.0472     1.25664    4.32899e-05
-0.837758     1.25664    3.7275e-05
-0.628319     1.25664    4.15965e-05
-0.418879     1.25664    4.51271e-05
-0.20944     1.25664    3.32713e-05
0     1.25664    2.18529e-05
0.20944     1.25664    3.3189e-05
0.418879     1.25664    4.50444e-05
0.628319     1.25664    4.16058e-05
0.837758     1.25664    3.72656e-05
1.0472     1.25664    4.32862e-05
1.25664     1.25664    5.45175e-05
1.46608     1.25664    5.37465e-05
1.67552     1.25664    5.74513e-05
1.88496     1.25664    6.07728e-05
2.0944     1.25664    6.04738e-05
2.30383     1.25664    6.61455e-05
2.51327     1.25664    6.34043e-05
2.72271     1.25664    5.02832e-05
2.93215     1.25664    1.9799e-05
3.14159     1.25664    2.83046e-05

-3.14159     1.46608    4.94337e-05
-2.93215     1.46608    2.1103e-06
-2.72271     1.46608    4.43072e-05
-2.51327     1.46608    5.66549e-05
-2.30383     1.46608    6.47087e-05
-2.0944     1.46608    5.99491e-05
-1.88496     1.46608    5.83668e-05
-1.67552     1.46608    6.42757e-05
-1.46608     1.46608    5.68386e-05
-1.25664     1.46608    4.80895e-05
-1.0472     1.46608    3.17211e-05
-0.837758     1.46608    2.36007e-05
-0.628319     1.46608    3.68616e-05
-0.418879     1.46608    4.52214e-05
-0.20944     1.46608    2.9631e-05
0     1.46608    2.69379e-05
0.20944     1.46608    2.97176e-05
0.418879     1.46608    4.52534e-05
0.628319     1.46608    3.68589e-05
0.837758     1.46608    2.36108e-05
1.0472     1.46608    3.173e-05
1.25664     1.46608    4.80985e-05
1.46608     1.46608    5.68438e-05
1.67552     1.46608    6.4284e-05
1.88496     1.46608    5.83774e-05
2.0944     1.46608    5.99574e-05
2.30383     1.46608    6.47172e-05
2.51327     1.46608    5.6661e-05
2.72271     1.46608    4.43143e-05
2.93215     1.46608    2.11542e-06
3.14159     1.46608    4.94325e-05

-3.14159     1.67552    6.27071e-05
-2.93215     1.67552    2.6741e-05
-2.72271     1.67552    2.37783e-05
-2.51327     1.67552    4.94703e-05
-2.30383     1.67552    6.04627e-05
-2.0944     1.67552    5.65799e-05
-1.88496     1.67552    5.83986e-05
-1.67552     1.67552    5.82747e-05
-1.46608     1.67552    4.50548e-05
-1.25664     1.67552    3.30483e-05
-1.0472     1.67552    1.92455e-05
-0.837758     1.67552    2.38591e-05
-0.628319     1.67552    4.51582e-05
-0.418879     1.67552    5.18225e-05
-0.20944     1.67552    3.96725e-05
0     1.67552    4.1733e-05
0.20944     1.67552    3.96182e-05
0.418879     1.67552    5.18492e-05
0.628319     1.67552    4.51627e-05
0.837758     1.67552    2.38593e-05
1.0472     1.67552    1.92563e-05
1.25664     1.67552    3.30561e-05
1.46608     1.67552    4.50641e-05
1.67552     1.67552    5.82815e-05
1.88496     1.67552    5.84074e-05
2.0944     1.67552    5.65906e-05
2.30383     1.67552    6.04729e-05
2.51327     1.67552    4.948e-05
2.72271     1.67552    2.37858e-05
2.93215     1.67552    2.67369e-05
3.14159     1.67552    6.2706e-05

-3.14159     1.88496    6.46478e-05
-2.93215     1.88496    5.3551e-05
-2.72271     1.88496    7.52703e-06
-2.51327     1.88496    3.13283e-05
-2.30383     1.88496    4.75705e-05
-2.0944     1.88496    5.11066e-05
-1.88496     1.88496    4.93536e-05
-1.67552     1.88496    4.34479e-05
-1.46608     1.88496    3.11682e-05
-1.25664     1.88496    1.01527e-05
-1.0472     1.88496    1.01063e-05
-0.837758     1.88496    3.13976e-05
-0.628319     1.88496    4.97057e-05
-0.418879     1.88496    5.56983e-05
-0.20944     1.88496    5.02867e-05
0     1.88496    5.00192e-05
0.20944     1.88496    5.03222e-05
0.418879     1.88496    5.56368e-05
0.628319     1.88496    4.96989e-05
0.837758     1.88496    3.13989e-05
1.0472     1.88496    1.01113e-05
1.25664     1.88496    1.01608e-05
1.46608     1.88496    3.11776e-05
1.67552     1.88496    4.34564e-05
1.88496     1.88496    4.93628e-05
2.0944     1.88496    5.11178e-05
2.30383     1.88496    4.75819e-05
2.51327     1.88496    3.13375e-05
2.72271     1.88496    7.52124e-06
2.93215     1.88496    5.35486e-05
3.14159     1.88496    6.46472e-05

-3.14159     2.0944    5.48199e-05
-2.93215     2.0944    6.68231e-05
-2.72271     2.0944    4.25126e-05
-2.51327     2.0944    3.0568e-06
-2.30383     2.0944    2.39753e-05
-2.0944     2.0944    3.26925e-05
-1.88496     2.0944    2.62034e-05
-1.67552     2.0944    1.91511e-05
-1.46608     2.0944    7.49081e-06
-1.25664     2.0944    2.37829e-05
-1.0472     2.0944    8.65068e-07
-0.837758     2.0944    3.4384e-05
-0.628319     2.0944    5.22958e-05
-0.418879     2.0944    6.2271e-05
-0.20944     2.0944    5.67313e-05
0     2.0944    5.47083e-05
0.20944     2.0944    5.67121e-05
0.418879     2.0944    6.23504e-05
0.628319     2.0944    5.22975e-05
0.837758     2.0944    3.43857e-05
1.0472     2.0944    8.7093e-07
1.25664     2.0944    2.3774e-05
1.46608     2.0944    7.48183e-06
1.67552     2.0944    1.91596e-05
1.88496     2.0944    2.62127e-05
2.0944     2.0944    3.2703e-05
2.30383     2.0944    2.39857e-05
2.51327     2.0944    3.04925e-06
2.72271     2.0944    4.25087e-05
2.93215     2.0944    6.6822e-05
3.14159     2.0944    5.48183e-05

-3.14159     2.30383    3.53174e-05
-2.93215     2.30383    7.30381e-05
-2.72271     2.30383    7.15938e-05
-2.51327     2.30383    3.62411e-05
-2.30383     2.30383    8.42964e-06
-2.0944     2.30383    4.07126e-06
-1.88496     2.30383    3.46259e-06
-1.67552     2.30383    2.83246e-05
-1.46608     2.30383    4.74506e-05
-1.25664     2.30383    4.19686e-05
-1.0472     2.30383    1.66792e-06
-0.837758     2.30383    4.06378e-05
-0.628319     2.30383    5.72159e-05
-0.418879     2.30383    6.2565e-05
-0.20944     2.30383    5.99569e-05
0     2.30383    6.26146e-05
0.20944     2.30383    5.99588e-05
0.418879     2.30383    6.2473e-05
0.628319     2.30383    5.72185e-05
0.837758     2.30383    4.0643e-05
1.0472     2.30383    1.67413e-06
1.25664     2.30383    4.19601e-05
1.46608     2.30383    4.74407e-05
1.67552     2.30383    2.83169e-05
1.88496     2.30383    3.45253e-06
2.0944     2.30383    4.08122e-06
2.30383     2.30383    8.42021e-06
2.51327     2.30383    3.62352e-05
2.72271     2.30383    7.15923e-05
2.93215     2.30383    7.30395e-05
3.14159     2.30383    3.53174e-05

-3.14159     2.51327    1.62702e-05
-2.93215     2.51327    6.75786e-05
-2.72271     2.51327    8.83675e-05
-2.51327     2.51327    8.2301e-05
-2.30383     2.51327    4.91639e-05
-2.0944     2.51327    3.10997e-05
-1.88496     2.51327    4.61186e-05
-1.67552     2.51327    6.53601e-05
-1.46608     2.51327    5.86492e-05
-1.25664     2.51327    4.99865e-05
-1.0472     2.51327    2.87955e-06
-0.837758     2.51327    3.62526e-05
-0.628319     2.51327    5.4935e-05
-0.418879     2.51327    5.58918e-05
-0.20944     2.51327    6.00148e-05
0     2.51327    6.10312e-05
0.20944     2.51327    6.00236e-05
0.418879     2.51327    5.59773e-05
0.628319     2.51327    5.49362e-05
0.837758     2.51327    3.62553e-05
1.0472     2.51327    2.88556e-06
1.25664     2.51327    4.99779e-05
1.46608     2.51327    5.86393e-05
1.67552     2.51327    6.53469e-05
1.88496     2.51327    4.61068e-05
2.0944     2.51327    3.10914e-05
2.30383     2.51327    4.91539e-05
2.51327     2.51327    8.22981e-05
2.72271     2.51327    8.83686e-05
2.93215     2.51327    6.75786e-05
3.14159     2.51327    1.62691e-05

-3.14159     2.72271    8.40034e-06
-2.93215     2.72271    5.98715e-05
-2.72271     2.72271    9.54672e-05
-2.51327     2.72271    9.43668e-05
-2.30383     2.72271    8.54458e-05
-2.0944     2.72271    8.95383e-05
-1.88496     2.72271    8.5282e-05
-1.67552     2.72271    7.66996e-05
-1.46608     2.72271    7.04807e-05
-1.25664     2.72271    5.21645e-05
-1.0472     2.72271    1.54891e-06
-0.837758     2.72271    2.90498e-05
-0.628319     2.72271    5.02739e-05
-0.418879     2.72271    5.70681e-05
-0.20944     2.72271    6.25157e-05
0     2.72271    6.71595e-05
0.20944     2.72271    6.25002e-05
0.418879     2.72271    5.70042e-05
0.628319     2.72271    5.02744e-05
0.837758     2.72271    2.90555e-05
1.0472     2.72271    1.5441e-06
1.25664     2.72271    5.21586e-05
1.46608     2.72271    7.04724e-05
1.67552     2.72271    7.66887e-05
1.88496     2.72271    8.52691e-05
2.0944     2.72271    8.95298e-05
2.30383     2.72271    8.5441e-05
2.51327     2.72271    9.43656e-05
2.72271     2.72271    9.54695e-05
2.93215     2.72271    5.98749e-05
3.14159     2.72271    8.40046e-06

-3.14159     2.93215    7.31725e-06
-2.93215     2.93215    5.36701e-05
-2.72271     2.93215    9.26156e-05
-2.51327     2.93215    0.000112316
-2.30383     2.93215    0.000133379
-2.0944     2.93215    0.000129386
-1.88496     2.93215    0.000100796
-1.67552     2.93215    8.60627e-05
-1.46608     2.93215    8.42013e-05
-1.25664     2.93215    5.27322e-05
-1.0472     2.93215    6.23361e-06
-0.837758     2.93215    1.98569e-05
-0.628319     2.93215    3.84751e-05
-0.418879     2.93215    5.17564e-05
-0.20944     2.93215    5.73331e-05
0     2.93215    5.55972e-05
0.20944     2.93215    5.73503e-05
0.418879     2.93215    5.17921e-05
0.628319     2.93215    3.84759e-05
0.837758     2.93215    1.98594e-05
1.0472     2.93215    6.22777e-06
1.25664     2.93215    5.27258e-05
1.46608     2.93215    8.41945e-05
1.67552     2.93215    8.60544e-05
1.88496     2.93215    0.000100786
2.0944     2.93215    0.000129376
2.30383     2.93215    0.000133373
2.51327     2.93215    0.000112317
2.72271     2.93215    9.26186e-05
2.93215     2.93215    5.36746e-05
3.14159     2.93215    7.32011e-06

-3.14159     3.14159    2.95232e-05
-2.93215     3.14159    7.03881e-05
-2.72271     3.14159    0.000113564
-2.51327     3.14159    0.00014718
-2.30383     3.14159    0.00014486
-2.0944     3.14159    0.000121044
-1.88496     3.14159    0.000105267
-1.67552     3.14159    0.000103157
-1.46608     3.14159    0.000107316
-1.25664     3.14159    7.04211e-05
-1.0472     3.14159    2.96238e-05
-0.837758     3.14159    6.77866e-06
-0.628319     3.14159    1.08435e-05
-0.418879     3.14159    2.37346e-05
-0.20944     3.14159    3.09745e-05
0     3.14159    3.65043e-05
0.20944     3.14159    3.09652e-05
0.418879     3.14159    2.37393e-05
0.628319     3.14159    1.0849e-05
0.837758     3.14159    6.77575e-06
1.0472     3.14159    2.96194e-05
1.25664     3.14159    7.04156e-05
1.46608     3.14159    0.000107314
1.67552     3.14159    0.000103155
1.88496     3.14159    0.000105262
2.0944     3.14159    0.000121036
2.30383     3.14159    0.000144852
2.51327     3.14159    0.000147181
2.72271     3.14159    0.000113565
2.93215     3.14159    7.03879e-05
3.14159     3.14159    2.95246e-05

