-3.14159     -3.14159    3.93199e-05
-2.93215     -3.14159    4.81349e-05
-2.72271     -3.14159    5.5229e-05
-2.51327     -3.14159    5.87463e-05
-2.30383     -3.14159    5.91153e-05
-2.0944     -3.14159    5.84487e-05
-1.88496     -3.14159    5.83991e-05
-1.67552     -3.14159    5.84953e-05
-1.46608     -3.14159    5.59147e-05
-1.25664     -3.14159    4.81643e-05
-1.0472     -3.14159    3.76371e-05
-0.837758     -3.14159    2.79066e-05
-0.628319     -3.14159    2.05126e-05
-0.418879     -3.14159    1.57012e-05
-0.20944     -3.14159    1.3111e-05
0     -3.14159    1.23495e-05
0.20944     -3.14159    1.31031e-05
0.418879     -3.14159    1.5702e-05
0.628319     -3.14159    2.05133e-05
0.837758     -3.14159    2.79068e-05
1.0472     -3.14159    3.76366e-05
1.25664     -3.14159    4.81644e-05
1.46608     -3.14159    5.59146e-05
1.67552     -3.14159    5.84952e-05
1.88496     -3.14159    5.83992e-05
2.0944     -3.14159    5.8449e-05
2.30383     -3.14159    5.91142e-05
2.51327     -3.14159    5.87456e-05
2.72271     -3.14159    5.52286e-05
2.93215     -3.14159    4.8135e-05
3.14159     -3.14159    3.93198e-05

-3.14159     -2.93215    3.18076e-05
-2.93215     -2.93215    4.17611e-05
-2.72271     -2.93215    5.01923e-05
-2.51327     -2.93215    5.51439e-05
-2.30383     -2.93215    5.72519e-05
-2.0944     -2.93215    5.78594e-05
-1.88496     -2.93215    5.76958e-05
-1.67552     -2.93215    5.67282e-05
-1.46608     -2.93215    5.31691e-05
-1.25664     -2.93215    4.46051e-05
-1.0472     -2.93215    3.30358e-05
-0.837758     -2.93215    2.27785e-05
-0.628319     -2.93215    1.55844e-05
-0.418879     -2.93215    1.12924e-05
-0.20944     -2.93215    9.14204e-06
0     -2.93215    8.58917e-06
0.20944     -2.93215    9.15313e-06
0.418879     -2.93215    1.13012e-05
0.628319     -2.93215    1.55841e-05
0.837758     -2.93215    2.2779e-05
1.0472     -2.93215    3.30366e-05
1.25664     -2.93215    4.46052e-05
1.46608     -2.93215    5.31689e-05
1.67552     -2.93215    5.67281e-05
1.88496     -2.93215    5.76956e-05
2.0944     -2.93215    5.78596e-05
2.30383     -2.93215    5.72513e-05
2.51327     -2.93215    5.51442e-05
2.72271     -2.93215    5.01917e-05
2.93215     -2.93215    4.17604e-05
3.14159     -2.93215    3.18073e-05

-3.14159     -2.72271    2.68635e-05
-2.93215     -2.72271    3.68268e-05
-2.72271     -2.72271    4.46753e-05
-2.51327     -2.72271    4.85939e-05
-2.30383     -2.72271    5.00628e-05
-2.0944     -2.72271    5.1191e-05
-1.88496     -2.72271    5.2439e-05
-1.67552     -2.72271    5.27444e-05
-1.46608     -2.72271    5.00573e-05
-1.25664     -2.72271    4.20694e-05
-1.0472     -2.72271    3.03271e-05
-0.837758     -2.72271    1.99547e-05
-0.628319     -2.72271    1.31033e-05
-0.418879     -2.72271    9.31464e-06
-0.20944     -2.72271    7.48347e-06
0     -2.72271    6.71506e-06
0.20944     -2.72271    7.47262e-06
0.418879     -2.72271    9.29819e-06
0.628319     -2.72271    1.31043e-05
0.837758     -2.72271    1.99542e-05
1.0472     -2.72271    3.03279e-05
1.25664     -2.72271    4.20691e-05
1.46608     -2.72271    5.0058e-05
1.67552     -2.72271    5.27446e-05
1.88496     -2.72271    5.2439e-05
2.0944     -2.72271    5.11899e-05
2.30383     -2.72271    5.00622e-05
2.51327     -2.72271    4.85926e-05
2.72271     -2.72271    4.46751e-05
2.93215     -2.72271    3.6826e-05
3.14159     -2.72271    2.68632e-05

-3.14159     -2.51327    2.4368e-05
-2.93215     -2.51327    3.32455e-05
-2.72271     -2.51327    3.87481e-05
-2.51327     -2.51327    4.00215e-05
-2.30383     -2.51327    3.95479e-05
-2.0944     -2.51327    4.02159e-05
-1.88496     -2.51327    4.28132e-05
-1.67552     -2.51327    4.56941e-05
-1.46608     -2.51327    4.55897e-05
-1.25664     -2.51327    3.97004e-05
-1.0472     -2.51327    2.88687e-05
-0.837758     -2.51327    1.86738e-05
-0.628319     -2.51327    1.20883e-05
-0.418879     -2.51327    8.61444e-06
-0.20944     -2.51327    7.00323e-06
0     -2.51327    7.06809e-06
0.20944     -2.51327    7.00981e-06
0.418879     -2.51327    8.6363e-06
0.628319     -2.51327    1.20882e-05
0.837758     -2.51327    1.86752e-05
1.0472     -2.51327    2.88689e-05
1.25664     -2.51327    3.97009e-05
1.46608     -2.51327    4.55903e-05
1.67552     -2.51327    4.56943e-05
1.88496     -2.51327    4.28137e-05
2.0944     -2.51327    4.02148e-05
2.30383     -2.51327    3.95472e-05
2.51327     -2.51327    4.00214e-05
2.72271     -2.51327    3.87474e-05
2.93215     -2.51327    3.32446e-05
3.14159     -2.51327    2.4368e-05

-3.14159     -2.30383    2.38607e-05
-2.93215     -2.30383    3.03578e-05
-2.72271     -2.30383    3.21152e-05
-2.51327     -2.30383    3.02564e-05
-2.30383     -2.30383    2.83018e-05
-2.0944     -2.30383    2.84942e-05
-1.88496     -2.30383    3.12612e-05
-1.67552     -2.30383    3.5619e-05
-1.46608     -2.30383    3.8554e-05
-1.25664     -2.30383    3.60931e-05
-1.0472     -2.30383    2.76316e-05
-0.837758     -2.30383    1.81304e-05
-0.628319     -2.30383    1.17327e-05
-0.418879     -2.30383    8.323e-06
-0.20944     -2.30383    6.82974e-06
0     -2.30383    5.84864e-06
0.20944     -2.30383    6.83198e-06
0.418879     -2.30383    8.29968e-06
0.628319     -2.30383    1.17331e-05
0.837758     -2.30383    1.81305e-05
1.0472     -2.30383    2.7632e-05
1.25664     -2.30383    3.60932e-05
1.46608     -2.30383    3.85547e-05
1.67552     -2.30383    3.56198e-05
1.88496     -2.30383    3.12616e-05
2.0944     -2.30383    2.84937e-05
2.30383     -2.30383    2.83016e-05
2.51327     -2.30383    3.02567e-05
2.72271     -2.30383    3.21135e-05
2.93215     -2.30383    3.0356e-05
3.14159     -2.30383    2.38603e-05

-3.14159     -2.0944    2.44843e-05
-2.93215     -2.0944    2.72994e-05
-2.72271     -2.0944    2.51283e-05
-2.51327     -2.0944    2.12177e-05
-2.30383     -2.0944    1.8813e-05
-2.0944     -2.0944    1.88045e-05
-1.88496     -2.0944    2.10256e-05
-1.67552     -2.0944    2.50023e-05
-1.46608     -2.0944    2.93447e-05
-1.25664     -2.0944    3.03636e-05
-1.0472     -2.0944    2.54807e-05
-0.837758     -2.0944    1.76333e-05
-0.628319     -2.0944    1.15104e-05
-0.418879     -2.0944    8.13413e-06
-0.20944     -2.0944    6.57329e-06
0     -2.0944    6.85021e-06
0.20944     -2.0944    6.55904e-06
0.418879     -2.0944    8.15486e-06
0.628319     -2.0944    1.15123e-05
0.837758     -2.0944    1.76347e-05
1.0472     -2.0944    2.54811e-05
1.25664     -2.0944    3.03639e-05
1.46608     -2.0944    2.93455e-05
1.67552     -2.0944    2.50028e-05
1.88496     -2.0944    2.10257e-05
2.0944     -2.0944    1.88039e-05
2.30383     -2.0944    1.88128e-05
2.51327     -2.0944    2.12168e-05
2.72271     -2.0944    2.51286e-05
2.93215     -2.0944    2.72983e-05
3.14159     -2.0944    2.44833e-05

-3.14159     -1.88496    2.51149e-05
-2.93215     -1.88496    2.375e-05
-2.72271     -1.88496    1.87625e-05
-2.51327     -1.88496    1.43885e-05
-2.30383     -1.88496    1.23842e-05
-2.0944     -1.88496    1.23693e-05
-1.88496     -1.88496    1.38725e-05
-1.67552     -1.88496    1.6686e-05
-1.46608     -1.88496    2.0415e-05
-1.25664     -1.88496    2.31628e-05
-1.0472     -1.88496    2.17775e-05
-0.837758     -1.88496    1.64528e-05
-0.628319     -1.88496    1.10393e-05
-0.418879     -1.88496    7.64559e-06
-0.20944     -1.88496    6.07893e-06
0     -1.88496    5.10423e-06
0.20944     -1.88496    6.10738e-06
0.418879     -1.88496    7.63113e-06
0.628319     -1.88496    1.10374e-05
0.837758     -1.88496    1.64534e-05
1.0472     -1.88496    2.17771e-05
1.25664     -1.88496    2.3164e-05
1.46608     -1.88496    2.04154e-05
1.67552     -1.88496    1.6686e-05
1.88496     -1.88496    1.38724e-05
2.0944     -1.88496    1.2369e-05
2.30383     -1.88496    1.23838e-05
2.51327     -1.88496    1.4388e-05
2.72271     -1.88496    1.87625e-05
2.93215     -1.88496    2.37493e-05
3.14159     -1.88496    2.51138e-05

-3.14159     -1.67552    2.49739e-05
-2.93215     -1.67552    2.00164e-05
-2.72271     -1.67552    1.40215e-05
-2.51327     -1.67552    1.02373e-05
-2.30383     -1.67552    8.79622e-06
-2.0944     -1.67552    8.80924e-06
-1.88496     -1.67552    9.71124e-06
-1.67552     -1.67552    1.13876e-05
-1.46608     -1.67552    1.37998e-05
-1.25664     -1.67552    1.63113e-05
-1.0472     -1.67552    1.69323e-05
-0.837758     -1.67552    1.42111e-05
-0.628319     -1.67552    1.00144e-05
-0.418879     -1.67552    6.82195e-06
-0.20944     -1.67552    5.18635e-06
0     -1.67552    4.91606e-06
0.20944     -1.67552    5.14506e-06
0.418879     -1.67552    6.82771e-06
0.628319     -1.67552    1.00189e-05
0.837758     -1.67552    1.42109e-05
1.0472     -1.67552    1.69332e-05
1.25664     -1.67552    1.63109e-05
1.46608     -1.67552    1.38004e-05
1.67552     -1.67552    1.13879e-05
1.88496     -1.67552    9.7113e-06
2.0944     -1.67552    8.80905e-06
2.30383     -1.67552    8.79582e-06
2.51327     -1.67552    1.02369e-05
2.72271     -1.67552    1.40207e-05
2.93215     -1.67552    2.00156e-05
3.14159     -1.67552    2.49728e-05

-3.14159     -1.46608    2.4231e-05
-2.93215     -1.46608    1.70905e-05
-2.72271     -1.46608    1.12547e-05
-2.51327     -1.46608    8.22344e-06
-2.30383     -1.46608    7.14805e-06
-2.0944     -1.46608    7.10478e-06
-1.88496     -1.46608    7.56338e-06
-1.67552     -1.46608    8.36983e-06
-1.46608     -1.46608    9.57648e-06
-1.25664     -1.46608    1.10739e-05
-1.0472     -1.46608    1.20093e-05
-0.837758     -1.46608    1.10136e-05
-0.628319     -1.46608    8.22673e-06
-0.418879     -1.46608    5.4575e-06
-0.20944     -1.46608    3.82683e-06
0     -1.46608    3.5805e-06
0.20944     -1.46608    3.87576e-06
0.418879     -1.46608    5.46295e-06
0.628319     -1.46608    8.22386e-06
0.837758     -1.46608    1.10137e-05
1.0472     -1.46608    1.20085e-05
1.25664     -1.46608    1.10738e-05
1.46608     -1.46608    9.57659e-06
1.67552     -1.46608    8.36953e-06
1.88496     -1.46608    7.56303e-06
2.0944     -1.46608    7.1045e-06
2.30383     -1.46608    7.14756e-06
2.51327     -1.46608    8.22309e-06
2.72271     -1.46608    1.12542e-05
2.93215     -1.46608    1.70897e-05
3.14159     -1.46608    2.42301e-05

-3.14159     -1.25664    2.3848e-05
-2.93215     -1.25664    1.58001e-05
-2.72271     -1.25664    1.03829e-05
-2.51327     -1.25664    7.72697e-06
-2.30383     -1.25664    6.73879e-06
-2.0944     -1.25664    6.48993e-06
-1.88496     -1.25664    6.56674e-06
-1.67552     -1.25664    6.74966e-06
-1.46608     -1.25664    7.0741e-06
-1.25664     -1.25664    7.51643e-06
-1.0472     -1.25664    7.91047e-06
-0.837758     -1.25664    7.44402e-06
-0.628319     -1.25664    5.71185e-06
-0.418879     -1.25664    3.4574e-06
-0.20944     -1.25664    1.91188e-06
0     -1.25664    8.11969e-07
0.20944     -1.25664    1.86172e-06
0.418879     -1.25664    3.4431e-06
0.628319     -1.25664    5.71634e-06
0.837758     -1.25664    7.44317e-06
1.0472     -1.25664    7.91091e-06
1.25664     -1.25664    7.51696e-06
1.46608     -1.25664    7.07497e-06
1.67552     -1.25664    6.74959e-06
1.88496     -1.25664    6.56678e-06
2.0944     -1.25664    6.48999e-06
2.30383     -1.25664    6.73878e-06
2.51327     -1.25664    7.7267e-06
2.72271     -1.25664    1.03823e-05
2.93215     -1.25664    1.57996e-05
3.14159     -1.25664    2.38477e-05

-3.14159     -1.0472    2.49266e-05
-2.93215     -1.0472    1.64995e-05
-2.72271     -1.0472    1.11717e-05
-2.51327     -1.0472    8.4436e-06
-2.30383     -1.0472    7.17753e-06
-2.0944     -1.0472    6.61865e-06
-1.88496     -1.0472    6.24352e-06
-1.67552     -1.0472    5.93181e-06
-1.46608     -1.0472    5.58236e-06
-1.25664     -1.0472    5.21899e-06
-1.0472     -1.0472    4.78542e-06
-0.837758     -1.0472    4.13739e-06
-0.628319     -1.0472    2.75722e-06
-0.418879     -1.0472    1.01687e-06
-0.20944     -1.0472    5.79576e-07
0     -1.0472    1.10756e-06
0.20944     -1.0472    5.43762e-07
0.418879     -1.0472    1.03944e-06
0.628319     -1.0472    2.7563e-06
0.837758     -1.0472    4.13822e-06
1.0472     -1.0472    4.78639e-06
1.25664     -1.0472    5.21906e-06
1.46608     -1.0472    5.58228e-06
1.67552     -1.0472    5.93205e-06
1.88496     -1.0472    6.24344e-06
2.0944     -1.0472    6.61857e-06
2.30383     -1.0472    7.17743e-06
2.51327     -1.0472    8.44341e-06
2.72271     -1.0472    1.11715e-05
2.93215     -1.0472    1.64994e-05
3.14159     -1.0472    2.49266e-05

-3.14159     -0.837758    2.81587e-05
-2.93215     -0.837758    1.95656e-05
-2.72271     -0.837758    1.37543e-05
-2.51327     -0.837758    1.04021e-05
-2.30383     -0.837758    8.54055e-06
-2.0944     -0.837758    7.39251e-06
-1.88496     -0.837758    6.53394e-06
-1.67552     -0.837758    5.69494e-06
-1.46608     -0.837758    4.74271e-06
-1.25664     -0.837758    3.75343e-06
-1.0472     -0.837758    2.5698e-06
-0.837758     -0.837758    1.2335e-06
-0.628319     -0.837758    3.11769e-07
-0.418879     -0.837758    2.29125e-06
-0.20944     -0.837758    3.82956e-06
0     -0.837758    7.00339e-06
0.20944     -0.837758    3.83514e-06
0.418879     -0.837758    2.33475e-06
0.628319     -0.837758    3.06489e-07
0.837758     -0.837758    1.23281e-06
1.0472     -0.837758    2.57105e-06
1.25664     -0.837758    3.7533e-06
1.46608     -0.837758    4.74244e-06
1.67552     -0.837758    5.69468e-06
1.88496     -0.837758    6.5339e-06
2.0944     -0.837758    7.39226e-06
2.30383     -0.837758    8.54035e-06
2.51327     -0.837758    1.0402e-05
2.72271     -0.837758    1.37538e-05
2.93215     -0.837758    1.95655e-05
3.14159     -0.837758    2.81584e-05

-3.14159     -0.628319    3.39727e-05
-2.93215     -0.628319    2.52407e-05
-2.72271     -0.628319    1.871e-05
-2.51327     -0.628319    1.42233e-05
-2.30383     -0.628319    1.12974e-05
-2.0944     -0.628319    9.24816e-06
-1.88496     -0.628319    7.61416e-06
-1.67552     -0.628319    6.10364e-06
-1.46608     -0.628319    4.56195e-06
-1.25664     -0.628319    2.87444e-06
-1.0472     -0.628319    1.12973e-06
-0.837758     -0.628319    9.6523e-07
-0.628319     -0.628319    3.32928e-06
-0.418879     -0.628319    5.75531e-06
-0.20944     -0.628319    8.18334e-06
0     -0.628319    6.00084e-06
0.20944     -0.628319    8.2441e-06
0.418879     -0.628319    5.71029e-06
0.628319     -0.628319    3.32229e-06
0.837758     -0.628319    9.6314e-07
1.0472     -0.628319    1.12977e-06
1.25664     -0.628319    2.87345e-06
1.46608     -0.628319    4.56197e-06
1.67552     -0.628319    6.10342e-06
1.88496     -0.628319    7.61424e-06
2.0944     -0.628319    9.24789e-06
2.30383     -0.628319    1.12974e-05
2.51327     -0.628319    1.42228e-05
2.72271     -0.628319    1.87095e-05
2.93215     -0.628319    2.52407e-05
3.14159     -0.628319    3.39724e-05

-3.14159     -0.418879    4.20007e-05
-2.93215     -0.418879    3.38053e-05
-2.72271     -0.418879    2.65412e-05
-2.51327     -0.418879    2.06758e-05
-2.30383     -0.418879    1.61677e-05
-2.0944     -0.418879    1.27279e-05
-1.88496     -0.418879    9.90949e-06
-1.67552     -0.418879    7.42792e-06
-1.46608     -0.418879    5.06478e-06
-1.25664     -0.418879    2.65513e-06
-1.0472     -0.418879    1.34631e-07
-0.837758     -0.418879    2.65534e-06
-0.628319     -0.418879    6.10838e-06
-0.418879     -0.418879    1.02663e-05
-0.20944     -0.418879    1.36107e-05
0     -0.418879    1.97601e-05
0.20944     -0.418879    1.40274e-05
0.418879     -0.418879    1.04167e-05
0.628319     -0.418879    6.13366e-06
0.837758     -0.418879    2.65426e-06
1.0472     -0.418879    1.33019e-07
1.25664     -0.418879    2.65551e-06
1.46608     -0.418879    5.06374e-06
1.67552     -0.418879    7.42785e-06
1.88496     -0.418879    9.90885e-06
2.0944     -0.418879    1.27275e-05
2.30383     -0.418879    1.61673e-05
2.51327     -0.418879    2.06751e-05
2.72271     -0.418879    2.65406e-05
2.93215     -0.418879    3.38053e-05
3.14159     -0.418879    4.20008e-05

-3.14159     -0.20944    4.91722e-05
-2.93215     -0.20944    4.25536e-05
-2.72271     -0.20944    3.5524e-05
-2.51327     -0.20944    2.87599e-05
-2.30383     -0.20944    2.27091e-05
-2.0944     -0.20944    1.75613e-05
-1.88496     -0.20944    1.32728e-05
-1.67552     -0.20944    9.56216e-06
-1.46608     -0.20944    6.21175e-06
-1.25664     -0.20944    3.04691e-06
-1.0472     -0.20944    2.15899e-07
-0.837758     -0.20944    3.78695e-06
-0.628319     -0.20944    8.21578e-06
-0.418879     -0.20944    1.3936e-05
-0.20944     -0.20944    1.91927e-05
0     -0.20944    1.99576e-05
0.20944     -0.20944    2.07374e-05
0.418879     -0.20944    1.43416e-05
0.628319     -0.20944    8.19718e-06
0.837758     -0.20944    3.79336e-06
1.0472     -0.20944    2.07148e-07
1.25664     -0.20944    3.048e-06
1.46608     -0.20944    6.2137e-06
1.67552     -0.20944    9.56237e-06
1.88496     -0.20944    1.32735e-05
2.0944     -0.20944    1.75606e-05
2.30383     -0.20944    2.27089e-05
2.51327     -0.20944    2.87598e-05
2.72271     -0.20944    3.55241e-05
2.93215     -0.20944    4.25535e-05
3.14159     -0.20944    4.91723e-05

-3.14159     0    5.19399e-05
-2.93215     0    4.62684e-05
-2.72271     0    3.98257e-05
-2.51327     0    3.28624e-05
-2.30383     0    2.61618e-05
-2.0944     0    2.02104e-05
-1.88496     0    1.50981e-05
-1.67552     0    1.07578e-05
-1.46608     0    6.92761e-06
-1.25664     0    3.35562e-06
-1.0472     0    1.42382e-07
-0.837758     0    4.08827e-06
-0.628319     0    8.99591e-06
-0.418879     0    1.4872e-05
-0.20944     0    2.28931e-05
0     0    1.12067e-16
0.20944     0    2.28931e-05
0.418879     0    1.4872e-05
0.628319     0    8.99591e-06
0.837758     0    4.08827e-06
1.0472     0    1.42382e-07
1.25664     0    3.35562e-06
1.46608     0    6.92761e-06
1.67552     0    1.07578e-05
1.88496     0    1.50981e-05
2.0944     0    2.02104e-05
2.30383     0    2.61618e-05
2.51327     0    3.28624e-05
2.72271     0    3.98257e-05
2.93215     0    4.62684e-05
3.14159     0    5.19399e-05

-3.14159     0.20944    4.91723e-05
-2.93215     0.20944    4.25535e-05
-2.72271     0.20944    3.55241e-05
-2.51327     0.20944    2.87598e-05
-2.30383     0.20944    2.27089e-05
-2.0944     0.20944    1.75606e-05
-1.88496     0.20944    1.32735e-05
-1.67552     0.20944    9.56237e-06
-1.46608     0.20944    6.2137e-06
-1.25664     0.20944    3.048e-06
-1.0472     0.20944    2.07148e-07
-0.837758     0.20944    3.79336e-06
-0.628319     0.20944    8.19718e-06
-0.418879     0.20944    1.43416e-05
-0.20944     0.20944    2.07374e-05
0     0.20944    1.99576e-05
0.20944     0.20944    1.91927e-05
0.418879     0.20944    1.3936e-05
0.628319     0.20944    8.21578e-06
0.837758     0.20944    3.78695e-06
1.0472     0.20944    2.15899e-07
1.25664     0.20944    3.04691e-06
1.46608     0.20944    6.21175e-06
1.67552     0.20944    9.56216e-06
1.88496     0.20944    1.32728e-05
2.0944     0.20944    1.75613e-05
2.30383     0.20944    2.27091e-05
2.51327     0.20944    2.87599e-05
2.72271     0.20944    3.5524e-05
2.93215     0.20944    4.25536e-05
3.14159     0.20944    4.91722e-05

-3.14159     0.418879    4.20008e-05
-2.93215     0.418879    3.38053e-05
-2.72271     0.418879    2.65406e-05
-2.51327     0.418879    2.06751e-05
-2.30383     0.418879    1.61673e-05
-2.0944     0.418879    1.27275e-05
-1.88496     0.418879    9.90885e-06
-1.67552     0.418879    7.42785e-06
-1.46608     0.418879    5.06374e-06
-1.25664     0.418879    2.65551e-06
-1.0472     0.418879    1.33019e-07
-0.837758     0.418879    2.65426e-06
-0.628319     0.418879    6.13366e-06
-0.418879     0.418879    1.04167e-05
-0.20944     0.418879    1.40274e-05
0     0.418879    1.97601e-05
0.20944     0.418879    1.36107e-05
0.418879     0.418879    1.02663e-05
0.628319     0.418879    6.10838e-06
0.837758     0.418879    2.65534e-06
1.0472     0.418879    1.34631e-07
1.25664     0.418879    2.65513e-06
1.46608     0.418879    5.06478e-06
1.67552     0.418879    7.42792e-06
1.88496     0.418879    9.90949e-06
2.0944     0.418879    1.27279e-05
2.30383     0.418879    1.61677e-05
2.51327     0.418879    2.06758e-05
2.72271     0.418879    2.65412e-05
2.93215     0.418879    3.38053e-05
3.14159     0.418879    4.20007e-05

-3.14159     0.628319    3.39724e-05
-2.93215     0.628319    2.52407e-05
-2.72271     0.628319    1.87095e-05
-2.51327     0.628319    1.42228e-05
-2.30383     0.628319    1.12974e-05
-2.0944     0.628319    9.24789e-06
-1.88496     0.628319    7.61424e-06
-1.67552     0.628319    6.10342e-06
-1.46608     0.628319    4.56197e-06
-1.25664     0.628319    2.87345e-06
-1.0472     0.628319    1.12977e-06
-0.837758     0.628319    9.6314e-07
-0.628319     0.628319    3.32229e-06
-0.418879     0.628319    5.71029e-06
-0.20944     0.628319    8.2441e-06
0     0.628319    6.00084e-06
0.20944     0.628319    8.18334e-06
0.418879     0.628319    5.75531e-06
0.628319     0.628319    3.32928e-06
0.837758     0.628319    9.6523e-07
1.0472     0.628319    1.12973e-06
1.25664     0.628319    2.87444e-06
1.46608     0.628319    4.56195e-06
1.67552     0.628319    6.10364e-06
1.88496     0.628319    7.61416e-06
2.0944     0.628319    9.24816e-06
2.30383     0.628319    1.12974e-05
2.51327     0.628319    1.42233e-05
2.72271     0.628319    1.871e-05
2.93215     0.628319    2.52407e-05
3.14159     0.628319    3.39727e-05

-3.14159     0.837758    2.81584e-05
-2.93215     0.837758    1.95655e-05
-2.72271     0.837758    1.37538e-05
-2.51327     0.837758    1.0402e-05
-2.30383     0.837758    8.54035e-06
-2.0944     0.837758    7.39226e-06
-1.88496     0.837758    6.5339e-06
-1.67552     0.837758    5.69468e-06
-1.46608     0.837758    4.74244e-06
-1.25664     0.837758    3.7533e-06
-1.0472     0.837758    2.57105e-06
-0.837758     0.837758    1.23281e-06
-0.628319     0.837758    3.06489e-07
-0.418879     0.837758    2.33475e-06
-0.20944     0.837758    3.83514e-06
0     0.837758    7.00339e-06
0.20944     0.837758    3.82956e-06
0.418879     0.837758    2.29125e-06
0.628319     0.837758    3.11769e-07
0.837758     0.837758    1.2335e-06
1.0472     0.837758    2.5698e-06
1.25664     0.837758    3.75343e-06
1.46608     0.837758    4.74271e-06
1.67552     0.837758    5.69494e-06
1.88496     0.837758    6.53394e-06
2.0944     0.837758    7.39251e-06
2.30383     0.837758    8.54055e-06
2.51327     0.837758    1.04021e-05
2.72271     0.837758    1.37543e-05
2.93215     0.837758    1.95656e-05
3.14159     0.837758    2.81587e-05

-3.14159     1.0472    2.49266e-05
-2.93215     1.0472    1.64994e-05
-2.72271     1.0472    1.11715e-05
-2.51327     1.0472    8.44341e-06
-2.30383     1.0472    7.17743e-06
-2.0944     1.0472    6.61857e-06
-1.88496     1.0472    6.24344e-06
-1.67552     1.0472    5.93205e-06
-1.46608     1.0472    5.58228e-06
-1.25664     1.0472    5.21906e-06
-1.0472     1.0472    4.78639e-06
-0.837758     1.0472    4.13822e-06
-0.628319     1.0472    2.7563e-06
-0.418879     1.0472    1.03944e-06
-0.20944     1.0472    5.43762e-07
0     1.0472    1.10756e-06
0.20944     1.0472    5.79576e-07
0.418879     1.0472    1.01687e-06
0.628319     1.0472    2.75722e-06
0.837758     1.0472    4.13739e-06
1.0472     1.0472    4.78542e-06
1.25664     1.0472    5.21899e-06
1.46608     1.0472    5.58236e-06
1.67552     1.0472    5.93181e-06
1.88496     1.0472    6.24352e-06
2.0944     1.0472    6.61865e-06
2.30383     1.0472    7.17753e-06
2.51327     1.0472    8.4436e-06
2.72271     1.0472    1.11717e-05
2.93215     1.0472    1.64995e-05
3.14159     1.0472    2.49266e-05

-3.14159     1.25664    2.38477e-05
-2.93215     1.25664    1.57996e-05
-2.72271     1.25664    1.03823e-05
-2.51327     1.25664    7.7267e-06
-2.30383     1.25664    6.73878e-06
-2.0944     1.25664    6.48999e-06
-1.88496     1.25664    6.56678e-06
-1.67552     1.25664    6.74959e-06
-1.46608     1.25664    7.07497e-06
-1.25664     1.25664    7.51696e-06
-1.0472     1.25664    7.91091e-06
-0.837758     1.25664    7.44317e-06
-0.628319     1.25664    5.71634e-06
-0.418879     1.25664    3.4431e-06
-0.20944     1.25664    1.86172e-06
0     1.25664    8.11969e-07
0.20944     1.25664    1.91188e-06
0.418879     1.25664    3.4574e-06
0.628319     1.25664    5.71185e-06
0.837758     1.25664    7.44402e-06
1.0472     1.25664    7.91047e-06
1.25664     1.25664    7.51643e-06
1.46608     1.25664    7.0741e-06
1.67552     1.25664    6.74966e-06
1.88496     1.25664    6.56674e-06
2.0944     1.25664    6.48993e-06
2.30383     1.25664    6.73879e-06
2.51327     1.25664    7.72697e-06
2.72271     1.25664    1.03829e-05
2.93215     1.25664    1.58001e-05
3.14159     1.25664    2.3848e-05

-3.14159     1.46608    2.42301e-05
-2.93215     1.46608    1.70897e-05
-2.72271     1.46608    1.12542e-05
-2.51327     1.46608    8.22309e-06
-2.30383     1.46608    7.14756e-06
-2.0944     1.46608    7.1045e-06
-1.88496     1.46608    7.56303e-06
-1.67552     1.46608    8.36953e-06
-1.46608     1.46608    9.57659e-06
-1.25664     1.46608    1.10738e-05
-1.0472     1.46608    1.20085e-05
-0.837758     1.46608    1.10137e-05
-0.628319     1.46608    8.22386e-06
-0.418879     1.46608    5.46295e-06
-0.20944     1.46608    3.87576e-06
0     1.46608    3.5805e-06
0.20944     1.46608    3.82683e-06
0.418879     1.46608    5.4575e-06
0.628319     1.46608    8.22673e-06
0.837758     1.46608    1.10136e-05
1.0472     1.46608    1.20093e-05
1.25664     1.46608    1.10739e-05
1.46608     1.46608    9.57648e-06
1.67552     1.46608    8.36983e-06
1.88496     1.46608    7.56338e-06
2.0944     1.46608    7.10478e-06
2.30383     1.46608    7.14805e-06
2.51327     1.46608    8.22344e-06
2.72271     1.46608    1.12547e-05
2.93215     1.46608    1.70905e-05
3.14159     1.46608    2.4231e-05

-3.14159     1.67552    2.49728e-05
-2.93215     1.67552    2.00156e-05
-2.72271     1.67552    1.40207e-05
-2.51327     1.67552    1.02369e-05
-2.30383     1.67552    8.79582e-06
-2.0944     1.67552    8.80905e-06
-1.88496     1.67552    9.7113e-06
-1.67552     1.67552    1.13879e-05
-1.46608     1.67552    1.38004e-05
-1.25664     1.67552    1.63109e-05
-1.0472     1.67552    1.69332e-05
-0.837758     1.67552    1.42109e-05
-0.628319     1.67552    1.00189e-05
-0.418879     1.67552    6.82771e-06
-0.20944     1.67552    5.14506e-06
0     1.67552    4.91606e-06
0.20944     1.67552    5.18635e-06
0.418879     1.67552    6.82195e-06
0.628319     1.67552    1.00144e-05
0.837758     1.67552    1.42111e-05
1.0472     1.67552    1.69323e-05
1.25664     1.67552    1.63113e-05
1.46608     1.67552    1.37998e-05
1.67552     1.67552    1.13876e-05
1.88496     1.67552    9.71124e-06
2.0944     1.67552    8.80924e-06
2.30383     1.67552    8.79622e-06
2.51327     1.67552    1.02373e-05
2.72271     1.67552    1.40215e-05
2.93215     1.67552    2.00164e-05
3.14159     1.67552    2.49739e-05

-3.14159     1.88496    2.51138e-05
-2.93215     1.88496    2.37493e-05
-2.72271     1.88496    1.87625e-05
-2.51327     1.88496    1.4388e-05
-2.30383     1.88496    1.23838e-05
-2.0944     1.88496    1.2369e-05
-1.88496     1.88496    1.38724e-05
-1.67552     1.88496    1.6686e-05
-1.46608     1.88496    2.04154e-05
-1.25664     1.88496    2.3164e-05
-1.0472     1.88496    2.17771e-05
-0.837758     1.88496    1.64534e-05
-0.628319     1.88496    1.10374e-05
-0.418879     1.88496    7.63113e-06
-0.20944     1.88496    6.10738e-06
0     1.88496    5.10423e-06
0.20944     1.88496    6.07893e-06
0.418879     1.88496    7.64559e-06
0.628319     1.88496    1.10393e-05
0.837758     1.88496    1.64528e-05
1.0472     1.88496    2.17775e-05
1.25664     1.88496    2.31628e-05
1.46608     1.88496    2.0415e-05
1.67552     1.88496    1.6686e-05
1.88496     1.88496    1.38725e-05
2.0944     1.88496    1.23693e-05
2.30383     1.88496    1.23842e-05
2.51327     1.88496    1.43885e-05
2.72271     1.88496    1.87625e-05
2.93215     1.88496    2.375e-05
3.14159     1.88496    2.51149e-05

-3.14159     2.0944    2.44833e-05
-2.93215     2.0944    2.72983e-05
-2.72271     2.0944    2.51286e-05
-2.51327     2.0944    2.12168e-05
-2.30383     2.0944    1.88128e-05
-2.0944     2.0944    1.88039e-05
-1.88496     2.0944    2.10257e-05
-1.67552     2.0944    2.50028e-05
-1.46608     2.0944    2.93455e-05
-1.25664     2.0944    3.03639e-05
-1.0472     2.0944    2.54811e-05
-0.837758     2.0944    1.76347e-05
-0.628319     2.0944    1.15123e-05
-0.418879     2.0944    8.15486e-06
-0.20944     2.0944    6.55904e-06
0     2.0944    6.85021e-06
0.20944     2.0944    6.57329e-06
0.418879     2.0944    8.13413e-06
0.628319     2.0944    1.15104e-05
0.837758     2.0944    1.76333e-05
1.0472     2.0944    2.54807e-05
1.25664     2.0944    3.03636e-05
1.46608     2.0944    2.93447e-05
1.67552     2.0944    2.50023e-05
1.88496     2.0944    2.10256e-05
2.0944     2.0944    1.88045e-05
2.30383     2.0944    1.8813e-05
2.51327     2.0944    2.12177e-05
2.72271     2.0944    2.51283e-05
2.93215     2.0944    2.72994e-05
3.14159     2.0944    2.44843e-05

-3.14159     2.30383    2.38603e-05
-2.93215     2.30383    3.0356e-05
-2.72271     2.30383    3.21135e-05
-2.51327     2.30383    3.02567e-05
-2.30383     2.30383    2.83016e-05
-2.0944     2.30383    2.84937e-05
-1.88496     2.30383    3.12616e-05
-1.67552     2.30383    3.56198e-05
-1.46608     2.30383    3.85547e-05
-1.25664     2.30383    3.60932e-05
-1.0472     2.30383    2.7632e-05
-0.837758     2.30383    1.81305e-05
-0.628319     2.30383    1.17331e-05
-0.418879     2.30383    8.29968e-06
-0.20944     2.30383    6.83198e-06
0     2.30383    5.84864e-06
0.20944     2.30383    6.82974e-06
0.418879     2.30383    8.323e-06
0.628319     2.30383    1.17327e-05
0.837758     2.30383    1.81304e-05
1.0472     2.30383    2.76316e-05
1.25664     2.30383    3.60931e-05
1.46608     2.30383    3.8554e-05
1.67552     2.30383    3.5619e-05
1.88496     2.30383    3.12612e-05
2.0944     2.30383    2.84942e-05
2.30383     2.30383    2.83018e-05
2.51327     2.30383    3.02564e-05
2.72271     2.30383    3.21152e-05
2.93215     2.30383    3.03578e-05
3.14159     2.30383    2.38607e-05

-3.14159     2.51327    2.4368e-05
-2.93215     2.51327    3.32446e-05
-2.72271     2.51327    3.87474e-05
-2.51327     2.51327    4.00214e-05
-2.30383     2.51327    3.95472e-05
-2.0944     2.51327    4.02148e-05
-1.88496     2.51327    4.28137e-05
-1.67552     2.51327    4.56943e-05
-1.46608     2.51327    4.55903e-05
-1.25664     2.51327    3.97009e-05
-1.0472     2.51327    2.88689e-05
-0.837758     2.51327    1.86752e-05
-0.628319     2.51327    1.20882e-05
-0.418879     2.51327    8.6363e-06
-0.20944     2.51327    7.00981e-06
0     2.51327    7.06809e-06
0.20944     2.51327    7.00323e-06
0.418879     2.51327    8.61444e-06
0.628319     2.51327    1.20883e-05
0.837758     2.51327    1.86738e-05
1.0472     2.51327    2.88687e-05
1.25664     2.51327    3.97004e-05
1.46608     2.51327    4.55897e-05
1.67552     2.51327    4.56941e-05
1.88496     2.51327    4.28132e-05
2.0944     2.51327    4.02159e-05
2.30383     2.51327    3.95479e-05
2.51327     2.51327    4.00215e-05
2.72271     2.51327    3.87481e-05
2.93215     2.51327    3.32455e-05
3.14159     2.51327    2.4368e-05

-3.14159     2.72271    2.68632e-05
-2.93215     2.72271    3.6826e-05
-2.72271     2.72271    4.46751e-05
-2.51327     2.72271    4.85926e-05
-2.30383     2.72271    5.00622e-05
-2.0944     2.72271    5.11899e-05
-1.88496     2.72271    5.2439e-05
-1.67552     2.72271    5.27446e-05
-1.46608     2.72271    5.0058e-05
-1.25664     2.72271    4.20691e-05
-1.0472     2.72271    3.03279e-05
-0.837758     2.72271    1.99542e-05
-0.628319     2.72271    1.31043e-05
-0.418879     2.72271    9.29819e-06
-0.20944     2.72271    7.47262e-06
0     2.72271    6.71506e-06
0.20944     2.72271    7.48347e-06
0.418879     2.72271    9.31464e-06
0.628319     2.72271    1.31033e-05
0.837758     2.72271    1.99547e-05
1.0472     2.72271    3.03271e-05
1.25664     2.72271    4.20694e-05
1.46608     2.72271    5.00573e-05
1.67552     2.72271    5.27444e-05
1.88496     2.72271    5.2439e-05
2.0944     2.72271    5.1191e-05
2.30383     2.72271    5.00628e-05
2.51327     2.72271    4.85939e-05
2.72271     2.72271    4.46753e-05
2.93215     2.72271    3.68268e-05
3.14159     2.72271    2.68635e-05

-3.14159     2.93215    3.18073e-05
-2.93215     2.93215    4.17604e-05
-2.72271     2.93215    5.01917e-05
-2.51327     2.93215    5.51442e-05
-2.30383     2.93215    5.72513e-05
-2.0944     2.93215    5.78596e-05
-1.88496     2.93215    5.76956e-05
-1.67552     2.93215    5.67281e-05
-1.46608     2.93215    5.31689e-05
-1.25664     2.93215    4.46052e-05
-1.0472     2.93215    3.30366e-05
-0.837758     2.93215    2.2779e-05
-0.628319     2.93215    1.55841e-05
-0.418879     2.93215    1.13012e-05
-0.20944     2.93215    9.15313e-06
0     2.93215    8.58917e-06
0.20944     2.93215    9.14204e-06
0.418879     2.93215    1.12924e-05
0.628319     2.93215    1.55844e-05
0.837758     2.93215    2.27785e-05
1.0472     2.93215    3.30358e-05
1.25664     2.93215    4.46051e-05
1.46608     2.93215    5.31691e-05
1.67552     2.93215    5.67282e-05
1.88496     2.93215    5.76958e-05
2.0944     2.93215    5.78594e-05
2.30383     2.93215    5.72519e-05
2.51327     2.93215    5.51439e-05
2.72271     2.93215    5.01923e-05
2.93215     2.93215    4.17611e-05
3.14159     2.93215    3.18076e-05

-3.14159     3.14159    3.93198e-05
-2.93215     3.14159    4.8135e-05
-2.72271     3.14159    5.52286e-05
-2.51327     3.14159    5.87456e-05
-2.30383     3.14159    5.91142e-05
-2.0944     3.14159    5.8449e-05
-1.88496     3.14159    5.83992e-05
-1.67552     3.14159    5.84952e-05
-1.46608     3.14159    5.59146e-05
-1.25664     3.14159    4.81644e-05
-1.0472     3.14159    3.76366e-05
-0.837758     3.14159    2.79068e-05
-0.628319     3.14159    2.05133e-05
-0.418879     3.14159    1.5702e-05
-0.20944     3.14159    1.31031e-05
0     3.14159    1.23495e-05
0.20944     3.14159    1.3111e-05
0.418879     3.14159    1.57012e-05
0.628319     3.14159    2.05126e-05
0.837758     3.14159    2.79066e-05
1.0472     3.14159    3.76371e-05
1.25664     3.14159    4.81643e-05
1.46608     3.14159    5.59147e-05
1.67552     3.14159    5.84953e-05
1.88496     3.14159    5.83991e-05
2.0944     3.14159    5.84487e-05
2.30383     3.14159    5.91153e-05
2.51327     3.14159    5.87463e-05
2.72271     3.14159    5.5229e-05
2.93215     3.14159    4.81349e-05
3.14159     3.14159    3.93199e-05

