-3.14159     -3.14159    5.91653e-05
-2.93215     -3.14159    6.89478e-05
-2.72271     -3.14159    7.51074e-05
-2.51327     -3.14159    7.64431e-05
-2.30383     -3.14159    7.47036e-05
-2.0944     -3.14159    7.26925e-05
-1.88496     -3.14159    7.2221e-05
-1.67552     -3.14159    7.31778e-05
-1.46608     -3.14159    7.32819e-05
-1.25664     -3.14159    6.89244e-05
-1.0472     -3.14159    5.97855e-05
-0.837758     -3.14159    4.96762e-05
-0.628319     -3.14159    4.10341e-05
-0.418879     -3.14159    3.47115e-05
-0.20944     -3.14159    3.10206e-05
0     -3.14159    2.98031e-05
0.20944     -3.14159    3.10127e-05
0.418879     -3.14159    3.47123e-05
0.628319     -3.14159    4.10347e-05
0.837758     -3.14159    4.96763e-05
1.0472     -3.14159    5.9785e-05
1.25664     -3.14159    6.89243e-05
1.46608     -3.14159    7.32817e-05
1.67552     -3.14159    7.31775e-05
1.88496     -3.14159    7.2221e-05
2.0944     -3.14159    7.26928e-05
2.30383     -3.14159    7.47026e-05
2.51327     -3.14159    7.64425e-05
2.72271     -3.14159    7.51069e-05
2.93215     -3.14159    6.89479e-05
3.14159     -3.14159    5.91653e-05

-3.14159     -2.93215    5.29876e-05
-2.93215     -2.93215    6.48264e-05
-2.72271     -2.93215    7.29562e-05
-2.51327     -2.93215    7.63497e-05
-2.30383     -2.93215    7.65765e-05
-2.0944     -2.93215    7.51269e-05
-1.88496     -2.93215    7.30851e-05
-1.67552     -2.93215    7.13546e-05
-1.46608     -2.93215    6.9093e-05
-1.25664     -2.93215    6.32826e-05
-1.0472     -2.93215    5.26677e-05
-0.837758     -2.93215    4.1032e-05
-0.628319     -2.93215    3.16508e-05
-0.418879     -2.93215    2.53021e-05
-0.20944     -2.93215    2.17801e-05
0     -2.93215    2.06897e-05
0.20944     -2.93215    2.17912e-05
0.418879     -2.93215    2.5311e-05
0.628319     -2.93215    3.16505e-05
0.837758     -2.93215    4.10325e-05
1.0472     -2.93215    5.26683e-05
1.25664     -2.93215    6.32827e-05
1.46608     -2.93215    6.90928e-05
1.67552     -2.93215    7.13544e-05
1.88496     -2.93215    7.30848e-05
2.0944     -2.93215    7.51271e-05
2.30383     -2.93215    7.65759e-05
2.51327     -2.93215    7.63499e-05
2.72271     -2.93215    7.29557e-05
2.93215     -2.93215    6.48258e-05
3.14159     -2.93215    5.29873e-05

-3.14159     -2.72271    4.89349e-05
-2.93215     -2.72271    6.11657e-05
-2.72271     -2.72271    6.90047e-05
-2.51327     -2.72271    7.21315e-05
-2.30383     -2.72271    7.24225e-05
-2.0944     -2.72271    7.14133e-05
-1.88496     -2.72271    6.95634e-05
-1.67552     -2.72271    6.73561e-05
-1.46608     -2.72271    6.44946e-05
-1.25664     -2.72271    5.86334e-05
-1.0472     -2.72271    4.79136e-05
-0.837758     -2.72271    3.56346e-05
-0.628319     -2.72271    2.60329e-05
-0.418879     -2.72271    1.99495e-05
-0.20944     -2.72271    1.67119e-05
0     -2.72271    1.56559e-05
0.20944     -2.72271    1.6701e-05
0.418879     -2.72271    1.99329e-05
0.628319     -2.72271    2.6034e-05
0.837758     -2.72271    3.56341e-05
1.0472     -2.72271    4.79143e-05
1.25664     -2.72271    5.86332e-05
1.46608     -2.72271    6.44951e-05
1.67552     -2.72271    6.73563e-05
1.88496     -2.72271    6.95634e-05
2.0944     -2.72271    7.14123e-05
2.30383     -2.72271    7.2422e-05
2.51327     -2.72271    7.21303e-05
2.72271     -2.72271    6.90045e-05
2.93215     -2.72271    6.11649e-05
3.14159     -2.72271    4.89347e-05

-3.14159     -2.51327    4.7499e-05
-2.93215     -2.51327    5.85607e-05
-2.72271     -2.51327    6.40969e-05
-2.51327     -2.51327    6.46331e-05
-2.30383     -2.51327    6.28059e-05
-2.0944     -2.51327    6.13834e-05
-1.88496     -2.51327    6.12546e-05
-1.67552     -2.51327    6.11992e-05
-1.46608     -2.51327    5.97708e-05
-1.25664     -2.51327    5.51243e-05
-1.0472     -2.51327    4.53738e-05
-0.837758     -2.51327    3.31731e-05
-0.628319     -2.51327    2.33994e-05
-0.418879     -2.51327    1.74503e-05
-0.20944     -2.51327    1.44169e-05
0     -2.51327    1.36218e-05
0.20944     -2.51327    1.44236e-05
0.418879     -2.51327    1.74725e-05
0.628319     -2.51327    2.33993e-05
0.837758     -2.51327    3.31745e-05
1.0472     -2.51327    4.5374e-05
1.25664     -2.51327    5.51247e-05
1.46608     -2.51327    5.97712e-05
1.67552     -2.51327    6.11993e-05
1.88496     -2.51327    6.12551e-05
2.0944     -2.51327    6.13823e-05
2.30383     -2.51327    6.28053e-05
2.51327     -2.51327    6.4633e-05
2.72271     -2.51327    6.40962e-05
2.93215     -2.51327    5.85598e-05
3.14159     -2.51327    4.74989e-05

-3.14159     -2.30383    4.79796e-05
-2.93215     -2.30383    5.60124e-05
-2.72271     -2.30383    5.76737e-05
-2.51327     -2.30383    5.44994e-05
-2.30383     -2.30383    5.01847e-05
-2.0944     -2.30383    4.81114e-05
-1.88496     -2.30383    4.9368e-05
-1.67552     -2.30383    5.22472e-05
-1.46608     -2.30383    5.38157e-05
-1.25664     -2.30383    5.15633e-05
-1.0472     -2.30383    4.38903e-05
-0.837758     -2.30383    3.26008e-05
-0.628319     -2.30383    2.27715e-05
-0.418879     -2.30383    1.67029e-05
-0.20944     -2.30383    1.36454e-05
0     -2.30383    1.25795e-05
0.20944     -2.30383    1.36477e-05
0.418879     -2.30383    1.66793e-05
0.628319     -2.30383    2.27718e-05
0.837758     -2.30383    3.26009e-05
1.0472     -2.30383    4.38907e-05
1.25664     -2.30383    5.15633e-05
1.46608     -2.30383    5.38164e-05
1.67552     -2.30383    5.22481e-05
1.88496     -2.30383    4.93686e-05
2.0944     -2.30383    4.81109e-05
2.30383     -2.30383    5.01845e-05
2.51327     -2.30383    5.44995e-05
2.72271     -2.30383    5.7672e-05
2.93215     -2.30383    5.60106e-05
3.14159     -2.30383    4.7979e-05

-3.14159     -2.0944    4.92333e-05
-2.93215     -2.0944    5.27343e-05
-2.72271     -2.0944    4.96167e-05
-2.51327     -2.0944    4.30408e-05
-2.30383     -2.0944    3.74423e-05
-2.0944     -2.0944    3.52333e-05
-1.88496     -2.0944    3.67898e-05
-1.67552     -2.0944    4.11209e-05
-1.46608     -2.0944    4.55889e-05
-1.25664     -2.0944    4.66737e-05
-1.0472     -2.0944    4.21108e-05
-0.837758     -2.0944    3.28131e-05
-0.628319     -2.0944    2.33367e-05
-0.418879     -2.0944    1.69922e-05
-0.20944     -2.0944    1.37556e-05
0     -2.0944    1.29496e-05
0.20944     -2.0944    1.37413e-05
0.418879     -2.0944    1.70132e-05
0.628319     -2.0944    2.33386e-05
0.837758     -2.0944    3.28145e-05
1.0472     -2.0944    4.21112e-05
1.25664     -2.0944    4.6674e-05
1.46608     -2.0944    4.55896e-05
1.67552     -2.0944    4.11214e-05
1.88496     -2.0944    3.67899e-05
2.0944     -2.0944    3.52327e-05
2.30383     -2.0944    3.74421e-05
2.51327     -2.0944    4.30399e-05
2.72271     -2.0944    4.96168e-05
2.93215     -2.0944    5.27331e-05
3.14159     -2.0944    4.92322e-05

-3.14159     -1.88496    5.01022e-05
-2.93215     -1.88496    4.83014e-05
-2.72271     -1.88496    4.08852e-05
-2.51327     -1.88496    3.25456e-05
-2.30383     -1.88496    2.70647e-05
-2.0944     -1.88496    2.51727e-05
-1.88496     -1.88496    2.63794e-05
-1.67552     -1.88496    3.03742e-05
-1.46608     -1.88496    3.59159e-05
-1.25664     -1.88496    3.99025e-05
-1.0472     -1.88496    3.90088e-05
-0.837758     -1.88496    3.27208e-05
-0.628319     -1.88496    2.43881e-05
-0.418879     -1.88496    1.79405e-05
-0.20944     -1.88496    1.44171e-05
0     -1.88496    1.32086e-05
0.20944     -1.88496    1.44458e-05
0.418879     -1.88496    1.79259e-05
0.628319     -1.88496    2.43861e-05
0.837758     -1.88496    3.27214e-05
1.0472     -1.88496    3.90084e-05
1.25664     -1.88496    3.99036e-05
1.46608     -1.88496    3.59163e-05
1.67552     -1.88496    3.03741e-05
1.88496     -1.88496    2.63793e-05
2.0944     -1.88496    2.51724e-05
2.30383     -1.88496    2.70643e-05
2.51327     -1.88496    3.2545e-05
2.72271     -1.88496    4.08851e-05
2.93215     -1.88496    4.83006e-05
3.14159     -1.88496    5.0101e-05

-3.14159     -1.67552    4.99198e-05
-2.93215     -1.67552    4.31315e-05
-2.72271     -1.67552    3.30261e-05
-2.51327     -1.67552    2.47103e-05
-2.30383     -1.67552    2.00657e-05
-2.0944     -1.67552    1.85294e-05
-1.88496     -1.67552    1.93123e-05
-1.67552     -1.67552    2.22187e-05
-1.46608     -1.67552    2.70589e-05
-1.25664     -1.67552    3.21924e-05
-1.0472     -1.67552    3.4328e-05
-0.837758     -1.67552    3.14534e-05
-0.628319     -1.67552    2.5183e-05
-0.418879     -1.67552    1.91807e-05
-0.20944     -1.67552    1.54787e-05
0     -1.67552    1.43453e-05
0.20944     -1.67552    1.54373e-05
0.418879     -1.67552    1.91865e-05
0.628319     -1.67552    2.51876e-05
0.837758     -1.67552    3.14532e-05
1.0472     -1.67552    3.43289e-05
1.25664     -1.67552    3.2192e-05
1.46608     -1.67552    2.70594e-05
1.67552     -1.67552    2.22189e-05
1.88496     -1.67552    1.93123e-05
2.0944     -1.67552    1.85292e-05
2.30383     -1.67552    2.00652e-05
2.51327     -1.67552    2.47098e-05
2.72271     -1.67552    3.30252e-05
2.93215     -1.67552    4.31305e-05
3.14159     -1.67552    4.99186e-05

-3.14159     -1.46608    4.88248e-05
-2.93215     -1.46608    3.83268e-05
-2.72271     -1.46608    2.74286e-05
-2.51327     -1.46608    1.99547e-05
-2.30383     -1.46608    1.61221e-05
-2.0944     -1.46608    1.47781e-05
-1.88496     -1.46608    1.51654e-05
-1.67552     -1.46608    1.70511e-05
-1.46608     -1.46608    2.05512e-05
-1.25664     -1.46608    2.51722e-05
-1.0472     -1.46608    2.87624e-05
-0.837758     -1.46608    2.87363e-05
-0.628319     -1.46608    2.49962e-05
-0.418879     -1.46608    2.01323e-05
-0.20944     -1.46608    1.66579e-05
0     -1.46608    1.5443e-05
0.20944     -1.46608    1.67075e-05
0.418879     -1.46608    2.01378e-05
0.628319     -1.46608    2.49933e-05
0.837758     -1.46608    2.87364e-05
1.0472     -1.46608    2.87617e-05
1.25664     -1.46608    2.51721e-05
1.46608     -1.46608    2.05513e-05
1.67552     -1.46608    1.70508e-05
1.88496     -1.46608    1.5165e-05
2.0944     -1.46608    1.47778e-05
2.30383     -1.46608    1.61216e-05
2.51327     -1.46608    1.99543e-05
2.72271     -1.46608    2.74281e-05
2.93215     -1.46608    3.8326e-05
3.14159     -1.46608    4.88238e-05

-3.14159     -1.25664    4.76793e-05
-2.93215     -1.25664    3.52058e-05
-2.72271     -1.25664    2.45504e-05
-2.51327     -1.25664    1.79157e-05
-2.30383     -1.25664    1.45043e-05
-2.0944     -1.25664    1.31618e-05
-1.88496     -1.25664    1.31231e-05
-1.67552     -1.25664    1.4225e-05
-1.46608     -1.25664    1.65123e-05
-1.25664     -1.25664    1.99603e-05
-1.0472     -1.25664    2.35039e-05
-0.837758     -1.25664    2.50662e-05
-0.628319     -1.25664    2.35689e-05
-0.418879     -1.25664    2.02461e-05
-0.20944     -1.25664    1.74456e-05
0     -1.25664    1.60709e-05
0.20944     -1.25664    1.73958e-05
0.418879     -1.25664    2.02319e-05
0.628319     -1.25664    2.35735e-05
0.837758     -1.25664    2.50654e-05
1.0472     -1.25664    2.35043e-05
1.25664     -1.25664    1.99608e-05
1.46608     -1.25664    1.65132e-05
1.67552     -1.25664    1.42249e-05
1.88496     -1.25664    1.31231e-05
2.0944     -1.25664    1.31618e-05
2.30383     -1.25664    1.45043e-05
2.51327     -1.25664    1.79154e-05
2.72271     -1.25664    2.45498e-05
2.93215     -1.25664    3.52052e-05
3.14159     -1.25664    4.7679e-05

-3.14159     -1.0472    4.77082e-05
-2.93215     -1.0472    3.46895e-05
-2.72271     -1.0472    2.45303e-05
-2.51327     -1.0472    1.82148e-05
-2.30383     -1.0472    1.48083e-05
-2.0944     -1.0472    1.31854e-05
-1.88496     -1.0472    1.27265e-05
-1.67552     -1.0472    1.31673e-05
-1.46608     -1.0472    1.44816e-05
-1.25664     -1.0472    1.68123e-05
-1.0472     -1.0472    1.95148e-05
-0.837758     -1.0472    2.13928e-05
-0.628319     -1.0472    2.12103e-05
-0.418879     -1.0472    1.93394e-05
-0.20944     -1.0472    1.72481e-05
0     -1.0472    1.69696e-05
0.20944     -1.0472    1.72829e-05
0.418879     -1.0472    1.93636e-05
0.628319     -1.0472    2.12094e-05
0.837758     -1.0472    2.13937e-05
1.0472     -1.0472    1.95158e-05
1.25664     -1.0472    1.68124e-05
1.46608     -1.0472    1.44815e-05
1.67552     -1.0472    1.31675e-05
1.88496     -1.0472    1.27264e-05
2.0944     -1.0472    1.31853e-05
2.30383     -1.0472    1.48081e-05
2.51327     -1.0472    1.82146e-05
2.72271     -1.0472    2.45301e-05
2.93215     -1.0472    3.46895e-05
3.14159     -1.0472    4.77081e-05

-3.14159     -0.837758    4.99291e-05
-2.93215     -0.837758    3.72686e-05
-2.72271     -0.837758    2.74289e-05
-2.51327     -0.837758    2.09642e-05
-2.30383     -0.837758    1.70915e-05
-2.0944     -0.837758    1.49575e-05
-1.88496     -0.837758    1.39289e-05
-1.67552     -0.837758    1.37045e-05
-1.46608     -0.837758    1.42186e-05
-1.25664     -0.837758    1.54245e-05
-1.0472     -0.837758    1.71835e-05
-0.837758     -0.837758    1.84563e-05
-0.628319     -0.837758    1.85085e-05
-0.418879     -0.837758    1.71326e-05
-0.20944     -0.837758    1.55585e-05
0     -0.837758    1.42786e-05
0.20944     -0.837758    1.55529e-05
0.418879     -0.837758    1.70873e-05
0.628319     -0.837758    1.85139e-05
0.837758     -0.837758    1.84556e-05
1.0472     -0.837758    1.71847e-05
1.25664     -0.837758    1.54243e-05
1.46608     -0.837758    1.42183e-05
1.67552     -0.837758    1.37042e-05
1.88496     -0.837758    1.39289e-05
2.0944     -0.837758    1.49572e-05
2.30383     -0.837758    1.70913e-05
2.51327     -0.837758    2.09641e-05
2.72271     -0.837758    2.74284e-05
2.93215     -0.837758    3.72685e-05
3.14159     -0.837758    4.99288e-05

-3.14159     -0.628319    5.48384e-05
-2.93215     -0.628319    4.32469e-05
-2.72271     -0.628319    3.36956e-05
-2.51327     -0.628319    2.67009e-05
-2.30383     -0.628319    2.2007e-05
-2.0944     -0.628319    1.89878e-05
-1.88496     -0.628319    1.71532e-05
-1.67552     -0.628319    1.61313e-05
-1.46608     -0.628319    1.57839e-05
-1.25664     -0.628319    1.59256e-05
-1.0472     -0.628319    1.64518e-05
-0.837758     -0.628319    1.67617e-05
-0.628319     -0.628319    1.59419e-05
-0.418879     -0.628319    1.41642e-05
-0.20944     -0.628319    1.1994e-05
0     -0.628319    1.21535e-05
0.20944     -0.628319    1.19324e-05
0.418879     -0.628319    1.4208e-05
0.628319     -0.628319    1.5949e-05
0.837758     -0.628319    1.67637e-05
1.0472     -0.628319    1.64518e-05
1.25664     -0.628319    1.59246e-05
1.46608     -0.628319    1.57838e-05
1.67552     -0.628319    1.61311e-05
1.88496     -0.628319    1.71533e-05
2.0944     -0.628319    1.89875e-05
2.30383     -0.628319    2.2007e-05
2.51327     -0.628319    2.67005e-05
2.72271     -0.628319    3.36951e-05
2.93215     -0.628319    4.3247e-05
3.14159     -0.628319    5.48381e-05

-3.14159     -0.418879    6.11033e-05
-2.93215     -0.418879    5.1618e-05
-2.72271     -0.418879    4.30298e-05
-2.51327     -0.418879    3.58363e-05
-2.30383     -0.418879    3.01815e-05
-2.0944     -0.418879    2.59578e-05
-1.88496     -0.418879    2.28816e-05
-1.67552     -0.418879    2.06802e-05
-1.46608     -0.418879    1.90919e-05
-1.25664     -0.418879    1.79981e-05
-1.0472     -0.418879    1.70843e-05
-0.837758     -0.418879    1.59618e-05
-0.628319     -0.418879    1.38024e-05
-0.418879     -0.418879    1.01179e-05
-0.20944     -0.418879    6.7874e-06
0     -0.418879    3.67745e-06
0.20944     -0.418879    6.36908e-06
0.418879     -0.418879    9.96552e-06
0.628319     -0.418879    1.37768e-05
0.837758     -0.418879    1.59629e-05
1.0472     -0.418879    1.70826e-05
1.25664     -0.418879    1.79985e-05
1.46608     -0.418879    1.90908e-05
1.67552     -0.418879    2.06801e-05
1.88496     -0.418879    2.2881e-05
2.0944     -0.418879    2.59574e-05
2.30383     -0.418879    3.01811e-05
2.51327     -0.418879    3.58356e-05
2.72271     -0.418879    4.30293e-05
2.93215     -0.418879    5.16181e-05
3.14159     -0.418879    6.11033e-05

-3.14159     -0.20944    6.51148e-05
-2.93215     -0.20944    5.82549e-05
-2.72271     -0.20944    5.14703e-05
-2.51327     -0.20944    4.50309e-05
-2.30383     -0.20944    3.90723e-05
-2.0944     -0.20944    3.39182e-05
-1.88496     -0.20944    2.95689e-05
-1.67552     -0.20944    2.59825e-05
-1.46608     -0.20944    2.30027e-05
-1.25664     -0.20944    2.05019e-05
-1.0472     -0.20944    1.82557e-05
-0.837758     -0.20944    1.56516e-05
-0.628319     -0.20944    1.20134e-05
-0.418879     -0.20944    6.67109e-06
-0.20944     -0.20944    1.61037e-06
0     -0.20944    2.5254e-06
0.20944     -0.20944    4.1842e-07
0.418879     -0.20944    6.26039e-06
0.628319     -0.20944    1.20328e-05
0.837758     -0.20944    1.5645e-05
1.0472     -0.20944    1.82645e-05
1.25664     -0.20944    2.05029e-05
1.46608     -0.20944    2.30046e-05
1.67552     -0.20944    2.59827e-05
1.88496     -0.20944    2.95696e-05
2.0944     -0.20944    3.39176e-05
2.30383     -0.20944    3.90722e-05
2.51327     -0.20944    4.50308e-05
2.72271     -0.20944    5.14704e-05
2.93215     -0.20944    5.82548e-05
3.14159     -0.20944    6.51149e-05

-3.14159     0    6.60328e-05
-2.93215     0    6.03948e-05
-2.72271     0    5.46893e-05
-2.51327     0    4.88129e-05
-2.30383     0    4.30471e-05
-2.0944     0    3.75775e-05
-1.88496     0    3.27339e-05
-1.67552     0    2.8492e-05
-1.46608     0    2.48613e-05
-1.25664     0    2.17191e-05
-1.0472     0    1.88191e-05
-0.837758     0    1.56533e-05
-0.628319     0    1.12026e-05
-0.418879     0    5.56088e-06
-0.20944     0    2.48161e-06
0     0    3.23131e-16
0.20944     0    2.48161e-06
0.418879     0    5.56088e-06
0.628319     0    1.12026e-05
0.837758     0    1.56533e-05
1.0472     0    1.88191e-05
1.25664     0    2.17191e-05
1.46608     0    2.48613e-05
1.67552     0    2.8492e-05
1.88496     0    3.27339e-05
2.0944     0    3.75775e-05
2.30383     0    4.30471e-05
2.51327     0    4.88129e-05
2.72271     0    5.46893e-05
2.93215     0    6.03948e-05
3.14159     0    6.60328e-05

-3.14159     0.20944    6.51149e-05
-2.93215     0.20944    5.82548e-05
-2.72271     0.20944    5.14704e-05
-2.51327     0.20944    4.50308e-05
-2.30383     0.20944    3.90722e-05
-2.0944     0.20944    3.39176e-05
-1.88496     0.20944    2.95696e-05
-1.67552     0.20944    2.59827e-05
-1.46608     0.20944    2.30046e-05
-1.25664     0.20944    2.05029e-05
-1.0472     0.20944    1.82645e-05
-0.837758     0.20944    1.5645e-05
-0.628319     0.20944    1.20328e-05
-0.418879     0.20944    6.26039e-06
-0.20944     0.20944    4.1842e-07
0     0.20944    2.5254e-06
0.20944     0.20944    1.61037e-06
0.418879     0.20944    6.67109e-06
0.628319     0.20944    1.20134e-05
0.837758     0.20944    1.56516e-05
1.0472     0.20944    1.82557e-05
1.25664     0.20944    2.05019e-05
1.46608     0.20944    2.30027e-05
1.67552     0.20944    2.59825e-05
1.88496     0.20944    2.95689e-05
2.0944     0.20944    3.39182e-05
2.30383     0.20944    3.90723e-05
2.51327     0.20944    4.50309e-05
2.72271     0.20944    5.14703e-05
2.93215     0.20944    5.82549e-05
3.14159     0.20944    6.51148e-05

-3.14159     0.418879    6.11033e-05
-2.93215     0.418879    5.16181e-05
-2.72271     0.418879    4.30293e-05
-2.51327     0.418879    3.58356e-05
-2.30383     0.418879    3.01811e-05
-2.0944     0.418879    2.59574e-05
-1.88496     0.418879    2.2881e-05
-1.67552     0.418879    2.06801e-05
-1.46608     0.418879    1.90908e-05
-1.25664     0.418879    1.79985e-05
-1.0472     0.418879    1.70826e-05
-0.837758     0.418879    1.59629e-05
-0.628319     0.418879    1.37768e-05
-0.418879     0.418879    9.96552e-06
-0.20944     0.418879    6.36908e-06
0     0.418879    3.67745e-06
0.20944     0.418879    6.7874e-06
0.418879     0.418879    1.01179e-05
0.628319     0.418879    1.38024e-05
0.837758     0.418879    1.59618e-05
1.0472     0.418879    1.70843e-05
1.25664     0.418879    1.79981e-05
1.46608     0.418879    1.90919e-05
1.67552     0.418879    2.06802e-05
1.88496     0.418879    2.28816e-05
2.0944     0.418879    2.59578e-05
2.30383     0.418879    3.01815e-05
2.51327     0.418879    3.58363e-05
2.72271     0.418879    4.30298e-05
2.93215     0.418879    5.1618e-05
3.14159     0.418879    6.11033e-05

-3.14159     0.628319    5.48381e-05
-2.93215     0.628319    4.3247e-05
-2.72271     0.628319    3.36951e-05
-2.51327     0.628319    2.67005e-05
-2.30383     0.628319    2.2007e-05
-2.0944     0.628319    1.89875e-05
-1.88496     0.628319    1.71533e-05
-1.67552     0.628319    1.61311e-05
-1.46608     0.628319    1.57838e-05
-1.25664     0.628319    1.59246e-05
-1.0472     0.628319    1.64518e-05
-0.837758     0.628319    1.67637e-05
-0.628319     0.628319    1.5949e-05
-0.418879     0.628319    1.4208e-05
-0.20944     0.628319    1.19324e-05
0     0.628319    1.21535e-05
0.20944     0.628319    1.1994e-05
0.418879     0.628319    1.41642e-05
0.628319     0.628319    1.59419e-05
0.837758     0.628319    1.67617e-05
1.0472     0.628319    1.64518e-05
1.25664     0.628319    1.59256e-05
1.46608     0.628319    1.57839e-05
1.67552     0.628319    1.61313e-05
1.88496     0.628319    1.71532e-05
2.0944     0.628319    1.89878e-05
2.30383     0.628319    2.2007e-05
2.51327     0.628319    2.67009e-05
2.72271     0.628319    3.36956e-05
2.93215     0.628319    4.32469e-05
3.14159     0.628319    5.48384e-05

-3.14159     0.837758    4.99288e-05
-2.93215     0.837758    3.72685e-05
-2.72271     0.837758    2.74284e-05
-2.51327     0.837758    2.09641e-05
-2.30383     0.837758    1.70913e-05
-2.0944     0.837758    1.49572e-05
-1.88496     0.837758    1.39289e-05
-1.67552     0.837758    1.37042e-05
-1.46608     0.837758    1.42183e-05
-1.25664     0.837758    1.54243e-05
-1.0472     0.837758    1.71847e-05
-0.837758     0.837758    1.84556e-05
-0.628319     0.837758    1.85139e-05
-0.418879     0.837758    1.70873e-05
-0.20944     0.837758    1.55529e-05
0     0.837758    1.42786e-05
0.20944     0.837758    1.55585e-05
0.418879     0.837758    1.71326e-05
0.628319     0.837758    1.85085e-05
0.837758     0.837758    1.84563e-05
1.0472     0.837758    1.71835e-05
1.25664     0.837758    1.54245e-05
1.46608     0.837758    1.42186e-05
1.67552     0.837758    1.37045e-05
1.88496     0.837758    1.39289e-05
2.0944     0.837758    1.49575e-05
2.30383     0.837758    1.70915e-05
2.51327     0.837758    2.09642e-05
2.72271     0.837758    2.74289e-05
2.93215     0.837758    3.72686e-05
3.14159     0.837758    4.99291e-05

-3.14159     1.0472    4.77081e-05
-2.93215     1.0472    3.46895e-05
-2.72271     1.0472    2.45301e-05
-2.51327     1.0472    1.82146e-05
-2.30383     1.0472    1.48081e-05
-2.0944     1.0472    1.31853e-05
-1.88496     1.0472    1.27264e-05
-1.67552     1.0472    1.31675e-05
-1.46608     1.0472    1.44815e-05
-1.25664     1.0472    1.68124e-05
-1.0472     1.0472    1.95158e-05
-0.837758     1.0472    2.13937e-05
-0.628319     1.0472    2.12094e-05
-0.418879     1.0472    1.93636e-05
-0.20944     1.0472    1.72829e-05
0     1.0472    1.69696e-05
0.20944     1.0472    1.72481e-05
0.418879     1.0472    1.93394e-05
0.628319     1.0472    2.12103e-05
0.837758     1.0472    2.13928e-05
1.0472     1.0472    1.95148e-05
1.25664     1.0472    1.68123e-05
1.46608     1.0472    1.44816e-05
1.67552     1.0472    1.31673e-05
1.88496     1.0472    1.27265e-05
2.0944     1.0472    1.31854e-05
2.30383     1.0472    1.48083e-05
2.51327     1.0472    1.82148e-05
2.72271     1.0472    2.45303e-05
2.93215     1.0472    3.46895e-05
3.14159     1.0472    4.77082e-05

-3.14159     1.25664    4.7679e-05
-2.93215     1.25664    3.52052e-05
-2.72271     1.25664    2.45498e-05
-2.51327     1.25664    1.79154e-05
-2.30383     1.25664    1.45043e-05
-2.0944     1.25664    1.31618e-05
-1.88496     1.25664    1.31231e-05
-1.67552     1.25664    1.42249e-05
-1.46608     1.25664    1.65132e-05
-1.25664     1.25664    1.99608e-05
-1.0472     1.25664    2.35043e-05
-0.837758     1.25664    2.50654e-05
-0.628319     1.25664    2.35735e-05
-0.418879     1.25664    2.02319e-05
-0.20944     1.25664    1.73958e-05
0     1.25664    1.60709e-05
0.20944     1.25664    1.74456e-05
0.418879     1.25664    2.02461e-05
0.628319     1.25664    2.35689e-05
0.837758     1.25664    2.50662e-05
1.0472     1.25664    2.35039e-05
1.25664     1.25664    1.99603e-05
1.46608     1.25664    1.65123e-05
1.67552     1.25664    1.4225e-05
1.88496     1.25664    1.31231e-05
2.0944     1.25664    1.31618e-05
2.30383     1.25664    1.45043e-05
2.51327     1.25664    1.79157e-05
2.72271     1.25664    2.45504e-05
2.93215     1.25664    3.52058e-05
3.14159     1.25664    4.76793e-05

-3.14159     1.46608    4.88238e-05
-2.93215     1.46608    3.8326e-05
-2.72271     1.46608    2.74281e-05
-2.51327     1.46608    1.99543e-05
-2.30383     1.46608    1.61216e-05
-2.0944     1.46608    1.47778e-05
-1.88496     1.46608    1.5165e-05
-1.67552     1.46608    1.70508e-05
-1.46608     1.46608    2.05513e-05
-1.25664     1.46608    2.51721e-05
-1.0472     1.46608    2.87617e-05
-0.837758     1.46608    2.87364e-05
-0.628319     1.46608    2.49933e-05
-0.418879     1.46608    2.01378e-05
-0.20944     1.46608    1.67075e-05
0     1.46608    1.5443e-05
0.20944     1.46608    1.66579e-05
0.418879     1.46608    2.01323e-05
0.628319     1.46608    2.49962e-05
0.837758     1.46608    2.87363e-05
1.0472     1.46608    2.87624e-05
1.25664     1.46608    2.51722e-05
1.46608     1.46608    2.05512e-05
1.67552     1.46608    1.70511e-05
1.88496     1.46608    1.51654e-05
2.0944     1.46608    1.47781e-05
2.30383     1.46608    1.61221e-05
2.51327     1.46608    1.99547e-05
2.72271     1.46608    2.74286e-05
2.93215     1.46608    3.83268e-05
3.14159     1.46608    4.88248e-05

-3.14159     1.67552    4.99186e-05
-2.93215     1.67552    4.31305e-05
-2.72271     1.67552    3.30252e-05
-2.51327     1.67552    2.47098e-05
-2.30383     1.67552    2.00652e-05
-2.0944     1.67552    1.85292e-05
-1.88496     1.67552    1.93123e-05
-1.67552     1.67552    2.22189e-05
-1.46608     1.67552    2.70594e-05
-1.25664     1.67552    3.2192e-05
-1.0472     1.67552    3.43289e-05
-0.837758     1.67552    3.14532e-05
-0.628319     1.67552    2.51876e-05
-0.418879     1.67552    1.91865e-05
-0.20944     1.67552    1.54373e-05
0     1.67552    1.43453e-05
0.20944     1.67552    1.54787e-05
0.418879     1.67552    1.91807e-05
0.628319     1.67552    2.5183e-05
0.837758     1.67552    3.14534e-05
1.0472     1.67552    3.4328e-05
1.25664     1.67552    3.21924e-05
1.46608     1.67552    2.70589e-05
1.67552     1.67552    2.22187e-05
1.88496     1.67552    1.93123e-05
2.0944     1.67552    1.85294e-05
2.30383     1.67552    2.00657e-05
2.51327     1.67552    2.47103e-05
2.72271     1.67552    3.30261e-05
2.93215     1.67552    4.31315e-05
3.14159     1.67552    4.99198e-05

-3.14159     1.88496    5.0101e-05
-2.93215     1.88496    4.83006e-05
-2.72271     1.88496    4.08851e-05
-2.51327     1.88496    3.2545e-05
-2.30383     1.88496    2.70643e-05
-2.0944     1.88496    2.51724e-05
-1.88496     1.88496    2.63793e-05
-1.67552     1.88496    3.03741e-05
-1.46608     1.88496    3.59163e-05
-1.25664     1.88496    3.99036e-05
-1.0472     1.88496    3.90084e-05
-0.837758     1.88496    3.27214e-05
-0.628319     1.88496    2.43861e-05
-0.418879     1.88496    1.79259e-05
-0.20944     1.88496    1.44458e-05
0     1.88496    1.32086e-05
0.20944     1.88496    1.44171e-05
0.418879     1.88496    1.79405e-05
0.628319     1.88496    2.43881e-05
0.837758     1.88496    3.27208e-05
1.0472     1.88496    3.90088e-05
1.25664     1.88496    3.99025e-05
1.46608     1.88496    3.59159e-05
1.67552     1.88496    3.03742e-05
1.88496     1.88496    2.63794e-05
2.0944     1.88496    2.51727e-05
2.30383     1.88496    2.70647e-05
2.51327     1.88496    3.25456e-05
2.72271     1.88496    4.08852e-05
2.93215     1.88496    4.83014e-05
3.14159     1.88496    5.01022e-05

-3.14159     2.0944    4.92322e-05
-2.93215     2.0944    5.27331e-05
-2.72271     2.0944    4.96168e-05
-2.51327     2.0944    4.30399e-05
-2.30383     2.0944    3.74421e-05
-2.0944     2.0944    3.52327e-05
-1.88496     2.0944    3.67899e-05
-1.67552     2.0944    4.11214e-05
-1.46608     2.0944    4.55896e-05
-1.25664     2.0944    4.6674e-05
-1.0472     2.0944    4.21112e-05
-0.837758     2.0944    3.28145e-05
-0.628319     2.0944    2.33386e-05
-0.418879     2.0944    1.70132e-05
-0.20944     2.0944    1.37413e-05
0     2.0944    1.29496e-05
0.20944     2.0944    1.37556e-05
0.418879     2.0944    1.69922e-05
0.628319     2.0944    2.33367e-05
0.837758     2.0944    3.28131e-05
1.0472     2.0944    4.21108e-05
1.25664     2.0944    4.66737e-05
1.46608     2.0944    4.55889e-05
1.67552     2.0944    4.11209e-05
1.88496     2.0944    3.67898e-05
2.0944     2.0944    3.52333e-05
2.30383     2.0944    3.74423e-05
2.51327     2.0944    4.30408e-05
2.72271     2.0944    4.96167e-05
2.93215     2.0944    5.27343e-05
3.14159     2.0944    4.92333e-05

-3.14159     2.30383    4.7979e-05
-2.93215     2.30383    5.60106e-05
-2.72271     2.30383    5.7672e-05
-2.51327     2.30383    5.44995e-05
-2.30383     2.30383    5.01845e-05
-2.0944     2.30383    4.81109e-05
-1.88496     2.30383    4.93686e-05
-1.67552     2.30383    5.22481e-05
-1.46608     2.30383    5.38164e-05
-1.25664     2.30383    5.15633e-05
-1.0472     2.30383    4.38907e-05
-0.837758     2.30383    3.26009e-05
-0.628319     2.30383    2.27718e-05
-0.418879     2.30383    1.66793e-05
-0.20944     2.30383    1.36477e-05
0     2.30383    1.25795e-05
0.20944     2.30383    1.36454e-05
0.418879     2.30383    1.67029e-05
0.628319     2.30383    2.27715e-05
0.837758     2.30383    3.26008e-05
1.0472     2.30383    4.38903e-05
1.25664     2.30383    5.15633e-05
1.46608     2.30383    5.38157e-05
1.67552     2.30383    5.22472e-05
1.88496     2.30383    4.9368e-05
2.0944     2.30383    4.81114e-05
2.30383     2.30383    5.01847e-05
2.51327     2.30383    5.44994e-05
2.72271     2.30383    5.76737e-05
2.93215     2.30383    5.60124e-05
3.14159     2.30383    4.79796e-05

-3.14159     2.51327    4.74989e-05
-2.93215     2.51327    5.85598e-05
-2.72271     2.51327    6.40962e-05
-2.51327     2.51327    6.4633e-05
-2.30383     2.51327    6.28053e-05
-2.0944     2.51327    6.13823e-05
-1.88496     2.51327    6.12551e-05
-1.67552     2.51327    6.11993e-05
-1.46608     2.51327    5.97712e-05
-1.25664     2.51327    5.51247e-05
-1.0472     2.51327    4.5374e-05
-0.837758     2.51327    3.31745e-05
-0.628319     2.51327    2.33993e-05
-0.418879     2.51327    1.74725e-05
-0.20944     2.51327    1.44236e-05
0     2.51327    1.36218e-05
0.20944     2.51327    1.44169e-05
0.418879     2.51327    1.74503e-05
0.628319     2.51327    2.33994e-05
0.837758     2.51327    3.31731e-05
1.0472     2.51327    4.53738e-05
1.25664     2.51327    5.51243e-05
1.46608     2.51327    5.97708e-05
1.67552     2.51327    6.11992e-05
1.88496     2.51327    6.12546e-05
2.0944     2.51327    6.13834e-05
2.30383     2.51327    6.28059e-05
2.51327     2.51327    6.46331e-05
2.72271     2.51327    6.40969e-05
2.93215     2.51327    5.85607e-05
3.14159     2.51327    4.7499e-05

-3.14159     2.72271    4.89347e-05
-2.93215     2.72271    6.11649e-05
-2.72271     2.72271    6.90045e-05
-2.51327     2.72271    7.21303e-05
-2.30383     2.72271    7.2422e-05
-2.0944     2.72271    7.14123e-05
-1.88496     2.72271    6.95634e-05
-1.67552     2.72271    6.73563e-05
-1.46608     2.72271    6.44951e-05
-1.25664     2.72271    5.86332e-05
-1.0472     2.72271    4.79143e-05
-0.837758     2.72271    3.56341e-05
-0.628319     2.72271    2.6034e-05
-0.418879     2.72271    1.99329e-05
-0.20944     2.72271    1.6701e-05
0     2.72271    1.56559e-05
0.20944     2.72271    1.67119e-05
0.418879     2.72271    1.99495e-05
0.628319     2.72271    2.60329e-05
0.837758     2.72271    3.56346e-05
1.0472     2.72271    4.79136e-05
1.25664     2.72271    5.86334e-05
1.46608     2.72271    6.44946e-05
1.67552     2.72271    6.73561e-05
1.88496     2.72271    6.95634e-05
2.0944     2.72271    7.14133e-05
2.30383     2.72271    7.24225e-05
2.51327     2.72271    7.21315e-05
2.72271     2.72271    6.90047e-05
2.93215     2.72271    6.11657e-05
3.14159     2.72271    4.89349e-05

-3.14159     2.93215    5.29873e-05
-2.93215     2.93215    6.48258e-05
-2.72271     2.93215    7.29557e-05
-2.51327     2.93215    7.63499e-05
-2.30383     2.93215    7.65759e-05
-2.0944     2.93215    7.51271e-05
-1.88496     2.93215    7.30848e-05
-1.67552     2.93215    7.13544e-05
-1.46608     2.93215    6.90928e-05
-1.25664     2.93215    6.32827e-05
-1.0472     2.93215    5.26683e-05
-0.837758     2.93215    4.10325e-05
-0.628319     2.93215    3.16505e-05
-0.418879     2.93215    2.5311e-05
-0.20944     2.93215    2.17912e-05
0     2.93215    2.06897e-05
0.20944     2.93215    2.17801e-05
0.418879     2.93215    2.53021e-05
0.628319     2.93215    3.16508e-05
0.837758     2.93215    4.1032e-05
1.0472     2.93215    5.26677e-05
1.25664     2.93215    6.32826e-05
1.46608     2.93215    6.9093e-05
1.67552     2.93215    7.13546e-05
1.88496     2.93215    7.30851e-05
2.0944     2.93215    7.51269e-05
2.30383     2.93215    7.65765e-05
2.51327     2.93215    7.63497e-05
2.72271     2.93215    7.29562e-05
2.93215     2.93215    6.48264e-05
3.14159     2.93215    5.29876e-05

-3.14159     3.14159    5.91653e-05
-2.93215     3.14159    6.89479e-05
-2.72271     3.14159    7.51069e-05
-2.51327     3.14159    7.64425e-05
-2.30383     3.14159    7.47026e-05
-2.0944     3.14159    7.26928e-05
-1.88496     3.14159    7.2221e-05
-1.67552     3.14159    7.31775e-05
-1.46608     3.14159    7.32817e-05
-1.25664     3.14159    6.89243e-05
-1.0472     3.14159    5.9785e-05
-0.837758     3.14159    4.96763e-05
-0.628319     3.14159    4.10347e-05
-0.418879     3.14159    3.47123e-05
-0.20944     3.14159    3.10127e-05
0     3.14159    2.98031e-05
0.20944     3.14159    3.10206e-05
0.418879     3.14159    3.47115e-05
0.628319     3.14159    4.10341e-05
0.837758     3.14159    4.96762e-05
1.0472     3.14159    5.97855e-05
1.25664     3.14159    6.89244e-05
1.46608     3.14159    7.32819e-05
1.67552     3.14159    7.31778e-05
1.88496     3.14159    7.2221e-05
2.0944     3.14159    7.26925e-05
2.30383     3.14159    7.47036e-05
2.51327     3.14159    7.64431e-05
2.72271     3.14159    7.51074e-05
2.93215     3.14159    6.89478e-05
3.14159     3.14159    5.91653e-05

