-3.14159     -3.14159    4.64513e-05
-2.93215     -3.14159    5.5407e-05
-2.72271     -3.14159    6.19515e-05
-2.51327     -3.14159    6.45802e-05
-2.30383     -3.14159    6.42075e-05
-2.0944     -3.14159    6.3097e-05
-1.88496     -3.14159    6.28767e-05
-1.67552     -3.14159    6.32251e-05
-1.46608     -3.14159    6.16535e-05
-1.25664     -3.14159    5.54145e-05
-1.0472     -3.14159    4.57713e-05
-0.837758     -3.14159    3.62116e-05
-0.628319     -3.14159    2.85729e-05
-0.418879     -3.14159    2.33296e-05
-0.20944     -3.14159    2.03902e-05
0     -3.14159    1.94737e-05
0.20944     -3.14159    2.03826e-05
0.418879     -3.14159    2.33303e-05
0.628319     -3.14159    2.85735e-05
0.837758     -3.14159    3.62118e-05
1.0472     -3.14159    4.57708e-05
1.25664     -3.14159    5.54145e-05
1.46608     -3.14159    6.16533e-05
1.67552     -3.14159    6.32249e-05
1.88496     -3.14159    6.28767e-05
2.0944     -3.14159    6.30972e-05
2.30383     -3.14159    6.42065e-05
2.51327     -3.14159    6.45796e-05
2.72271     -3.14159    6.1951e-05
2.93215     -3.14159    5.5407e-05
3.14159     -3.14159    4.64513e-05

-3.14159     -2.93215    3.97519e-05
-2.93215     -2.93215    5.01144e-05
-2.72271     -2.93215    5.81532e-05
-2.51327     -2.93215    6.23717e-05
-2.30383     -2.93215    6.37177e-05
-2.0944     -2.93215    6.35377e-05
-1.88496     -2.93215    6.26685e-05
-1.67552     -2.93215    6.13989e-05
-1.46608     -2.93215    5.83642e-05
-1.25664     -2.93215    5.1091e-05
-1.0472     -2.93215    4.029e-05
-0.837758     -2.93215    2.98501e-05
-0.628319     -2.93215    2.20328e-05
-0.418879     -2.93215    1.70617e-05
-0.20944     -2.93215    1.44296e-05
0     -2.93215    1.3673e-05
0.20944     -2.93215    1.44403e-05
0.418879     -2.93215    1.70701e-05
0.628319     -2.93215    2.20325e-05
0.837758     -2.93215    2.98506e-05
1.0472     -2.93215    4.02908e-05
1.25664     -2.93215    5.1091e-05
1.46608     -2.93215    5.8364e-05
1.67552     -2.93215    6.13987e-05
1.88496     -2.93215    6.26682e-05
2.0944     -2.93215    6.35379e-05
2.30383     -2.93215    6.37171e-05
2.51327     -2.93215    6.2372e-05
2.72271     -2.93215    5.81526e-05
2.93215     -2.93215    5.01138e-05
3.14159     -2.93215    3.97516e-05

-3.14159     -2.72271    3.53165e-05
-2.93215     -2.72271    4.57944e-05
-2.72271     -2.72271    5.33637e-05
-2.51327     -2.72271    5.68801e-05
-2.30383     -2.72271    5.78806e-05
-2.0944     -2.72271    5.81453e-05
-1.88496     -2.72271    5.81298e-05
-1.67552     -2.72271    5.73992e-05
-1.46608     -2.72271    5.46416e-05
-1.25664     -2.72271    4.76818e-05
-1.0472     -2.72271    3.67589e-05
-0.837758     -2.72271    2.60269e-05
-0.628319     -2.72271    1.83243e-05
-0.418879     -2.72271    1.37356e-05
-0.20944     -2.72271    1.13929e-05
0     -2.72271    1.0525e-05
0.20944     -2.72271    1.13824e-05
0.418879     -2.72271    1.37197e-05
0.628319     -2.72271    1.83253e-05
0.837758     -2.72271    2.60264e-05
1.0472     -2.72271    3.67597e-05
1.25664     -2.72271    4.76816e-05
1.46608     -2.72271    5.46422e-05
1.67552     -2.72271    5.73993e-05
1.88496     -2.72271    5.81298e-05
2.0944     -2.72271    5.81443e-05
2.30383     -2.72271    5.78801e-05
2.51327     -2.72271    5.6879e-05
2.72271     -2.72271    5.33635e-05
2.93215     -2.72271    4.57936e-05
3.14159     -2.72271    3.53163e-05

-3.14159     -2.51327    3.32906e-05
-2.93215     -2.51327    4.26539e-05
-2.72271     -2.51327    4.79735e-05
-2.51327     -2.51327    4.89706e-05
-2.30383     -2.51327    4.80451e-05
-2.0944     -2.51327    4.7871e-05
-1.88496     -2.51327    4.9242e-05
-1.67552     -2.51327    5.07764e-05
-1.46608     -2.51327    5.00571e-05
-1.25664     -2.51327    4.47874e-05
-1.0472     -2.51327    3.47905e-05
-0.837758     -2.51327    2.42263e-05
-0.628319     -2.51327    1.66264e-05
-0.418879     -2.51327    1.2273e-05
-0.20944     -2.51327    1.01342e-05
0     -2.51327    9.82325e-06
0.20944     -2.51327    1.01406e-05
0.418879     -2.51327    1.22942e-05
0.628319     -2.51327    1.66264e-05
0.837758     -2.51327    2.42276e-05
1.0472     -2.51327    3.47907e-05
1.25664     -2.51327    4.47878e-05
1.46608     -2.51327    5.00576e-05
1.67552     -2.51327    5.07766e-05
1.88496     -2.51327    4.92425e-05
2.0944     -2.51327    4.78699e-05
2.30383     -2.51327    4.80444e-05
2.51327     -2.51327    4.89704e-05
2.72271     -2.51327    4.79729e-05
2.93215     -2.51327    4.2653e-05
3.14159     -2.51327    3.32905e-05

-3.14159     -2.30383    3.31419e-05
-2.93215     -2.30383    3.99549e-05
-2.72271     -2.30383    4.16343e-05
-2.51327     -2.30383    3.93999e-05
-2.30383     -2.30383    3.66377e-05
-2.0944     -2.30383    3.59147e-05
-1.88496     -2.30383    3.79013e-05
-1.67552     -2.30383    4.13901e-05
-1.46608     -2.30383    4.35498e-05
-1.25664     -2.30383    4.1178e-05
-1.0472     -2.30383    3.33592e-05
-0.837758     -2.30383    2.35853e-05
-0.628319     -2.30383    1.61008e-05
-0.418879     -2.30383    1.17497e-05
-0.20944     -2.30383    9.67229e-06
0     -2.30383    8.67559e-06
0.20944     -2.30383    9.67444e-06
0.418879     -2.30383    1.17272e-05
0.628319     -2.30383    1.61011e-05
0.837758     -2.30383    2.35854e-05
1.0472     -2.30383    3.33596e-05
1.25664     -2.30383    4.1178e-05
1.46608     -2.30383    4.35505e-05
1.67552     -2.30383    4.13908e-05
1.88496     -2.30383    3.79018e-05
2.0944     -2.30383    3.59142e-05
2.30383     -2.30383    3.66376e-05
2.51327     -2.30383    3.94001e-05
2.72271     -2.30383    4.16326e-05
2.93215     -2.30383    3.99532e-05
3.14159     -2.30383    3.31415e-05

-3.14159     -2.0944    3.39426e-05
-2.93215     -2.0944    3.69055e-05
-2.72271     -2.0944    3.45005e-05
-2.51327     -2.0944    2.97511e-05
-2.30383     -2.0944    2.61858e-05
-2.0944     -2.0944    2.52696e-05
-1.88496     -2.0944    2.70702e-05
-1.67552     -2.0944    3.09228e-05
-1.46608     -2.0944    3.50011e-05
-1.25664     -2.0944    3.58895e-05
-1.0472     -2.0944    3.13096e-05
-0.837758     -2.0944    2.32743e-05
-0.628319     -2.0944    1.61223e-05
-0.418879     -2.0944    1.17062e-05
-0.20944     -2.0944    9.52674e-06
0     -2.0944    9.33324e-06
0.20944     -2.0944    9.51305e-06
0.418879     -2.0944    1.17263e-05
0.628319     -2.0944    1.61241e-05
0.837758     -2.0944    2.32756e-05
1.0472     -2.0944    3.131e-05
1.25664     -2.0944    3.58897e-05
1.46608     -2.0944    3.50018e-05
1.67552     -2.0944    3.09233e-05
1.88496     -2.0944    2.70703e-05
2.0944     -2.0944    2.5269e-05
2.30383     -2.0944    2.61856e-05
2.51327     -2.0944    2.97502e-05
2.72271     -2.0944    3.45007e-05
2.93215     -2.0944    3.69044e-05
3.14159     -2.0944    3.39417e-05

-3.14159     -1.88496    3.46159e-05
-2.93215     -1.88496    3.31575e-05
-2.72271     -1.88496    2.74726e-05
-2.51327     -1.88496    2.17252e-05
-2.30383     -1.88496    1.83868e-05
-2.0944     -1.88496    1.75744e-05
-1.88496     -1.88496    1.88463e-05
-1.67552     -1.88496    2.19405e-05
-1.46608     -1.88496    2.61169e-05
-1.25664     -1.88496    2.91044e-05
-1.0472     -1.88496    2.79049e-05
-0.837758     -1.88496    2.24648e-05
-0.628319     -1.88496    1.61919e-05
-0.418879     -1.88496    1.17542e-05
-0.20944     -1.88496    9.47396e-06
0     -1.88496    8.43975e-06
0.20944     -1.88496    9.50133e-06
0.418879     -1.88496    1.17403e-05
0.628319     -1.88496    1.61901e-05
0.837758     -1.88496    2.24653e-05
1.0472     -1.88496    2.79045e-05
1.25664     -1.88496    2.91055e-05
1.46608     -1.88496    2.61173e-05
1.67552     -1.88496    2.19405e-05
1.88496     -1.88496    1.88463e-05
2.0944     -1.88496    1.75741e-05
2.30383     -1.88496    1.83864e-05
2.51327     -1.88496    2.17247e-05
2.72271     -1.88496    2.74726e-05
2.93215     -1.88496    3.31568e-05
3.14159     -1.88496    3.46148e-05

-3.14159     -1.67552    3.44695e-05
-2.93215     -1.67552    2.90378e-05
-2.72271     -1.67552    2.16969e-05
-2.51327     -1.67552    1.62392e-05
-2.30383     -1.67552    1.35202e-05
-2.0944     -1.67552    1.28571e-05
-1.88496     -1.67552    1.36309e-05
-1.67552     -1.67552    1.56811e-05
-1.46608     -1.67552    1.88777e-05
-1.25664     -1.67552    2.22013e-05
-1.0472     -1.67552    2.32928e-05
-0.837758     -1.67552    2.0623e-05
-0.628319     -1.67552    1.58515e-05
-0.418879     -1.67552    1.17308e-05
-0.20944     -1.67552    9.3577e-06
0     -1.67552    8.75567e-06
0.20944     -1.67552    9.31813e-06
0.418879     -1.67552    1.17363e-05
0.628319     -1.67552    1.58558e-05
0.837758     -1.67552    2.06228e-05
1.0472     -1.67552    2.32936e-05
1.25664     -1.67552    2.22008e-05
1.46608     -1.67552    1.88782e-05
1.67552     -1.67552    1.56813e-05
1.88496     -1.67552    1.36309e-05
2.0944     -1.67552    1.28569e-05
2.30383     -1.67552    1.35198e-05
2.51327     -1.67552    1.62388e-05
2.72271     -1.67552    2.16961e-05
2.93215     -1.67552    2.9037e-05
3.14159     -1.67552    3.44684e-05

-3.14159     -1.46608    3.36516e-05
-2.93215     -1.46608    2.55204e-05
-2.72271     -1.46608    1.79078e-05
-2.51327     -1.46608    1.31693e-05
-2.30383     -1.46608    1.09658e-05
-2.0944     -1.46608    1.03469e-05
-1.88496     -1.46608    1.07162e-05
-1.67552     -1.46608    1.18854e-05
-1.46608     -1.46608    1.39049e-05
-1.25664     -1.46608    1.64929e-05
-1.0472     -1.46608    1.83366e-05
-0.837758     -1.46608    1.77211e-05
-0.628319     -1.46608    1.47153e-05
-0.418879     -1.46608    1.12946e-05
-0.20944     -1.46608    9.02963e-06
0     -1.46608    8.41675e-06
0.20944     -1.46608    9.07684e-06
0.418879     -1.46608    1.12999e-05
0.628319     -1.46608    1.47125e-05
0.837758     -1.46608    1.77212e-05
1.0472     -1.46608    1.83359e-05
1.25664     -1.46608    1.64928e-05
1.46608     -1.46608    1.3905e-05
1.67552     -1.46608    1.18851e-05
1.88496     -1.46608    1.07158e-05
2.0944     -1.46608    1.03467e-05
2.30383     -1.46608    1.09654e-05
2.51327     -1.46608    1.3169e-05
2.72271     -1.46608    1.79073e-05
2.93215     -1.46608    2.55196e-05
3.14159     -1.46608    3.36508e-05

-3.14159     -1.25664    3.3033e-05
-2.93215     -1.25664    2.35781e-05
-2.72271     -1.25664    1.62542e-05
-2.51327     -1.25664    1.20399e-05
-2.30383     -1.25664    1.00495e-05
-2.0944     -1.25664    9.31634e-06
-1.88496     -1.25664    9.30283e-06
-1.67552     -1.25664    9.81239e-06
-1.46608     -1.25664    1.08701e-05
-1.25664     -1.25664    1.24352e-05
-1.0472     -1.25664    1.39829e-05
-0.837758     -1.25664    1.42802e-05
-0.628319     -1.25664    1.27204e-05
-0.418879     -1.25664    1.01871e-05
-0.20944     -1.25664    8.24681e-06
0     -1.25664    6.98825e-06
0.20944     -1.25664    8.19915e-06
0.418879     -1.25664    1.01734e-05
0.628319     -1.25664    1.27247e-05
0.837758     -1.25664    1.42794e-05
1.0472     -1.25664    1.39833e-05
1.25664     -1.25664    1.24357e-05
1.46608     -1.25664    1.08709e-05
1.67552     -1.25664    9.81231e-06
1.88496     -1.25664    9.30285e-06
2.0944     -1.25664    9.31639e-06
2.30383     -1.25664    1.00495e-05
2.51327     -1.25664    1.20396e-05
2.72271     -1.25664    1.62537e-05
2.93215     -1.25664    2.35775e-05
3.14159     -1.25664    3.30327e-05

-3.14159     -1.0472    3.37047e-05
-2.93215     -1.0472    2.37782e-05
-2.72271     -1.0472    1.66722e-05
-2.51327     -1.0472    1.25373e-05
-2.30383     -1.0472    1.03929e-05
-2.0944     -1.0472    9.37405e-06
-1.88496     -1.0472    8.93839e-06
-1.67552     -1.0472    8.90522e-06
-1.46608     -1.0472    9.20514e-06
-1.25664     -1.0472    9.88951e-06
-1.0472     -1.0472    1.06737e-05
-0.837758     -1.0472    1.10046e-05
-0.628319     -1.0472    1.01441e-05
-0.418879     -1.0472    8.4536e-06
-0.20944     -1.0472    6.7624e-06
0     -1.0472    7.37382e-06
0.20944     -1.0472    6.79551e-06
0.418879     -1.0472    8.47661e-06
0.628319     -1.0472    1.01432e-05
0.837758     -1.0472    1.10054e-05
1.0472     -1.0472    1.06746e-05
1.25664     -1.0472    9.88956e-06
1.46608     -1.0472    9.20504e-06
1.67552     -1.0472    8.90544e-06
1.88496     -1.0472    8.9383e-06
2.0944     -1.0472    9.37396e-06
2.30383     -1.0472    1.03928e-05
2.51327     -1.0472    1.25372e-05
2.72271     -1.0472    1.6672e-05
2.93215     -1.0472    2.37781e-05
3.14159     -1.0472    3.37046e-05

-3.14159     -0.837758    3.6456e-05
-2.93215     -0.837758    2.65341e-05
-2.72271     -0.837758    1.92685e-05
-2.51327     -0.837758    1.47224e-05
-2.30383     -0.837758    1.20589e-05
-2.0944     -0.837758    1.05043e-05
-1.88496     -0.837758    9.56569e-06
-1.67552     -0.837758    8.97025e-06
-1.46608     -0.837758    8.61434e-06
-1.25664     -0.837758    8.51368e-06
-1.0472     -0.837758    8.51818e-06
-0.837758     -0.837758    8.24937e-06
-0.628319     -0.837758    7.38305e-06
-0.418879     -0.837758    5.7337e-06
-0.20944     -0.837758    4.26674e-06
0     -0.837758    2.16824e-06
0.20944     -0.837758    4.26135e-06
0.418879     -0.837758    5.69011e-06
0.628319     -0.837758    7.38818e-06
0.837758     -0.837758    8.24871e-06
1.0472     -0.837758    8.51938e-06
1.25664     -0.837758    8.51353e-06
1.46608     -0.837758    8.61406e-06
1.67552     -0.837758    8.96998e-06
1.88496     -0.837758    9.56564e-06
2.0944     -0.837758    1.0504e-05
2.30383     -0.837758    1.20587e-05
2.51327     -0.837758    1.47224e-05
2.72271     -0.837758    1.9268e-05
2.93215     -0.837758    2.65339e-05
3.14159     -0.837758    3.64557e-05

-3.14159     -0.628319    4.17137e-05
-2.93215     -0.628319    3.21003e-05
-2.72271     -0.628319    2.45305e-05
-2.51327     -0.628319    1.91406e-05
-2.30383     -0.628319    1.55531e-05
-2.0944     -0.628319    1.31383e-05
-1.88496     -0.628319    1.14399e-05
-1.67552     -0.628319    1.01469e-05
-1.46608     -0.628319    9.11386e-06
-1.25664     -0.628319    8.20801e-06
-1.0472     -0.628319    7.42148e-06
-0.837758     -0.628319    6.35461e-06
-0.628319     -0.628319    4.69814e-06
-0.418879     -0.628319    2.63376e-06
-0.20944     -0.628319    4.21526e-07
0     -0.628319    1.85546e-06
0.20944     -0.628319    3.6144e-07
0.418879     -0.628319    2.67376e-06
0.628319     -0.628319    4.70488e-06
0.837758     -0.628319    6.35659e-06
1.0472     -0.628319    7.42149e-06
1.25664     -0.628319    8.20703e-06
1.46608     -0.628319    9.11387e-06
1.67552     -0.628319    1.01467e-05
1.88496     -0.628319    1.14399e-05
2.0944     -0.628319    1.31381e-05
2.30383     -0.628319    1.55531e-05
2.51327     -0.628319    1.91402e-05
2.72271     -0.628319    2.453e-05
2.93215     -0.628319    3.21004e-05
3.14159     -0.628319    4.17135e-05

-3.14159     -0.418879    4.87355e-05
-2.93215     -0.418879    4.02118e-05
-2.72271     -0.418879    3.25876e-05
-2.51327     -0.418879    2.63347e-05
-2.30383     -0.418879    2.14798e-05
-2.0944     -0.418879    1.78078e-05
-1.88496     -0.418879    1.49551e-05
-1.67552     -0.418879    1.26516e-05
-1.46608     -0.418879    1.06734e-05
-1.25664     -0.418879    8.87858e-06
-1.0472     -0.418879    7.10429e-06
-0.837758     -0.418879    5.08781e-06
-0.628319     -0.418879    2.29206e-06
-0.418879     -0.418879    1.49253e-06
-0.20944     -0.418879    4.67068e-06
0     -0.418879    9.2961e-06
0.20944     -0.418879    5.07561e-06
0.418879     -0.418879    1.6376e-06
0.628319     -0.418879    2.26777e-06
0.837758     -0.418879    5.0889e-06
1.0472     -0.418879    7.10268e-06
1.25664     -0.418879    8.87892e-06
1.46608     -0.418879    1.06723e-05
1.67552     -0.418879    1.26516e-05
1.88496     -0.418879    1.49545e-05
2.0944     -0.418879    1.78074e-05
2.30383     -0.418879    2.14794e-05
2.51327     -0.418879    2.63339e-05
2.72271     -0.418879    3.25871e-05
2.93215     -0.418879    4.02119e-05
3.14159     -0.418879    4.87355e-05

-3.14159     -0.20944    5.44116e-05
-2.93215     -0.20944    4.77573e-05
-2.72271     -0.20944    4.09265e-05
-2.51327     -0.20944    3.44271e-05
-2.30383     -0.20944    2.85682e-05
-2.0944     -0.20944    2.3568e-05
-1.88496     -0.20944    1.93937e-05
-1.67552     -0.20944    1.58673e-05
-1.46608     -0.20944    1.28035e-05
-1.25664     -0.20944    1.00484e-05
-1.0472     -0.20944    7.34591e-06
-0.837758     -0.20944    4.32579e-06
-0.628319     -0.20944    4.07525e-07
-0.418879     -0.20944    4.90152e-06
-0.20944     -0.20944    9.92654e-06
0     -0.20944    1.18853e-05
0.20944     -0.20944    1.14015e-05
0.418879     -0.20944    5.29343e-06
0.628319     -0.20944    4.30944e-07
0.837758     -0.20944    4.31955e-06
1.0472     -0.20944    7.35438e-06
1.25664     -0.20944    1.00494e-05
1.46608     -0.20944    1.28054e-05
1.67552     -0.20944    1.58675e-05
1.88496     -0.20944    1.93944e-05
2.0944     -0.20944    2.35674e-05
2.30383     -0.20944    2.85681e-05
2.51327     -0.20944    3.4427e-05
2.72271     -0.20944    4.09266e-05
2.93215     -0.20944    4.77572e-05
3.14159     -0.20944    5.44117e-05

-3.14159     0    5.63751e-05
-2.93215     0    5.07121e-05
-2.72271     0    4.45989e-05
-2.51327     0    3.81851e-05
-2.30383     0    3.20179e-05
-2.0944     0    2.64384e-05
-1.88496     0    2.16104e-05
-1.67552     0    1.74807e-05
-1.46608     0    1.3901e-05
-1.25664     0    1.06766e-05
-1.0472     0    7.59351e-06
-0.837758     0    4.14765e-06
-0.628319     0    3.48835e-07
-0.418879     0    5.85361e-06
-0.20944     0    1.34e-05
0     0    9.38782e-17
0.20944     0    1.34e-05
0.418879     0    5.85361e-06
0.628319     0    3.48835e-07
0.837758     0    4.14765e-06
1.0472     0    7.59351e-06
1.25664     0    1.06766e-05
1.46608     0    1.3901e-05
1.67552     0    1.74807e-05
1.88496     0    2.16104e-05
2.0944     0    2.64384e-05
2.30383     0    3.20179e-05
2.51327     0    3.81851e-05
2.72271     0    4.45989e-05
2.93215     0    5.07121e-05
3.14159     0    5.63751e-05

-3.14159     0.20944    5.44117e-05
-2.93215     0.20944    4.77572e-05
-2.72271     0.20944    4.09266e-05
-2.51327     0.20944    3.4427e-05
-2.30383     0.20944    2.85681e-05
-2.0944     0.20944    2.35674e-05
-1.88496     0.20944    1.93944e-05
-1.67552     0.20944    1.58675e-05
-1.46608     0.20944    1.28054e-05
-1.25664     0.20944    1.00494e-05
-1.0472     0.20944    7.35438e-06
-0.837758     0.20944    4.31955e-06
-0.628319     0.20944    4.30944e-07
-0.418879     0.20944    5.29343e-06
-0.20944     0.20944    1.14015e-05
0     0.20944    1.18853e-05
0.20944     0.20944    9.92654e-06
0.418879     0.20944    4.90152e-06
0.628319     0.20944    4.07525e-07
0.837758     0.20944    4.32579e-06
1.0472     0.20944    7.34591e-06
1.25664     0.20944    1.00484e-05
1.46608     0.20944    1.28035e-05
1.67552     0.20944    1.58673e-05
1.88496     0.20944    1.93937e-05
2.0944     0.20944    2.3568e-05
2.30383     0.20944    2.85682e-05
2.51327     0.20944    3.44271e-05
2.72271     0.20944    4.09265e-05
2.93215     0.20944    4.77573e-05
3.14159     0.20944    5.44116e-05

-3.14159     0.418879    4.87355e-05
-2.93215     0.418879    4.02119e-05
-2.72271     0.418879    3.25871e-05
-2.51327     0.418879    2.63339e-05
-2.30383     0.418879    2.14794e-05
-2.0944     0.418879    1.78074e-05
-1.88496     0.418879    1.49545e-05
-1.67552     0.418879    1.26516e-05
-1.46608     0.418879    1.06723e-05
-1.25664     0.418879    8.87892e-06
-1.0472     0.418879    7.10268e-06
-0.837758     0.418879    5.0889e-06
-0.628319     0.418879    2.26777e-06
-0.418879     0.418879    1.6376e-06
-0.20944     0.418879    5.07561e-06
0     0.418879    9.2961e-06
0.20944     0.418879    4.67068e-06
0.418879     0.418879    1.49253e-06
0.628319     0.418879    2.29206e-06
0.837758     0.418879    5.08781e-06
1.0472     0.418879    7.10429e-06
1.25664     0.418879    8.87858e-06
1.46608     0.418879    1.06734e-05
1.67552     0.418879    1.26516e-05
1.88496     0.418879    1.49551e-05
2.0944     0.418879    1.78078e-05
2.30383     0.418879    2.14798e-05
2.51327     0.418879    2.63347e-05
2.72271     0.418879    3.25876e-05
2.93215     0.418879    4.02118e-05
3.14159     0.418879    4.87355e-05

-3.14159     0.628319    4.17135e-05
-2.93215     0.628319    3.21004e-05
-2.72271     0.628319    2.453e-05
-2.51327     0.628319    1.91402e-05
-2.30383     0.628319    1.55531e-05
-2.0944     0.628319    1.31381e-05
-1.88496     0.628319    1.14399e-05
-1.67552     0.628319    1.01467e-05
-1.46608     0.628319    9.11387e-06
-1.25664     0.628319    8.20703e-06
-1.0472     0.628319    7.42149e-06
-0.837758     0.628319    6.35659e-06
-0.628319     0.628319    4.70488e-06
-0.418879     0.628319    2.67376e-06
-0.20944     0.628319    3.6144e-07
0     0.628319    1.85546e-06
0.20944     0.628319    4.21526e-07
0.418879     0.628319    2.63376e-06
0.628319     0.628319    4.69814e-06
0.837758     0.628319    6.35461e-06
1.0472     0.628319    7.42148e-06
1.25664     0.628319    8.20801e-06
1.46608     0.628319    9.11386e-06
1.67552     0.628319    1.01469e-05
1.88496     0.628319    1.14399e-05
2.0944     0.628319    1.31383e-05
2.30383     0.628319    1.55531e-05
2.51327     0.628319    1.91406e-05
2.72271     0.628319    2.45305e-05
2.93215     0.628319    3.21003e-05
3.14159     0.628319    4.17137e-05

-3.14159     0.837758    3.64557e-05
-2.93215     0.837758    2.65339e-05
-2.72271     0.837758    1.9268e-05
-2.51327     0.837758    1.47224e-05
-2.30383     0.837758    1.20587e-05
-2.0944     0.837758    1.0504e-05
-1.88496     0.837758    9.56564e-06
-1.67552     0.837758    8.96998e-06
-1.46608     0.837758    8.61406e-06
-1.25664     0.837758    8.51353e-06
-1.0472     0.837758    8.51938e-06
-0.837758     0.837758    8.24871e-06
-0.628319     0.837758    7.38818e-06
-0.418879     0.837758    5.69011e-06
-0.20944     0.837758    4.26135e-06
0     0.837758    2.16824e-06
0.20944     0.837758    4.26674e-06
0.418879     0.837758    5.7337e-06
0.628319     0.837758    7.38305e-06
0.837758     0.837758    8.24937e-06
1.0472     0.837758    8.51818e-06
1.25664     0.837758    8.51368e-06
1.46608     0.837758    8.61434e-06
1.67552     0.837758    8.97025e-06
1.88496     0.837758    9.56569e-06
2.0944     0.837758    1.05043e-05
2.30383     0.837758    1.20589e-05
2.51327     0.837758    1.47224e-05
2.72271     0.837758    1.92685e-05
2.93215     0.837758    2.65341e-05
3.14159     0.837758    3.6456e-05

-3.14159     1.0472    3.37046e-05
-2.93215     1.0472    2.37781e-05
-2.72271     1.0472    1.6672e-05
-2.51327     1.0472    1.25372e-05
-2.30383     1.0472    1.03928e-05
-2.0944     1.0472    9.37396e-06
-1.88496     1.0472    8.9383e-06
-1.67552     1.0472    8.90544e-06
-1.46608     1.0472    9.20504e-06
-1.25664     1.0472    9.88956e-06
-1.0472     1.0472    1.06746e-05
-0.837758     1.0472    1.10054e-05
-0.628319     1.0472    1.01432e-05
-0.418879     1.0472    8.47661e-06
-0.20944     1.0472    6.79551e-06
0     1.0472    7.37382e-06
0.20944     1.0472    6.7624e-06
0.418879     1.0472    8.4536e-06
0.628319     1.0472    1.01441e-05
0.837758     1.0472    1.10046e-05
1.0472     1.0472    1.06737e-05
1.25664     1.0472    9.88951e-06
1.46608     1.0472    9.20514e-06
1.67552     1.0472    8.90522e-06
1.88496     1.0472    8.93839e-06
2.0944     1.0472    9.37405e-06
2.30383     1.0472    1.03929e-05
2.51327     1.0472    1.25373e-05
2.72271     1.0472    1.66722e-05
2.93215     1.0472    2.37782e-05
3.14159     1.0472    3.37047e-05

-3.14159     1.25664    3.30327e-05
-2.93215     1.25664    2.35775e-05
-2.72271     1.25664    1.62537e-05
-2.51327     1.25664    1.20396e-05
-2.30383     1.25664    1.00495e-05
-2.0944     1.25664    9.31639e-06
-1.88496     1.25664    9.30285e-06
-1.67552     1.25664    9.81231e-06
-1.46608     1.25664    1.08709e-05
-1.25664     1.25664    1.24357e-05
-1.0472     1.25664    1.39833e-05
-0.837758     1.25664    1.42794e-05
-0.628319     1.25664    1.27247e-05
-0.418879     1.25664    1.01734e-05
-0.20944     1.25664    8.19915e-06
0     1.25664    6.98825e-06
0.20944     1.25664    8.24681e-06
0.418879     1.25664    1.01871e-05
0.628319     1.25664    1.27204e-05
0.837758     1.25664    1.42802e-05
1.0472     1.25664    1.39829e-05
1.25664     1.25664    1.24352e-05
1.46608     1.25664    1.08701e-05
1.67552     1.25664    9.81239e-06
1.88496     1.25664    9.30283e-06
2.0944     1.25664    9.31634e-06
2.30383     1.25664    1.00495e-05
2.51327     1.25664    1.20399e-05
2.72271     1.25664    1.62542e-05
2.93215     1.25664    2.35781e-05
3.14159     1.25664    3.3033e-05

-3.14159     1.46608    3.36508e-05
-2.93215     1.46608    2.55196e-05
-2.72271     1.46608    1.79073e-05
-2.51327     1.46608    1.3169e-05
-2.30383     1.46608    1.09654e-05
-2.0944     1.46608    1.03467e-05
-1.88496     1.46608    1.07158e-05
-1.67552     1.46608    1.18851e-05
-1.46608     1.46608    1.3905e-05
-1.25664     1.46608    1.64928e-05
-1.0472     1.46608    1.83359e-05
-0.837758     1.46608    1.77212e-05
-0.628319     1.46608    1.47125e-05
-0.418879     1.46608    1.12999e-05
-0.20944     1.46608    9.07684e-06
0     1.46608    8.41675e-06
0.20944     1.46608    9.02963e-06
0.418879     1.46608    1.12946e-05
0.628319     1.46608    1.47153e-05
0.837758     1.46608    1.77211e-05
1.0472     1.46608    1.83366e-05
1.25664     1.46608    1.64929e-05
1.46608     1.46608    1.39049e-05
1.67552     1.46608    1.18854e-05
1.88496     1.46608    1.07162e-05
2.0944     1.46608    1.03469e-05
2.30383     1.46608    1.09658e-05
2.51327     1.46608    1.31693e-05
2.72271     1.46608    1.79078e-05
2.93215     1.46608    2.55204e-05
3.14159     1.46608    3.36516e-05

-3.14159     1.67552    3.44684e-05
-2.93215     1.67552    2.9037e-05
-2.72271     1.67552    2.16961e-05
-2.51327     1.67552    1.62388e-05
-2.30383     1.67552    1.35198e-05
-2.0944     1.67552    1.28569e-05
-1.88496     1.67552    1.36309e-05
-1.67552     1.67552    1.56813e-05
-1.46608     1.67552    1.88782e-05
-1.25664     1.67552    2.22008e-05
-1.0472     1.67552    2.32936e-05
-0.837758     1.67552    2.06228e-05
-0.628319     1.67552    1.58558e-05
-0.418879     1.67552    1.17363e-05
-0.20944     1.67552    9.31813e-06
0     1.67552    8.75567e-06
0.20944     1.67552    9.3577e-06
0.418879     1.67552    1.17308e-05
0.628319     1.67552    1.58515e-05
0.837758     1.67552    2.0623e-05
1.0472     1.67552    2.32928e-05
1.25664     1.67552    2.22013e-05
1.46608     1.67552    1.88777e-05
1.67552     1.67552    1.56811e-05
1.88496     1.67552    1.36309e-05
2.0944     1.67552    1.28571e-05
2.30383     1.67552    1.35202e-05
2.51327     1.67552    1.62392e-05
2.72271     1.67552    2.16969e-05
2.93215     1.67552    2.90378e-05
3.14159     1.67552    3.44695e-05

-3.14159     1.88496    3.46148e-05
-2.93215     1.88496    3.31568e-05
-2.72271     1.88496    2.74726e-05
-2.51327     1.88496    2.17247e-05
-2.30383     1.88496    1.83864e-05
-2.0944     1.88496    1.75741e-05
-1.88496     1.88496    1.88463e-05
-1.67552     1.88496    2.19405e-05
-1.46608     1.88496    2.61173e-05
-1.25664     1.88496    2.91055e-05
-1.0472     1.88496    2.79045e-05
-0.837758     1.88496    2.24653e-05
-0.628319     1.88496    1.61901e-05
-0.418879     1.88496    1.17403e-05
-0.20944     1.88496    9.50133e-06
0     1.88496    8.43975e-06
0.20944     1.88496    9.47396e-06
0.418879     1.88496    1.17542e-05
0.628319     1.88496    1.61919e-05
0.837758     1.88496    2.24648e-05
1.0472     1.88496    2.79049e-05
1.25664     1.88496    2.91044e-05
1.46608     1.88496    2.61169e-05
1.67552     1.88496    2.19405e-05
1.88496     1.88496    1.88463e-05
2.0944     1.88496    1.75744e-05
2.30383     1.88496    1.83868e-05
2.51327     1.88496    2.17252e-05
2.72271     1.88496    2.74726e-05
2.93215     1.88496    3.31575e-05
3.14159     1.88496    3.46159e-05

-3.14159     2.0944    3.39417e-05
-2.93215     2.0944    3.69044e-05
-2.72271     2.0944    3.45007e-05
-2.51327     2.0944    2.97502e-05
-2.30383     2.0944    2.61856e-05
-2.0944     2.0944    2.5269e-05
-1.88496     2.0944    2.70703e-05
-1.67552     2.0944    3.09233e-05
-1.46608     2.0944    3.50018e-05
-1.25664     2.0944    3.58897e-05
-1.0472     2.0944    3.131e-05
-0.837758     2.0944    2.32756e-05
-0.628319     2.0944    1.61241e-05
-0.418879     2.0944    1.17263e-05
-0.20944     2.0944    9.51305e-06
0     2.0944    9.33324e-06
0.20944     2.0944    9.52674e-06
0.418879     2.0944    1.17062e-05
0.628319     2.0944    1.61223e-05
0.837758     2.0944    2.32743e-05
1.0472     2.0944    3.13096e-05
1.25664     2.0944    3.58895e-05
1.46608     2.0944    3.50011e-05
1.67552     2.0944    3.09228e-05
1.88496     2.0944    2.70702e-05
2.0944     2.0944    2.52696e-05
2.30383     2.0944    2.61858e-05
2.51327     2.0944    2.97511e-05
2.72271     2.0944    3.45005e-05
2.93215     2.0944    3.69055e-05
3.14159     2.0944    3.39426e-05

-3.14159     2.30383    3.31415e-05
-2.93215     2.30383    3.99532e-05
-2.72271     2.30383    4.16326e-05
-2.51327     2.30383    3.94001e-05
-2.30383     2.30383    3.66376e-05
-2.0944     2.30383    3.59142e-05
-1.88496     2.30383    3.79018e-05
-1.67552     2.30383    4.13908e-05
-1.46608     2.30383    4.35505e-05
-1.25664     2.30383    4.1178e-05
-1.0472     2.30383    3.33596e-05
-0.837758     2.30383    2.35854e-05
-0.628319     2.30383    1.61011e-05
-0.418879     2.30383    1.17272e-05
-0.20944     2.30383    9.67444e-06
0     2.30383    8.67559e-06
0.20944     2.30383    9.67229e-06
0.418879     2.30383    1.17497e-05
0.628319     2.30383    1.61008e-05
0.837758     2.30383    2.35853e-05
1.0472     2.30383    3.33592e-05
1.25664     2.30383    4.1178e-05
1.46608     2.30383    4.35498e-05
1.67552     2.30383    4.13901e-05
1.88496     2.30383    3.79013e-05
2.0944     2.30383    3.59147e-05
2.30383     2.30383    3.66377e-05
2.51327     2.30383    3.93999e-05
2.72271     2.30383    4.16343e-05
2.93215     2.30383    3.99549e-05
3.14159     2.30383    3.31419e-05

-3.14159     2.51327    3.32905e-05
-2.93215     2.51327    4.2653e-05
-2.72271     2.51327    4.79729e-05
-2.51327     2.51327    4.89704e-05
-2.30383     2.51327    4.80444e-05
-2.0944     2.51327    4.78699e-05
-1.88496     2.51327    4.92425e-05
-1.67552     2.51327    5.07766e-05
-1.46608     2.51327    5.00576e-05
-1.25664     2.51327    4.47878e-05
-1.0472     2.51327    3.47907e-05
-0.837758     2.51327    2.42276e-05
-0.628319     2.51327    1.66264e-05
-0.418879     2.51327    1.22942e-05
-0.20944     2.51327    1.01406e-05
0     2.51327    9.82325e-06
0.20944     2.51327    1.01342e-05
0.418879     2.51327    1.2273e-05
0.628319     2.51327    1.66264e-05
0.837758     2.51327    2.42263e-05
1.0472     2.51327    3.47905e-05
1.25664     2.51327    4.47874e-05
1.46608     2.51327    5.00571e-05
1.67552     2.51327    5.07764e-05
1.88496     2.51327    4.9242e-05
2.0944     2.51327    4.7871e-05
2.30383     2.51327    4.80451e-05
2.51327     2.51327    4.89706e-05
2.72271     2.51327    4.79735e-05
2.93215     2.51327    4.26539e-05
3.14159     2.51327    3.32906e-05

-3.14159     2.72271    3.53163e-05
-2.93215     2.72271    4.57936e-05
-2.72271     2.72271    5.33635e-05
-2.51327     2.72271    5.6879e-05
-2.30383     2.72271    5.78801e-05
-2.0944     2.72271    5.81443e-05
-1.88496     2.72271    5.81298e-05
-1.67552     2.72271    5.73993e-05
-1.46608     2.72271    5.46422e-05
-1.25664     2.72271    4.76816e-05
-1.0472     2.72271    3.67597e-05
-0.837758     2.72271    2.60264e-05
-0.628319     2.72271    1.83253e-05
-0.418879     2.72271    1.37197e-05
-0.20944     2.72271    1.13824e-05
0     2.72271    1.0525e-05
0.20944     2.72271    1.13929e-05
0.418879     2.72271    1.37356e-05
0.628319     2.72271    1.83243e-05
0.837758     2.72271    2.60269e-05
1.0472     2.72271    3.67589e-05
1.25664     2.72271    4.76818e-05
1.46608     2.72271    5.46416e-05
1.67552     2.72271    5.73992e-05
1.88496     2.72271    5.81298e-05
2.0944     2.72271    5.81453e-05
2.30383     2.72271    5.78806e-05
2.51327     2.72271    5.68801e-05
2.72271     2.72271    5.33637e-05
2.93215     2.72271    4.57944e-05
3.14159     2.72271    3.53165e-05

-3.14159     2.93215    3.97516e-05
-2.93215     2.93215    5.01138e-05
-2.72271     2.93215    5.81526e-05
-2.51327     2.93215    6.2372e-05
-2.30383     2.93215    6.37171e-05
-2.0944     2.93215    6.35379e-05
-1.88496     2.93215    6.26682e-05
-1.67552     2.93215    6.13987e-05
-1.46608     2.93215    5.8364e-05
-1.25664     2.93215    5.1091e-05
-1.0472     2.93215    4.02908e-05
-0.837758     2.93215    2.98506e-05
-0.628319     2.93215    2.20325e-05
-0.418879     2.93215    1.70701e-05
-0.20944     2.93215    1.44403e-05
0     2.93215    1.3673e-05
0.20944     2.93215    1.44296e-05
0.418879     2.93215    1.70617e-05
0.628319     2.93215    2.20328e-05
0.837758     2.93215    2.98501e-05
1.0472     2.93215    4.029e-05
1.25664     2.93215    5.1091e-05
1.46608     2.93215    5.83642e-05
1.67552     2.93215    6.13989e-05
1.88496     2.93215    6.26685e-05
2.0944     2.93215    6.35377e-05
2.30383     2.93215    6.37177e-05
2.51327     2.93215    6.23717e-05
2.72271     2.93215    5.81532e-05
2.93215     2.93215    5.01144e-05
3.14159     2.93215    3.97519e-05

-3.14159     3.14159    4.64513e-05
-2.93215     3.14159    5.5407e-05
-2.72271     3.14159    6.1951e-05
-2.51327     3.14159    6.45796e-05
-2.30383     3.14159    6.42065e-05
-2.0944     3.14159    6.30972e-05
-1.88496     3.14159    6.28767e-05
-1.67552     3.14159    6.32249e-05
-1.46608     3.14159    6.16533e-05
-1.25664     3.14159    5.54145e-05
-1.0472     3.14159    4.57708e-05
-0.837758     3.14159    3.62118e-05
-0.628319     3.14159    2.85735e-05
-0.418879     3.14159    2.33303e-05
-0.20944     3.14159    2.03826e-05
0     3.14159    1.94737e-05
0.20944     3.14159    2.03902e-05
0.418879     3.14159    2.33296e-05
0.628319     3.14159    2.85729e-05
0.837758     3.14159    3.62116e-05
1.0472     3.14159    4.57713e-05
1.25664     3.14159    5.54145e-05
1.46608     3.14159    6.16535e-05
1.67552     3.14159    6.32251e-05
1.88496     3.14159    6.28767e-05
2.0944     3.14159    6.3097e-05
2.30383     3.14159    6.42075e-05
2.51327     3.14159    6.45802e-05
2.72271     3.14159    6.19515e-05
2.93215     3.14159    5.5407e-05
3.14159     3.14159    4.64513e-05

