-3.14159     -3.14159    2.99837e-05
-2.93215     -3.14159    5.00965e-05
-2.72271     -3.14159    7.34667e-05
-2.51327     -3.14159    9.21968e-05
-2.30383     -3.14159    9.42869e-05
-2.0944     -3.14159    8.39352e-05
-1.88496     -3.14159    7.65814e-05
-1.67552     -3.14159    7.37521e-05
-1.46608     -3.14159    7.10085e-05
-1.25664     -3.14159    5.0083e-05
-1.0472     -3.14159    3.30765e-05
-0.837758     -3.14159    1.9825e-05
-0.628319     -3.14159    1.14088e-05
-0.418879     -3.14159    4.60985e-06
-0.20944     -3.14159    1.55539e-06
0     -3.14159    2.8096e-07
0.20944     -3.14159    1.53546e-06
0.418879     -3.14159    4.61163e-06
0.628319     -3.14159    1.14051e-05
0.837758     -3.14159    1.98378e-05
1.0472     -3.14159    3.3075e-05
1.25664     -3.14159    5.00783e-05
1.46608     -3.14159    7.10073e-05
1.67552     -3.14159    7.37548e-05
1.88496     -3.14159    7.65859e-05
2.0944     -3.14159    8.39363e-05
2.30383     -3.14159    9.42922e-05
2.51327     -3.14159    9.21973e-05
2.72271     -3.14159    7.34666e-05
2.93215     -3.14159    5.00955e-05
3.14159     -3.14159    2.9977e-05

-3.14159     -2.93215    2.15297e-05
-2.93215     -2.93215    4.39043e-05
-2.72271     -2.93215    6.34606e-05
-2.51327     -2.93215    7.52888e-05
-2.30383     -2.93215    8.40507e-05
-2.0944     -2.93215    8.23916e-05
-1.88496     -2.93215    7.10568e-05
-1.67552     -2.93215    6.34531e-05
-1.46608     -2.93215    5.80712e-05
-1.25664     -2.93215    3.88415e-05
-1.0472     -2.93215    1.90588e-05
-0.837758     -2.93215    6.18756e-06
-0.628319     -2.93215    3.14239e-06
-0.418879     -2.93215    8.37994e-06
-0.20944     -2.93215    1.05678e-05
0     -2.93215    1.01912e-05
0.20944     -2.93215    1.05388e-05
0.418879     -2.93215    8.39116e-06
0.628319     -2.93215    3.13746e-06
0.837758     -2.93215    6.19384e-06
1.0472     -2.93215    1.90543e-05
1.25664     -2.93215    3.88433e-05
1.46608     -2.93215    5.80666e-05
1.67552     -2.93215    6.34529e-05
1.88496     -2.93215    7.10555e-05
2.0944     -2.93215    8.23986e-05
2.30383     -2.93215    8.40465e-05
2.51327     -2.93215    7.52752e-05
2.72271     -2.93215    6.3457e-05
2.93215     -2.93215    4.39042e-05
3.14159     -2.93215    2.15277e-05

-3.14159     -2.72271    2.03255e-05
-2.93215     -2.72271    4.66601e-05
-2.72271     -2.72271    6.45468e-05
-2.51327     -2.72271    6.49376e-05
-2.30383     -2.72271    5.99332e-05
-2.0944     -2.72271    5.93381e-05
-1.88496     -2.72271    5.79616e-05
-1.67552     -2.72271    5.4578e-05
-1.46608     -2.72271    5.00803e-05
-1.25664     -2.72271    3.58414e-05
-1.0472     -2.72271    1.20064e-05
-0.837758     -2.72271    2.12416e-06
-0.628319     -2.72271    1.18552e-05
-0.418879     -2.72271    1.36488e-05
-0.20944     -2.72271    1.41687e-05
0     -2.72271    1.47493e-05
0.20944     -2.72271    1.41912e-05
0.418879     -2.72271    1.36303e-05
0.628319     -2.72271    1.18497e-05
0.837758     -2.72271    2.13017e-06
1.0472     -2.72271    1.20121e-05
1.25664     -2.72271    3.58468e-05
1.46608     -2.72271    5.00786e-05
1.67552     -2.72271    5.45811e-05
1.88496     -2.72271    5.79605e-05
2.0944     -2.72271    5.93389e-05
2.30383     -2.72271    5.99286e-05
2.51327     -2.72271    6.49356e-05
2.72271     -2.72271    6.4549e-05
2.93215     -2.72271    4.66607e-05
3.14159     -2.72271    2.03241e-05

-3.14159     -2.51327    2.45772e-05
-2.93215     -2.51327    4.9157e-05
-2.72271     -2.51327    6.03298e-05
-2.51327     -2.51327    5.71117e-05
-2.30383     -2.51327    4.17558e-05
-2.0944     -2.51327    3.24601e-05
-1.88496     -2.51327    3.49015e-05
-1.67552     -2.51327    4.40318e-05
-1.46608     -2.51327    4.4142e-05
-1.25664     -2.51327    3.52283e-05
-1.0472     -2.51327    8.39342e-06
-0.837758     -2.51327    6.28282e-06
-0.628319     -2.51327    1.52085e-05
-0.418879     -2.51327    1.47813e-05
-0.20944     -2.51327    1.44025e-05
0     -2.51327    1.36299e-05
0.20944     -2.51327    1.43797e-05
0.418879     -2.51327    1.4812e-05
0.628319     -2.51327    1.52131e-05
0.837758     -2.51327    6.27426e-06
1.0472     -2.51327    8.39003e-06
1.25664     -2.51327    3.52278e-05
1.46608     -2.51327    4.41433e-05
1.67552     -2.51327    4.40357e-05
1.88496     -2.51327    3.49062e-05
2.0944     -2.51327    3.24642e-05
2.30383     -2.51327    4.17564e-05
2.51327     -2.51327    5.71119e-05
2.72271     -2.51327    6.03301e-05
2.93215     -2.51327    4.91556e-05
3.14159     -2.51327    2.45719e-05

-3.14159     -2.30383    3.30688e-05
-2.93215     -2.30383    5.09944e-05
-2.72271     -2.30383    5.08144e-05
-2.51327     -2.30383    3.47088e-05
-2.30383     -2.30383    2.06663e-05
-2.0944     -2.30383    1.52821e-05
-1.88496     -2.30383    1.39621e-05
-1.67552     -2.30383    2.3088e-05
-1.46608     -2.30383    3.41511e-05
-1.25664     -2.30383    3.01745e-05
-1.0472     -2.30383    6.9346e-06
-0.837758     -2.30383    8.94368e-06
-0.628319     -2.30383    1.57656e-05
-0.418879     -2.30383    1.71237e-05
-0.20944     -2.30383    1.38662e-05
0     -2.30383    1.37415e-05
0.20944     -2.30383    1.3874e-05
0.418879     -2.30383    1.70861e-05
0.628319     -2.30383    1.57673e-05
0.837758     -2.30383    8.94158e-06
1.0472     -2.30383    6.93057e-06
1.25664     -2.30383    3.01742e-05
1.46608     -2.30383    3.41546e-05
1.67552     -2.30383    2.30861e-05
1.88496     -2.30383    1.39652e-05
2.0944     -2.30383    1.52795e-05
2.30383     -2.30383    2.06629e-05
2.51327     -2.30383    3.4713e-05
2.72271     -2.30383    5.08093e-05
2.93215     -2.30383    5.09917e-05
3.14159     -2.30383    3.30684e-05

-3.14159     -2.0944    4.16527e-05
-2.93215     -2.0944    4.71444e-05
-2.72271     -2.0944    3.64788e-05
-2.51327     -2.0944    1.76971e-05
-2.30383     -2.0944    4.59272e-06
-2.0944     -2.0944    1.53721e-06
-1.88496     -2.0944    1.24796e-06
-1.67552     -2.0944    1.4304e-06
-1.46608     -2.0944    1.14067e-05
-1.25664     -2.0944    1.8128e-05
-1.0472     -2.0944    5.20012e-06
-0.837758     -2.0944    1.00936e-05
-0.628319     -2.0944    1.53501e-05
-0.418879     -2.0944    1.78331e-05
-0.20944     -2.0944    1.39869e-05
0     -2.0944    1.28017e-05
0.20944     -2.0944    1.40382e-05
0.418879     -2.0944    1.78658e-05
0.628319     -2.0944    1.53514e-05
0.837758     -2.0944    1.00949e-05
1.0472     -2.0944    5.19793e-06
1.25664     -2.0944    1.81291e-05
1.46608     -2.0944    1.14107e-05
1.67552     -2.0944    1.4341e-06
1.88496     -2.0944    1.24194e-06
2.0944     -2.0944    1.54151e-06
2.30383     -2.0944    4.59016e-06
2.51327     -2.0944    1.76944e-05
2.72271     -2.0944    3.64807e-05
2.93215     -2.0944    4.71386e-05
3.14159     -2.0944    4.16538e-05

-3.14159     -1.88496    4.57797e-05
-2.93215     -1.88496    4.11564e-05
-2.72271     -1.88496    1.99385e-05
-2.51327     -1.88496    1.07315e-06
-2.30383     -1.88496    6.49021e-06
-2.0944     -1.88496    1.15734e-05
-1.88496     -1.88496    1.27983e-05
-1.67552     -1.88496    9.32228e-06
-1.46608     -1.88496    7.13583e-06
-1.25664     -1.88496    2.9656e-07
-1.0472     -1.88496    3.38439e-07
-0.837758     -1.88496    1.07222e-05
-0.628319     -1.88496    1.63788e-05
-0.418879     -1.88496    1.69377e-05
-0.20944     -1.88496    1.29467e-05
0     -1.88496    1.15711e-05
0.20944     -1.88496    1.28452e-05
0.418879     -1.88496    1.69124e-05
0.628319     -1.88496    1.63745e-05
0.837758     -1.88496    1.07352e-05
1.0472     -1.88496    3.46855e-07
1.25664     -1.88496    2.91717e-07
1.46608     -1.88496    7.12917e-06
1.67552     -1.88496    9.32538e-06
1.88496     -1.88496    1.27956e-05
2.0944     -1.88496    1.15781e-05
2.30383     -1.88496    6.49268e-06
2.51327     -1.88496    1.07362e-06
2.72271     -1.88496    1.99392e-05
2.93215     -1.88496    4.11568e-05
3.14159     -1.88496    4.57817e-05

-3.14159     -1.67552    4.5022e-05
-2.93215     -1.67552    2.96215e-05
-2.72271     -1.67552    5.7401e-06
-2.51327     -1.67552    7.06699e-06
-2.30383     -1.67552    1.28006e-05
-2.0944     -1.67552    1.43128e-05
-1.88496     -1.67552    1.62721e-05
-1.67552     -1.67552    1.62361e-05
-1.46608     -1.67552    1.30154e-05
-1.25664     -1.67552    1.1133e-05
-1.0472     -1.67552    6.20498e-06
-0.837758     -1.67552    8.75808e-06
-0.628319     -1.67552    1.62366e-05
-0.418879     -1.67552    1.73828e-05
-0.20944     -1.67552    1.01279e-05
0     -1.67552    1.08684e-05
0.20944     -1.67552    1.0241e-05
0.418879     -1.67552    1.73774e-05
0.628319     -1.67552    1.6248e-05
0.837758     -1.67552    8.72954e-06
1.0472     -1.67552    6.19189e-06
1.25664     -1.67552    1.11249e-05
1.46608     -1.67552    1.30137e-05
1.67552     -1.67552    1.6241e-05
1.88496     -1.67552    1.62755e-05
2.0944     -1.67552    1.43184e-05
2.30383     -1.67552    1.28004e-05
2.51327     -1.67552    7.0648e-06
2.72271     -1.67552    5.73847e-06
2.93215     -1.67552    2.96273e-05
3.14159     -1.67552    4.50236e-05

-3.14159     -1.46608    3.92513e-05
-2.93215     -1.46608    1.56506e-05
-2.72271     -1.46608    4.2679e-06
-2.51327     -1.46608    1.05018e-05
-2.30383     -1.46608    1.42e-05
-2.0944     -1.46608    1.44873e-05
-1.88496     -1.46608    1.45013e-05
-1.67552     -1.46608    1.82731e-05
-1.46608     -1.46608    1.73771e-05
-1.25664     -1.46608    1.64022e-05
-1.0472     -1.46608    1.19604e-05
-0.837758     -1.46608    8.28792e-06
-0.628319     -1.46608    1.35405e-05
-0.418879     -1.46608    1.53883e-05
-0.20944     -1.46608    7.36213e-06
0     -1.46608    5.18841e-06
0.20944     -1.46608    7.21976e-06
0.418879     -1.46608    1.54188e-05
0.628319     -1.46608    1.35607e-05
0.837758     -1.46608    8.31378e-06
1.0472     -1.46608    1.19777e-05
1.25664     -1.46608    1.64128e-05
1.46608     -1.46608    1.73662e-05
1.67552     -1.46608    1.8259e-05
1.88496     -1.46608    1.44989e-05
2.0944     -1.46608    1.44856e-05
2.30383     -1.46608    1.41999e-05
2.51327     -1.46608    1.04988e-05
2.72271     -1.46608    4.27323e-06
2.93215     -1.46608    1.56608e-05
3.14159     -1.46608    3.92524e-05

-3.14159     -1.25664    3.00558e-05
-2.93215     -1.25664    6.40088e-06
-2.72271     -1.25664    7.49143e-06
-2.51327     -1.25664    1.38051e-05
-2.30383     -1.25664    1.51871e-05
-2.0944     -1.25664    1.33689e-05
-1.88496     -1.25664    1.383e-05
-1.67552     -1.25664    1.47777e-05
-1.46608     -1.25664    1.52985e-05
-1.25664     -1.25664    1.83867e-05
-1.0472     -1.25664    1.5599e-05
-0.837758     -1.25664    1.34553e-05
-0.628319     -1.25664    1.49822e-05
-0.418879     -1.25664    1.5211e-05
-0.20944     -1.25664    8.50713e-06
0     -1.25664    1.3456e-06
0.20944     -1.25664    8.61153e-06
0.418879     -1.25664    1.51669e-05
0.628319     -1.25664    1.49534e-05
0.837758     -1.25664    1.34603e-05
1.0472     -1.25664    1.55709e-05
1.25664     -1.25664    1.83935e-05
1.46608     -1.25664    1.5288e-05
1.67552     -1.25664    1.47736e-05
1.88496     -1.25664    1.38249e-05
2.0944     -1.25664    1.33783e-05
2.30383     -1.25664    1.51945e-05
2.51327     -1.25664    1.38106e-05
2.72271     -1.25664    7.49313e-06
2.93215     -1.25664    6.40006e-06
3.14159     -1.25664    3.00536e-05

-3.14159     -1.0472    2.26763e-05
-2.93215     -1.0472    2.02813e-06
-2.72271     -1.0472    1.00142e-05
-2.51327     -1.0472    1.31911e-05
-2.30383     -1.0472    1.43579e-05
-2.0944     -1.0472    1.25276e-05
-1.88496     -1.0472    1.37735e-05
-1.67552     -1.0472    1.18781e-05
-1.46608     -1.0472    1.19061e-05
-1.25664     -1.0472    1.13908e-05
-1.0472     -1.0472    1.47077e-05
-0.837758     -1.0472    1.45035e-05
-0.628319     -1.0472    1.73775e-05
-0.418879     -1.0472    1.62714e-05
-0.20944     -1.0472    1.24376e-05
0     -1.0472    2.39318e-06
0.20944     -1.0472    1.23947e-05
0.418879     -1.0472    1.64451e-05
0.628319     -1.0472    1.73651e-05
0.837758     -1.0472    1.4476e-05
1.0472     -1.0472    1.47292e-05
1.25664     -1.0472    1.13912e-05
1.46608     -1.0472    1.19207e-05
1.67552     -1.0472    1.18923e-05
1.88496     -1.0472    1.37751e-05
2.0944     -1.0472    1.25384e-05
2.30383     -1.0472    1.43624e-05
2.51327     -1.0472    1.31999e-05
2.72271     -1.0472    1.0012e-05
2.93215     -1.0472    2.0213e-06
3.14159     -1.0472    2.26712e-05

-3.14159     -0.837758    2.00464e-05
-2.93215     -0.837758    3.89757e-06
-2.72271     -0.837758    9.85879e-06
-2.51327     -0.837758    1.60595e-05
-2.30383     -0.837758    1.56026e-05
-2.0944     -0.837758    1.70097e-05
-1.88496     -0.837758    1.40031e-05
-1.67552     -0.837758    1.09864e-05
-1.46608     -0.837758    1.11314e-05
-1.25664     -0.837758    5.75137e-06
-1.0472     -0.837758    7.03068e-06
-0.837758     -0.837758    1.59418e-05
-0.628319     -0.837758    1.72459e-05
-0.418879     -0.837758    1.86763e-05
-0.20944     -0.837758    1.52846e-05
0     -0.837758    9.04973e-06
0.20944     -0.837758    1.5312e-05
0.418879     -0.837758    1.83847e-05
0.628319     -0.837758    1.72392e-05
0.837758     -0.837758    1.59482e-05
1.0472     -0.837758    7.05186e-06
1.25664     -0.837758    5.7767e-06
1.46608     -0.837758    1.11337e-05
1.67552     -0.837758    1.09936e-05
1.88496     -0.837758    1.39981e-05
2.0944     -0.837758    1.7012e-05
2.30383     -0.837758    1.55953e-05
2.51327     -0.837758    1.6058e-05
2.72271     -0.837758    9.86771e-06
2.93215     -0.837758    3.90126e-06
3.14159     -0.837758    2.00462e-05

-3.14159     -0.628319    2.33877e-05
-2.93215     -0.628319    6.21718e-06
-2.72271     -0.628319    4.46961e-06
-2.51327     -0.628319    1.21182e-05
-2.30383     -0.628319    1.59532e-05
-2.0944     -0.628319    1.72945e-05
-1.88496     -0.628319    1.65514e-05
-1.67552     -0.628319    1.42118e-05
-1.46608     -0.628319    8.40994e-06
-1.25664     -0.628319    4.99373e-06
-1.0472     -0.628319    6.96745e-07
-0.837758     -0.628319    5.62689e-06
-0.628319     -0.628319    1.55557e-05
-0.418879     -0.628319    1.68995e-05
-0.20944     -0.628319    1.74766e-05
0     -0.628319    1.18025e-05
0.20944     -0.628319    1.74823e-05
0.418879     -0.628319    1.69776e-05
0.628319     -0.628319    1.55747e-05
0.837758     -0.628319    5.56847e-06
1.0472     -0.628319    7.14242e-07
1.25664     -0.628319    4.97059e-06
1.46608     -0.628319    8.40651e-06
1.67552     -0.628319    1.42149e-05
1.88496     -0.628319    1.65315e-05
2.0944     -0.628319    1.7301e-05
2.30383     -0.628319    1.59504e-05
2.51327     -0.628319    1.21283e-05
2.72271     -0.628319    4.47627e-06
2.93215     -0.628319    6.21957e-06
3.14159     -0.628319    2.33834e-05

-3.14159     -0.418879    3.41509e-05
-2.93215     -0.418879    1.908e-05
-2.72271     -0.418879    4.44012e-06
-2.51327     -0.418879    5.10745e-06
-2.30383     -0.418879    1.20818e-05
-2.0944     -0.418879    1.47477e-05
-1.88496     -0.418879    1.76552e-05
-1.67552     -0.418879    1.79912e-05
-1.46608     -0.418879    1.35301e-05
-1.25664     -0.418879    9.63211e-06
-1.0472     -0.418879    8.0862e-06
-0.837758     -0.418879    4.08657e-06
-0.628319     -0.418879    1.11611e-05
-0.418879     -0.418879    1.8685e-05
-0.20944     -0.418879    1.83275e-05
0     -0.418879    3.03291e-05
0.20944     -0.418879    1.791e-05
0.418879     -0.418879    1.93331e-05
0.628319     -0.418879    1.1254e-05
0.837758     -0.418879    4.12348e-06
1.0472     -0.418879    8.17247e-06
1.25664     -0.418879    9.62723e-06
1.46608     -0.418879    1.35319e-05
1.67552     -0.418879    1.7998e-05
1.88496     -0.418879    1.76475e-05
2.0944     -0.418879    1.47477e-05
2.30383     -0.418879    1.20867e-05
2.51327     -0.418879    5.10908e-06
2.72271     -0.418879    4.44241e-06
2.93215     -0.418879    1.90894e-05
3.14159     -0.418879    3.41451e-05

-3.14159     -0.20944    4.7895e-05
-2.93215     -0.20944    3.82067e-05
-2.72271     -0.20944    2.47519e-05
-2.51327     -0.20944    1.00616e-05
-2.30383     -0.20944    9.44465e-07
-2.0944     -0.20944    9.18802e-06
-1.88496     -0.20944    1.19722e-05
-1.67552     -0.20944    1.3658e-05
-1.46608     -0.20944    1.59181e-05
-1.25664     -0.20944    1.59747e-05
-1.0472     -0.20944    1.73857e-05
-0.837758     -0.20944    1.63795e-05
-0.628319     -0.20944    1.4008e-05
-0.418879     -0.20944    2.28063e-05
-0.20944     -0.20944    2.74586e-05
0     -0.20944    2.78065e-05
0.20944     -0.20944    2.89526e-05
0.418879     -0.20944    2.22608e-05
0.628319     -0.20944    1.40286e-05
0.837758     -0.20944    1.64466e-05
1.0472     -0.20944    1.73089e-05
1.25664     -0.20944    1.60426e-05
1.46608     -0.20944    1.58995e-05
1.67552     -0.20944    1.36618e-05
1.88496     -0.20944    1.19837e-05
2.0944     -0.20944    9.1862e-06
2.30383     -0.20944    9.35525e-07
2.51327     -0.20944    1.0061e-05
2.72271     -0.20944    2.47585e-05
2.93215     -0.20944    3.82144e-05
3.14159     -0.20944    4.78955e-05

-3.14159     0    5.43346e-05
-2.93215     0    4.48418e-05
-2.72271     0    3.90268e-05
-2.51327     0    2.38708e-05
-2.30383     0    7.77826e-06
-2.0944     0    2.41397e-06
-1.88496     0    7.23479e-06
-1.67552     0    8.64874e-06
-1.46608     0    1.21918e-05
-1.25664     0    1.71383e-05
-1.0472     0    1.65664e-05
-0.837758     0    1.80316e-05
-0.628319     0    1.94496e-05
-0.418879     0    2.0608e-05
-0.20944     0    3.82028e-05
0     0    7.04121e-16
0.20944     0    3.82028e-05
0.418879     0    2.0608e-05
0.628319     0    1.94496e-05
0.837758     0    1.80316e-05
1.0472     0    1.65664e-05
1.25664     0    1.71383e-05
1.46608     0    1.21918e-05
1.67552     0    8.64874e-06
1.88496     0    7.23479e-06
2.0944     0    2.41397e-06
2.30383     0    7.77826e-06
2.51327     0    2.38708e-05
2.72271     0    3.90268e-05
2.93215     0    4.48418e-05
3.14159     0    5.43346e-05

-3.14159     0.20944    4.78955e-05
-2.93215     0.20944    3.82144e-05
-2.72271     0.20944    2.47585e-05
-2.51327     0.20944    1.0061e-05
-2.30383     0.20944    9.35525e-07
-2.0944     0.20944    9.1862e-06
-1.88496     0.20944    1.19837e-05
-1.67552     0.20944    1.36618e-05
-1.46608     0.20944    1.58995e-05
-1.25664     0.20944    1.60426e-05
-1.0472     0.20944    1.73089e-05
-0.837758     0.20944    1.64466e-05
-0.628319     0.20944    1.40286e-05
-0.418879     0.20944    2.22608e-05
-0.20944     0.20944    2.89526e-05
0     0.20944    2.78065e-05
0.20944     0.20944    2.74586e-05
0.418879     0.20944    2.28063e-05
0.628319     0.20944    1.4008e-05
0.837758     0.20944    1.63795e-05
1.0472     0.20944    1.73857e-05
1.25664     0.20944    1.59747e-05
1.46608     0.20944    1.59181e-05
1.67552     0.20944    1.3658e-05
1.88496     0.20944    1.19722e-05
2.0944     0.20944    9.18802e-06
2.30383     0.20944    9.44465e-07
2.51327     0.20944    1.00616e-05
2.72271     0.20944    2.47519e-05
2.93215     0.20944    3.82067e-05
3.14159     0.20944    4.7895e-05

-3.14159     0.418879    3.41451e-05
-2.93215     0.418879    1.90894e-05
-2.72271     0.418879    4.44241e-06
-2.51327     0.418879    5.10908e-06
-2.30383     0.418879    1.20867e-05
-2.0944     0.418879    1.47477e-05
-1.88496     0.418879    1.76475e-05
-1.67552     0.418879    1.7998e-05
-1.46608     0.418879    1.35319e-05
-1.25664     0.418879    9.62723e-06
-1.0472     0.418879    8.17247e-06
-0.837758     0.418879    4.12348e-06
-0.628319     0.418879    1.1254e-05
-0.418879     0.418879    1.93331e-05
-0.20944     0.418879    1.791e-05
0     0.418879    3.03291e-05
0.20944     0.418879    1.83275e-05
0.418879     0.418879    1.8685e-05
0.628319     0.418879    1.11611e-05
0.837758     0.418879    4.08657e-06
1.0472     0.418879    8.0862e-06
1.25664     0.418879    9.63211e-06
1.46608     0.418879    1.35301e-05
1.67552     0.418879    1.79912e-05
1.88496     0.418879    1.76552e-05
2.0944     0.418879    1.47477e-05
2.30383     0.418879    1.20818e-05
2.51327     0.418879    5.10745e-06
2.72271     0.418879    4.44012e-06
2.93215     0.418879    1.908e-05
3.14159     0.418879    3.41509e-05

-3.14159     0.628319    2.33834e-05
-2.93215     0.628319    6.21957e-06
-2.72271     0.628319    4.47627e-06
-2.51327     0.628319    1.21283e-05
-2.30383     0.628319    1.59504e-05
-2.0944     0.628319    1.7301e-05
-1.88496     0.628319    1.65315e-05
-1.67552     0.628319    1.42149e-05
-1.46608     0.628319    8.40651e-06
-1.25664     0.628319    4.97059e-06
-1.0472     0.628319    7.14242e-07
-0.837758     0.628319    5.56847e-06
-0.628319     0.628319    1.55747e-05
-0.418879     0.628319    1.69776e-05
-0.20944     0.628319    1.74823e-05
0     0.628319    1.18025e-05
0.20944     0.628319    1.74766e-05
0.418879     0.628319    1.68995e-05
0.628319     0.628319    1.55557e-05
0.837758     0.628319    5.62689e-06
1.0472     0.628319    6.96745e-07
1.25664     0.628319    4.99373e-06
1.46608     0.628319    8.40994e-06
1.67552     0.628319    1.42118e-05
1.88496     0.628319    1.65514e-05
2.0944     0.628319    1.72945e-05
2.30383     0.628319    1.59532e-05
2.51327     0.628319    1.21182e-05
2.72271     0.628319    4.46961e-06
2.93215     0.628319    6.21718e-06
3.14159     0.628319    2.33877e-05

-3.14159     0.837758    2.00462e-05
-2.93215     0.837758    3.90126e-06
-2.72271     0.837758    9.86771e-06
-2.51327     0.837758    1.6058e-05
-2.30383     0.837758    1.55953e-05
-2.0944     0.837758    1.7012e-05
-1.88496     0.837758    1.39981e-05
-1.67552     0.837758    1.09936e-05
-1.46608     0.837758    1.11337e-05
-1.25664     0.837758    5.7767e-06
-1.0472     0.837758    7.05186e-06
-0.837758     0.837758    1.59482e-05
-0.628319     0.837758    1.72392e-05
-0.418879     0.837758    1.83847e-05
-0.20944     0.837758    1.5312e-05
0     0.837758    9.04973e-06
0.20944     0.837758    1.52846e-05
0.418879     0.837758    1.86763e-05
0.628319     0.837758    1.72459e-05
0.837758     0.837758    1.59418e-05
1.0472     0.837758    7.03068e-06
1.25664     0.837758    5.75137e-06
1.46608     0.837758    1.11314e-05
1.67552     0.837758    1.09864e-05
1.88496     0.837758    1.40031e-05
2.0944     0.837758    1.70097e-05
2.30383     0.837758    1.56026e-05
2.51327     0.837758    1.60595e-05
2.72271     0.837758    9.85879e-06
2.93215     0.837758    3.89757e-06
3.14159     0.837758    2.00464e-05

-3.14159     1.0472    2.26712e-05
-2.93215     1.0472    2.0213e-06
-2.72271     1.0472    1.0012e-05
-2.51327     1.0472    1.31999e-05
-2.30383     1.0472    1.43624e-05
-2.0944     1.0472    1.25384e-05
-1.88496     1.0472    1.37751e-05
-1.67552     1.0472    1.18923e-05
-1.46608     1.0472    1.19207e-05
-1.25664     1.0472    1.13912e-05
-1.0472     1.0472    1.47292e-05
-0.837758     1.0472    1.4476e-05
-0.628319     1.0472    1.73651e-05
-0.418879     1.0472    1.64451e-05
-0.20944     1.0472    1.23947e-05
0     1.0472    2.39318e-06
0.20944     1.0472    1.24376e-05
0.418879     1.0472    1.62714e-05
0.628319     1.0472    1.73775e-05
0.837758     1.0472    1.45035e-05
1.0472     1.0472    1.47077e-05
1.25664     1.0472    1.13908e-05
1.46608     1.0472    1.19061e-05
1.67552     1.0472    1.18781e-05
1.88496     1.0472    1.37735e-05
2.0944     1.0472    1.25276e-05
2.30383     1.0472    1.43579e-05
2.51327     1.0472    1.31911e-05
2.72271     1.0472    1.00142e-05
2.93215     1.0472    2.02813e-06
3.14159     1.0472    2.26763e-05

-3.14159     1.25664    3.00536e-05
-2.93215     1.25664    6.40006e-06
-2.72271     1.25664    7.49313e-06
-2.51327     1.25664    1.38106e-05
-2.30383     1.25664    1.51945e-05
-2.0944     1.25664    1.33783e-05
-1.88496     1.25664    1.38249e-05
-1.67552     1.25664    1.47736e-05
-1.46608     1.25664    1.5288e-05
-1.25664     1.25664    1.83935e-05
-1.0472     1.25664    1.55709e-05
-0.837758     1.25664    1.34603e-05
-0.628319     1.25664    1.49534e-05
-0.418879     1.25664    1.51669e-05
-0.20944     1.25664    8.61153e-06
0     1.25664    1.3456e-06
0.20944     1.25664    8.50713e-06
0.418879     1.25664    1.5211e-05
0.628319     1.25664    1.49822e-05
0.837758     1.25664    1.34553e-05
1.0472     1.25664    1.5599e-05
1.25664     1.25664    1.83867e-05
1.46608     1.25664    1.52985e-05
1.67552     1.25664    1.47777e-05
1.88496     1.25664    1.383e-05
2.0944     1.25664    1.33689e-05
2.30383     1.25664    1.51871e-05
2.51327     1.25664    1.38051e-05
2.72271     1.25664    7.49143e-06
2.93215     1.25664    6.40088e-06
3.14159     1.25664    3.00558e-05

-3.14159     1.46608    3.92524e-05
-2.93215     1.46608    1.56608e-05
-2.72271     1.46608    4.27323e-06
-2.51327     1.46608    1.04988e-05
-2.30383     1.46608    1.41999e-05
-2.0944     1.46608    1.44856e-05
-1.88496     1.46608    1.44989e-05
-1.67552     1.46608    1.8259e-05
-1.46608     1.46608    1.73662e-05
-1.25664     1.46608    1.64128e-05
-1.0472     1.46608    1.19777e-05
-0.837758     1.46608    8.31378e-06
-0.628319     1.46608    1.35607e-05
-0.418879     1.46608    1.54188e-05
-0.20944     1.46608    7.21976e-06
0     1.46608    5.18841e-06
0.20944     1.46608    7.36213e-06
0.418879     1.46608    1.53883e-05
0.628319     1.46608    1.35405e-05
0.837758     1.46608    8.28792e-06
1.0472     1.46608    1.19604e-05
1.25664     1.46608    1.64022e-05
1.46608     1.46608    1.73771e-05
1.67552     1.46608    1.82731e-05
1.88496     1.46608    1.45013e-05
2.0944     1.46608    1.44873e-05
2.30383     1.46608    1.42e-05
2.51327     1.46608    1.05018e-05
2.72271     1.46608    4.2679e-06
2.93215     1.46608    1.56506e-05
3.14159     1.46608    3.92513e-05

-3.14159     1.67552    4.50236e-05
-2.93215     1.67552    2.96273e-05
-2.72271     1.67552    5.73847e-06
-2.51327     1.67552    7.0648e-06
-2.30383     1.67552    1.28004e-05
-2.0944     1.67552    1.43184e-05
-1.88496     1.67552    1.62755e-05
-1.67552     1.67552    1.6241e-05
-1.46608     1.67552    1.30137e-05
-1.25664     1.67552    1.11249e-05
-1.0472     1.67552    6.19189e-06
-0.837758     1.67552    8.72954e-06
-0.628319     1.67552    1.6248e-05
-0.418879     1.67552    1.73774e-05
-0.20944     1.67552    1.0241e-05
0     1.67552    1.08684e-05
0.20944     1.67552    1.01279e-05
0.418879     1.67552    1.73828e-05
0.628319     1.67552    1.62366e-05
0.837758     1.67552    8.75808e-06
1.0472     1.67552    6.20498e-06
1.25664     1.67552    1.1133e-05
1.46608     1.67552    1.30154e-05
1.67552     1.67552    1.62361e-05
1.88496     1.67552    1.62721e-05
2.0944     1.67552    1.43128e-05
2.30383     1.67552    1.28006e-05
2.51327     1.67552    7.06699e-06
2.72271     1.67552    5.7401e-06
2.93215     1.67552    2.96215e-05
3.14159     1.67552    4.5022e-05

-3.14159     1.88496    4.57817e-05
-2.93215     1.88496    4.11568e-05
-2.72271     1.88496    1.99392e-05
-2.51327     1.88496    1.07362e-06
-2.30383     1.88496    6.49268e-06
-2.0944     1.88496    1.15781e-05
-1.88496     1.88496    1.27956e-05
-1.67552     1.88496    9.32538e-06
-1.46608     1.88496    7.12917e-06
-1.25664     1.88496    2.91717e-07
-1.0472     1.88496    3.46855e-07
-0.837758     1.88496    1.07352e-05
-0.628319     1.88496    1.63745e-05
-0.418879     1.88496    1.69124e-05
-0.20944     1.88496    1.28452e-05
0     1.88496    1.15711e-05
0.20944     1.88496    1.29467e-05
0.418879     1.88496    1.69377e-05
0.628319     1.88496    1.63788e-05
0.837758     1.88496    1.07222e-05
1.0472     1.88496    3.38439e-07
1.25664     1.88496    2.9656e-07
1.46608     1.88496    7.13583e-06
1.67552     1.88496    9.32228e-06
1.88496     1.88496    1.27983e-05
2.0944     1.88496    1.15734e-05
2.30383     1.88496    6.49021e-06
2.51327     1.88496    1.07315e-06
2.72271     1.88496    1.99385e-05
2.93215     1.88496    4.11564e-05
3.14159     1.88496    4.57797e-05

-3.14159     2.0944    4.16538e-05
-2.93215     2.0944    4.71386e-05
-2.72271     2.0944    3.64807e-05
-2.51327     2.0944    1.76944e-05
-2.30383     2.0944    4.59016e-06
-2.0944     2.0944    1.54151e-06
-1.88496     2.0944    1.24194e-06
-1.67552     2.0944    1.4341e-06
-1.46608     2.0944    1.14107e-05
-1.25664     2.0944    1.81291e-05
-1.0472     2.0944    5.19793e-06
-0.837758     2.0944    1.00949e-05
-0.628319     2.0944    1.53514e-05
-0.418879     2.0944    1.78658e-05
-0.20944     2.0944    1.40382e-05
0     2.0944    1.28017e-05
0.20944     2.0944    1.39869e-05
0.418879     2.0944    1.78331e-05
0.628319     2.0944    1.53501e-05
0.837758     2.0944    1.00936e-05
1.0472     2.0944    5.20012e-06
1.25664     2.0944    1.8128e-05
1.46608     2.0944    1.14067e-05
1.67552     2.0944    1.4304e-06
1.88496     2.0944    1.24796e-06
2.0944     2.0944    1.53721e-06
2.30383     2.0944    4.59272e-06
2.51327     2.0944    1.76971e-05
2.72271     2.0944    3.64788e-05
2.93215     2.0944    4.71444e-05
3.14159     2.0944    4.16527e-05

-3.14159     2.30383    3.30684e-05
-2.93215     2.30383    5.09917e-05
-2.72271     2.30383    5.08093e-05
-2.51327     2.30383    3.4713e-05
-2.30383     2.30383    2.06629e-05
-2.0944     2.30383    1.52795e-05
-1.88496     2.30383    1.39652e-05
-1.67552     2.30383    2.30861e-05
-1.46608     2.30383    3.41546e-05
-1.25664     2.30383    3.01742e-05
-1.0472     2.30383    6.93057e-06
-0.837758     2.30383    8.94158e-06
-0.628319     2.30383    1.57673e-05
-0.418879     2.30383    1.70861e-05
-0.20944     2.30383    1.3874e-05
0     2.30383    1.37415e-05
0.20944     2.30383    1.38662e-05
0.418879     2.30383    1.71237e-05
0.628319     2.30383    1.57656e-05
0.837758     2.30383    8.94368e-06
1.0472     2.30383    6.9346e-06
1.25664     2.30383    3.01745e-05
1.46608     2.30383    3.41511e-05
1.67552     2.30383    2.3088e-05
1.88496     2.30383    1.39621e-05
2.0944     2.30383    1.52821e-05
2.30383     2.30383    2.06663e-05
2.51327     2.30383    3.47088e-05
2.72271     2.30383    5.08144e-05
2.93215     2.30383    5.09944e-05
3.14159     2.30383    3.30688e-05

-3.14159     2.51327    2.45719e-05
-2.93215     2.51327    4.91556e-05
-2.72271     2.51327    6.03301e-05
-2.51327     2.51327    5.71119e-05
-2.30383     2.51327    4.17564e-05
-2.0944     2.51327    3.24642e-05
-1.88496     2.51327    3.49062e-05
-1.67552     2.51327    4.40357e-05
-1.46608     2.51327    4.41433e-05
-1.25664     2.51327    3.52278e-05
-1.0472     2.51327    8.39003e-06
-0.837758     2.51327    6.27426e-06
-0.628319     2.51327    1.52131e-05
-0.418879     2.51327    1.4812e-05
-0.20944     2.51327    1.43797e-05
0     2.51327    1.36299e-05
0.20944     2.51327    1.44025e-05
0.418879     2.51327    1.47813e-05
0.628319     2.51327    1.52085e-05
0.837758     2.51327    6.28282e-06
1.0472     2.51327    8.39342e-06
1.25664     2.51327    3.52283e-05
1.46608     2.51327    4.4142e-05
1.67552     2.51327    4.40318e-05
1.88496     2.51327    3.49015e-05
2.0944     2.51327    3.24601e-05
2.30383     2.51327    4.17558e-05
2.51327     2.51327    5.71117e-05
2.72271     2.51327    6.03298e-05
2.93215     2.51327    4.9157e-05
3.14159     2.51327    2.45772e-05

-3.14159     2.72271    2.03241e-05
-2.93215     2.72271    4.66607e-05
-2.72271     2.72271    6.4549e-05
-2.51327     2.72271    6.49356e-05
-2.30383     2.72271    5.99286e-05
-2.0944     2.72271    5.93389e-05
-1.88496     2.72271    5.79605e-05
-1.67552     2.72271    5.45811e-05
-1.46608     2.72271    5.00786e-05
-1.25664     2.72271    3.58468e-05
-1.0472     2.72271    1.20121e-05
-0.837758     2.72271    2.13017e-06
-0.628319     2.72271    1.18497e-05
-0.418879     2.72271    1.36303e-05
-0.20944     2.72271    1.41912e-05
0     2.72271    1.47493e-05
0.20944     2.72271    1.41687e-05
0.418879     2.72271    1.36488e-05
0.628319     2.72271    1.18552e-05
0.837758     2.72271    2.12416e-06
1.0472     2.72271    1.20064e-05
1.25664     2.72271    3.58414e-05
1.46608     2.72271    5.00803e-05
1.67552     2.72271    5.4578e-05
1.88496     2.72271    5.79616e-05
2.0944     2.72271    5.93381e-05
2.30383     2.72271    5.99332e-05
2.51327     2.72271    6.49376e-05
2.72271     2.72271    6.45468e-05
2.93215     2.72271    4.66601e-05
3.14159     2.72271    2.03255e-05

-3.14159     2.93215    2.15277e-05
-2.93215     2.93215    4.39042e-05
-2.72271     2.93215    6.3457e-05
-2.51327     2.93215    7.52752e-05
-2.30383     2.93215    8.40465e-05
-2.0944     2.93215    8.23986e-05
-1.88496     2.93215    7.10555e-05
-1.67552     2.93215    6.34529e-05
-1.46608     2.93215    5.80666e-05
-1.25664     2.93215    3.88433e-05
-1.0472     2.93215    1.90543e-05
-0.837758     2.93215    6.19384e-06
-0.628319     2.93215    3.13746e-06
-0.418879     2.93215    8.39116e-06
-0.20944     2.93215    1.05388e-05
0     2.93215    1.01912e-05
0.20944     2.93215    1.05678e-05
0.418879     2.93215    8.37994e-06
0.628319     2.93215    3.14239e-06
0.837758     2.93215    6.18756e-06
1.0472     2.93215    1.90588e-05
1.25664     2.93215    3.88415e-05
1.46608     2.93215    5.80712e-05
1.67552     2.93215    6.34531e-05
1.88496     2.93215    7.10568e-05
2.0944     2.93215    8.23916e-05
2.30383     2.93215    8.40507e-05
2.51327     2.93215    7.52888e-05
2.72271     2.93215    6.34606e-05
2.93215     2.93215    4.39043e-05
3.14159     2.93215    2.15297e-05

-3.14159     3.14159    2.9977e-05
-2.93215     3.14159    5.00955e-05
-2.72271     3.14159    7.34666e-05
-2.51327     3.14159    9.21973e-05
-2.30383     3.14159    9.42922e-05
-2.0944     3.14159    8.39363e-05
-1.88496     3.14159    7.65859e-05
-1.67552     3.14159    7.37548e-05
-1.46608     3.14159    7.10073e-05
-1.25664     3.14159    5.00783e-05
-1.0472     3.14159    3.3075e-05
-0.837758     3.14159    1.98378e-05
-0.628319     3.14159    1.14051e-05
-0.418879     3.14159    4.61163e-06
-0.20944     3.14159    1.53546e-06
0     3.14159    2.8096e-07
0.20944     3.14159    1.55539e-06
0.418879     3.14159    4.60985e-06
0.628319     3.14159    1.14088e-05
0.837758     3.14159    1.9825e-05
1.0472     3.14159    3.30765e-05
1.25664     3.14159    5.0083e-05
1.46608     3.14159    7.10085e-05
1.67552     3.14159    7.37521e-05
1.88496     3.14159    7.65814e-05
2.0944     3.14159    8.39352e-05
2.30383     3.14159    9.42869e-05
2.51327     3.14159    9.21968e-05
2.72271     3.14159    7.34667e-05
2.93215     3.14159    5.00965e-05
3.14159     3.14159    2.99837e-05

