-3.14159     -3.14159    9.32852e-06
-2.93215     -3.14159    2.24325e-05
-2.72271     -3.14159    6.41244e-05
-2.51327     -3.14159    9.61728e-05
-2.30383     -3.14159    9.55672e-05
-2.0944     -3.14159    7.48369e-05
-1.88496     -3.14159    5.92579e-05
-1.67552     -3.14159    5.62409e-05
-1.46608     -3.14159    5.78086e-05
-1.25664     -3.14159    2.25469e-05
-1.0472     -3.14159    1.67199e-05
-0.837758     -3.14159    3.94532e-05
-0.628319     -3.14159    5.39935e-05
-0.418879     -3.14159    6.20843e-05
-0.20944     -3.14159    6.66317e-05
0     -3.14159    7.04423e-05
0.20944     -3.14159    6.66011e-05
0.418879     -3.14159    6.20853e-05
0.628319     -3.14159    5.39956e-05
0.837758     -3.14159    3.94552e-05
1.0472     -3.14159    1.67235e-05
1.25664     -3.14159    2.25415e-05
1.46608     -3.14159    5.78047e-05
1.67552     -3.14159    5.62375e-05
1.88496     -3.14159    5.92553e-05
2.0944     -3.14159    7.48342e-05
2.30383     -3.14159    9.55645e-05
2.51327     -3.14159    9.61705e-05
2.72271     -3.14159    6.41232e-05
2.93215     -3.14159    2.24319e-05
3.14159     -3.14159    9.32789e-06

-3.14159     -2.93215    3.45819e-05
-2.93215     -2.93215    2.04564e-06
-2.72271     -2.93215    4.14061e-05
-2.51327     -2.93215    6.61032e-05
-2.30383     -2.93215    8.32337e-05
-2.0944     -2.93215    7.76885e-05
-1.88496     -2.93215    5.37538e-05
-1.67552     -2.93215    4.24076e-05
-1.46608     -2.93215    4.1545e-05
-1.25664     -2.93215    1.23208e-05
-1.0472     -2.93215    2.92296e-05
-0.837758     -2.93215    5.17536e-05
-0.628319     -2.93215    6.58357e-05
-0.418879     -2.93215    7.2614e-05
-0.20944     -2.93215    7.35303e-05
0     -2.93215    7.20506e-05
0.20944     -2.93215    7.35736e-05
0.418879     -2.93215    7.26131e-05
0.628319     -2.93215    6.58373e-05
0.837758     -2.93215    5.17557e-05
1.0472     -2.93215    2.92324e-05
1.25664     -2.93215    1.23176e-05
1.46608     -2.93215    4.15384e-05
1.67552     -2.93215    4.24026e-05
1.88496     -2.93215    5.37492e-05
2.0944     -2.93215    7.76845e-05
2.30383     -2.93215    8.32301e-05
2.51327     -2.93215    6.61e-05
2.72271     -2.93215    4.14038e-05
2.93215     -2.93215    2.04317e-06
3.14159     -2.93215    3.45825e-05

-3.14159     -2.72271    3.953e-05
-2.93215     -2.72271    2.58592e-06
-2.72271     -2.72271    3.71093e-05
-2.51327     -2.72271    4.10745e-05
-2.30383     -2.72271    3.60479e-05
-2.0944     -2.72271    3.9666e-05
-1.88496     -2.72271    4.05639e-05
-1.67552     -2.72271    3.79655e-05
-1.46608     -2.72271    3.57964e-05
-1.25664     -2.72271    2.00237e-05
-1.0472     -2.72271    2.63495e-05
-0.837758     -2.72271    5.0754e-05
-0.628319     -2.72271    6.58605e-05
-0.418879     -2.72271    6.61755e-05
-0.20944     -2.72271    6.57122e-05
0     -2.72271    6.4537e-05
0.20944     -2.72271    6.56716e-05
0.418879     -2.72271    6.61828e-05
0.628319     -2.72271    6.58627e-05
0.837758     -2.72271    5.07575e-05
1.0472     -2.72271    2.63527e-05
1.25664     -2.72271    2.00173e-05
1.46608     -2.72271    3.57898e-05
1.67552     -2.72271    3.79597e-05
1.88496     -2.72271    4.05593e-05
2.0944     -2.72271    3.96614e-05
2.30383     -2.72271    3.60436e-05
2.51327     -2.72271    4.10715e-05
2.72271     -2.72271    3.71073e-05
2.93215     -2.72271    2.58565e-06
3.14159     -2.72271    3.9532e-05

-3.14159     -2.51327    3.60158e-05
-2.93215     -2.51327    7.44132e-06
-2.72271     -2.51327    2.89934e-05
-2.51327     -2.51327    2.18546e-05
-2.30383     -2.51327    3.3632e-06
-2.0944     -2.51327    1.18649e-05
-1.88496     -2.51327    7.87116e-06
-1.67552     -2.51327    3.27384e-05
-1.46608     -2.51327    3.22877e-05
-1.25664     -2.51327    2.68112e-05
-1.0472     -2.51327    2.21277e-05
-0.837758     -2.51327    4.82996e-05
-0.628319     -2.51327    5.98381e-05
-0.418879     -2.51327    5.54918e-05
-0.20944     -2.51327    5.32795e-05
0     -2.51327    5.71918e-05
0.20944     -2.51327    5.33064e-05
0.418879     -2.51327    5.54872e-05
0.628319     -2.51327    5.98394e-05
0.837758     -2.51327    4.83001e-05
1.0472     -2.51327    2.21319e-05
1.25664     -2.51327    2.68063e-05
1.46608     -2.51327    3.22815e-05
1.67552     -2.51327    3.27336e-05
1.88496     -2.51327    7.86775e-06
2.0944     -2.51327    1.18695e-05
2.30383     -2.51327    3.36742e-06
2.51327     -2.51327    2.18511e-05
2.72271     -2.51327    2.89907e-05
2.93215     -2.51327    7.43825e-06
3.14159     -2.51327    3.60189e-05

-3.14159     -2.30383    2.08814e-05
-2.93215     -2.30383    1.29655e-05
-2.72271     -2.30383    1.12126e-05
-2.51327     -2.30383    1.89388e-05
-2.30383     -2.30383    3.82736e-05
-2.0944     -2.30383    3.96271e-05
-1.88496     -2.30383    2.66883e-05
-1.67552     -2.30383    2.70731e-06
-1.46608     -2.30383    2.80181e-05
-1.25664     -2.30383    2.70221e-05
-1.0472     -2.30383    1.10753e-05
-0.837758     -2.30383    4.31312e-05
-0.628319     -2.30383    5.16238e-05
-0.418879     -2.30383    5.16753e-05
-0.20944     -2.30383    4.41588e-05
0     -2.30383    3.69641e-05
0.20944     -2.30383    4.41687e-05
0.418879     -2.30383    5.1684e-05
0.628319     -2.30383    5.16251e-05
0.837758     -2.30383    4.31347e-05
1.0472     -2.30383    1.10757e-05
1.25664     -2.30383    2.70159e-05
1.46608     -2.30383    2.8014e-05
1.67552     -2.30383    2.70398e-06
1.88496     -2.30383    2.66911e-05
2.0944     -2.30383    3.96301e-05
2.30383     -2.30383    3.82777e-05
2.51327     -2.30383    1.89435e-05
2.72271     -2.30383    1.12089e-05
2.93215     -2.30383    1.29625e-05
3.14159     -2.30383    2.08853e-05

-3.14159     -2.0944    2.6289e-06
-2.93215     -2.0944    8.13387e-06
-2.72271     -2.0944    1.49588e-05
-2.51327     -2.0944    4.56291e-05
-2.30383     -2.0944    5.99842e-05
-2.0944     -2.0944    5.90408e-05
-1.88496     -2.0944    4.71208e-05
-1.67552     -2.0944    3.55919e-05
-1.46608     -2.0944    3.46409e-06
-1.25664     -2.0944    1.72793e-05
-1.0472     -2.0944    7.70198e-07
-0.837758     -2.0944    2.82091e-05
-0.628319     -2.0944    3.83187e-05
-0.418879     -2.0944    4.15349e-05
-0.20944     -2.0944    3.27359e-05
0     -2.0944    3.82414e-05
0.20944     -2.0944    3.26813e-05
0.418879     -2.0944    4.15299e-05
0.628319     -2.0944    3.83202e-05
0.837758     -2.0944    2.82082e-05
1.0472     -2.0944    7.74215e-07
1.25664     -2.0944    1.72768e-05
1.46608     -2.0944    3.46452e-06
1.67552     -2.0944    3.55952e-05
1.88496     -2.0944    4.7123e-05
2.0944     -2.0944    5.90422e-05
2.30383     -2.0944    5.99881e-05
2.51327     -2.0944    4.56344e-05
2.72271     -2.0944    1.49636e-05
2.93215     -2.0944    8.12993e-06
3.14159     -2.0944    2.63282e-06

-3.14159     -1.88496    7.43835e-06
-2.93215     -1.88496    3.40017e-06
-2.72271     -1.88496    4.23586e-05
-2.51327     -1.88496    6.63437e-05
-2.30383     -1.88496    7.10443e-05
-2.0944     -1.88496    6.71497e-05
-1.88496     -1.88496    5.92203e-05
-1.67552     -1.88496    4.81488e-05
-1.46608     -1.88496    3.19833e-05
-1.25664     -1.88496    5.54194e-06
-1.0472     -1.88496    3.72305e-07
-0.837758     -1.88496    1.51082e-05
-0.628319     -1.88496    2.71114e-05
-0.418879     -1.88496    2.74512e-05
-0.20944     -1.88496    1.87727e-05
0     -1.88496    1.11612e-05
0.20944     -1.88496    1.88831e-05
0.418879     -1.88496    2.74562e-05
0.628319     -1.88496    2.71102e-05
0.837758     -1.88496    1.51097e-05
1.0472     -1.88496    3.67636e-07
1.25664     -1.88496    5.54605e-06
1.46608     -1.88496    3.19873e-05
1.67552     -1.88496    4.81515e-05
1.88496     -1.88496    5.92224e-05
2.0944     -1.88496    6.71513e-05
2.30383     -1.88496    7.10478e-05
2.51327     -1.88496    6.6349e-05
2.72271     -1.88496    4.23645e-05
2.93215     -1.88496    3.40464e-06
3.14159     -1.88496    7.43454e-06

-3.14159     -1.67552    5.43089e-06
-2.93215     -1.67552    2.68296e-05
-2.72271     -1.67552    6.34676e-05
-2.51327     -1.67552    7.27371e-05
-2.30383     -1.67552    7.14145e-05
-2.0944     -1.67552    6.19241e-05
-1.88496     -1.67552    5.82364e-05
-1.67552     -1.67552    5.1502e-05
-1.46608     -1.67552    3.52044e-05
-1.25664     -1.67552    1.84417e-05
-1.0472     -1.67552    1.30595e-06
-0.837758     -1.67552    2.01527e-06
-0.628319     -1.67552    1.37204e-05
-0.418879     -1.67552    1.48072e-05
-0.20944     -1.67552    3.40428e-07
0     -1.67552    3.85739e-06
0.20944     -1.67552    1.79765e-07
0.418879     -1.67552    1.48101e-05
0.628319     -1.67552    1.37256e-05
0.837758     -1.67552    2.01532e-06
1.0472     -1.67552    1.30778e-06
1.25664     -1.67552    1.84488e-05
1.46608     -1.67552    3.52066e-05
1.67552     -1.67552    5.15032e-05
1.88496     -1.67552    5.82374e-05
2.0944     -1.67552    6.1925e-05
2.30383     -1.67552    7.14175e-05
2.51327     -1.67552    7.27419e-05
2.72271     -1.67552    6.34733e-05
2.93215     -1.67552    2.68348e-05
3.14159     -1.67552    5.42707e-06

-3.14159     -1.46608    7.93444e-06
-2.93215     -1.46608    4.93925e-05
-2.72271     -1.46608    7.33336e-05
-2.51327     -1.46608    7.01737e-05
-2.30383     -1.46608    6.68283e-05
-2.0944     -1.46608    5.50943e-05
-1.88496     -1.46608    4.83245e-05
-1.67552     -1.46608    4.7671e-05
-1.46608     -1.46608    3.59412e-05
-1.25664     -1.46608    2.32225e-05
-1.0472     -1.46608    2.07572e-06
-0.837758     -1.46608    1.23969e-05
-0.628319     -1.46608    4.16589e-06
-0.418879     -1.46608    2.35679e-06
-0.20944     -1.46608    1.9866e-05
0     -1.46608    2.04669e-05
0.20944     -1.46608    1.96681e-05
0.418879     -1.46608    2.35152e-06
0.628319     -1.46608    4.16623e-06
0.837758     -1.46608    1.24e-05
1.0472     -1.46608    2.07694e-06
1.25664     -1.46608    2.32228e-05
1.46608     -1.46608    3.59432e-05
1.67552     -1.46608    4.76724e-05
1.88496     -1.46608    4.83251e-05
2.0944     -1.46608    5.50934e-05
2.30383     -1.46608    6.68302e-05
2.51327     -1.46608    7.01775e-05
2.72271     -1.46608    7.33388e-05
2.93215     -1.46608    4.93976e-05
3.14159     -1.46608    7.93841e-06

-3.14159     -1.25664    2.68089e-05
-2.93215     -1.25664    5.97202e-05
-2.72271     -1.25664    7.22821e-05
-2.51327     -1.25664    7.01186e-05
-2.30383     -1.25664    6.17266e-05
-2.0944     -1.25664    4.78073e-05
-1.88496     -1.25664    4.21752e-05
-1.67552     -1.25664    3.33764e-05
-1.46608     -1.25664    2.48542e-05
-1.25664     -1.25664    2.00091e-05
-1.0472     -1.25664    3.7178e-06
-0.837758     -1.25664    9.26604e-06
-0.628319     -1.25664    1.162e-05
-0.418879     -1.25664    1.5122e-05
-0.20944     -1.25664    3.00516e-05
0     -1.25664    5.28771e-05
0.20944     -1.25664    3.02535e-05
0.418879     -1.25664    1.51296e-05
0.628319     -1.25664    1.16265e-05
0.837758     -1.25664    9.26814e-06
1.0472     -1.25664    3.71453e-06
1.25664     -1.25664    2.00111e-05
1.46608     -1.25664    2.48567e-05
1.67552     -1.25664    3.33757e-05
1.88496     -1.25664    4.21739e-05
2.0944     -1.25664    4.7806e-05
2.30383     -1.25664    6.17268e-05
2.51327     -1.25664    7.01204e-05
2.72271     -1.25664    7.2285e-05
2.93215     -1.25664    5.97241e-05
3.14159     -1.25664    2.68126e-05

-3.14159     -1.0472    3.82443e-05
-2.93215     -1.0472    6.50683e-05
-2.72271     -1.0472    7.26151e-05
-2.51327     -1.0472    6.36748e-05
-2.30383     -1.0472    5.34764e-05
-2.0944     -1.0472    4.27137e-05
-1.88496     -1.0472    3.62501e-05
-1.67552     -1.0472    2.1854e-05
-1.46608     -1.0472    1.14796e-05
-1.25664     -1.0472    2.35346e-06
-1.0472     -1.0472    6.44827e-06
-0.837758     -1.0472    1.56798e-05
-0.628319     -1.0472    1.90369e-05
-0.418879     -1.0472    2.60516e-05
-0.20944     -1.0472    3.78743e-05
0     -1.0472    4.81576e-05
0.20944     -1.0472    3.77267e-05
0.418879     -1.0472    2.60607e-05
0.628319     -1.0472    1.90545e-05
0.837758     -1.0472    1.56943e-05
1.0472     -1.0472    6.44441e-06
1.25664     -1.0472    2.34447e-06
1.46608     -1.0472    1.14799e-05
1.67552     -1.0472    2.18509e-05
1.88496     -1.0472    3.6247e-05
2.0944     -1.0472    4.27119e-05
2.30383     -1.0472    5.34758e-05
2.51327     -1.0472    6.36747e-05
2.72271     -1.0472    7.26163e-05
2.93215     -1.0472    6.50709e-05
3.14159     -1.0472    3.82471e-05

-3.14159     -0.837758    3.90807e-05
-2.93215     -0.837758    5.60633e-05
-2.72271     -0.837758    6.6244e-05
-2.51327     -0.837758    6.23958e-05
-2.30383     -0.837758    5.34735e-05
-2.0944     -0.837758    4.71051e-05
-1.88496     -0.837758    3.01192e-05
-1.67552     -0.837758    1.46479e-05
-1.46608     -0.837758    2.50197e-06
-1.25664     -0.837758    1.91936e-05
-1.0472     -0.837758    2.86565e-05
-0.837758     -0.837758    2.25596e-05
-0.628319     -0.837758    3.14188e-05
-0.418879     -0.837758    4.01066e-05
-0.20944     -0.837758    5.25735e-05
0     -0.837758    9.47059e-05
0.20944     -0.837758    5.26145e-05
0.418879     -0.837758    4.01207e-05
0.628319     -0.837758    3.14495e-05
0.837758     -0.837758    2.25743e-05
1.0472     -0.837758    2.86502e-05
1.25664     -0.837758    1.91889e-05
1.46608     -0.837758    2.50341e-06
1.67552     -0.837758    1.46458e-05
1.88496     -0.837758    3.01169e-05
2.0944     -0.837758    4.7104e-05
2.30383     -0.837758    5.34733e-05
2.51327     -0.837758    6.23959e-05
2.72271     -0.837758    6.62441e-05
2.93215     -0.837758    5.60639e-05
3.14159     -0.837758    3.90823e-05

-3.14159     -0.628319    2.92889e-05
-2.93215     -0.628319    4.74377e-05
-2.72271     -0.628319    5.16215e-05
-2.51327     -0.628319    5.67473e-05
-2.30383     -0.628319    5.2037e-05
-2.0944     -0.628319    4.33169e-05
-1.88496     -0.628319    3.02206e-05
-1.67552     -0.628319    1.40826e-05
-1.46608     -0.628319    9.86609e-06
-1.25664     -0.628319    2.7748e-05
-1.0472     -0.628319    4.87993e-05
-0.837758     -0.628319    5.23327e-05
-0.628319     -0.628319    4.88323e-05
-0.418879     -0.628319    6.13384e-05
-0.20944     -0.628319    7.64358e-05
0     -0.628319    6.53837e-05
0.20944     -0.628319    7.66091e-05
0.418879     -0.628319    6.14402e-05
0.628319     -0.628319    4.88584e-05
0.837758     -0.628319    5.2334e-05
1.0472     -0.628319    4.88016e-05
1.25664     -0.628319    2.77481e-05
1.46608     -0.628319    9.86653e-06
1.67552     -0.628319    1.40807e-05
1.88496     -0.628319    3.02185e-05
2.0944     -0.628319    4.33165e-05
2.30383     -0.628319    5.20379e-05
2.51327     -0.628319    5.67486e-05
2.72271     -0.628319    5.16213e-05
2.93215     -0.628319    4.74373e-05
3.14159     -0.628319    2.92891e-05

-3.14159     -0.418879    2.72939e-06
-2.93215     -0.418879    1.30647e-05
-2.72271     -0.418879    3.18932e-05
-2.51327     -0.418879    4.03223e-05
-2.30383     -0.418879    4.04053e-05
-2.0944     -0.418879    3.23136e-05
-1.88496     -0.418879    2.71855e-05
-1.67552     -0.418879    1.54589e-05
-1.46608     -0.418879    5.58533e-06
-1.25664     -0.418879    2.50596e-05
-1.0472     -0.418879    4.04644e-05
-0.837758     -0.418879    6.52705e-05
-0.628319     -0.418879    7.70155e-05
-0.418879     -0.418879    8.8181e-05
-0.20944     -0.418879    0.000113633
0     -0.418879    0.000153432
0.20944     -0.418879    0.000113236
0.418879     -0.418879    8.83388e-05
0.628319     -0.418879    7.70692e-05
0.837758     -0.418879    6.52734e-05
1.0472     -0.418879    4.04609e-05
1.25664     -0.418879    2.50565e-05
1.46608     -0.418879    5.58475e-06
1.67552     -0.418879    1.54584e-05
1.88496     -0.418879    2.71847e-05
2.0944     -0.418879    3.23146e-05
2.30383     -0.418879    4.04073e-05
2.51327     -0.418879    4.03233e-05
2.72271     -0.418879    3.18941e-05
2.93215     -0.418879    1.30637e-05
3.14159     -0.418879    2.73033e-06

-3.14159     -0.20944    3.24547e-05
-2.93215     -0.20944    2.65029e-05
-2.72271     -0.20944    9.77679e-06
-2.51327     -0.20944    3.97492e-06
-2.30383     -0.20944    1.27499e-05
-2.0944     -0.20944    1.44772e-05
-1.88496     -0.20944    8.27527e-06
-1.67552     -0.20944    1.17094e-06
-1.46608     -0.20944    5.18903e-06
-1.25664     -0.20944    1.68209e-05
-1.0472     -0.20944    2.97551e-05
-0.837758     -0.20944    5.03625e-05
-0.628319     -0.20944    8.44004e-05
-0.418879     -0.20944    0.000113171
-0.20944     -0.20944    0.000157274
0     -0.20944    0.00015045
0.20944     -0.20944    0.00015978
0.418879     -0.20944    0.00011335
0.628319     -0.20944    8.4465e-05
0.837758     -0.20944    5.03725e-05
1.0472     -0.20944    2.97625e-05
1.25664     -0.20944    1.68155e-05
1.46608     -0.20944    5.18998e-06
1.67552     -0.20944    1.16821e-06
1.88496     -0.20944    8.27495e-06
2.0944     -0.20944    1.44776e-05
2.30383     -0.20944    1.27507e-05
2.51327     -0.20944    3.97611e-06
2.72271     -0.20944    9.77707e-06
2.93215     -0.20944    2.65039e-05
3.14159     -0.20944    3.2456e-05

-3.14159     0    3.93587e-05
-2.93215     0    3.22752e-05
-2.72271     0    3.81647e-05
-2.51327     0    2.31097e-05
-2.30383     0    7.72643e-06
-2.0944     0    6.37905e-07
-1.88496     0    5.58976e-06
-1.67552     0    1.22589e-05
-1.46608     0    1.39282e-05
-1.25664     0    1.69332e-05
-1.0472     0    3.26274e-05
-0.837758     0    5.03726e-05
-0.628319     0    7.61851e-05
-0.418879     0    0.000125498
-0.20944     0    0.000181206
0     0    2.76775e-16
0.20944     0    0.000181206
0.418879     0    0.000125498
0.628319     0    7.61851e-05
0.837758     0    5.03726e-05
1.0472     0    3.26274e-05
1.25664     0    1.69332e-05
1.46608     0    1.39282e-05
1.67552     0    1.22589e-05
1.88496     0    5.58976e-06
2.0944     0    6.37905e-07
2.30383     0    7.72643e-06
2.51327     0    2.31097e-05
2.72271     0    3.81647e-05
2.93215     0    3.22752e-05
3.14159     0    3.93587e-05

-3.14159     0.20944    3.2456e-05
-2.93215     0.20944    2.65039e-05
-2.72271     0.20944    9.77707e-06
-2.51327     0.20944    3.97611e-06
-2.30383     0.20944    1.27507e-05
-2.0944     0.20944    1.44776e-05
-1.88496     0.20944    8.27495e-06
-1.67552     0.20944    1.16821e-06
-1.46608     0.20944    5.18998e-06
-1.25664     0.20944    1.68155e-05
-1.0472     0.20944    2.97625e-05
-0.837758     0.20944    5.03725e-05
-0.628319     0.20944    8.4465e-05
-0.418879     0.20944    0.00011335
-0.20944     0.20944    0.00015978
0     0.20944    0.00015045
0.20944     0.20944    0.000157274
0.418879     0.20944    0.000113171
0.628319     0.20944    8.44004e-05
0.837758     0.20944    5.03625e-05
1.0472     0.20944    2.97551e-05
1.25664     0.20944    1.68209e-05
1.46608     0.20944    5.18903e-06
1.67552     0.20944    1.17094e-06
1.88496     0.20944    8.27527e-06
2.0944     0.20944    1.44772e-05
2.30383     0.20944    1.27499e-05
2.51327     0.20944    3.97492e-06
2.72271     0.20944    9.77679e-06
2.93215     0.20944    2.65029e-05
3.14159     0.20944    3.24547e-05

-3.14159     0.418879    2.73033e-06
-2.93215     0.418879    1.30637e-05
-2.72271     0.418879    3.18941e-05
-2.51327     0.418879    4.03233e-05
-2.30383     0.418879    4.04073e-05
-2.0944     0.418879    3.23146e-05
-1.88496     0.418879    2.71847e-05
-1.67552     0.418879    1.54584e-05
-1.46608     0.418879    5.58475e-06
-1.25664     0.418879    2.50565e-05
-1.0472     0.418879    4.04609e-05
-0.837758     0.418879    6.52734e-05
-0.628319     0.418879    7.70692e-05
-0.418879     0.418879    8.83388e-05
-0.20944     0.418879    0.000113236
0     0.418879    0.000153432
0.20944     0.418879    0.000113633
0.418879     0.418879    8.8181e-05
0.628319     0.418879    7.70155e-05
0.837758     0.418879    6.52705e-05
1.0472     0.418879    4.04644e-05
1.25664     0.418879    2.50596e-05
1.46608     0.418879    5.58533e-06
1.67552     0.418879    1.54589e-05
1.88496     0.418879    2.71855e-05
2.0944     0.418879    3.23136e-05
2.30383     0.418879    4.04053e-05
2.51327     0.418879    4.03223e-05
2.72271     0.418879    3.18932e-05
2.93215     0.418879    1.30647e-05
3.14159     0.418879    2.72939e-06

-3.14159     0.628319    2.92891e-05
-2.93215     0.628319    4.74373e-05
-2.72271     0.628319    5.16213e-05
-2.51327     0.628319    5.67486e-05
-2.30383     0.628319    5.20379e-05
-2.0944     0.628319    4.33165e-05
-1.88496     0.628319    3.02185e-05
-1.67552     0.628319    1.40807e-05
-1.46608     0.628319    9.86653e-06
-1.25664     0.628319    2.77481e-05
-1.0472     0.628319    4.88016e-05
-0.837758     0.628319    5.2334e-05
-0.628319     0.628319    4.88584e-05
-0.418879     0.628319    6.14402e-05
-0.20944     0.628319    7.66091e-05
0     0.628319    6.53837e-05
0.20944     0.628319    7.64358e-05
0.418879     0.628319    6.13384e-05
0.628319     0.628319    4.88323e-05
0.837758     0.628319    5.23327e-05
1.0472     0.628319    4.87993e-05
1.25664     0.628319    2.7748e-05
1.46608     0.628319    9.86609e-06
1.67552     0.628319    1.40826e-05
1.88496     0.628319    3.02206e-05
2.0944     0.628319    4.33169e-05
2.30383     0.628319    5.2037e-05
2.51327     0.628319    5.67473e-05
2.72271     0.628319    5.16215e-05
2.93215     0.628319    4.74377e-05
3.14159     0.628319    2.92889e-05

-3.14159     0.837758    3.90823e-05
-2.93215     0.837758    5.60639e-05
-2.72271     0.837758    6.62441e-05
-2.51327     0.837758    6.23959e-05
-2.30383     0.837758    5.34733e-05
-2.0944     0.837758    4.7104e-05
-1.88496     0.837758    3.01169e-05
-1.67552     0.837758    1.46458e-05
-1.46608     0.837758    2.50341e-06
-1.25664     0.837758    1.91889e-05
-1.0472     0.837758    2.86502e-05
-0.837758     0.837758    2.25743e-05
-0.628319     0.837758    3.14495e-05
-0.418879     0.837758    4.01207e-05
-0.20944     0.837758    5.26145e-05
0     0.837758    9.47059e-05
0.20944     0.837758    5.25735e-05
0.418879     0.837758    4.01066e-05
0.628319     0.837758    3.14188e-05
0.837758     0.837758    2.25596e-05
1.0472     0.837758    2.86565e-05
1.25664     0.837758    1.91936e-05
1.46608     0.837758    2.50197e-06
1.67552     0.837758    1.46479e-05
1.88496     0.837758    3.01192e-05
2.0944     0.837758    4.71051e-05
2.30383     0.837758    5.34735e-05
2.51327     0.837758    6.23958e-05
2.72271     0.837758    6.6244e-05
2.93215     0.837758    5.60633e-05
3.14159     0.837758    3.90807e-05

-3.14159     1.0472    3.82471e-05
-2.93215     1.0472    6.50709e-05
-2.72271     1.0472    7.26163e-05
-2.51327     1.0472    6.36747e-05
-2.30383     1.0472    5.34758e-05
-2.0944     1.0472    4.27119e-05
-1.88496     1.0472    3.6247e-05
-1.67552     1.0472    2.18509e-05
-1.46608     1.0472    1.14799e-05
-1.25664     1.0472    2.34447e-06
-1.0472     1.0472    6.44441e-06
-0.837758     1.0472    1.56943e-05
-0.628319     1.0472    1.90545e-05
-0.418879     1.0472    2.60607e-05
-0.20944     1.0472    3.77267e-05
0     1.0472    4.81576e-05
0.20944     1.0472    3.78743e-05
0.418879     1.0472    2.60516e-05
0.628319     1.0472    1.90369e-05
0.837758     1.0472    1.56798e-05
1.0472     1.0472    6.44827e-06
1.25664     1.0472    2.35346e-06
1.46608     1.0472    1.14796e-05
1.67552     1.0472    2.1854e-05
1.88496     1.0472    3.62501e-05
2.0944     1.0472    4.27137e-05
2.30383     1.0472    5.34764e-05
2.51327     1.0472    6.36748e-05
2.72271     1.0472    7.26151e-05
2.93215     1.0472    6.50683e-05
3.14159     1.0472    3.82443e-05

-3.14159     1.25664    2.68126e-05
-2.93215     1.25664    5.97241e-05
-2.72271     1.25664    7.2285e-05
-2.51327     1.25664    7.01204e-05
-2.30383     1.25664    6.17268e-05
-2.0944     1.25664    4.7806e-05
-1.88496     1.25664    4.21739e-05
-1.67552     1.25664    3.33757e-05
-1.46608     1.25664    2.48567e-05
-1.25664     1.25664    2.00111e-05
-1.0472     1.25664    3.71453e-06
-0.837758     1.25664    9.26814e-06
-0.628319     1.25664    1.16265e-05
-0.418879     1.25664    1.51296e-05
-0.20944     1.25664    3.02535e-05
0     1.25664    5.28771e-05
0.20944     1.25664    3.00516e-05
0.418879     1.25664    1.5122e-05
0.628319     1.25664    1.162e-05
0.837758     1.25664    9.26604e-06
1.0472     1.25664    3.7178e-06
1.25664     1.25664    2.00091e-05
1.46608     1.25664    2.48542e-05
1.67552     1.25664    3.33764e-05
1.88496     1.25664    4.21752e-05
2.0944     1.25664    4.78073e-05
2.30383     1.25664    6.17266e-05
2.51327     1.25664    7.01186e-05
2.72271     1.25664    7.22821e-05
2.93215     1.25664    5.97202e-05
3.14159     1.25664    2.68089e-05

-3.14159     1.46608    7.93841e-06
-2.93215     1.46608    4.93976e-05
-2.72271     1.46608    7.33388e-05
-2.51327     1.46608    7.01775e-05
-2.30383     1.46608    6.68302e-05
-2.0944     1.46608    5.50934e-05
-1.88496     1.46608    4.83251e-05
-1.67552     1.46608    4.76724e-05
-1.46608     1.46608    3.59432e-05
-1.25664     1.46608    2.32228e-05
-1.0472     1.46608    2.07694e-06
-0.837758     1.46608    1.24e-05
-0.628319     1.46608    4.16623e-06
-0.418879     1.46608    2.35152e-06
-0.20944     1.46608    1.96681e-05
0     1.46608    2.04669e-05
0.20944     1.46608    1.9866e-05
0.418879     1.46608    2.35679e-06
0.628319     1.46608    4.16589e-06
0.837758     1.46608    1.23969e-05
1.0472     1.46608    2.07572e-06
1.25664     1.46608    2.32225e-05
1.46608     1.46608    3.59412e-05
1.67552     1.46608    4.7671e-05
1.88496     1.46608    4.83245e-05
2.0944     1.46608    5.50943e-05
2.30383     1.46608    6.68283e-05
2.51327     1.46608    7.01737e-05
2.72271     1.46608    7.33336e-05
2.93215     1.46608    4.93925e-05
3.14159     1.46608    7.93444e-06

-3.14159     1.67552    5.42707e-06
-2.93215     1.67552    2.68348e-05
-2.72271     1.67552    6.34733e-05
-2.51327     1.67552    7.27419e-05
-2.30383     1.67552    7.14175e-05
-2.0944     1.67552    6.1925e-05
-1.88496     1.67552    5.82374e-05
-1.67552     1.67552    5.15032e-05
-1.46608     1.67552    3.52066e-05
-1.25664     1.67552    1.84488e-05
-1.0472     1.67552    1.30778e-06
-0.837758     1.67552    2.01532e-06
-0.628319     1.67552    1.37256e-05
-0.418879     1.67552    1.48101e-05
-0.20944     1.67552    1.79765e-07
0     1.67552    3.85739e-06
0.20944     1.67552    3.40428e-07
0.418879     1.67552    1.48072e-05
0.628319     1.67552    1.37204e-05
0.837758     1.67552    2.01527e-06
1.0472     1.67552    1.30595e-06
1.25664     1.67552    1.84417e-05
1.46608     1.67552    3.52044e-05
1.67552     1.67552    5.1502e-05
1.88496     1.67552    5.82364e-05
2.0944     1.67552    6.19241e-05
2.30383     1.67552    7.14145e-05
2.51327     1.67552    7.27371e-05
2.72271     1.67552    6.34676e-05
2.93215     1.67552    2.68296e-05
3.14159     1.67552    5.43089e-06

-3.14159     1.88496    7.43454e-06
-2.93215     1.88496    3.40464e-06
-2.72271     1.88496    4.23645e-05
-2.51327     1.88496    6.6349e-05
-2.30383     1.88496    7.10478e-05
-2.0944     1.88496    6.71513e-05
-1.88496     1.88496    5.92224e-05
-1.67552     1.88496    4.81515e-05
-1.46608     1.88496    3.19873e-05
-1.25664     1.88496    5.54605e-06
-1.0472     1.88496    3.67636e-07
-0.837758     1.88496    1.51097e-05
-0.628319     1.88496    2.71102e-05
-0.418879     1.88496    2.74562e-05
-0.20944     1.88496    1.88831e-05
0     1.88496    1.11612e-05
0.20944     1.88496    1.87727e-05
0.418879     1.88496    2.74512e-05
0.628319     1.88496    2.71114e-05
0.837758     1.88496    1.51082e-05
1.0472     1.88496    3.72305e-07
1.25664     1.88496    5.54194e-06
1.46608     1.88496    3.19833e-05
1.67552     1.88496    4.81488e-05
1.88496     1.88496    5.92203e-05
2.0944     1.88496    6.71497e-05
2.30383     1.88496    7.10443e-05
2.51327     1.88496    6.63437e-05
2.72271     1.88496    4.23586e-05
2.93215     1.88496    3.40017e-06
3.14159     1.88496    7.43835e-06

-3.14159     2.0944    2.63282e-06
-2.93215     2.0944    8.12993e-06
-2.72271     2.0944    1.49636e-05
-2.51327     2.0944    4.56344e-05
-2.30383     2.0944    5.99881e-05
-2.0944     2.0944    5.90422e-05
-1.88496     2.0944    4.7123e-05
-1.67552     2.0944    3.55952e-05
-1.46608     2.0944    3.46452e-06
-1.25664     2.0944    1.72768e-05
-1.0472     2.0944    7.74215e-07
-0.837758     2.0944    2.82082e-05
-0.628319     2.0944    3.83202e-05
-0.418879     2.0944    4.15299e-05
-0.20944     2.0944    3.26813e-05
0     2.0944    3.82414e-05
0.20944     2.0944    3.27359e-05
0.418879     2.0944    4.15349e-05
0.628319     2.0944    3.83187e-05
0.837758     2.0944    2.82091e-05
1.0472     2.0944    7.70198e-07
1.25664     2.0944    1.72793e-05
1.46608     2.0944    3.46409e-06
1.67552     2.0944    3.55919e-05
1.88496     2.0944    4.71208e-05
2.0944     2.0944    5.90408e-05
2.30383     2.0944    5.99842e-05
2.51327     2.0944    4.56291e-05
2.72271     2.0944    1.49588e-05
2.93215     2.0944    8.13387e-06
3.14159     2.0944    2.6289e-06

-3.14159     2.30383    2.08853e-05
-2.93215     2.30383    1.29625e-05
-2.72271     2.30383    1.12089e-05
-2.51327     2.30383    1.89435e-05
-2.30383     2.30383    3.82777e-05
-2.0944     2.30383    3.96301e-05
-1.88496     2.30383    2.66911e-05
-1.67552     2.30383    2.70398e-06
-1.46608     2.30383    2.8014e-05
-1.25664     2.30383    2.70159e-05
-1.0472     2.30383    1.10757e-05
-0.837758     2.30383    4.31347e-05
-0.628319     2.30383    5.16251e-05
-0.418879     2.30383    5.1684e-05
-0.20944     2.30383    4.41687e-05
0     2.30383    3.69641e-05
0.20944     2.30383    4.41588e-05
0.418879     2.30383    5.16753e-05
0.628319     2.30383    5.16238e-05
0.837758     2.30383    4.31312e-05
1.0472     2.30383    1.10753e-05
1.25664     2.30383    2.70221e-05
1.46608     2.30383    2.80181e-05
1.67552     2.30383    2.70731e-06
1.88496     2.30383    2.66883e-05
2.0944     2.30383    3.96271e-05
2.30383     2.30383    3.82736e-05
2.51327     2.30383    1.89388e-05
2.72271     2.30383    1.12126e-05
2.93215     2.30383    1.29655e-05
3.14159     2.30383    2.08814e-05

-3.14159     2.51327    3.60189e-05
-2.93215     2.51327    7.43825e-06
-2.72271     2.51327    2.89907e-05
-2.51327     2.51327    2.18511e-05
-2.30383     2.51327    3.36742e-06
-2.0944     2.51327    1.18695e-05
-1.88496     2.51327    7.86775e-06
-1.67552     2.51327    3.27336e-05
-1.46608     2.51327    3.22815e-05
-1.25664     2.51327    2.68063e-05
-1.0472     2.51327    2.21319e-05
-0.837758     2.51327    4.83001e-05
-0.628319     2.51327    5.98394e-05
-0.418879     2.51327    5.54872e-05
-0.20944     2.51327    5.33064e-05
0     2.51327    5.71918e-05
0.20944     2.51327    5.32795e-05
0.418879     2.51327    5.54918e-05
0.628319     2.51327    5.98381e-05
0.837758     2.51327    4.82996e-05
1.0472     2.51327    2.21277e-05
1.25664     2.51327    2.68112e-05
1.46608     2.51327    3.22877e-05
1.67552     2.51327    3.27384e-05
1.88496     2.51327    7.87116e-06
2.0944     2.51327    1.18649e-05
2.30383     2.51327    3.3632e-06
2.51327     2.51327    2.18546e-05
2.72271     2.51327    2.89934e-05
2.93215     2.51327    7.44132e-06
3.14159     2.51327    3.60158e-05

-3.14159     2.72271    3.9532e-05
-2.93215     2.72271    2.58565e-06
-2.72271     2.72271    3.71073e-05
-2.51327     2.72271    4.10715e-05
-2.30383     2.72271    3.60436e-05
-2.0944     2.72271    3.96614e-05
-1.88496     2.72271    4.05593e-05
-1.67552     2.72271    3.79597e-05
-1.46608     2.72271    3.57898e-05
-1.25664     2.72271    2.00173e-05
-1.0472     2.72271    2.63527e-05
-0.837758     2.72271    5.07575e-05
-0.628319     2.72271    6.58627e-05
-0.418879     2.72271    6.61828e-05
-0.20944     2.72271    6.56716e-05
0     2.72271    6.4537e-05
0.20944     2.72271    6.57122e-05
0.418879     2.72271    6.61755e-05
0.628319     2.72271    6.58605e-05
0.837758     2.72271    5.0754e-05
1.0472     2.72271    2.63495e-05
1.25664     2.72271    2.00237e-05
1.46608     2.72271    3.57964e-05
1.67552     2.72271    3.79655e-05
1.88496     2.72271    4.05639e-05
2.0944     2.72271    3.9666e-05
2.30383     2.72271    3.60479e-05
2.51327     2.72271    4.10745e-05
2.72271     2.72271    3.71093e-05
2.93215     2.72271    2.58592e-06
3.14159     2.72271    3.953e-05

-3.14159     2.93215    3.45825e-05
-2.93215     2.93215    2.04317e-06
-2.72271     2.93215    4.14038e-05
-2.51327     2.93215    6.61e-05
-2.30383     2.93215    8.32301e-05
-2.0944     2.93215    7.76845e-05
-1.88496     2.93215    5.37492e-05
-1.67552     2.93215    4.24026e-05
-1.46608     2.93215    4.15384e-05
-1.25664     2.93215    1.23176e-05
-1.0472     2.93215    2.92324e-05
-0.837758     2.93215    5.17557e-05
-0.628319     2.93215    6.58373e-05
-0.418879     2.93215    7.26131e-05
-0.20944     2.93215    7.35736e-05
0     2.93215    7.20506e-05
0.20944     2.93215    7.35303e-05
0.418879     2.93215    7.2614e-05
0.628319     2.93215    6.58357e-05
0.837758     2.93215    5.17536e-05
1.0472     2.93215    2.92296e-05
1.25664     2.93215    1.23208e-05
1.46608     2.93215    4.1545e-05
1.67552     2.93215    4.24076e-05
1.88496     2.93215    5.37538e-05
2.0944     2.93215    7.76885e-05
2.30383     2.93215    8.32337e-05
2.51327     2.93215    6.61032e-05
2.72271     2.93215    4.14061e-05
2.93215     2.93215    2.04564e-06
3.14159     2.93215    3.45819e-05

-3.14159     3.14159    9.32789e-06
-2.93215     3.14159    2.24319e-05
-2.72271     3.14159    6.41232e-05
-2.51327     3.14159    9.61705e-05
-2.30383     3.14159    9.55645e-05
-2.0944     3.14159    7.48342e-05
-1.88496     3.14159    5.92553e-05
-1.67552     3.14159    5.62375e-05
-1.46608     3.14159    5.78047e-05
-1.25664     3.14159    2.25415e-05
-1.0472     3.14159    1.67235e-05
-0.837758     3.14159    3.94552e-05
-0.628319     3.14159    5.39956e-05
-0.418879     3.14159    6.20853e-05
-0.20944     3.14159    6.66011e-05
0     3.14159    7.04423e-05
0.20944     3.14159    6.66317e-05
0.418879     3.14159    6.20843e-05
0.628319     3.14159    5.39935e-05
0.837758     3.14159    3.94532e-05
1.0472     3.14159    1.67199e-05
1.25664     3.14159    2.25469e-05
1.46608     3.14159    5.78086e-05
1.67552     3.14159    5.62409e-05
1.88496     3.14159    5.92579e-05
2.0944     3.14159    7.48369e-05
2.30383     3.14159    9.55672e-05
2.51327     3.14159    9.61728e-05
2.72271     3.14159    6.41244e-05
2.93215     3.14159    2.24325e-05
3.14159     3.14159    9.32852e-06

