-3.14159     -3.14159    0.00164783
-2.93215     -3.14159    0.00104183
-2.72271     -3.14159    0.00190488
-2.51327     -3.14159    0.00188803
-2.30383     -3.14159    0.000530922
-2.0944     -3.14159    0.000284838
-1.88496     -3.14159    0.00105493
-1.67552     -3.14159    0.000196943
-1.46608     -3.14159    0.00105042
-1.25664     -3.14159    0.00103548
-1.0472     -3.14159    0.00166564
-0.837758     -3.14159    8.87904e-05
-0.628319     -3.14159    0.00278531
-0.418879     -3.14159    0.00218901
-0.20944     -3.14159    0.00384565
0     -3.14159    0.0068756
0.20944     -3.14159    0.00391299
0.418879     -3.14159    0.00216898
0.628319     -3.14159    0.0026078
0.837758     -3.14159    0.000116407
1.0472     -3.14159    0.0016661
1.25664     -3.14159    0.00110887
1.46608     -3.14159    0.00104656
1.67552     -3.14159    0.000172178
1.88496     -3.14159    0.00115038
2.0944     -3.14159    0.000301575
2.30383     -3.14159    0.000569129
2.51327     -3.14159    0.00192863
2.72271     -3.14159    0.00193102
2.93215     -3.14159    0.00109195
3.14159     -3.14159    0.00173031

-3.14159     -2.93215    0.00182538
-2.93215     -2.93215    0.000208159
-2.72271     -2.93215    0.000132608
-2.51327     -2.93215    0.00265992
-2.30383     -2.93215    0.00232379
-2.0944     -2.93215    0.000154224
-1.88496     -2.93215    0.000803549
-1.67552     -2.93215    0.00207394
-1.46608     -2.93215    0.00124934
-1.25664     -2.93215    0.000310138
-1.0472     -2.93215    0.00188839
-0.837758     -2.93215    0.00210262
-0.628319     -2.93215    0.00240249
-0.418879     -2.93215    0.00057576
-0.20944     -2.93215    0.000145226
0     -2.93215    0.00422412
0.20944     -2.93215    0.000185125
0.418879     -2.93215    0.000600876
0.628319     -2.93215    0.00246492
0.837758     -2.93215    0.00198025
1.0472     -2.93215    0.00187456
1.25664     -2.93215    0.000244097
1.46608     -2.93215    0.0012398
1.67552     -2.93215    0.00192032
1.88496     -2.93215    0.000894485
2.0944     -2.93215    0.0001462
2.30383     -2.93215    0.00224876
2.51327     -2.93215    0.00265151
2.72271     -2.93215    8.19111e-05
2.93215     -2.93215    0.000303821
3.14159     -2.93215    0.00186103

-3.14159     -2.72271    0.000869625
-2.93215     -2.72271    0.000575701
-2.72271     -2.72271    0.000502222
-2.51327     -2.72271    0.00254554
-2.30383     -2.72271    0.000984929
-2.0944     -2.72271    0.000941592
-1.88496     -2.72271    0.00126273
-1.67552     -2.72271    0.000772535
-1.46608     -2.72271    9.35081e-05
-1.25664     -2.72271    0.0004747
-1.0472     -2.72271    0.000478393
-0.837758     -2.72271    0.00083828
-0.628319     -2.72271    0.00265503
-0.418879     -2.72271    0.00118085
-0.20944     -2.72271    0.000603252
0     -2.72271    0.00297115
0.20944     -2.72271    0.000597611
0.418879     -2.72271    0.00122967
0.628319     -2.72271    0.00267539
0.837758     -2.72271    0.000811743
1.0472     -2.72271    0.000479645
1.25664     -2.72271    0.000477928
1.46608     -2.72271    9.0418e-05
1.67552     -2.72271    0.00066847
1.88496     -2.72271    0.00130923
2.0944     -2.72271    0.000999937
2.30383     -2.72271    0.000935783
2.51327     -2.72271    0.00256128
2.72271     -2.72271    0.00052875
2.93215     -2.72271    0.000649309
3.14159     -2.72271    0.000938026

-3.14159     -2.51327    0.00362666
-2.93215     -2.51327    0.00235239
-2.72271     -2.51327    0.00224391
-2.51327     -2.51327    0.00118605
-2.30383     -2.51327    0.000532018
-2.0944     -2.51327    0.000529815
-1.88496     -2.51327    6.93127e-05
-1.67552     -2.51327    0.000893093
-1.46608     -2.51327    0.00105192
-1.25664     -2.51327    0.00313728
-1.0472     -2.51327    0.00040434
-0.837758     -2.51327    0.000546909
-0.628319     -2.51327    0.00105388
-0.418879     -2.51327    0.00100316
-0.20944     -2.51327    0.00132627
0     -2.51327    0.00131725
0.20944     -2.51327    0.0012866
0.418879     -2.51327    0.00104356
0.628319     -2.51327    0.00101461
0.837758     -2.51327    0.000645455
1.0472     -2.51327    0.000398128
1.25664     -2.51327    0.00312828
1.46608     -2.51327    0.00101812
1.67552     -2.51327    0.000859199
1.88496     -2.51327    6.78898e-05
2.0944     -2.51327    0.000434293
2.30383     -2.51327    0.000529633
2.51327     -2.51327    0.00122938
2.72271     -2.51327    0.00220094
2.93215     -2.51327    0.0021315
3.14159     -2.51327    0.00359615

-3.14159     -2.30383    0.00611625
-2.93215     -2.30383    0.00517042
-2.72271     -2.30383    0.0030234
-2.51327     -2.30383    0.00176117
-2.30383     -2.30383    5.37642e-05
-2.0944     -2.30383    0.00371346
-1.88496     -2.30383    2.58284e-06
-1.67552     -2.30383    0.000829197
-1.46608     -2.30383    0.00272406
-1.25664     -2.30383    0.00123026
-1.0472     -2.30383    0.000805037
-0.837758     -2.30383    0.00134286
-0.628319     -2.30383    0.000501147
-0.418879     -2.30383    0.000727175
-0.20944     -2.30383    0.000121592
0     -2.30383    0.00178665
0.20944     -2.30383    0.000112299
0.418879     -2.30383    0.000775757
0.628319     -2.30383    0.000488465
0.837758     -2.30383    0.00138089
1.0472     -2.30383    0.000785038
1.25664     -2.30383    0.00115667
1.46608     -2.30383    0.00277349
1.67552     -2.30383    0.000818267
1.88496     -2.30383    3.84207e-05
2.0944     -2.30383    0.00365508
2.30383     -2.30383    0.000104744
2.51327     -2.30383    0.00180281
2.72271     -2.30383    0.00279543
2.93215     -2.30383    0.00505292
3.14159     -2.30383    0.00606796

-3.14159     -2.0944    0.00675734
-2.93215     -2.0944    0.0100049
-2.72271     -2.0944    0.00582174
-2.51327     -2.0944    0.003786
-2.30383     -2.0944    0.00211915
-2.0944     -2.0944    0.000164072
-1.88496     -2.0944    0.000956771
-1.67552     -2.0944    0.000808605
-1.46608     -2.0944    6.98601e-05
-1.25664     -2.0944    0.00101803
-1.0472     -2.0944    0.000153766
-0.837758     -2.0944    0.00344161
-0.628319     -2.0944    0.000800386
-0.418879     -2.0944    0.000203269
-0.20944     -2.0944    0.00127478
0     -2.0944    0.000874156
0.20944     -2.0944    0.00129877
0.418879     -2.0944    0.00019749
0.628319     -2.0944    0.000801394
0.837758     -2.0944    0.00341022
1.0472     -2.0944    0.000186729
1.25664     -2.0944    0.000952128
1.46608     -2.0944    5.68551e-05
1.67552     -2.0944    0.000760613
1.88496     -2.0944    0.000919665
2.0944     -2.0944    0.00020417
2.30383     -2.0944    0.00211036
2.51327     -2.0944    0.00378251
2.72271     -2.0944    0.00580779
2.93215     -2.0944    0.010094
3.14159     -2.0944    0.00685665

-3.14159     -1.88496    0.00747937
-2.93215     -1.88496    0.00528717
-2.72271     -1.88496    0.00565752
-2.51327     -1.88496    0.00148101
-2.30383     -1.88496    0.00153098
-2.0944     -1.88496    0.00270715
-1.88496     -1.88496    0.00148001
-1.67552     -1.88496    0.000298691
-1.46608     -1.88496    0.00318179
-1.25664     -1.88496    0.000727657
-1.0472     -1.88496    0.000741105
-0.837758     -1.88496    0.00275275
-0.628319     -1.88496    0.000227009
-0.418879     -1.88496    0.000892282
-0.20944     -1.88496    0.000836723
0     -1.88496    0.000991545
0.20944     -1.88496    0.000841586
0.418879     -1.88496    0.00090797
0.628319     -1.88496    0.000242308
0.837758     -1.88496    0.00281089
1.0472     -1.88496    0.000699413
1.25664     -1.88496    0.000673597
1.46608     -1.88496    0.0032116
1.67552     -1.88496    0.000213756
1.88496     -1.88496    0.00146666
2.0944     -1.88496    0.00274159
2.30383     -1.88496    0.00151929
2.51327     -1.88496    0.0014551
2.72271     -1.88496    0.00573602
2.93215     -1.88496    0.00526443
3.14159     -1.88496    0.00750798

-3.14159     -1.67552    0.0072386
-2.93215     -1.67552    0.00405253
-2.72271     -1.67552    0.00635133
-2.51327     -1.67552    0.00185449
-2.30383     -1.67552    0.000595839
-2.0944     -1.67552    0.00116828
-1.88496     -1.67552    0.000805359
-1.67552     -1.67552    0.000519109
-1.46608     -1.67552    0.00170611
-1.25664     -1.67552    0.002616
-1.0472     -1.67552    0.00198535
-0.837758     -1.67552    0.00214663
-0.628319     -1.67552    0.00076111
-0.418879     -1.67552    0.00312364
-0.20944     -1.67552    0.000604848
0     -1.67552    0.000954484
0.20944     -1.67552    0.000611939
0.418879     -1.67552    0.00314143
0.628319     -1.67552    0.000756449
0.837758     -1.67552    0.00212346
1.0472     -1.67552    0.00195576
1.25664     -1.67552    0.00263831
1.46608     -1.67552    0.00166305
1.67552     -1.67552    0.000587171
1.88496     -1.67552    0.000822255
2.0944     -1.67552    0.0012366
2.30383     -1.67552    0.00055979
2.51327     -1.67552    0.00184873
2.72271     -1.67552    0.00632471
2.93215     -1.67552    0.00413008
3.14159     -1.67552    0.00730207

-3.14159     -1.46608    0.00663786
-2.93215     -1.46608    0.00579208
-2.72271     -1.46608    0.00544926
-2.51327     -1.46608    0.00375507
-2.30383     -1.46608    0.00151871
-2.0944     -1.46608    0.00147134
-1.88496     -1.46608    0.000785949
-1.67552     -1.46608    0.00039509
-1.46608     -1.46608    0.000343311
-1.25664     -1.46608    0.000286107
-1.0472     -1.46608    0.0016416
-0.837758     -1.46608    0.00247531
-0.628319     -1.46608    0.00101299
-0.418879     -1.46608    0.0028878
-0.20944     -1.46608    0.000549572
0     -1.46608    0.000211112
0.20944     -1.46608    0.000474547
0.418879     -1.46608    0.00287669
0.628319     -1.46608    0.00104586
0.837758     -1.46608    0.002502
1.0472     -1.46608    0.00159285
1.25664     -1.46608    0.000297948
1.46608     -1.46608    0.0003503
1.67552     -1.46608    0.000332018
1.88496     -1.46608    0.000848058
2.0944     -1.46608    0.00147398
2.30383     -1.46608    0.00156949
2.51327     -1.46608    0.00369207
2.72271     -1.46608    0.00548472
2.93215     -1.46608    0.00576649
3.14159     -1.46608    0.00670546

-3.14159     -1.25664    0.00551675
-2.93215     -1.25664    0.00234348
-2.72271     -1.25664    2.73636e-05
-2.51327     -1.25664    0.000640076
-2.30383     -1.25664    0.00262199
-2.0944     -1.25664    0.000369823
-1.88496     -1.25664    0.000432822
-1.67552     -1.25664    0.00119442
-1.46608     -1.25664    0.000408087
-1.25664     -1.25664    0.0026707
-1.0472     -1.25664    0.00150826
-0.837758     -1.25664    0.000336225
-0.628319     -1.25664    0.0019237
-0.418879     -1.25664    0.00234178
-0.20944     -1.25664    0.00067005
0     -1.25664    0.000644841
0.20944     -1.25664    0.000748145
0.418879     -1.25664    0.00236133
0.628319     -1.25664    0.00196371
0.837758     -1.25664    0.000297386
1.0472     -1.25664    0.00155958
1.25664     -1.25664    0.0026364
1.46608     -1.25664    0.000408704
1.67552     -1.25664    0.00114916
1.88496     -1.25664    0.000429932
2.0944     -1.25664    0.000344986
2.30383     -1.25664    0.00269192
2.51327     -1.25664    0.000627255
2.72271     -1.25664    2.83746e-05
2.93215     -1.25664    0.00233254
3.14159     -1.25664    0.00543917

-3.14159     -1.0472    0.00268895
-2.93215     -1.0472    0.00289296
-2.72271     -1.0472    0.0012854
-2.51327     -1.0472    0.000464283
-2.30383     -1.0472    0.00126131
-2.0944     -1.0472    0.000783006
-1.88496     -1.0472    0.000413709
-1.67552     -1.0472    0.0012457
-1.46608     -1.0472    0.000627826
-1.25664     -1.0472    0.00199314
-1.0472     -1.0472    0.00266299
-0.837758     -1.0472    0.00304496
-0.628319     -1.0472    0.0027563
-0.418879     -1.0472    0.00119477
-0.20944     -1.0472    0.000387283
0     -1.0472    0.00173754
0.20944     -1.0472    0.000350747
0.418879     -1.0472    0.00120635
0.628319     -1.0472    0.00276774
0.837758     -1.0472    0.00302051
1.0472     -1.0472    0.00266895
1.25664     -1.0472    0.00199844
1.46608     -1.0472    0.000621547
1.67552     -1.0472    0.0011772
1.88496     -1.0472    0.000405336
2.0944     -1.0472    0.000730183
2.30383     -1.0472    0.00121173
2.51327     -1.0472    0.000411496
2.72271     -1.0472    0.00129587
2.93215     -1.0472    0.00295187
3.14159     -1.0472    0.00270664

-3.14159     -0.837758    1.70548e-05
-2.93215     -0.837758    0.000451939
-2.72271     -0.837758    0.00272678
-2.51327     -0.837758    0.00200549
-2.30383     -0.837758    0.000800108
-2.0944     -0.837758    0.000936424
-1.88496     -0.837758    0.00142024
-1.67552     -0.837758    0.000301038
-1.46608     -0.837758    0.00100664
-1.25664     -0.837758    0.00032667
-1.0472     -0.837758    0.000509473
-0.837758     -0.837758    0.000701236
-0.628319     -0.837758    0.00124644
-0.418879     -0.837758    0.00284944
-0.20944     -0.837758    0.00228083
0     -0.837758    0.00351732
0.20944     -0.837758    0.002235
0.418879     -0.837758    0.0028094
0.628319     -0.837758    0.00127321
0.837758     -0.837758    0.000697251
1.0472     -0.837758    0.000566585
1.25664     -0.837758    0.000274313
1.46608     -0.837758    0.00100621
1.67552     -0.837758    0.0003338
1.88496     -0.837758    0.00143222
2.0944     -0.837758    0.000957306
2.30383     -0.837758    0.000788098
2.51327     -0.837758    0.00195872
2.72271     -0.837758    0.00277779
2.93215     -0.837758    0.000417669
3.14159     -0.837758    4.24847e-05

-3.14159     -0.628319    0.0022983
-2.93215     -0.628319    0.00152021
-2.72271     -0.628319    0.00121754
-2.51327     -0.628319    0.000403627
-2.30383     -0.628319    0.000371349
-2.0944     -0.628319    0.00027479
-1.88496     -0.628319    0.000582944
-1.67552     -0.628319    0.00169722
-1.46608     -0.628319    0.000776238
-1.25664     -0.628319    0.000366999
-1.0472     -0.628319    0.000955216
-0.837758     -0.628319    0.000396541
-0.628319     -0.628319    0.00188408
-0.418879     -0.628319    0.00487245
-0.20944     -0.628319    0.00453492
0     -0.628319    0.00360382
0.20944     -0.628319    0.0045319
0.418879     -0.628319    0.00473088
0.628319     -0.628319    0.00193775
0.837758     -0.628319    0.000470674
1.0472     -0.628319    0.000981952
1.25664     -0.628319    0.000361624
1.46608     -0.628319    0.000785439
1.67552     -0.628319    0.0017214
1.88496     -0.628319    0.000558426
2.0944     -0.628319    0.000279953
2.30383     -0.628319    0.000440192
2.51327     -0.628319    0.000357625
2.72271     -0.628319    0.00122558
2.93215     -0.628319    0.00147393
3.14159     -0.628319    0.00237028

-3.14159     -0.418879    0.000772001
-2.93215     -0.418879    0.000101663
-2.72271     -0.418879    0.000876142
-2.51327     -0.418879    0.000384828
-2.30383     -0.418879    0.0026612
-2.0944     -0.418879    0.00174734
-1.88496     -0.418879    5.66473e-05
-1.67552     -0.418879    0.00311816
-1.46608     -0.418879    0.00244463
-1.25664     -0.418879    0.000213669
-1.0472     -0.418879    9.31687e-05
-0.837758     -0.418879    0.000529396
-0.628319     -0.418879    0.00393338
-0.418879     -0.418879    0.00477265
-0.20944     -0.418879    0.00598693
0     -0.418879    0.00820429
0.20944     -0.418879    0.00595954
0.418879     -0.418879    0.00469988
0.628319     -0.418879    0.00399098
0.837758     -0.418879    0.000455215
1.0472     -0.418879    2.74296e-05
1.25664     -0.418879    0.000294529
1.46608     -0.418879    0.0024186
1.67552     -0.418879    0.00313879
1.88496     -0.418879    4.49304e-05
2.0944     -0.418879    0.00172923
2.30383     -0.418879    0.00267459
2.51327     -0.418879    0.000290667
2.72271     -0.418879    0.000892935
2.93215     -0.418879    0.000104587
3.14159     -0.418879    0.000823555

-3.14159     -0.20944    0.000384931
-2.93215     -0.20944    0.00134566
-2.72271     -0.20944    0.00153018
-2.51327     -0.20944    0.000644541
-2.30383     -0.20944    0.00166116
-2.0944     -0.20944    0.00243125
-1.88496     -0.20944    0.00174213
-1.67552     -0.20944    0.000405372
-1.46608     -0.20944    0.0024184
-1.25664     -0.20944    0.00238761
-1.0472     -0.20944    0.000539914
-0.837758     -0.20944    0.00264675
-0.628319     -0.20944    0.00458805
-0.418879     -0.20944    0.00583952
-0.20944     -0.20944    0.00851696
0     -0.20944    0.00892195
0.20944     -0.20944    0.00850623
0.418879     -0.20944    0.00585915
0.628319     -0.20944    0.00463167
0.837758     -0.20944    0.00267915
1.0472     -0.20944    0.000562113
1.25664     -0.20944    0.00236621
1.46608     -0.20944    0.00247917
1.67552     -0.20944    0.000366467
1.88496     -0.20944    0.0017186
2.0944     -0.20944    0.00249101
2.30383     -0.20944    0.00172096
2.51327     -0.20944    0.000709729
2.72271     -0.20944    0.00154012
2.93215     -0.20944    0.00137325
3.14159     -0.20944    0.000460784

-3.14159     0    0.00087182
-2.93215     0    0.000786345
-2.72271     0    0.00341718
-2.51327     0    0.00057623
-2.30383     0    0.0016205
-2.0944     0    8.12364e-05
-1.88496     0    0.00274237
-1.67552     0    0.00248011
-1.46608     0    0.000759228
-1.25664     0    0.00287367
-1.0472     0    0.00186944
-0.837758     0    0.00429939
-0.628319     0    0.00487502
-0.418879     0    0.00634525
-0.20944     0    0.011108
0     0    4.71144e-15
0.20944     0    0.011108
0.418879     0    0.00634525
0.628319     0    0.00487502
0.837758     0    0.00429939
1.0472     0    0.00186944
1.25664     0    0.00287367
1.46608     0    0.000759228
1.67552     0    0.00248011
1.88496     0    0.00274237
2.0944     0    8.12364e-05
2.30383     0    0.0016205
2.51327     0    0.00057623
2.72271     0    0.00341718
2.93215     0    0.000786345
3.14159     0    0.00087182

-3.14159     0.20944    0.000460784
-2.93215     0.20944    0.00137325
-2.72271     0.20944    0.00154012
-2.51327     0.20944    0.000709729
-2.30383     0.20944    0.00172096
-2.0944     0.20944    0.00249101
-1.88496     0.20944    0.0017186
-1.67552     0.20944    0.000366467
-1.46608     0.20944    0.00247917
-1.25664     0.20944    0.00236621
-1.0472     0.20944    0.000562113
-0.837758     0.20944    0.00267915
-0.628319     0.20944    0.00463167
-0.418879     0.20944    0.00585915
-0.20944     0.20944    0.00850623
0     0.20944    0.00892195
0.20944     0.20944    0.00851696
0.418879     0.20944    0.00583952
0.628319     0.20944    0.00458805
0.837758     0.20944    0.00264675
1.0472     0.20944    0.000539914
1.25664     0.20944    0.00238761
1.46608     0.20944    0.0024184
1.67552     0.20944    0.000405372
1.88496     0.20944    0.00174213
2.0944     0.20944    0.00243125
2.30383     0.20944    0.00166116
2.51327     0.20944    0.000644541
2.72271     0.20944    0.00153018
2.93215     0.20944    0.00134566
3.14159     0.20944    0.000384931

-3.14159     0.418879    0.000823555
-2.93215     0.418879    0.000104587
-2.72271     0.418879    0.000892935
-2.51327     0.418879    0.000290667
-2.30383     0.418879    0.00267459
-2.0944     0.418879    0.00172923
-1.88496     0.418879    4.49304e-05
-1.67552     0.418879    0.00313879
-1.46608     0.418879    0.0024186
-1.25664     0.418879    0.000294529
-1.0472     0.418879    2.74296e-05
-0.837758     0.418879    0.000455215
-0.628319     0.418879    0.00399098
-0.418879     0.418879    0.00469988
-0.20944     0.418879    0.00595954
0     0.418879    0.00820429
0.20944     0.418879    0.00598693
0.418879     0.418879    0.00477265
0.628319     0.418879    0.00393338
0.837758     0.418879    0.000529396
1.0472     0.418879    9.31687e-05
1.25664     0.418879    0.000213669
1.46608     0.418879    0.00244463
1.67552     0.418879    0.00311816
1.88496     0.418879    5.66473e-05
2.0944     0.418879    0.00174734
2.30383     0.418879    0.0026612
2.51327     0.418879    0.000384828
2.72271     0.418879    0.000876142
2.93215     0.418879    0.000101663
3.14159     0.418879    0.000772001

-3.14159     0.628319    0.00237028
-2.93215     0.628319    0.00147393
-2.72271     0.628319    0.00122558
-2.51327     0.628319    0.000357625
-2.30383     0.628319    0.000440192
-2.0944     0.628319    0.000279953
-1.88496     0.628319    0.000558426
-1.67552     0.628319    0.0017214
-1.46608     0.628319    0.000785439
-1.25664     0.628319    0.000361624
-1.0472     0.628319    0.000981952
-0.837758     0.628319    0.000470674
-0.628319     0.628319    0.00193775
-0.418879     0.628319    0.00473088
-0.20944     0.628319    0.0045319
0     0.628319    0.00360382
0.20944     0.628319    0.00453492
0.418879     0.628319    0.00487245
0.628319     0.628319    0.00188408
0.837758     0.628319    0.000396541
1.0472     0.628319    0.000955216
1.25664     0.628319    0.000366999
1.46608     0.628319    0.000776238
1.67552     0.628319    0.00169722
1.88496     0.628319    0.000582944
2.0944     0.628319    0.00027479
2.30383     0.628319    0.000371349
2.51327     0.628319    0.000403627
2.72271     0.628319    0.00121754
2.93215     0.628319    0.00152021
3.14159     0.628319    0.0022983

-3.14159     0.837758    4.24847e-05
-2.93215     0.837758    0.000417669
-2.72271     0.837758    0.00277779
-2.51327     0.837758    0.00195872
-2.30383     0.837758    0.000788098
-2.0944     0.837758    0.000957306
-1.88496     0.837758    0.00143222
-1.67552     0.837758    0.0003338
-1.46608     0.837758    0.00100621
-1.25664     0.837758    0.000274313
-1.0472     0.837758    0.000566585
-0.837758     0.837758    0.000697251
-0.628319     0.837758    0.00127321
-0.418879     0.837758    0.0028094
-0.20944     0.837758    0.002235
0     0.837758    0.00351732
0.20944     0.837758    0.00228083
0.418879     0.837758    0.00284944
0.628319     0.837758    0.00124644
0.837758     0.837758    0.000701236
1.0472     0.837758    0.000509473
1.25664     0.837758    0.00032667
1.46608     0.837758    0.00100664
1.67552     0.837758    0.000301038
1.88496     0.837758    0.00142024
2.0944     0.837758    0.000936424
2.30383     0.837758    0.000800108
2.51327     0.837758    0.00200549
2.72271     0.837758    0.00272678
2.93215     0.837758    0.000451939
3.14159     0.837758    1.70548e-05

-3.14159     1.0472    0.00270664
-2.93215     1.0472    0.00295187
-2.72271     1.0472    0.00129587
-2.51327     1.0472    0.000411496
-2.30383     1.0472    0.00121173
-2.0944     1.0472    0.000730183
-1.88496     1.0472    0.000405336
-1.67552     1.0472    0.0011772
-1.46608     1.0472    0.000621547
-1.25664     1.0472    0.00199844
-1.0472     1.0472    0.00266895
-0.837758     1.0472    0.00302051
-0.628319     1.0472    0.00276774
-0.418879     1.0472    0.00120635
-0.20944     1.0472    0.000350747
0     1.0472    0.00173754
0.20944     1.0472    0.000387283
0.418879     1.0472    0.00119477
0.628319     1.0472    0.0027563
0.837758     1.0472    0.00304496
1.0472     1.0472    0.00266299
1.25664     1.0472    0.00199314
1.46608     1.0472    0.000627826
1.67552     1.0472    0.0012457
1.88496     1.0472    0.000413709
2.0944     1.0472    0.000783006
2.30383     1.0472    0.00126131
2.51327     1.0472    0.000464283
2.72271     1.0472    0.0012854
2.93215     1.0472    0.00289296
3.14159     1.0472    0.00268895

-3.14159     1.25664    0.00543917
-2.93215     1.25664    0.00233254
-2.72271     1.25664    2.83746e-05
-2.51327     1.25664    0.000627255
-2.30383     1.25664    0.00269192
-2.0944     1.25664    0.000344986
-1.88496     1.25664    0.000429932
-1.67552     1.25664    0.00114916
-1.46608     1.25664    0.000408704
-1.25664     1.25664    0.0026364
-1.0472     1.25664    0.00155958
-0.837758     1.25664    0.000297386
-0.628319     1.25664    0.00196371
-0.418879     1.25664    0.00236133
-0.20944     1.25664    0.000748145
0     1.25664    0.000644841
0.20944     1.25664    0.00067005
0.418879     1.25664    0.00234178
0.628319     1.25664    0.0019237
0.837758     1.25664    0.000336225
1.0472     1.25664    0.00150826
1.25664     1.25664    0.0026707
1.46608     1.25664    0.000408087
1.67552     1.25664    0.00119442
1.88496     1.25664    0.000432822
2.0944     1.25664    0.000369823
2.30383     1.25664    0.00262199
2.51327     1.25664    0.000640076
2.72271     1.25664    2.73636e-05
2.93215     1.25664    0.00234348
3.14159     1.25664    0.00551675

-3.14159     1.46608    0.00670546
-2.93215     1.46608    0.00576649
-2.72271     1.46608    0.00548472
-2.51327     1.46608    0.00369207
-2.30383     1.46608    0.00156949
-2.0944     1.46608    0.00147398
-1.88496     1.46608    0.000848058
-1.67552     1.46608    0.000332018
-1.46608     1.46608    0.0003503
-1.25664     1.46608    0.000297948
-1.0472     1.46608    0.00159285
-0.837758     1.46608    0.002502
-0.628319     1.46608    0.00104586
-0.418879     1.46608    0.00287669
-0.20944     1.46608    0.000474547
0     1.46608    0.000211112
0.20944     1.46608    0.000549572
0.418879     1.46608    0.0028878
0.628319     1.46608    0.00101299
0.837758     1.46608    0.00247531
1.0472     1.46608    0.0016416
1.25664     1.46608    0.000286107
1.46608     1.46608    0.000343311
1.67552     1.46608    0.00039509
1.88496     1.46608    0.000785949
2.0944     1.46608    0.00147134
2.30383     1.46608    0.00151871
2.51327     1.46608    0.00375507
2.72271     1.46608    0.00544926
2.93215     1.46608    0.00579208
3.14159     1.46608    0.00663786

-3.14159     1.67552    0.00730207
-2.93215     1.67552    0.00413008
-2.72271     1.67552    0.00632471
-2.51327     1.67552    0.00184873
-2.30383     1.67552    0.00055979
-2.0944     1.67552    0.0012366
-1.88496     1.67552    0.000822255
-1.67552     1.67552    0.000587171
-1.46608     1.67552    0.00166305
-1.25664     1.67552    0.00263831
-1.0472     1.67552    0.00195576
-0.837758     1.67552    0.00212346
-0.628319     1.67552    0.000756449
-0.418879     1.67552    0.00314143
-0.20944     1.67552    0.000611939
0     1.67552    0.000954484
0.20944     1.67552    0.000604848
0.418879     1.67552    0.00312364
0.628319     1.67552    0.00076111
0.837758     1.67552    0.00214663
1.0472     1.67552    0.00198535
1.25664     1.67552    0.002616
1.46608     1.67552    0.00170611
1.67552     1.67552    0.000519109
1.88496     1.67552    0.000805359
2.0944     1.67552    0.00116828
2.30383     1.67552    0.000595839
2.51327     1.67552    0.00185449
2.72271     1.67552    0.00635133
2.93215     1.67552    0.00405253
3.14159     1.67552    0.0072386

-3.14159     1.88496    0.00750798
-2.93215     1.88496    0.00526443
-2.72271     1.88496    0.00573602
-2.51327     1.88496    0.0014551
-2.30383     1.88496    0.00151929
-2.0944     1.88496    0.00274159
-1.88496     1.88496    0.00146666
-1.67552     1.88496    0.000213756
-1.46608     1.88496    0.0032116
-1.25664     1.88496    0.000673597
-1.0472     1.88496    0.000699413
-0.837758     1.88496    0.00281089
-0.628319     1.88496    0.000242308
-0.418879     1.88496    0.00090797
-0.20944     1.88496    0.000841586
0     1.88496    0.000991545
0.20944     1.88496    0.000836723
0.418879     1.88496    0.000892282
0.628319     1.88496    0.000227009
0.837758     1.88496    0.00275275
1.0472     1.88496    0.000741105
1.25664     1.88496    0.000727657
1.46608     1.88496    0.00318179
1.67552     1.88496    0.000298691
1.88496     1.88496    0.00148001
2.0944     1.88496    0.00270715
2.30383     1.88496    0.00153098
2.51327     1.88496    0.00148101
2.72271     1.88496    0.00565752
2.93215     1.88496    0.00528717
3.14159     1.88496    0.00747937

-3.14159     2.0944    0.00685665
-2.93215     2.0944    0.010094
-2.72271     2.0944    0.00580779
-2.51327     2.0944    0.00378251
-2.30383     2.0944    0.00211036
-2.0944     2.0944    0.00020417
-1.88496     2.0944    0.000919665
-1.67552     2.0944    0.000760613
-1.46608     2.0944    5.68551e-05
-1.25664     2.0944    0.000952128
-1.0472     2.0944    0.000186729
-0.837758     2.0944    0.00341022
-0.628319     2.0944    0.000801394
-0.418879     2.0944    0.00019749
-0.20944     2.0944    0.00129877
0     2.0944    0.000874156
0.20944     2.0944    0.00127478
0.418879     2.0944    0.000203269
0.628319     2.0944    0.000800386
0.837758     2.0944    0.00344161
1.0472     2.0944    0.000153766
1.25664     2.0944    0.00101803
1.46608     2.0944    6.98601e-05
1.67552     2.0944    0.000808605
1.88496     2.0944    0.000956771
2.0944     2.0944    0.000164072
2.30383     2.0944    0.00211915
2.51327     2.0944    0.003786
2.72271     2.0944    0.00582174
2.93215     2.0944    0.0100049
3.14159     2.0944    0.00675734

-3.14159     2.30383    0.00606796
-2.93215     2.30383    0.00505292
-2.72271     2.30383    0.00279543
-2.51327     2.30383    0.00180281
-2.30383     2.30383    0.000104744
-2.0944     2.30383    0.00365508
-1.88496     2.30383    3.84207e-05
-1.67552     2.30383    0.000818267
-1.46608     2.30383    0.00277349
-1.25664     2.30383    0.00115667
-1.0472     2.30383    0.000785038
-0.837758     2.30383    0.00138089
-0.628319     2.30383    0.000488465
-0.418879     2.30383    0.000775757
-0.20944     2.30383    0.000112299
0     2.30383    0.00178665
0.20944     2.30383    0.000121592
0.418879     2.30383    0.000727175
0.628319     2.30383    0.000501147
0.837758     2.30383    0.00134286
1.0472     2.30383    0.000805037
1.25664     2.30383    0.00123026
1.46608     2.30383    0.00272406
1.67552     2.30383    0.000829197
1.88496     2.30383    2.58284e-06
2.0944     2.30383    0.00371346
2.30383     2.30383    5.37642e-05
2.51327     2.30383    0.00176117
2.72271     2.30383    0.0030234
2.93215     2.30383    0.00517042
3.14159     2.30383    0.00611625

-3.14159     2.51327    0.00359615
-2.93215     2.51327    0.0021315
-2.72271     2.51327    0.00220094
-2.51327     2.51327    0.00122938
-2.30383     2.51327    0.000529633
-2.0944     2.51327    0.000434293
-1.88496     2.51327    6.78898e-05
-1.67552     2.51327    0.000859199
-1.46608     2.51327    0.00101812
-1.25664     2.51327    0.00312828
-1.0472     2.51327    0.000398128
-0.837758     2.51327    0.000645455
-0.628319     2.51327    0.00101461
-0.418879     2.51327    0.00104356
-0.20944     2.51327    0.0012866
0     2.51327    0.00131725
0.20944     2.51327    0.00132627
0.418879     2.51327    0.00100316
0.628319     2.51327    0.00105388
0.837758     2.51327    0.000546909
1.0472     2.51327    0.00040434
1.25664     2.51327    0.00313728
1.46608     2.51327    0.00105192
1.67552     2.51327    0.000893093
1.88496     2.51327    6.93127e-05
2.0944     2.51327    0.000529815
2.30383     2.51327    0.000532018
2.51327     2.51327    0.00118605
2.72271     2.51327    0.00224391
2.93215     2.51327    0.00235239
3.14159     2.51327    0.00362666

-3.14159     2.72271    0.000938026
-2.93215     2.72271    0.000649309
-2.72271     2.72271    0.00052875
-2.51327     2.72271    0.00256128
-2.30383     2.72271    0.000935783
-2.0944     2.72271    0.000999937
-1.88496     2.72271    0.00130923
-1.67552     2.72271    0.00066847
-1.46608     2.72271    9.0418e-05
-1.25664     2.72271    0.000477928
-1.0472     2.72271    0.000479645
-0.837758     2.72271    0.000811743
-0.628319     2.72271    0.00267539
-0.418879     2.72271    0.00122967
-0.20944     2.72271    0.000597611
0     2.72271    0.00297115
0.20944     2.72271    0.000603252
0.418879     2.72271    0.00118085
0.628319     2.72271    0.00265503
0.837758     2.72271    0.00083828
1.0472     2.72271    0.000478393
1.25664     2.72271    0.0004747
1.46608     2.72271    9.35081e-05
1.67552     2.72271    0.000772535
1.88496     2.72271    0.00126273
2.0944     2.72271    0.000941592
2.30383     2.72271    0.000984929
2.51327     2.72271    0.00254554
2.72271     2.72271    0.000502222
2.93215     2.72271    0.000575701
3.14159     2.72271    0.000869625

-3.14159     2.93215    0.00186103
-2.93215     2.93215    0.000303821
-2.72271     2.93215    8.19111e-05
-2.51327     2.93215    0.00265151
-2.30383     2.93215    0.00224876
-2.0944     2.93215    0.0001462
-1.88496     2.93215    0.000894485
-1.67552     2.93215    0.00192032
-1.46608     2.93215    0.0012398
-1.25664     2.93215    0.000244097
-1.0472     2.93215    0.00187456
-0.837758     2.93215    0.00198025
-0.628319     2.93215    0.00246492
-0.418879     2.93215    0.000600876
-0.20944     2.93215    0.000185125
0     2.93215    0.00422412
0.20944     2.93215    0.000145226
0.418879     2.93215    0.00057576
0.628319     2.93215    0.00240249
0.837758     2.93215    0.00210262
1.0472     2.93215    0.00188839
1.25664     2.93215    0.000310138
1.46608     2.93215    0.00124934
1.67552     2.93215    0.00207394
1.88496     2.93215    0.000803549
2.0944     2.93215    0.000154224
2.30383     2.93215    0.00232379
2.51327     2.93215    0.00265992
2.72271     2.93215    0.000132608
2.93215     2.93215    0.000208159
3.14159     2.93215    0.00182538

-3.14159     3.14159    0.00173031
-2.93215     3.14159    0.00109195
-2.72271     3.14159    0.00193102
-2.51327     3.14159    0.00192863
-2.30383     3.14159    0.000569129
-2.0944     3.14159    0.000301575
-1.88496     3.14159    0.00115038
-1.67552     3.14159    0.000172178
-1.46608     3.14159    0.00104656
-1.25664     3.14159    0.00110887
-1.0472     3.14159    0.0016661
-0.837758     3.14159    0.000116407
-0.628319     3.14159    0.0026078
-0.418879     3.14159    0.00216898
-0.20944     3.14159    0.00391299
0     3.14159    0.0068756
0.20944     3.14159    0.00384565
0.418879     3.14159    0.00218901
0.628319     3.14159    0.00278531
0.837758     3.14159    8.87904e-05
1.0472     3.14159    0.00166564
1.25664     3.14159    0.00103548
1.46608     3.14159    0.00105042
1.67552     3.14159    0.000196943
1.88496     3.14159    0.00105493
2.0944     3.14159    0.000284838
2.30383     3.14159    0.000530922
2.51327     3.14159    0.00188803
2.72271     3.14159    0.00190488
2.93215     3.14159    0.00104183
3.14159     3.14159    0.00164783

