-3.14159     -3.14159    7.54023e-05
-2.93215     -3.14159    9.92271e-05
-2.72271     -3.14159    0.000130864
-2.51327     -3.14159    0.000159202
-2.30383     -3.14159    0.000168181
-2.0944     -3.14159    0.000156832
-1.88496     -3.14159    0.000148943
-1.67552     -3.14159    0.000142508
-1.46608     -3.14159    0.000130586
-1.25664     -3.14159    9.91334e-05
-1.0472     -3.14159    8.82551e-05
-0.837758     -3.14159    6.97041e-05
-0.628319     -3.14159    6.10353e-05
-0.418879     -3.14159    5.09617e-05
-0.20944     -3.14159    4.80873e-05
0     -3.14159    4.71607e-05
0.20944     -3.14159    4.80638e-05
0.418879     -3.14159    5.09634e-05
0.628319     -3.14159    6.1031e-05
0.837758     -3.14159    6.97184e-05
1.0472     -3.14159    8.82526e-05
1.25664     -3.14159    9.91273e-05
1.46608     -3.14159    0.000130584
1.67552     -3.14159    0.000142511
1.88496     -3.14159    0.00014895
2.0944     -3.14159    0.000156831
2.30383     -3.14159    0.000168188
2.51327     -3.14159    0.000159202
2.72271     -3.14159    0.000130864
2.93215     -3.14159    9.92251e-05
3.14159     -3.14159    7.53933e-05

-3.14159     -2.93215    7.32902e-05
-2.93215     -2.93215    9.91191e-05
-2.72271     -2.93215    0.000120478
-2.51327     -2.93215    0.000136445
-2.30383     -2.93215    0.000145551
-2.0944     -2.93215    0.000145723
-1.88496     -2.93215    0.000136617
-1.67552     -2.93215    0.000126475
-1.46608     -2.93215    0.000110886
-1.25664     -2.93215    7.94772e-05
-1.0472     -2.93215    6.41258e-05
-0.837758     -2.93215    5.00454e-05
-0.628319     -2.93215    3.79422e-05
-0.418879     -2.93215    3.24009e-05
-0.20944     -2.93215    2.9306e-05
0     -2.93215    2.90853e-05
0.20944     -2.93215    2.93391e-05
0.418879     -2.93215    3.23876e-05
0.628319     -2.93215    3.79482e-05
0.837758     -2.93215    5.00532e-05
1.0472     -2.93215    6.41212e-05
1.25664     -2.93215    7.94786e-05
1.46608     -2.93215    0.000110878
1.67552     -2.93215    0.000126474
1.88496     -2.93215    0.000136615
2.0944     -2.93215    0.000145731
2.30383     -2.93215    0.000145545
2.51327     -2.93215    0.000136426
2.72271     -2.93215    0.000120472
2.93215     -2.93215    9.91179e-05
3.14159     -2.93215    7.32869e-05

-3.14159     -2.72271    7.01915e-05
-2.93215     -2.72271    0.000104988
-2.72271     -2.72271    0.000125957
-2.51327     -2.72271    0.000125001
-2.30383     -2.72271    0.000115562
-2.0944     -2.72271    0.000110208
-1.88496     -2.72271    0.00010957
-1.67552     -2.72271    0.000106618
-1.46608     -2.72271    9.77215e-05
-1.25664     -2.72271    6.95515e-05
-1.0472     -2.72271    4.4055e-05
-0.837758     -2.72271    2.9322e-05
-0.628319     -2.72271    1.7318e-05
-0.418879     -2.72271    1.67926e-05
-0.20944     -2.72271    1.91318e-05
0     -2.72271    2.04595e-05
0.20944     -2.72271    1.91057e-05
0.418879     -2.72271    1.6814e-05
0.628319     -2.72271    1.73251e-05
0.837758     -2.72271    2.93144e-05
1.0472     -2.72271    4.40624e-05
1.25664     -2.72271    6.95601e-05
1.46608     -2.72271    9.77185e-05
1.67552     -2.72271    0.000106623
1.88496     -2.72271    0.000109567
2.0944     -2.72271    0.000110209
2.30383     -2.72271    0.000115554
2.51327     -2.72271    0.000124997
2.72271     -2.72271    0.000125958
2.93215     -2.72271    0.000104988
3.14159     -2.72271    7.01887e-05

-3.14159     -2.51327    7.7961e-05
-2.93215     -2.51327    0.000106446
-2.72271     -2.51327    0.000120659
-2.51327     -2.51327    0.000116954
-2.30383     -2.51327    9.77267e-05
-2.0944     -2.51327    8.24334e-05
-1.88496     -2.51327    7.31473e-05
-1.67552     -2.51327    8.30528e-05
-1.46608     -2.51327    8.9324e-05
-1.25664     -2.51327    6.89867e-05
-1.0472     -2.51327    3.48688e-05
-0.837758     -2.51327    2.07043e-05
-0.628319     -2.51327    7.89763e-06
-0.418879     -2.51327    9.60196e-06
-0.20944     -2.51327    1.32234e-05
0     -2.51327    1.79578e-05
0.20944     -2.51327    1.32496e-05
0.418879     -2.51327    9.56643e-06
0.628319     -2.51327    7.89207e-06
0.837758     -2.51327    2.07139e-05
1.0472     -2.51327    3.4865e-05
1.25664     -2.51327    6.89853e-05
1.46608     -2.51327    8.93257e-05
1.67552     -2.51327    8.30574e-05
1.88496     -2.51327    7.31531e-05
2.0944     -2.51327    8.24366e-05
2.30383     -2.51327    9.7727e-05
2.51327     -2.51327    0.000116953
2.72271     -2.51327    0.000120658
2.93215     -2.51327    0.000106443
3.14159     -2.51327    7.79538e-05

-3.14159     -2.30383    8.76401e-05
-2.93215     -2.30383    0.000107354
-2.72271     -2.30383    0.000108076
-2.51327     -2.30383    9.00291e-05
-2.30383     -2.30383    7.08048e-05
-2.0944     -2.30383    6.39501e-05
-1.88496     -2.30383    4.88807e-05
-1.67552     -2.30383    5.17358e-05
-1.46608     -2.30383    6.72943e-05
-1.25664     -2.30383    5.86854e-05
-1.0472     -2.30383    2.57696e-05
-0.837758     -2.30383    1.40257e-05
-0.628319     -2.30383    5.96061e-06
-0.418879     -2.30383    5.80033e-06
-0.20944     -2.30383    1.28284e-05
0     -2.30383    1.37265e-05
0.20944     -2.30383    1.2819e-05
0.418879     -2.30383    5.84431e-06
0.628319     -2.30383    5.95809e-06
0.837758     -2.30383    1.40269e-05
1.0472     -2.30383    2.57642e-05
1.25664     -2.30383    5.86839e-05
1.46608     -2.30383    6.72994e-05
1.67552     -2.30383    5.17323e-05
1.88496     -2.30383    4.88843e-05
2.0944     -2.30383    6.39461e-05
2.30383     -2.30383    7.08011e-05
2.51327     -2.30383    9.00336e-05
2.72271     -2.30383    0.00010807
2.93215     -2.30383    0.00010735
3.14159     -2.30383    8.76388e-05

-3.14159     -2.0944    9.56913e-05
-2.93215     -2.0944    0.000100648
-2.72271     -2.0944    9.15248e-05
-2.51327     -2.0944    6.88372e-05
-2.30383     -2.0944    5.04997e-05
-2.0944     -2.0944    3.67311e-05
-1.88496     -2.0944    2.86422e-05
-1.67552     -2.0944    2.87166e-05
-1.46608     -2.0944    3.14224e-05
-1.25664     -2.0944    3.53443e-05
-1.0472     -2.0944    1.62638e-05
-0.837758     -2.0944    1.32659e-06
-0.628319     -2.0944    5.9467e-08
-0.418879     -2.0944    1.27018e-06
-0.20944     -2.0944    6.74267e-06
0     -2.0944    1.07899e-05
0.20944     -2.0944    6.68316e-06
0.418879     -2.0944    1.29023e-06
0.628319     -2.0944    6.0108e-08
0.837758     -2.0944    1.30616e-06
1.0472     -2.0944    1.62601e-05
1.25664     -2.0944    3.5346e-05
1.46608     -2.0944    3.14288e-05
1.67552     -2.0944    2.87203e-05
1.88496     -2.0944    2.86495e-05
2.0944     -2.0944    3.67249e-05
2.30383     -2.0944    5.04968e-05
2.51327     -2.0944    6.88335e-05
2.72271     -2.0944    9.1526e-05
2.93215     -2.0944    0.00010064
3.14159     -2.0944    9.56914e-05

-3.14159     -1.88496    9.84152e-05
-2.93215     -1.88496    9.5603e-05
-2.72271     -1.88496    7.25472e-05
-2.51327     -1.88496    4.60848e-05
-2.30383     -1.88496    3.53062e-05
-2.0944     -1.88496    1.94884e-05
-1.88496     -1.88496    1.13781e-05
-1.67552     -1.88496    1.63605e-05
-1.46608     -1.88496    8.33079e-06
-1.25664     -1.88496    8.35808e-06
-1.0472     -1.88496    4.7391e-06
-0.837758     -1.88496    8.48882e-06
-0.628319     -1.88496    8.95496e-06
-0.418879     -1.88496    5.84359e-06
-0.20944     -1.88496    1.63189e-06
0     -1.88496    4.39109e-06
0.20944     -1.88496    1.75215e-06
0.418879     -1.88496    5.81423e-06
0.628319     -1.88496    8.94961e-06
0.837758     -1.88496    8.50336e-06
1.0472     -1.88496    4.72838e-06
1.25664     -1.88496    8.35284e-06
1.46608     -1.88496    8.33954e-06
1.67552     -1.88496    1.63582e-05
1.88496     -1.88496    1.1383e-05
2.0944     -1.88496    1.94832e-05
2.30383     -1.88496    3.53036e-05
2.51327     -1.88496    4.60852e-05
2.72271     -1.88496    7.25471e-05
2.93215     -1.88496    9.56024e-05
3.14159     -1.88496    9.84166e-05

-3.14159     -1.67552    9.81107e-05
-2.93215     -1.67552    8.60673e-05
-2.72271     -1.67552    5.57833e-05
-2.51327     -1.67552    3.49564e-05
-2.30383     -1.67552    2.36158e-05
-2.0944     -1.67552    1.29978e-05
-1.88496     -1.67552    6.92514e-06
-1.67552     -1.67552    5.11662e-06
-1.46608     -1.67552    1.45271e-06
-1.25664     -1.67552    7.45887e-06
-1.0472     -1.67552    7.04579e-06
-0.837758     -1.67552    1.1531e-05
-0.628319     -1.67552    1.58525e-05
-0.418879     -1.67552    1.39803e-05
-0.20944     -1.67552    1.89323e-06
0     -1.67552    2.28899e-06
0.20944     -1.67552    2.02745e-06
0.418879     -1.67552    1.39736e-05
0.628319     -1.67552    1.58658e-05
0.837758     -1.67552    1.1496e-05
1.0472     -1.67552    7.03026e-06
1.25664     -1.67552    7.44896e-06
1.46608     -1.67552    1.45548e-06
1.67552     -1.67552    5.1113e-06
1.88496     -1.67552    6.9226e-06
2.0944     -1.67552    1.29916e-05
2.30383     -1.67552    2.3617e-05
2.51327     -1.67552    3.49589e-05
2.72271     -1.67552    5.57808e-05
2.93215     -1.67552    8.60725e-05
3.14159     -1.67552    9.81114e-05

-3.14159     -1.46608    9.35188e-05
-2.93215     -1.46608    6.80866e-05
-2.72271     -1.46608    4.03851e-05
-2.51327     -1.46608    2.83735e-05
-2.30383     -1.46608    2.10334e-05
-2.0944     -1.46608    1.33093e-05
-1.88496     -1.46608    1.063e-05
-1.67552     -1.46608    1.73486e-06
-1.46608     -1.46608    4.08261e-06
-1.25664     -1.46608    1.15477e-05
-1.0472     -1.46608    1.48994e-05
-0.837758     -1.46608    1.18789e-05
-0.628319     -1.46608    1.73769e-05
-0.418879     -1.46608    1.6601e-05
-0.20944     -1.46608    4.93838e-06
0     -1.46608    5.81212e-07
0.20944     -1.46608    4.77715e-06
0.418879     -1.46608    1.66362e-05
0.628319     -1.46608    1.74e-05
0.837758     -1.46608    1.19095e-05
1.0472     -1.46608    1.49197e-05
1.25664     -1.46608    1.15594e-05
1.46608     -1.46608    4.06917e-06
1.67552     -1.46608    1.75073e-06
1.88496     -1.46608    1.06332e-05
2.0944     -1.46608    1.33134e-05
2.30383     -1.46608    2.10346e-05
2.51327     -1.46608    2.83771e-05
2.72271     -1.46608    4.03787e-05
2.93215     -1.46608    6.80972e-05
3.14159     -1.46608    9.35191e-05

-3.14159     -1.25664    8.46554e-05
-2.93215     -1.25664    5.32652e-05
-2.72271     -1.25664    3.40768e-05
-2.51327     -1.25664    2.21001e-05
-2.30383     -1.25664    1.71591e-05
-2.0944     -1.25664    1.59137e-05
-1.88496     -1.25664    1.29556e-05
-1.67552     -1.25664    4.78858e-06
-1.46608     -1.25664    2.14754e-06
-1.25664     -1.25664    1.40994e-05
-1.0472     -1.25664    1.74476e-05
-0.837758     -1.25664    1.79831e-05
-0.628319     -1.25664    2.03416e-05
-0.418879     -1.25664    1.93334e-05
-0.20944     -1.25664    8.8358e-06
0     -1.25664    3.34582e-06
0.20944     -1.25664    8.95584e-06
0.418879     -1.25664    1.92821e-05
0.628319     -1.25664    2.03086e-05
0.837758     -1.25664    1.79896e-05
1.0472     -1.25664    1.74147e-05
1.25664     -1.25664    1.41071e-05
1.46608     -1.25664    2.13546e-06
1.67552     -1.25664    4.79451e-06
1.88496     -1.25664    1.29619e-05
2.0944     -1.25664    1.5902e-05
2.30383     -1.25664    1.71508e-05
2.51327     -1.25664    2.20943e-05
2.72271     -1.25664    3.40759e-05
2.93215     -1.25664    5.32646e-05
3.14159     -1.25664    8.4652e-05

-3.14159     -1.0472    7.47669e-05
-2.93215     -1.0472    4.80543e-05
-2.72271     -1.0472    2.86831e-05
-2.51327     -1.0472    1.81676e-05
-2.30383     -1.0472    1.25774e-05
-2.0944     -1.0472    1.59154e-05
-1.88496     -1.0472    1.01571e-05
-1.67552     -1.0472    6.6186e-06
-1.46608     -1.0472    3.91163e-07
-1.25664     -1.0472    7.36155e-06
-1.0472     -1.0472    1.61731e-05
-0.837758     -1.0472    1.90354e-05
-0.628319     -1.0472    2.57567e-05
-0.418879     -1.0472    2.21408e-05
-0.20944     -1.0472    1.68277e-05
0     -1.0472    5.10104e-06
0.20944     -1.0472    1.67813e-05
0.418879     -1.0472    2.23402e-05
0.628319     -1.0472    2.57428e-05
0.837758     -1.0472    1.90024e-05
1.0472     -1.0472    1.61975e-05
1.25664     -1.0472    7.36076e-06
1.46608     -1.0472    3.74526e-07
1.67552     -1.0472    6.6026e-06
1.88496     -1.0472    1.0155e-05
2.0944     -1.0472    1.59033e-05
2.30383     -1.0472    1.25712e-05
2.51327     -1.0472    1.8156e-05
2.72271     -1.0472    2.86852e-05
2.93215     -1.0472    4.80469e-05
3.14159     -1.0472    7.47599e-05

-3.14159     -0.837758    7.00553e-05
-2.93215     -0.837758    4.76623e-05
-2.72271     -0.837758    2.22679e-05
-2.51327     -0.837758    6.56447e-06
-2.30383     -0.837758    8.22593e-06
-2.0944     -0.837758    5.81218e-06
-1.88496     -0.837758    5.17801e-06
-1.67552     -0.837758    4.70582e-06
-1.46608     -0.837758    2.29087e-06
-1.25664     -0.837758    3.02439e-07
-1.0472     -0.837758    6.15049e-06
-0.837758     -0.837758    2.02276e-05
-0.628319     -0.837758    2.50042e-05
-0.418879     -0.837758    2.92609e-05
-0.20944     -0.837758    2.24031e-05
0     -0.837758    1.84644e-05
0.20944     -0.837758    2.24353e-05
0.418879     -0.837758    2.89305e-05
0.628319     -0.837758    2.49964e-05
0.837758     -0.837758    2.02362e-05
1.0472     -0.837758    6.17632e-06
1.25664     -0.837758    3.19189e-07
1.46608     -0.837758    2.29397e-06
1.67552     -0.837758    4.69703e-06
1.88496     -0.837758    5.18308e-06
2.0944     -0.837758    5.81067e-06
2.30383     -0.837758    8.23392e-06
2.51327     -0.837758    6.56552e-06
2.72271     -0.837758    2.2255e-05
2.93215     -0.837758    4.76656e-05
3.14159     -0.837758    7.00541e-05

-3.14159     -0.628319    7.48297e-05
-2.93215     -0.628319    4.6724e-05
-2.72271     -0.628319    2.43323e-05
-2.51327     -0.628319    1.41396e-05
-2.30383     -0.628319    6.04527e-06
-2.0944     -0.628319    1.39977e-06
-1.88496     -0.628319    2.76559e-06
-1.67552     -0.628319    4.86027e-06
-1.46608     -0.628319    3.10543e-06
-1.25664     -0.628319    1.64743e-06
-1.0472     -0.628319    5.0156e-06
-0.837758     -0.628319    8.05691e-06
-0.628319     -0.628319    2.22576e-05
-0.418879     -0.628319    2.39458e-05
-0.20944     -0.628319    2.66538e-05
0     -0.628319    2.42889e-05
0.20944     -0.628319    2.66528e-05
0.418879     -0.628319    2.40417e-05
0.628319     -0.628319    2.22801e-05
0.837758     -0.628319    7.99052e-06
1.0472     -0.628319    5.03694e-06
1.25664     -0.628319    1.61829e-06
1.46608     -0.628319    3.10269e-06
1.67552     -0.628319    4.86376e-06
1.88496     -0.628319    2.74306e-06
2.0944     -0.628319    1.40512e-06
2.30383     -0.628319    6.04773e-06
2.51327     -0.628319    1.41269e-05
2.72271     -0.628319    2.43239e-05
2.93215     -0.628319    4.67257e-05
3.14159     -0.628319    7.48237e-05

-3.14159     -0.418879    7.56914e-05
-2.93215     -0.418879    5.12324e-05
-2.72271     -0.418879    3.15073e-05
-2.51327     -0.418879    1.91237e-05
-2.30383     -0.418879    4.76388e-06
-2.0944     -0.418879    3.94204e-06
-1.88496     -0.418879    1.07492e-05
-1.67552     -0.418879    1.62621e-05
-1.46608     -0.418879    1.35003e-05
-1.25664     -0.418879    1.01588e-05
-1.0472     -0.418879    9.35616e-06
-0.837758     -0.418879    6.63496e-06
-0.628319     -0.418879    2.22665e-05
-0.418879     -0.418879    3.16702e-05
-0.20944     -0.418879    2.87502e-05
0     -0.418879    5.47494e-05
0.20944     -0.418879    2.82883e-05
0.418879     -0.418879    3.24152e-05
0.628319     -0.418879    2.23731e-05
0.837758     -0.418879    6.67711e-06
1.0472     -0.418879    9.4552e-06
1.25664     -0.418879    1.01514e-05
1.46608     -0.418879    1.35021e-05
1.67552     -0.418879    1.62697e-05
1.88496     -0.418879    1.07412e-05
2.0944     -0.418879    3.94032e-06
2.30383     -0.418879    4.75655e-06
2.51327     -0.418879    1.91213e-05
2.72271     -0.418879    3.15103e-05
2.93215     -0.418879    5.12437e-05
3.14159     -0.418879    7.56839e-05

-3.14159     -0.20944    9.01956e-05
-2.93215     -0.20944    7.34457e-05
-2.72271     -0.20944    5.47506e-05
-2.51327     -0.20944    2.86245e-05
-2.30383     -0.20944    1.01919e-05
-2.0944     -0.20944    6.02764e-06
-1.88496     -0.20944    1.21776e-05
-1.67552     -0.20944    1.63423e-05
-1.46608     -0.20944    2.0178e-05
-1.25664     -0.20944    2.10026e-05
-1.0472     -0.20944    2.49696e-05
-0.837758     -0.20944    2.40765e-05
-0.628319     -0.20944    2.50143e-05
-0.418879     -0.20944    4.16503e-05
-0.20944     -0.20944    4.64926e-05
0     -0.20944    4.86109e-05
0.20944     -0.20944    4.82696e-05
0.418879     -0.20944    4.10178e-05
0.628319     -0.20944    2.50378e-05
0.837758     -0.20944    2.41548e-05
1.0472     -0.20944    2.48841e-05
1.25664     -0.20944    2.1081e-05
1.46608     -0.20944    2.01562e-05
1.67552     -0.20944    1.63473e-05
1.88496     -0.20944    1.21921e-05
2.0944     -0.20944    6.02495e-06
2.30383     -0.20944    1.02035e-05
2.51327     -0.20944    2.86242e-05
2.72271     -0.20944    5.4757e-05
2.93215     -0.20944    7.34569e-05
3.14159     -0.20944    9.01966e-05

-3.14159     0    0.000107291
-2.93215     0    9.07269e-05
-2.72271     0    7.35613e-05
-2.51327     0    4.55224e-05
-2.30383     0    1.72091e-05
-2.0944     0    4.96436e-07
-1.88496     0    1.10393e-05
-1.67552     0    1.22523e-05
-1.46608     0    1.69596e-05
-1.25664     0    2.49916e-05
-1.0472     0    2.42087e-05
-0.837758     0    2.73339e-05
-0.628319     0    2.74347e-05
-0.418879     0    3.24127e-05
-0.20944     0    6.63553e-05
0     0    4.67456e-16
0.20944     0    6.63553e-05
0.418879     0    3.24127e-05
0.628319     0    2.74347e-05
0.837758     0    2.73339e-05
1.0472     0    2.42087e-05
1.25664     0    2.49916e-05
1.46608     0    1.69596e-05
1.67552     0    1.22523e-05
1.88496     0    1.10393e-05
2.0944     0    4.96436e-07
2.30383     0    1.72091e-05
2.51327     0    4.55224e-05
2.72271     0    7.35613e-05
2.93215     0    9.07269e-05
3.14159     0    0.000107291

-3.14159     0.20944    9.01966e-05
-2.93215     0.20944    7.34569e-05
-2.72271     0.20944    5.4757e-05
-2.51327     0.20944    2.86242e-05
-2.30383     0.20944    1.02035e-05
-2.0944     0.20944    6.02495e-06
-1.88496     0.20944    1.21921e-05
-1.67552     0.20944    1.63473e-05
-1.46608     0.20944    2.01562e-05
-1.25664     0.20944    2.1081e-05
-1.0472     0.20944    2.48841e-05
-0.837758     0.20944    2.41548e-05
-0.628319     0.20944    2.50378e-05
-0.418879     0.20944    4.10178e-05
-0.20944     0.20944    4.82696e-05
0     0.20944    4.86109e-05
0.20944     0.20944    4.64926e-05
0.418879     0.20944    4.16503e-05
0.628319     0.20944    2.50143e-05
0.837758     0.20944    2.40765e-05
1.0472     0.20944    2.49696e-05
1.25664     0.20944    2.10026e-05
1.46608     0.20944    2.0178e-05
1.67552     0.20944    1.63423e-05
1.88496     0.20944    1.21776e-05
2.0944     0.20944    6.02764e-06
2.30383     0.20944    1.01919e-05
2.51327     0.20944    2.86245e-05
2.72271     0.20944    5.47506e-05
2.93215     0.20944    7.34457e-05
3.14159     0.20944    9.01956e-05

-3.14159     0.418879    7.56839e-05
-2.93215     0.418879    5.12437e-05
-2.72271     0.418879    3.15103e-05
-2.51327     0.418879    1.91213e-05
-2.30383     0.418879    4.75655e-06
-2.0944     0.418879    3.94032e-06
-1.88496     0.418879    1.07412e-05
-1.67552     0.418879    1.62697e-05
-1.46608     0.418879    1.35021e-05
-1.25664     0.418879    1.01514e-05
-1.0472     0.418879    9.4552e-06
-0.837758     0.418879    6.67711e-06
-0.628319     0.418879    2.23731e-05
-0.418879     0.418879    3.24152e-05
-0.20944     0.418879    2.82883e-05
0     0.418879    5.47494e-05
0.20944     0.418879    2.87502e-05
0.418879     0.418879    3.16702e-05
0.628319     0.418879    2.22665e-05
0.837758     0.418879    6.63496e-06
1.0472     0.418879    9.35616e-06
1.25664     0.418879    1.01588e-05
1.46608     0.418879    1.35003e-05
1.67552     0.418879    1.62621e-05
1.88496     0.418879    1.07492e-05
2.0944     0.418879    3.94204e-06
2.30383     0.418879    4.76388e-06
2.51327     0.418879    1.91237e-05
2.72271     0.418879    3.15073e-05
2.93215     0.418879    5.12324e-05
3.14159     0.418879    7.56914e-05

-3.14159     0.628319    7.48237e-05
-2.93215     0.628319    4.67257e-05
-2.72271     0.628319    2.43239e-05
-2.51327     0.628319    1.41269e-05
-2.30383     0.628319    6.04773e-06
-2.0944     0.628319    1.40512e-06
-1.88496     0.628319    2.74306e-06
-1.67552     0.628319    4.86376e-06
-1.46608     0.628319    3.10269e-06
-1.25664     0.628319    1.61829e-06
-1.0472     0.628319    5.03694e-06
-0.837758     0.628319    7.99052e-06
-0.628319     0.628319    2.22801e-05
-0.418879     0.628319    2.40417e-05
-0.20944     0.628319    2.66528e-05
0     0.628319    2.42889e-05
0.20944     0.628319    2.66538e-05
0.418879     0.628319    2.39458e-05
0.628319     0.628319    2.22576e-05
0.837758     0.628319    8.05691e-06
1.0472     0.628319    5.0156e-06
1.25664     0.628319    1.64743e-06
1.46608     0.628319    3.10543e-06
1.67552     0.628319    4.86027e-06
1.88496     0.628319    2.76559e-06
2.0944     0.628319    1.39977e-06
2.30383     0.628319    6.04527e-06
2.51327     0.628319    1.41396e-05
2.72271     0.628319    2.43323e-05
2.93215     0.628319    4.6724e-05
3.14159     0.628319    7.48297e-05

-3.14159     0.837758    7.00541e-05
-2.93215     0.837758    4.76656e-05
-2.72271     0.837758    2.2255e-05
-2.51327     0.837758    6.56552e-06
-2.30383     0.837758    8.23392e-06
-2.0944     0.837758    5.81067e-06
-1.88496     0.837758    5.18308e-06
-1.67552     0.837758    4.69703e-06
-1.46608     0.837758    2.29397e-06
-1.25664     0.837758    3.19189e-07
-1.0472     0.837758    6.17632e-06
-0.837758     0.837758    2.02362e-05
-0.628319     0.837758    2.49964e-05
-0.418879     0.837758    2.89305e-05
-0.20944     0.837758    2.24353e-05
0     0.837758    1.84644e-05
0.20944     0.837758    2.24031e-05
0.418879     0.837758    2.92609e-05
0.628319     0.837758    2.50042e-05
0.837758     0.837758    2.02276e-05
1.0472     0.837758    6.15049e-06
1.25664     0.837758    3.02439e-07
1.46608     0.837758    2.29087e-06
1.67552     0.837758    4.70582e-06
1.88496     0.837758    5.17801e-06
2.0944     0.837758    5.81218e-06
2.30383     0.837758    8.22593e-06
2.51327     0.837758    6.56447e-06
2.72271     0.837758    2.22679e-05
2.93215     0.837758    4.76623e-05
3.14159     0.837758    7.00553e-05

-3.14159     1.0472    7.47599e-05
-2.93215     1.0472    4.80469e-05
-2.72271     1.0472    2.86852e-05
-2.51327     1.0472    1.8156e-05
-2.30383     1.0472    1.25712e-05
-2.0944     1.0472    1.59033e-05
-1.88496     1.0472    1.0155e-05
-1.67552     1.0472    6.6026e-06
-1.46608     1.0472    3.74526e-07
-1.25664     1.0472    7.36076e-06
-1.0472     1.0472    1.61975e-05
-0.837758     1.0472    1.90024e-05
-0.628319     1.0472    2.57428e-05
-0.418879     1.0472    2.23402e-05
-0.20944     1.0472    1.67813e-05
0     1.0472    5.10104e-06
0.20944     1.0472    1.68277e-05
0.418879     1.0472    2.21408e-05
0.628319     1.0472    2.57567e-05
0.837758     1.0472    1.90354e-05
1.0472     1.0472    1.61731e-05
1.25664     1.0472    7.36155e-06
1.46608     1.0472    3.91163e-07
1.67552     1.0472    6.6186e-06
1.88496     1.0472    1.01571e-05
2.0944     1.0472    1.59154e-05
2.30383     1.0472    1.25774e-05
2.51327     1.0472    1.81676e-05
2.72271     1.0472    2.86831e-05
2.93215     1.0472    4.80543e-05
3.14159     1.0472    7.47669e-05

-3.14159     1.25664    8.4652e-05
-2.93215     1.25664    5.32646e-05
-2.72271     1.25664    3.40759e-05
-2.51327     1.25664    2.20943e-05
-2.30383     1.25664    1.71508e-05
-2.0944     1.25664    1.5902e-05
-1.88496     1.25664    1.29619e-05
-1.67552     1.25664    4.79451e-06
-1.46608     1.25664    2.13546e-06
-1.25664     1.25664    1.41071e-05
-1.0472     1.25664    1.74147e-05
-0.837758     1.25664    1.79896e-05
-0.628319     1.25664    2.03086e-05
-0.418879     1.25664    1.92821e-05
-0.20944     1.25664    8.95584e-06
0     1.25664    3.34582e-06
0.20944     1.25664    8.8358e-06
0.418879     1.25664    1.93334e-05
0.628319     1.25664    2.03416e-05
0.837758     1.25664    1.79831e-05
1.0472     1.25664    1.74476e-05
1.25664     1.25664    1.40994e-05
1.46608     1.25664    2.14754e-06
1.67552     1.25664    4.78858e-06
1.88496     1.25664    1.29556e-05
2.0944     1.25664    1.59137e-05
2.30383     1.25664    1.71591e-05
2.51327     1.25664    2.21001e-05
2.72271     1.25664    3.40768e-05
2.93215     1.25664    5.32652e-05
3.14159     1.25664    8.46554e-05

-3.14159     1.46608    9.35191e-05
-2.93215     1.46608    6.80972e-05
-2.72271     1.46608    4.03787e-05
-2.51327     1.46608    2.83771e-05
-2.30383     1.46608    2.10346e-05
-2.0944     1.46608    1.33134e-05
-1.88496     1.46608    1.06332e-05
-1.67552     1.46608    1.75073e-06
-1.46608     1.46608    4.06917e-06
-1.25664     1.46608    1.15594e-05
-1.0472     1.46608    1.49197e-05
-0.837758     1.46608    1.19095e-05
-0.628319     1.46608    1.74e-05
-0.418879     1.46608    1.66362e-05
-0.20944     1.46608    4.77715e-06
0     1.46608    5.81212e-07
0.20944     1.46608    4.93838e-06
0.418879     1.46608    1.6601e-05
0.628319     1.46608    1.73769e-05
0.837758     1.46608    1.18789e-05
1.0472     1.46608    1.48994e-05
1.25664     1.46608    1.15477e-05
1.46608     1.46608    4.08261e-06
1.67552     1.46608    1.73486e-06
1.88496     1.46608    1.063e-05
2.0944     1.46608    1.33093e-05
2.30383     1.46608    2.10334e-05
2.51327     1.46608    2.83735e-05
2.72271     1.46608    4.03851e-05
2.93215     1.46608    6.80866e-05
3.14159     1.46608    9.35188e-05

-3.14159     1.67552    9.81114e-05
-2.93215     1.67552    8.60725e-05
-2.72271     1.67552    5.57808e-05
-2.51327     1.67552    3.49589e-05
-2.30383     1.67552    2.3617e-05
-2.0944     1.67552    1.29916e-05
-1.88496     1.67552    6.9226e-06
-1.67552     1.67552    5.1113e-06
-1.46608     1.67552    1.45548e-06
-1.25664     1.67552    7.44896e-06
-1.0472     1.67552    7.03026e-06
-0.837758     1.67552    1.1496e-05
-0.628319     1.67552    1.58658e-05
-0.418879     1.67552    1.39736e-05
-0.20944     1.67552    2.02745e-06
0     1.67552    2.28899e-06
0.20944     1.67552    1.89323e-06
0.418879     1.67552    1.39803e-05
0.628319     1.67552    1.58525e-05
0.837758     1.67552    1.1531e-05
1.0472     1.67552    7.04579e-06
1.25664     1.67552    7.45887e-06
1.46608     1.67552    1.45271e-06
1.67552     1.67552    5.11662e-06
1.88496     1.67552    6.92514e-06
2.0944     1.67552    1.29978e-05
2.30383     1.67552    2.36158e-05
2.51327     1.67552    3.49564e-05
2.72271     1.67552    5.57833e-05
2.93215     1.67552    8.60673e-05
3.14159     1.67552    9.81107e-05

-3.14159     1.88496    9.84166e-05
-2.93215     1.88496    9.56024e-05
-2.72271     1.88496    7.25471e-05
-2.51327     1.88496    4.60852e-05
-2.30383     1.88496    3.53036e-05
-2.0944     1.88496    1.94832e-05
-1.88496     1.88496    1.1383e-05
-1.67552     1.88496    1.63582e-05
-1.46608     1.88496    8.33954e-06
-1.25664     1.88496    8.35284e-06
-1.0472     1.88496    4.72838e-06
-0.837758     1.88496    8.50336e-06
-0.628319     1.88496    8.94961e-06
-0.418879     1.88496    5.81423e-06
-0.20944     1.88496    1.75215e-06
0     1.88496    4.39109e-06
0.20944     1.88496    1.63189e-06
0.418879     1.88496    5.84359e-06
0.628319     1.88496    8.95496e-06
0.837758     1.88496    8.48882e-06
1.0472     1.88496    4.7391e-06
1.25664     1.88496    8.35808e-06
1.46608     1.88496    8.33079e-06
1.67552     1.88496    1.63605e-05
1.88496     1.88496    1.13781e-05
2.0944     1.88496    1.94884e-05
2.30383     1.88496    3.53062e-05
2.51327     1.88496    4.60848e-05
2.72271     1.88496    7.25472e-05
2.93215     1.88496    9.5603e-05
3.14159     1.88496    9.84152e-05

-3.14159     2.0944    9.56914e-05
-2.93215     2.0944    0.00010064
-2.72271     2.0944    9.1526e-05
-2.51327     2.0944    6.88335e-05
-2.30383     2.0944    5.04968e-05
-2.0944     2.0944    3.67249e-05
-1.88496     2.0944    2.86495e-05
-1.67552     2.0944    2.87203e-05
-1.46608     2.0944    3.14288e-05
-1.25664     2.0944    3.5346e-05
-1.0472     2.0944    1.62601e-05
-0.837758     2.0944    1.30616e-06
-0.628319     2.0944    6.0108e-08
-0.418879     2.0944    1.29023e-06
-0.20944     2.0944    6.68316e-06
0     2.0944    1.07899e-05
0.20944     2.0944    6.74267e-06
0.418879     2.0944    1.27018e-06
0.628319     2.0944    5.9467e-08
0.837758     2.0944    1.32659e-06
1.0472     2.0944    1.62638e-05
1.25664     2.0944    3.53443e-05
1.46608     2.0944    3.14224e-05
1.67552     2.0944    2.87166e-05
1.88496     2.0944    2.86422e-05
2.0944     2.0944    3.67311e-05
2.30383     2.0944    5.04997e-05
2.51327     2.0944    6.88372e-05
2.72271     2.0944    9.15248e-05
2.93215     2.0944    0.000100648
3.14159     2.0944    9.56913e-05

-3.14159     2.30383    8.76388e-05
-2.93215     2.30383    0.00010735
-2.72271     2.30383    0.00010807
-2.51327     2.30383    9.00336e-05
-2.30383     2.30383    7.08011e-05
-2.0944     2.30383    6.39461e-05
-1.88496     2.30383    4.88843e-05
-1.67552     2.30383    5.17323e-05
-1.46608     2.30383    6.72994e-05
-1.25664     2.30383    5.86839e-05
-1.0472     2.30383    2.57642e-05
-0.837758     2.30383    1.40269e-05
-0.628319     2.30383    5.95809e-06
-0.418879     2.30383    5.84431e-06
-0.20944     2.30383    1.2819e-05
0     2.30383    1.37265e-05
0.20944     2.30383    1.28284e-05
0.418879     2.30383    5.80033e-06
0.628319     2.30383    5.96061e-06
0.837758     2.30383    1.40257e-05
1.0472     2.30383    2.57696e-05
1.25664     2.30383    5.86854e-05
1.46608     2.30383    6.72943e-05
1.67552     2.30383    5.17358e-05
1.88496     2.30383    4.88807e-05
2.0944     2.30383    6.39501e-05
2.30383     2.30383    7.08048e-05
2.51327     2.30383    9.00291e-05
2.72271     2.30383    0.000108076
2.93215     2.30383    0.000107354
3.14159     2.30383    8.76401e-05

-3.14159     2.51327    7.79538e-05
-2.93215     2.51327    0.000106443
-2.72271     2.51327    0.000120658
-2.51327     2.51327    0.000116953
-2.30383     2.51327    9.7727e-05
-2.0944     2.51327    8.24366e-05
-1.88496     2.51327    7.31531e-05
-1.67552     2.51327    8.30574e-05
-1.46608     2.51327    8.93257e-05
-1.25664     2.51327    6.89853e-05
-1.0472     2.51327    3.4865e-05
-0.837758     2.51327    2.07139e-05
-0.628319     2.51327    7.89207e-06
-0.418879     2.51327    9.56643e-06
-0.20944     2.51327    1.32496e-05
0     2.51327    1.79578e-05
0.20944     2.51327    1.32234e-05
0.418879     2.51327    9.60196e-06
0.628319     2.51327    7.89763e-06
0.837758     2.51327    2.07043e-05
1.0472     2.51327    3.48688e-05
1.25664     2.51327    6.89867e-05
1.46608     2.51327    8.9324e-05
1.67552     2.51327    8.30528e-05
1.88496     2.51327    7.31473e-05
2.0944     2.51327    8.24334e-05
2.30383     2.51327    9.77267e-05
2.51327     2.51327    0.000116954
2.72271     2.51327    0.000120659
2.93215     2.51327    0.000106446
3.14159     2.51327    7.7961e-05

-3.14159     2.72271    7.01887e-05
-2.93215     2.72271    0.000104988
-2.72271     2.72271    0.000125958
-2.51327     2.72271    0.000124997
-2.30383     2.72271    0.000115554
-2.0944     2.72271    0.000110209
-1.88496     2.72271    0.000109567
-1.67552     2.72271    0.000106623
-1.46608     2.72271    9.77185e-05
-1.25664     2.72271    6.95601e-05
-1.0472     2.72271    4.40624e-05
-0.837758     2.72271    2.93144e-05
-0.628319     2.72271    1.73251e-05
-0.418879     2.72271    1.6814e-05
-0.20944     2.72271    1.91057e-05
0     2.72271    2.04595e-05
0.20944     2.72271    1.91318e-05
0.418879     2.72271    1.67926e-05
0.628319     2.72271    1.7318e-05
0.837758     2.72271    2.9322e-05
1.0472     2.72271    4.4055e-05
1.25664     2.72271    6.95515e-05
1.46608     2.72271    9.77215e-05
1.67552     2.72271    0.000106618
1.88496     2.72271    0.00010957
2.0944     2.72271    0.000110208
2.30383     2.72271    0.000115562
2.51327     2.72271    0.000125001
2.72271     2.72271    0.000125957
2.93215     2.72271    0.000104988
3.14159     2.72271    7.01915e-05

-3.14159     2.93215    7.32869e-05
-2.93215     2.93215    9.91179e-05
-2.72271     2.93215    0.000120472
-2.51327     2.93215    0.000136426
-2.30383     2.93215    0.000145545
-2.0944     2.93215    0.000145731
-1.88496     2.93215    0.000136615
-1.67552     2.93215    0.000126474
-1.46608     2.93215    0.000110878
-1.25664     2.93215    7.94786e-05
-1.0472     2.93215    6.41212e-05
-0.837758     2.93215    5.00532e-05
-0.628319     2.93215    3.79482e-05
-0.418879     2.93215    3.23876e-05
-0.20944     2.93215    2.93391e-05
0     2.93215    2.90853e-05
0.20944     2.93215    2.9306e-05
0.418879     2.93215    3.24009e-05
0.628319     2.93215    3.79422e-05
0.837758     2.93215    5.00454e-05
1.0472     2.93215    6.41258e-05
1.25664     2.93215    7.94772e-05
1.46608     2.93215    0.000110886
1.67552     2.93215    0.000126475
1.88496     2.93215    0.000136617
2.0944     2.93215    0.000145723
2.30383     2.93215    0.000145551
2.51327     2.93215    0.000136445
2.72271     2.93215    0.000120478
2.93215     2.93215    9.91191e-05
3.14159     2.93215    7.32902e-05

-3.14159     3.14159    7.53933e-05
-2.93215     3.14159    9.92251e-05
-2.72271     3.14159    0.000130864
-2.51327     3.14159    0.000159202
-2.30383     3.14159    0.000168188
-2.0944     3.14159    0.000156831
-1.88496     3.14159    0.00014895
-1.67552     3.14159    0.000142511
-1.46608     3.14159    0.000130584
-1.25664     3.14159    9.91273e-05
-1.0472     3.14159    8.82526e-05
-0.837758     3.14159    6.97184e-05
-0.628319     3.14159    6.1031e-05
-0.418879     3.14159    5.09634e-05
-0.20944     3.14159    4.80638e-05
0     3.14159    4.71607e-05
0.20944     3.14159    4.80873e-05
0.418879     3.14159    5.09617e-05
0.628319     3.14159    6.10353e-05
0.837758     3.14159    6.97041e-05
1.0472     3.14159    8.82551e-05
1.25664     3.14159    9.91334e-05
1.46608     3.14159    0.000130586
1.67552     3.14159    0.000142508
1.88496     3.14159    0.000148943
2.0944     3.14159    0.000156832
2.30383     3.14159    0.000168181
2.51327     3.14159    0.000159202
2.72271     3.14159    0.000130864
2.93215     3.14159    9.92271e-05
3.14159     3.14159    7.54023e-05

