-3.14159     -3.14159    0.0258043
-2.93215     -3.14159    0.000660477
-2.72271     -3.14159    0.00093733
-2.51327     -3.14159    0.00136534
-2.30383     -3.14159    0.00329466
-2.0944     -3.14159    0.000224073
-1.88496     -3.14159    0.00195667
-1.67552     -3.14159    0.00438217
-1.46608     -3.14159    0.0128884
-1.25664     -3.14159    0.00104964
-1.0472     -3.14159    0.0271086
-0.837758     -3.14159    0.00530587
-0.628319     -3.14159    0.00322678
-0.418879     -3.14159    0.00173016
-0.20944     -3.14159    0.00623747
0     -3.14159    0.00416592
0.20944     -3.14159    0.00611102
0.418879     -3.14159    0.00169882
0.628319     -3.14159    0.00326203
0.837758     -3.14159    0.00526789
1.0472     -3.14159    0.0271315
1.25664     -3.14159    0.00116409
1.46608     -3.14159    0.0128606
1.67552     -3.14159    0.00423557
1.88496     -3.14159    0.00166569
2.0944     -3.14159    0.000270463
2.30383     -3.14159    0.00346153
2.51327     -3.14159    0.00128825
2.72271     -3.14159    0.000880877
2.93215     -3.14159    0.000848416
3.14159     -3.14159    0.0262717

-3.14159     -2.93215    0.0271842
-2.93215     -2.93215    0.00324952
-2.72271     -2.93215    0.000492088
-2.51327     -2.93215    0.0166095
-2.30383     -2.93215    0.000496594
-2.0944     -2.93215    0.00243645
-1.88496     -2.93215    0.0114121
-1.67552     -2.93215    0.0225533
-1.46608     -2.93215    0.01591
-1.25664     -2.93215    0.00569156
-1.0472     -2.93215    0.0257086
-0.837758     -2.93215    0.0239035
-0.628319     -2.93215    0.00360155
-0.418879     -2.93215    0.00674008
-0.20944     -2.93215    0.00206609
0     -2.93215    0.00435033
0.20944     -2.93215    0.00212682
0.418879     -2.93215    0.00682288
0.628319     -2.93215    0.00365043
0.837758     -2.93215    0.023975
1.0472     -2.93215    0.0257301
1.25664     -2.93215    0.00571254
1.46608     -2.93215    0.0159283
1.67552     -2.93215    0.0222429
1.88496     -2.93215    0.011836
2.0944     -2.93215    0.00230794
2.30383     -2.93215    0.000560079
2.51327     -2.93215    0.0170414
2.72271     -2.93215    0.000430162
2.93215     -2.93215    0.00311567
3.14159     -2.93215    0.0279289

-3.14159     -2.72271    0.000155728
-2.93215     -2.72271    0.00317565
-2.72271     -2.72271    0.00946395
-2.51327     -2.72271    0.0101508
-2.30383     -2.72271    0.000646533
-2.0944     -2.72271    0.00150423
-1.88496     -2.72271    0.0165534
-1.67552     -2.72271    0.00465366
-1.46608     -2.72271    0.00309619
-1.25664     -2.72271    0.00603113
-1.0472     -2.72271    0.000158321
-0.837758     -2.72271    0.00337775
-0.628319     -2.72271    0.0064313
-0.418879     -2.72271    0.00172568
-0.20944     -2.72271    0.00136901
0     -2.72271    0.00196845
0.20944     -2.72271    0.00141737
0.418879     -2.72271    0.00181607
0.628319     -2.72271    0.00644
0.837758     -2.72271    0.00341161
1.0472     -2.72271    0.000103794
1.25664     -2.72271    0.00602606
1.46608     -2.72271    0.00304267
1.67552     -2.72271    0.00460912
1.88496     -2.72271    0.0169349
2.0944     -2.72271    0.00166411
2.30383     -2.72271    0.000481849
2.51327     -2.72271    0.0103035
2.72271     -2.72271    0.00949409
2.93215     -2.72271    0.00338358
3.14159     -2.72271    0.00017596

-3.14159     -2.51327    0.00154805
-2.93215     -2.51327    0.0101385
-2.72271     -2.51327    0.0192559
-2.51327     -2.51327    0.00297622
-2.30383     -2.51327    0.00501153
-2.0944     -2.51327    0.0189464
-1.88496     -2.51327    0.00306063
-1.67552     -2.51327    0.00837433
-1.46608     -2.51327    0.0112334
-1.25664     -2.51327    0.0298853
-1.0472     -2.51327    0.000762792
-0.837758     -2.51327    0.010342
-0.628319     -2.51327    0.00286546
-0.418879     -2.51327    0.00541895
-0.20944     -2.51327    0.00311822
0     -2.51327    0.0119535
0.20944     -2.51327    0.00320667
0.418879     -2.51327    0.00541476
0.628319     -2.51327    0.00281207
0.837758     -2.51327    0.00998099
1.0472     -2.51327    0.00093182
1.25664     -2.51327    0.0298197
1.46608     -2.51327    0.0111731
1.67552     -2.51327    0.00856382
1.88496     -2.51327    0.00318201
2.0944     -2.51327    0.0185827
2.30383     -2.51327    0.00498868
2.51327     -2.51327    0.00278826
2.72271     -2.51327    0.0191971
2.93215     -2.51327    0.0101869
3.14159     -2.51327    0.00171736

-3.14159     -2.30383    0.000295351
-2.93215     -2.30383    0.018357
-2.72271     -2.30383    0.0185483
-2.51327     -2.30383    0.0027625
-2.30383     -2.30383    0.0053421
-2.0944     -2.30383    0.0406475
-1.88496     -2.30383    0.00388441
-1.67552     -2.30383    0.00922169
-1.46608     -2.30383    0.0266928
-1.25664     -2.30383    0.0109987
-1.0472     -2.30383    0.00519677
-0.837758     -2.30383    0.0093027
-0.628319     -2.30383    0.000333094
-0.418879     -2.30383    0.00547602
-0.20944     -2.30383    0.0114757
0     -2.30383    0.0202135
0.20944     -2.30383    0.0114118
0.418879     -2.30383    0.00543341
0.628319     -2.30383    0.000387975
0.837758     -2.30383    0.00939978
1.0472     -2.30383    0.00525883
1.25664     -2.30383    0.0109529
1.46608     -2.30383    0.0263848
1.67552     -2.30383    0.00936359
1.88496     -2.30383    0.00377407
2.0944     -2.30383    0.0403571
2.30383     -2.30383    0.00522367
2.51327     -2.30383    0.00285554
2.72271     -2.30383    0.0183031
2.93215     -2.30383    0.018261
3.14159     -2.30383    0.000314418

-3.14159     -2.0944    0.00101996
-2.93215     -2.0944    0.00730743
-2.72271     -2.0944    0.00272523
-2.51327     -2.0944    0.00146253
-2.30383     -2.0944    0.00346091
-2.0944     -2.0944    0.00670089
-1.88496     -2.0944    0.00188258
-1.67552     -2.0944    0.00381781
-1.46608     -2.0944    0.00051944
-1.25664     -2.0944    0.00801983
-1.0472     -2.0944    0.0125887
-0.837758     -2.0944    0.0100919
-0.628319     -2.0944    0.0010455
-0.418879     -2.0944    0.00315917
-0.20944     -2.0944    0.00584929
0     -2.0944    0.00885572
0.20944     -2.0944    0.00576638
0.418879     -2.0944    0.00306923
0.628319     -2.0944    0.00110157
0.837758     -2.0944    0.0101149
1.0472     -2.0944    0.0125214
1.25664     -2.0944    0.00805988
1.46608     -2.0944    0.000533115
1.67552     -2.0944    0.00399048
1.88496     -2.0944    0.00192567
2.0944     -2.0944    0.0069385
2.30383     -2.0944    0.00350704
2.51327     -2.0944    0.00137001
2.72271     -2.0944    0.0025348
2.93215     -2.0944    0.00735332
3.14159     -2.0944    0.000897047

-3.14159     -1.88496    0.0125513
-2.93215     -1.88496    0.0110472
-2.72271     -1.88496    0.00664012
-2.51327     -1.88496    0.00239803
-2.30383     -1.88496    0.00384951
-2.0944     -1.88496    0.00524941
-1.88496     -1.88496    0.00431941
-1.67552     -1.88496    0.0164616
-1.46608     -1.88496    0.00928996
-1.25664     -1.88496    0.0137391
-1.0472     -1.88496    0.0164494
-0.837758     -1.88496    0.00472348
-0.628319     -1.88496    0.0033139
-0.418879     -1.88496    0.00893002
-0.20944     -1.88496    0.000255496
0     -1.88496    0.00175292
0.20944     -1.88496    0.00024351
0.418879     -1.88496    0.00887292
0.628319     -1.88496    0.00318412
0.837758     -1.88496    0.00454411
1.0472     -1.88496    0.0165904
1.25664     -1.88496    0.0138464
1.46608     -1.88496    0.00923139
1.67552     -1.88496    0.0166988
1.88496     -1.88496    0.00427656
2.0944     -1.88496    0.00513786
2.30383     -1.88496    0.00387397
2.51327     -1.88496    0.00236798
2.72271     -1.88496    0.00661928
2.93215     -1.88496    0.0110974
3.14159     -1.88496    0.0128266

-3.14159     -1.67552    0.00944239
-2.93215     -1.67552    0.0179214
-2.72271     -1.67552    0.00330857
-2.51327     -1.67552    0.00158941
-2.30383     -1.67552    0.00513972
-2.0944     -1.67552    0.00442789
-1.88496     -1.67552    0.00450283
-1.67552     -1.67552    0.0016105
-1.46608     -1.67552    0.00180801
-1.25664     -1.67552    0.00477454
-1.0472     -1.67552    0.00028864
-0.837758     -1.67552    0.00105603
-0.628319     -1.67552    0.00250962
-0.418879     -1.67552    0.00822391
-0.20944     -1.67552    0.0109521
0     -1.67552    0.000862922
0.20944     -1.67552    0.0111528
0.418879     -1.67552    0.00817093
0.628319     -1.67552    0.00237469
0.837758     -1.67552    0.00117083
1.0472     -1.67552    0.000268058
1.25664     -1.67552    0.0046824
1.46608     -1.67552    0.00175924
1.67552     -1.67552    0.00151162
1.88496     -1.67552    0.00459726
2.0944     -1.67552    0.0043595
2.30383     -1.67552    0.0050953
2.51327     -1.67552    0.00158816
2.72271     -1.67552    0.003376
2.93215     -1.67552    0.0178257
3.14159     -1.67552    0.00961974

-3.14159     -1.46608    0.00135585
-2.93215     -1.46608    0.0053814
-2.72271     -1.46608    0.0051871
-2.51327     -1.46608    0.00283106
-2.30383     -1.46608    0.000308709
-2.0944     -1.46608    0.00502449
-1.88496     -1.46608    0.000145774
-1.67552     -1.46608    0.00334619
-1.46608     -1.46608    0.00281436
-1.25664     -1.46608    0.00294157
-1.0472     -1.46608    0.000977929
-0.837758     -1.46608    0.0228401
-0.628319     -1.46608    0.00544139
-0.418879     -1.46608    0.00774821
-0.20944     -1.46608    0.0108972
0     -1.46608    0.00622237
0.20944     -1.46608    0.0111707
0.418879     -1.46608    0.00770615
0.628319     -1.46608    0.00525541
0.837758     -1.46608    0.022358
1.0472     -1.46608    0.00092956
1.25664     -1.46608    0.00297898
1.46608     -1.46608    0.00277542
1.67552     -1.46608    0.00332841
1.88496     -1.46608    0.0001691
2.0944     -1.46608    0.00526923
2.30383     -1.46608    0.00016595
2.51327     -1.46608    0.00279584
2.72271     -1.46608    0.0051169
2.93215     -1.46608    0.00553293
3.14159     -1.46608    0.00156601

-3.14159     -1.25664    0.00163874
-2.93215     -1.25664    0.00133351
-2.72271     -1.25664    0.00236976
-2.51327     -1.25664    0.00117554
-2.30383     -1.25664    0.00187507
-2.0944     -1.25664    0.0151766
-1.88496     -1.25664    0.0166521
-1.67552     -1.25664    0.00423773
-1.46608     -1.25664    0.011864
-1.25664     -1.25664    0.00687288
-1.0472     -1.25664    0.00935856
-0.837758     -1.25664    0.00632433
-0.628319     -1.25664    0.00163767
-0.418879     -1.25664    0.00232189
-0.20944     -1.25664    0.0105334
0     -1.25664    0.0106361
0.20944     -1.25664    0.0107631
0.418879     -1.25664    0.00242808
0.628319     -1.25664    0.00146806
0.837758     -1.25664    0.00617647
1.0472     -1.25664    0.00934918
1.25664     -1.25664    0.00681351
1.46608     -1.25664    0.011742
1.67552     -1.25664    0.00418132
1.88496     -1.25664    0.0163942
2.0944     -1.25664    0.0148823
2.30383     -1.25664    0.0019109
2.51327     -1.25664    0.00114474
2.72271     -1.25664    0.00234937
2.93215     -1.25664    0.0011786
3.14159     -1.25664    0.00169235

-3.14159     -1.0472    0.000578383
-2.93215     -1.0472    0.00806882
-2.72271     -1.0472    0.00525814
-2.51327     -1.0472    0.00184138
-2.30383     -1.0472    0.0060673
-2.0944     -1.0472    0.0187751
-1.88496     -1.0472    0.0106082
-1.67552     -1.0472    0.00278119
-1.46608     -1.0472    0.000659489
-1.25664     -1.0472    0.00670507
-1.0472     -1.0472    0.0041861
-0.837758     -1.0472    0.00647104
-0.628319     -1.0472    0.00534531
-0.418879     -1.0472    0.00415093
-0.20944     -1.0472    0.00599743
0     -1.0472    0.0254747
0.20944     -1.0472    0.00585779
0.418879     -1.0472    0.00421415
0.628319     -1.0472    0.00554761
0.837758     -1.0472    0.0062247
1.0472     -1.0472    0.00417037
1.25664     -1.0472    0.00668584
1.46608     -1.0472    0.000674986
1.67552     -1.0472    0.00268381
1.88496     -1.0472    0.0106498
2.0944     -1.0472    0.0188254
2.30383     -1.0472    0.00611881
2.51327     -1.0472    0.00183043
2.72271     -1.0472    0.00515864
2.93215     -1.0472    0.00801866
3.14159     -1.0472    0.00050232

-3.14159     -0.837758    0.00602151
-2.93215     -0.837758    0.0140761
-2.72271     -0.837758    0.00612641
-2.51327     -0.837758    0.0105914
-2.30383     -0.837758    0.00442949
-2.0944     -0.837758    0.0020561
-1.88496     -0.837758    0.00323364
-1.67552     -0.837758    0.00414423
-1.46608     -0.837758    0.000716388
-1.25664     -0.837758    0.0120336
-1.0472     -0.837758    0.0108593
-0.837758     -0.837758    0.00471404
-0.628319     -0.837758    0.0041082
-0.418879     -0.837758    0.00331303
-0.20944     -0.837758    0.00399614
0     -0.837758    0.00748712
0.20944     -0.837758    0.00395794
0.418879     -0.837758    0.00322312
0.628319     -0.837758    0.00395785
0.837758     -0.837758    0.00476174
1.0472     -0.837758    0.0107567
1.25664     -0.837758    0.0121242
1.46608     -0.837758    0.000703744
1.67552     -0.837758    0.0040948
1.88496     -0.837758    0.00356664
2.0944     -0.837758    0.00225518
2.30383     -0.837758    0.00423462
2.51327     -0.837758    0.0105965
2.72271     -0.837758    0.00612526
2.93215     -0.837758    0.0143646
3.14159     -0.837758    0.00617171

-3.14159     -0.628319    0.033799
-2.93215     -0.628319    0.0161329
-2.72271     -0.628319    0.00371226
-2.51327     -0.628319    0.00893145
-2.30383     -0.628319    0.00101366
-2.0944     -0.628319    0.0020723
-1.88496     -0.628319    0.00988111
-1.67552     -0.628319    0.00337398
-1.46608     -0.628319    0.0129697
-1.25664     -0.628319    0.00719696
-1.0472     -0.628319    0.0140734
-0.837758     -0.628319    0.0167154
-0.628319     -0.628319    0.00387991
-0.418879     -0.628319    0.00920857
-0.20944     -0.628319    0.0134038
0     -0.628319    0.00650307
0.20944     -0.628319    0.0135493
0.418879     -0.628319    0.00926903
0.628319     -0.628319    0.00401402
0.837758     -0.628319    0.0168291
1.0472     -0.628319    0.0137758
1.25664     -0.628319    0.00733137
1.46608     -0.628319    0.0130768
1.67552     -0.628319    0.00353428
1.88496     -0.628319    0.00987234
2.0944     -0.628319    0.00207646
2.30383     -0.628319    0.000957131
2.51327     -0.628319    0.00888393
2.72271     -0.628319    0.00389145
2.93215     -0.628319    0.0162748
3.14159     -0.628319    0.0346596

-3.14159     -0.418879    0.0140174
-2.93215     -0.418879    0.00434549
-2.72271     -0.418879    0.000593723
-2.51327     -0.418879    0.0106886
-2.30383     -0.418879    0.00659316
-2.0944     -0.418879    0.0034061
-1.88496     -0.418879    0.00522316
-1.67552     -0.418879    0.011601
-1.46608     -0.418879    0.00266885
-1.25664     -0.418879    0.00924051
-1.0472     -0.418879    0.0100409
-0.837758     -0.418879    0.0205164
-0.628319     -0.418879    0.00400644
-0.418879     -0.418879    0.0114373
-0.20944     -0.418879    0.000686663
0     -0.418879    0.00229684
0.20944     -0.418879    0.000615198
0.418879     -0.418879    0.0113991
0.628319     -0.418879    0.00426842
0.837758     -0.418879    0.0203895
1.0472     -0.418879    0.00999572
1.25664     -0.418879    0.00930443
1.46608     -0.418879    0.00268633
1.67552     -0.418879    0.011509
1.88496     -0.418879    0.00516909
2.0944     -0.418879    0.00344588
2.30383     -0.418879    0.00655052
2.51327     -0.418879    0.0109571
2.72271     -0.418879    0.000581132
2.93215     -0.418879    0.00435017
3.14159     -0.418879    0.0141937

-3.14159     -0.20944    0.00542635
-2.93215     -0.20944    0.0133396
-2.72271     -0.20944    0.0152525
-2.51327     -0.20944    0.00542522
-2.30383     -0.20944    0.00634546
-2.0944     -0.20944    0.00267932
-1.88496     -0.20944    0.000628549
-1.67552     -0.20944    0.00225592
-1.46608     -0.20944    0.0061282
-1.25664     -0.20944    0.00388396
-1.0472     -0.20944    0.000537549
-0.837758     -0.20944    0.00261499
-0.628319     -0.20944    0.00460453
-0.418879     -0.20944    0.0024532
-0.20944     -0.20944    0.00987406
0     -0.20944    0.00522725
0.20944     -0.20944    0.00936712
0.418879     -0.20944    0.00230002
0.628319     -0.20944    0.00437282
0.837758     -0.20944    0.00269289
1.0472     -0.20944    0.000546338
1.25664     -0.20944    0.00393842
1.46608     -0.20944    0.00622029
1.67552     -0.20944    0.0021406
1.88496     -0.20944    0.000570779
2.0944     -0.20944    0.0024936
2.30383     -0.20944    0.00621713
2.51327     -0.20944    0.00535889
2.72271     -0.20944    0.0152135
2.93215     -0.20944    0.0134845
3.14159     -0.20944    0.00538881

-3.14159     0    0.00747465
-2.93215     0    0.00746518
-2.72271     0    0.0340168
-2.51327     0    0.002212
-2.30383     0    0.0228178
-2.0944     0    0.0102544
-1.88496     0    0.000434032
-1.67552     0    0.0223002
-1.46608     0    0.00520232
-1.25664     0    0.00378927
-1.0472     0    0.00658237
-0.837758     0    0.00250678
-0.628319     0    0.0196689
-0.418879     0    0.00581357
-0.20944     0    0.00128235
0     0    1.56076e-15
0.20944     0    0.00128235
0.418879     0    0.00581357
0.628319     0    0.0196689
0.837758     0    0.00250678
1.0472     0    0.00658237
1.25664     0    0.00378927
1.46608     0    0.00520232
1.67552     0    0.0223002
1.88496     0    0.000434032
2.0944     0    0.0102544
2.30383     0    0.0228178
2.51327     0    0.002212
2.72271     0    0.0340168
2.93215     0    0.00746518
3.14159     0    0.00747465

-3.14159     0.20944    0.00538881
-2.93215     0.20944    0.0134845
-2.72271     0.20944    0.0152135
-2.51327     0.20944    0.00535889
-2.30383     0.20944    0.00621713
-2.0944     0.20944    0.0024936
-1.88496     0.20944    0.000570779
-1.67552     0.20944    0.0021406
-1.46608     0.20944    0.00622029
-1.25664     0.20944    0.00393842
-1.0472     0.20944    0.000546338
-0.837758     0.20944    0.00269289
-0.628319     0.20944    0.00437282
-0.418879     0.20944    0.00230002
-0.20944     0.20944    0.00936712
0     0.20944    0.00522725
0.20944     0.20944    0.00987406
0.418879     0.20944    0.0024532
0.628319     0.20944    0.00460453
0.837758     0.20944    0.00261499
1.0472     0.20944    0.000537549
1.25664     0.20944    0.00388396
1.46608     0.20944    0.0061282
1.67552     0.20944    0.00225592
1.88496     0.20944    0.000628549
2.0944     0.20944    0.00267932
2.30383     0.20944    0.00634546
2.51327     0.20944    0.00542522
2.72271     0.20944    0.0152525
2.93215     0.20944    0.0133396
3.14159     0.20944    0.00542635

-3.14159     0.418879    0.0141937
-2.93215     0.418879    0.00435017
-2.72271     0.418879    0.000581132
-2.51327     0.418879    0.0109571
-2.30383     0.418879    0.00655052
-2.0944     0.418879    0.00344588
-1.88496     0.418879    0.00516909
-1.67552     0.418879    0.011509
-1.46608     0.418879    0.00268633
-1.25664     0.418879    0.00930443
-1.0472     0.418879    0.00999572
-0.837758     0.418879    0.0203895
-0.628319     0.418879    0.00426842
-0.418879     0.418879    0.0113991
-0.20944     0.418879    0.000615198
0     0.418879    0.00229684
0.20944     0.418879    0.000686663
0.418879     0.418879    0.0114373
0.628319     0.418879    0.00400644
0.837758     0.418879    0.0205164
1.0472     0.418879    0.0100409
1.25664     0.418879    0.00924051
1.46608     0.418879    0.00266885
1.67552     0.418879    0.011601
1.88496     0.418879    0.00522316
2.0944     0.418879    0.0034061
2.30383     0.418879    0.00659316
2.51327     0.418879    0.0106886
2.72271     0.418879    0.000593723
2.93215     0.418879    0.00434549
3.14159     0.418879    0.0140174

-3.14159     0.628319    0.0346596
-2.93215     0.628319    0.0162748
-2.72271     0.628319    0.00389145
-2.51327     0.628319    0.00888393
-2.30383     0.628319    0.000957131
-2.0944     0.628319    0.00207646
-1.88496     0.628319    0.00987234
-1.67552     0.628319    0.00353428
-1.46608     0.628319    0.0130768
-1.25664     0.628319    0.00733137
-1.0472     0.628319    0.0137758
-0.837758     0.628319    0.0168291
-0.628319     0.628319    0.00401402
-0.418879     0.628319    0.00926903
-0.20944     0.628319    0.0135493
0     0.628319    0.00650307
0.20944     0.628319    0.0134038
0.418879     0.628319    0.00920857
0.628319     0.628319    0.00387991
0.837758     0.628319    0.0167154
1.0472     0.628319    0.0140734
1.25664     0.628319    0.00719696
1.46608     0.628319    0.0129697
1.67552     0.628319    0.00337398
1.88496     0.628319    0.00988111
2.0944     0.628319    0.0020723
2.30383     0.628319    0.00101366
2.51327     0.628319    0.00893145
2.72271     0.628319    0.00371226
2.93215     0.628319    0.0161329
3.14159     0.628319    0.033799

-3.14159     0.837758    0.00617171
-2.93215     0.837758    0.0143646
-2.72271     0.837758    0.00612526
-2.51327     0.837758    0.0105965
-2.30383     0.837758    0.00423462
-2.0944     0.837758    0.00225518
-1.88496     0.837758    0.00356664
-1.67552     0.837758    0.0040948
-1.46608     0.837758    0.000703744
-1.25664     0.837758    0.0121242
-1.0472     0.837758    0.0107567
-0.837758     0.837758    0.00476174
-0.628319     0.837758    0.00395785
-0.418879     0.837758    0.00322312
-0.20944     0.837758    0.00395794
0     0.837758    0.00748712
0.20944     0.837758    0.00399614
0.418879     0.837758    0.00331303
0.628319     0.837758    0.0041082
0.837758     0.837758    0.00471404
1.0472     0.837758    0.0108593
1.25664     0.837758    0.0120336
1.46608     0.837758    0.000716388
1.67552     0.837758    0.00414423
1.88496     0.837758    0.00323364
2.0944     0.837758    0.0020561
2.30383     0.837758    0.00442949
2.51327     0.837758    0.0105914
2.72271     0.837758    0.00612641
2.93215     0.837758    0.0140761
3.14159     0.837758    0.00602151

-3.14159     1.0472    0.00050232
-2.93215     1.0472    0.00801866
-2.72271     1.0472    0.00515864
-2.51327     1.0472    0.00183043
-2.30383     1.0472    0.00611881
-2.0944     1.0472    0.0188254
-1.88496     1.0472    0.0106498
-1.67552     1.0472    0.00268381
-1.46608     1.0472    0.000674986
-1.25664     1.0472    0.00668584
-1.0472     1.0472    0.00417037
-0.837758     1.0472    0.0062247
-0.628319     1.0472    0.00554761
-0.418879     1.0472    0.00421415
-0.20944     1.0472    0.00585779
0     1.0472    0.0254747
0.20944     1.0472    0.00599743
0.418879     1.0472    0.00415093
0.628319     1.0472    0.00534531
0.837758     1.0472    0.00647104
1.0472     1.0472    0.0041861
1.25664     1.0472    0.00670507
1.46608     1.0472    0.000659489
1.67552     1.0472    0.00278119
1.88496     1.0472    0.0106082
2.0944     1.0472    0.0187751
2.30383     1.0472    0.0060673
2.51327     1.0472    0.00184138
2.72271     1.0472    0.00525814
2.93215     1.0472    0.00806882
3.14159     1.0472    0.000578383

-3.14159     1.25664    0.00169235
-2.93215     1.25664    0.0011786
-2.72271     1.25664    0.00234937
-2.51327     1.25664    0.00114474
-2.30383     1.25664    0.0019109
-2.0944     1.25664    0.0148823
-1.88496     1.25664    0.0163942
-1.67552     1.25664    0.00418132
-1.46608     1.25664    0.011742
-1.25664     1.25664    0.00681351
-1.0472     1.25664    0.00934918
-0.837758     1.25664    0.00617647
-0.628319     1.25664    0.00146806
-0.418879     1.25664    0.00242808
-0.20944     1.25664    0.0107631
0     1.25664    0.0106361
0.20944     1.25664    0.0105334
0.418879     1.25664    0.00232189
0.628319     1.25664    0.00163767
0.837758     1.25664    0.00632433
1.0472     1.25664    0.00935856
1.25664     1.25664    0.00687288
1.46608     1.25664    0.011864
1.67552     1.25664    0.00423773
1.88496     1.25664    0.0166521
2.0944     1.25664    0.0151766
2.30383     1.25664    0.00187507
2.51327     1.25664    0.00117554
2.72271     1.25664    0.00236976
2.93215     1.25664    0.00133351
3.14159     1.25664    0.00163874

-3.14159     1.46608    0.00156601
-2.93215     1.46608    0.00553293
-2.72271     1.46608    0.0051169
-2.51327     1.46608    0.00279584
-2.30383     1.46608    0.00016595
-2.0944     1.46608    0.00526923
-1.88496     1.46608    0.0001691
-1.67552     1.46608    0.00332841
-1.46608     1.46608    0.00277542
-1.25664     1.46608    0.00297898
-1.0472     1.46608    0.00092956
-0.837758     1.46608    0.022358
-0.628319     1.46608    0.00525541
-0.418879     1.46608    0.00770615
-0.20944     1.46608    0.0111707
0     1.46608    0.00622237
0.20944     1.46608    0.0108972
0.418879     1.46608    0.00774821
0.628319     1.46608    0.00544139
0.837758     1.46608    0.0228401
1.0472     1.46608    0.000977929
1.25664     1.46608    0.00294157
1.46608     1.46608    0.00281436
1.67552     1.46608    0.00334619
1.88496     1.46608    0.000145774
2.0944     1.46608    0.00502449
2.30383     1.46608    0.000308709
2.51327     1.46608    0.00283106
2.72271     1.46608    0.0051871
2.93215     1.46608    0.0053814
3.14159     1.46608    0.00135585

-3.14159     1.67552    0.00961974
-2.93215     1.67552    0.0178257
-2.72271     1.67552    0.003376
-2.51327     1.67552    0.00158816
-2.30383     1.67552    0.0050953
-2.0944     1.67552    0.0043595
-1.88496     1.67552    0.00459726
-1.67552     1.67552    0.00151162
-1.46608     1.67552    0.00175924
-1.25664     1.67552    0.0046824
-1.0472     1.67552    0.000268058
-0.837758     1.67552    0.00117083
-0.628319     1.67552    0.00237469
-0.418879     1.67552    0.00817093
-0.20944     1.67552    0.0111528
0     1.67552    0.000862922
0.20944     1.67552    0.0109521
0.418879     1.67552    0.00822391
0.628319     1.67552    0.00250962
0.837758     1.67552    0.00105603
1.0472     1.67552    0.00028864
1.25664     1.67552    0.00477454
1.46608     1.67552    0.00180801
1.67552     1.67552    0.0016105
1.88496     1.67552    0.00450283
2.0944     1.67552    0.00442789
2.30383     1.67552    0.00513972
2.51327     1.67552    0.00158941
2.72271     1.67552    0.00330857
2.93215     1.67552    0.0179214
3.14159     1.67552    0.00944239

-3.14159     1.88496    0.0128266
-2.93215     1.88496    0.0110974
-2.72271     1.88496    0.00661928
-2.51327     1.88496    0.00236798
-2.30383     1.88496    0.00387397
-2.0944     1.88496    0.00513786
-1.88496     1.88496    0.00427656
-1.67552     1.88496    0.0166988
-1.46608     1.88496    0.00923139
-1.25664     1.88496    0.0138464
-1.0472     1.88496    0.0165904
-0.837758     1.88496    0.00454411
-0.628319     1.88496    0.00318412
-0.418879     1.88496    0.00887292
-0.20944     1.88496    0.00024351
0     1.88496    0.00175292
0.20944     1.88496    0.000255496
0.418879     1.88496    0.00893002
0.628319     1.88496    0.0033139
0.837758     1.88496    0.00472348
1.0472     1.88496    0.0164494
1.25664     1.88496    0.0137391
1.46608     1.88496    0.00928996
1.67552     1.88496    0.0164616
1.88496     1.88496    0.00431941
2.0944     1.88496    0.00524941
2.30383     1.88496    0.00384951
2.51327     1.88496    0.00239803
2.72271     1.88496    0.00664012
2.93215     1.88496    0.0110472
3.14159     1.88496    0.0125513

-3.14159     2.0944    0.000897047
-2.93215     2.0944    0.00735332
-2.72271     2.0944    0.0025348
-2.51327     2.0944    0.00137001
-2.30383     2.0944    0.00350704
-2.0944     2.0944    0.0069385
-1.88496     2.0944    0.00192567
-1.67552     2.0944    0.00399048
-1.46608     2.0944    0.000533115
-1.25664     2.0944    0.00805988
-1.0472     2.0944    0.0125214
-0.837758     2.0944    0.0101149
-0.628319     2.0944    0.00110157
-0.418879     2.0944    0.00306923
-0.20944     2.0944    0.00576638
0     2.0944    0.00885572
0.20944     2.0944    0.00584929
0.418879     2.0944    0.00315917
0.628319     2.0944    0.0010455
0.837758     2.0944    0.0100919
1.0472     2.0944    0.0125887
1.25664     2.0944    0.00801983
1.46608     2.0944    0.00051944
1.67552     2.0944    0.00381781
1.88496     2.0944    0.00188258
2.0944     2.0944    0.00670089
2.30383     2.0944    0.00346091
2.51327     2.0944    0.00146253
2.72271     2.0944    0.00272523
2.93215     2.0944    0.00730743
3.14159     2.0944    0.00101996

-3.14159     2.30383    0.000314418
-2.93215     2.30383    0.018261
-2.72271     2.30383    0.0183031
-2.51327     2.30383    0.00285554
-2.30383     2.30383    0.00522367
-2.0944     2.30383    0.0403571
-1.88496     2.30383    0.00377407
-1.67552     2.30383    0.00936359
-1.46608     2.30383    0.0263848
-1.25664     2.30383    0.0109529
-1.0472     2.30383    0.00525883
-0.837758     2.30383    0.00939978
-0.628319     2.30383    0.000387975
-0.418879     2.30383    0.00543341
-0.20944     2.30383    0.0114118
0     2.30383    0.0202135
0.20944     2.30383    0.0114757
0.418879     2.30383    0.00547602
0.628319     2.30383    0.000333094
0.837758     2.30383    0.0093027
1.0472     2.30383    0.00519677
1.25664     2.30383    0.0109987
1.46608     2.30383    0.0266928
1.67552     2.30383    0.00922169
1.88496     2.30383    0.00388441
2.0944     2.30383    0.0406475
2.30383     2.30383    0.0053421
2.51327     2.30383    0.0027625
2.72271     2.30383    0.0185483
2.93215     2.30383    0.018357
3.14159     2.30383    0.000295351

-3.14159     2.51327    0.00171736
-2.93215     2.51327    0.0101869
-2.72271     2.51327    0.0191971
-2.51327     2.51327    0.00278826
-2.30383     2.51327    0.00498868
-2.0944     2.51327    0.0185827
-1.88496     2.51327    0.00318201
-1.67552     2.51327    0.00856382
-1.46608     2.51327    0.0111731
-1.25664     2.51327    0.0298197
-1.0472     2.51327    0.00093182
-0.837758     2.51327    0.00998099
-0.628319     2.51327    0.00281207
-0.418879     2.51327    0.00541476
-0.20944     2.51327    0.00320667
0     2.51327    0.0119535
0.20944     2.51327    0.00311822
0.418879     2.51327    0.00541895
0.628319     2.51327    0.00286546
0.837758     2.51327    0.010342
1.0472     2.51327    0.000762792
1.25664     2.51327    0.0298853
1.46608     2.51327    0.0112334
1.67552     2.51327    0.00837433
1.88496     2.51327    0.00306063
2.0944     2.51327    0.0189464
2.30383     2.51327    0.00501153
2.51327     2.51327    0.00297622
2.72271     2.51327    0.0192559
2.93215     2.51327    0.0101385
3.14159     2.51327    0.00154805

-3.14159     2.72271    0.00017596
-2.93215     2.72271    0.00338358
-2.72271     2.72271    0.00949409
-2.51327     2.72271    0.0103035
-2.30383     2.72271    0.000481849
-2.0944     2.72271    0.00166411
-1.88496     2.72271    0.0169349
-1.67552     2.72271    0.00460912
-1.46608     2.72271    0.00304267
-1.25664     2.72271    0.00602606
-1.0472     2.72271    0.000103794
-0.837758     2.72271    0.00341161
-0.628319     2.72271    0.00644
-0.418879     2.72271    0.00181607
-0.20944     2.72271    0.00141737
0     2.72271    0.00196845
0.20944     2.72271    0.00136901
0.418879     2.72271    0.00172568
0.628319     2.72271    0.0064313
0.837758     2.72271    0.00337775
1.0472     2.72271    0.000158321
1.25664     2.72271    0.00603113
1.46608     2.72271    0.00309619
1.67552     2.72271    0.00465366
1.88496     2.72271    0.0165534
2.0944     2.72271    0.00150423
2.30383     2.72271    0.000646533
2.51327     2.72271    0.0101508
2.72271     2.72271    0.00946395
2.93215     2.72271    0.00317565
3.14159     2.72271    0.000155728

-3.14159     2.93215    0.0279289
-2.93215     2.93215    0.00311567
-2.72271     2.93215    0.000430162
-2.51327     2.93215    0.0170414
-2.30383     2.93215    0.000560079
-2.0944     2.93215    0.00230794
-1.88496     2.93215    0.011836
-1.67552     2.93215    0.0222429
-1.46608     2.93215    0.0159283
-1.25664     2.93215    0.00571254
-1.0472     2.93215    0.0257301
-0.837758     2.93215    0.023975
-0.628319     2.93215    0.00365043
-0.418879     2.93215    0.00682288
-0.20944     2.93215    0.00212682
0     2.93215    0.00435033
0.20944     2.93215    0.00206609
0.418879     2.93215    0.00674008
0.628319     2.93215    0.00360155
0.837758     2.93215    0.0239035
1.0472     2.93215    0.0257086
1.25664     2.93215    0.00569156
1.46608     2.93215    0.01591
1.67552     2.93215    0.0225533
1.88496     2.93215    0.0114121
2.0944     2.93215    0.00243645
2.30383     2.93215    0.000496594
2.51327     2.93215    0.0166095
2.72271     2.93215    0.000492088
2.93215     2.93215    0.00324952
3.14159     2.93215    0.0271842

-3.14159     3.14159    0.0262717
-2.93215     3.14159    0.000848416
-2.72271     3.14159    0.000880877
-2.51327     3.14159    0.00128825
-2.30383     3.14159    0.00346153
-2.0944     3.14159    0.000270463
-1.88496     3.14159    0.00166569
-1.67552     3.14159    0.00423557
-1.46608     3.14159    0.0128606
-1.25664     3.14159    0.00116409
-1.0472     3.14159    0.0271315
-0.837758     3.14159    0.00526789
-0.628319     3.14159    0.00326203
-0.418879     3.14159    0.00169882
-0.20944     3.14159    0.00611102
0     3.14159    0.00416592
0.20944     3.14159    0.00623747
0.418879     3.14159    0.00173016
0.628319     3.14159    0.00322678
0.837758     3.14159    0.00530587
1.0472     3.14159    0.0271086
1.25664     3.14159    0.00104964
1.46608     3.14159    0.0128884
1.67552     3.14159    0.00438217
1.88496     3.14159    0.00195667
2.0944     3.14159    0.000224073
2.30383     3.14159    0.00329466
2.51327     3.14159    0.00136534
2.72271     3.14159    0.00093733
2.93215     3.14159    0.000660477
3.14159     3.14159    0.0258043

