-3.14159     -3.14159    0.000360821
-2.93215     -3.14159    0.000467564
-2.72271     -3.14159    0.000593638
-2.51327     -3.14159    0.000713943
-2.30383     -3.14159    0.00075549
-2.0944     -3.14159    0.000711524
-1.88496     -3.14159    0.000682639
-1.67552     -3.14159    0.000654251
-1.46608     -3.14159    0.0005998
-1.25664     -3.14159    0.000467017
-1.0472     -3.14159    0.0004349
-0.837758     -3.14159    0.000368319
-0.628319     -3.14159    0.000333341
-0.418879     -3.14159    0.000287019
-0.20944     -3.14159    0.000272209
0     -3.14159    0.000267314
0.20944     -3.14159    0.000272159
0.418879     -3.14159    0.000287005
0.628319     -3.14159    0.000333334
0.837758     -3.14159    0.00036831
1.0472     -3.14159    0.000434892
1.25664     -3.14159    0.00046704
1.46608     -3.14159    0.000599822
1.67552     -3.14159    0.000654282
1.88496     -3.14159    0.000682677
2.0944     -3.14159    0.000711545
2.30383     -3.14159    0.000755492
2.51327     -3.14159    0.000713912
2.72271     -3.14159    0.000593615
2.93215     -3.14159    0.000467558
3.14159     -3.14159    0.000360811

-3.14159     -2.93215    0.000371191
-2.93215     -2.93215    0.000484686
-2.72271     -2.93215    0.000559539
-2.51327     -2.93215    0.000608761
-2.30383     -2.93215    0.000653611
-2.0944     -2.93215    0.000664081
-1.88496     -2.93215    0.000627482
-1.67552     -2.93215    0.000581037
-1.46608     -2.93215    0.0005085
-1.25664     -2.93215    0.000373301
-1.0472     -2.93215    0.000316504
-0.837758     -2.93215    0.000263562
-0.628319     -2.93215    0.000213408
-0.418879     -2.93215    0.000182912
-0.20944     -2.93215    0.000163812
0     -2.93215    0.000163529
0.20944     -2.93215    0.000163871
0.418879     -2.93215    0.000182911
0.628319     -2.93215    0.00021339
0.837758     -2.93215    0.000263553
1.0472     -2.93215    0.000316525
1.25664     -2.93215    0.000373316
1.46608     -2.93215    0.000508537
1.67552     -2.93215    0.000581093
1.88496     -2.93215    0.000627544
2.0944     -2.93215    0.000664136
2.30383     -2.93215    0.000653634
2.51327     -2.93215    0.000608759
2.72271     -2.93215    0.000559543
2.93215     -2.93215    0.000484672
3.14159     -2.93215    0.000371209

-3.14159     -2.72271    0.00037385
-2.93215     -2.72271    0.000522898
-2.72271     -2.72271    0.000602203
-2.51327     -2.72271    0.000584768
-2.30383     -2.72271    0.000535677
-2.0944     -2.72271    0.000513205
-1.88496     -2.72271    0.000504685
-1.67552     -2.72271    0.000485619
-1.46608     -2.72271    0.000438728
-1.25664     -2.72271    0.000313544
-1.0472     -2.72271    0.000216709
-0.837758     -2.72271    0.00015861
-0.628319     -2.72271    0.000107182
-0.418879     -2.72271    9.6165e-05
-0.20944     -2.72271    9.58383e-05
0     -2.72271    9.45573e-05
0.20944     -2.72271    9.57771e-05
0.418879     -2.72271    9.6153e-05
0.628319     -2.72271    0.00010718
0.837758     -2.72271    0.000158614
1.0472     -2.72271    0.000216732
1.25664     -2.72271    0.000313584
1.46608     -2.72271    0.00043879
1.67552     -2.72271    0.000485714
1.88496     -2.72271    0.000504764
2.0944     -2.72271    0.000513274
2.30383     -2.72271    0.000535717
2.51327     -2.72271    0.000584802
2.72271     -2.72271    0.00060219
2.93215     -2.72271    0.0005229
3.14159     -2.72271    0.00037387

-3.14159     -2.51327    0.000413939
-2.93215     -2.51327    0.000532045
-2.72271     -2.51327    0.000583133
-2.51327     -2.51327    0.000573601
-2.30383     -2.51327    0.00048368
-2.0944     -2.51327    0.000399446
-1.88496     -2.51327    0.00034384
-1.67552     -2.51327    0.000369243
-1.46608     -2.51327    0.00038502
-1.25664     -2.51327    0.000290647
-1.0472     -2.51327    0.000158398
-0.837758     -2.51327    0.000102292
-0.628319     -2.51327    4.63696e-05
-0.418879     -2.51327    4.58214e-05
-0.20944     -2.51327    5.0114e-05
0     -2.51327    8.31137e-05
0.20944     -2.51327    5.01235e-05
0.418879     -2.51327    4.58116e-05
0.628319     -2.51327    4.63554e-05
0.837758     -2.51327    0.000102313
1.0472     -2.51327    0.000158441
1.25664     -2.51327    0.000290714
1.46608     -2.51327    0.000385095
1.67552     -2.51327    0.000369338
1.88496     -2.51327    0.00034395
2.0944     -2.51327    0.000399547
2.30383     -2.51327    0.000483771
2.51327     -2.51327    0.000573647
2.72271     -2.51327    0.000583141
2.93215     -2.51327    0.000532055
3.14159     -2.51327    0.000413969

-3.14159     -2.30383    0.000456492
-2.93215     -2.30383    0.000534378
-2.72271     -2.30383    0.000538268
-2.51327     -2.30383    0.000462352
-2.30383     -2.30383    0.000373243
-2.0944     -2.30383    0.000322426
-1.88496     -2.30383    0.000241295
-1.67552     -2.30383    0.000231135
-1.46608     -2.30383    0.000275745
-1.25664     -2.30383    0.000230872
-1.0472     -2.30383    9.56953e-05
-0.837758     -2.30383    5.30853e-05
-0.628319     -2.30383    1.43296e-05
-0.418879     -2.30383    9.88115e-06
-0.20944     -2.30383    2.8611e-05
0     -2.30383    3.86556e-05
0.20944     -2.30383    2.86019e-05
0.418879     -2.30383    9.89023e-06
0.628319     -2.30383    1.43188e-05
0.837758     -2.30383    5.31036e-05
1.0472     -2.30383    9.57008e-05
1.25664     -2.30383    0.000230913
1.46608     -2.30383    0.000275821
1.67552     -2.30383    0.000231236
1.88496     -2.30383    0.000241432
2.0944     -2.30383    0.000322565
2.30383     -2.30383    0.000373362
2.51327     -2.30383    0.000462425
2.72271     -2.30383    0.000538299
2.93215     -2.30383    0.000534388
3.14159     -2.30383    0.000456519

-3.14159     -2.0944    0.000485816
-2.93215     -2.0944    0.000504933
-2.72271     -2.0944    0.000473035
-2.51327     -2.0944    0.000373642
-2.30383     -2.0944    0.000278238
-2.0944     -2.0944    0.000201602
-1.88496     -2.0944    0.000151913
-1.67552     -2.0944    0.000134258
-1.46608     -2.0944    0.000118895
-1.25664     -2.0944    0.000118498
-1.0472     -2.0944    3.30546e-05
-0.837758     -2.0944    2.86513e-05
-0.628319     -2.0944    3.21084e-05
-0.418879     -2.0944    3.90182e-05
-0.20944     -2.0944    1.71033e-05
0     -2.0944    3.65876e-05
0.20944     -2.0944    1.72105e-05
0.418879     -2.0944    3.90069e-05
0.628319     -2.0944    3.2093e-05
0.837758     -2.0944    2.86599e-05
1.0472     -2.0944    3.30482e-05
1.25664     -2.0944    0.000118582
1.46608     -2.0944    0.000119027
1.67552     -2.0944    0.000134387
1.88496     -2.0944    0.000152078
2.0944     -2.0944    0.000201751
2.30383     -2.0944    0.000278362
2.51327     -2.0944    0.000373744
2.72271     -2.0944    0.000473079
2.93215     -2.0944    0.000504955
3.14159     -2.0944    0.00048583

-3.14159     -1.88496    0.000493302
-2.93215     -1.88496    0.000484833
-2.72271     -1.88496    0.000390078
-2.51327     -1.88496    0.000262008
-2.30383     -1.88496    0.000198781
-2.0944     -1.88496    0.000118006
-1.88496     -1.88496    6.83033e-05
-1.67552     -1.88496    7.07457e-05
-1.46608     -1.88496    1.87797e-05
-1.25664     -1.88496    6.2676e-06
-1.0472     -1.88496    3.57006e-05
-0.837758     -1.88496    8.98926e-05
-0.628319     -1.88496    9.1082e-05
-0.418879     -1.88496    8.29663e-05
-0.20944     -1.88496    5.68398e-05
0     -1.88496    6.75237e-05
0.20944     -1.88496    5.67096e-05
0.418879     -1.88496    8.30422e-05
0.628319     -1.88496    9.11419e-05
0.837758     -1.88496    8.99094e-05
1.0472     -1.88496    3.56666e-05
1.25664     -1.88496    6.17844e-06
1.46608     -1.88496    1.89258e-05
1.67552     -1.88496    7.09007e-05
1.88496     -1.88496    6.84705e-05
2.0944     -1.88496    0.000118185
2.30383     -1.88496    0.000198939
2.51327     -1.88496    0.000262122
2.72271     -1.88496    0.000390148
2.93215     -1.88496    0.000484856
3.14159     -1.88496    0.00049332

-3.14159     -1.67552    0.000492815
-2.93215     -1.67552    0.000447348
-2.72271     -1.67552    0.000310789
-2.51327     -1.67552    0.000198803
-2.30383     -1.67552    0.000129254
-2.0944     -1.67552    7.24428e-05
-1.88496     -1.67552    3.46187e-05
-1.67552     -1.67552    8.70886e-06
-1.46608     -1.67552    2.22576e-05
-1.25664     -1.67552    8.03604e-05
-1.0472     -1.67552    0.00010217
-0.837758     -1.67552    0.000128478
-0.628319     -1.67552    0.000142583
-0.418879     -1.67552    0.000138514
-0.20944     -1.67552    9.48955e-05
0     -1.67552    9.09999e-05
0.20944     -1.67552    9.50826e-05
0.418879     -1.67552    0.000138558
0.628319     -1.67552    0.000142525
0.837758     -1.67552    0.000128468
1.0472     -1.67552    0.00010211
1.25664     -1.67552    8.02539e-05
1.46608     -1.67552    2.21381e-05
1.67552     -1.67552    8.8701e-06
1.88496     -1.67552    3.47651e-05
2.0944     -1.67552    7.26162e-05
2.30383     -1.67552    0.000129423
2.51327     -1.67552    0.00019893
2.72271     -1.67552    0.000310882
2.93215     -1.67552    0.000447385
3.14159     -1.67552    0.000492831

-3.14159     -1.46608    0.000478503
-2.93215     -1.46608    0.000369856
-2.72271     -1.46608    0.00023121
-2.51327     -1.46608    0.000154125
-2.30383     -1.46608    0.000102869
-2.0944     -1.46608    5.40938e-05
-1.88496     -1.46608    3.00859e-05
-1.67552     -1.46608    2.18671e-05
-1.46608     -1.46608    6.14524e-05
-1.25664     -1.46608    0.000108651
-1.0472     -1.46608    0.000144649
-0.837758     -1.46608    0.000151544
-0.628319     -1.46608    0.000173894
-0.418879     -1.46608    0.000176389
-0.20944     -1.46608    0.000134855
0     -1.46608    0.000109266
0.20944     -1.46608    0.000134565
0.418879     -1.46608    0.000176353
0.628319     -1.46608    0.000173967
0.837758     -1.46608    0.000151498
1.0472     -1.46608    0.000144611
1.25664     -1.46608    0.000108556
1.46608     -1.46608    6.13181e-05
1.67552     -1.46608    2.17288e-05
1.88496     -1.46608    3.02314e-05
2.0944     -1.46608    5.4247e-05
2.30383     -1.46608    0.000103022
2.51327     -1.46608    0.000154251
2.72271     -1.46608    0.000231314
2.93215     -1.46608    0.000369915
3.14159     -1.46608    0.000478519

-3.14159     -1.25664    0.000444118
-2.93215     -1.25664    0.000298555
-2.72271     -1.25664    0.000192632
-2.51327     -1.25664    0.000115689
-2.30383     -1.25664    7.31427e-05
-2.0944     -1.25664    4.8203e-05
-1.88496     -1.25664    2.3836e-05
-1.67552     -1.25664    2.54804e-05
-1.46608     -1.25664    6.84568e-05
-1.25664     -1.25664    0.000133301
-1.0472     -1.25664    0.000166239
-0.837758     -1.25664    0.000189047
-0.628319     -1.25664    0.00020965
-0.418879     -1.25664    0.000215401
-0.20944     -1.25664    0.000181526
0     -1.25664    0.000161856
0.20944     -1.25664    0.000182035
0.418879     -1.25664    0.000215496
0.628319     -1.25664    0.000209593
0.837758     -1.25664    0.000189018
1.0472     -1.25664    0.000166158
1.25664     -1.25664    0.000133192
1.46608     -1.25664    6.83631e-05
1.67552     -1.25664    2.53781e-05
1.88496     -1.25664    2.3924e-05
2.0944     -1.25664    4.82955e-05
2.30383     -1.25664    7.32344e-05
2.51327     -1.25664    0.000115792
2.72271     -1.25664    0.000192732
2.93215     -1.25664    0.000298619
3.14159     -1.25664    0.000444148

-3.14159     -1.0472    0.00039871
-2.93215     -1.0472    0.000269562
-2.72271     -1.0472    0.000163019
-2.51327     -1.0472    9.67622e-05
-2.30383     -1.0472    4.96778e-05
-2.0944     -1.0472    4.13367e-05
-1.88496     -1.0472    2.73144e-06
-1.67552     -1.0472    2.98423e-05
-1.46608     -1.0472    7.19767e-05
-1.25664     -1.0472    0.000123857
-1.0472     -1.0472    0.000180955
-0.837758     -1.0472    0.000211046
-0.628319     -1.0472    0.000255427
-0.418879     -1.0472    0.000257257
-0.20944     -1.0472    0.000247602
0     -1.0472    0.000124477
0.20944     -1.0472    0.000247319
0.418879     -1.0472    0.000256905
0.628319     -1.0472    0.000255469
0.837758     -1.0472    0.000211009
1.0472     -1.0472    0.000180874
1.25664     -1.0472    0.000123762
1.46608     -1.0472    7.18891e-05
1.67552     -1.0472    2.97998e-05
1.88496     -1.0472    2.77191e-06
2.0944     -1.0472    4.1367e-05
2.30383     -1.0472    4.97037e-05
2.51327     -1.0472    9.68063e-05
2.72271     -1.0472    0.000163093
2.93215     -1.0472    0.000269627
3.14159     -1.0472    0.000398736

-3.14159     -0.837758    0.000369331
-2.93215     -0.837758    0.000256511
-2.72271     -0.837758    0.000132856
-2.51327     -0.837758    4.54692e-05
-2.30383     -0.837758    3.03015e-05
-2.0944     -0.837758    5.91943e-06
-1.88496     -0.837758    2.73619e-05
-1.67552     -0.837758    4.63592e-05
-1.46608     -0.837758    9.60848e-05
-1.25664     -0.837758    0.000110606
-1.0472     -0.837758    0.000160508
-0.837758     -0.837758    0.00024078
-0.628319     -0.837758    0.000283348
-0.418879     -0.837758    0.000323533
-0.20944     -0.837758    0.000318152
0     -0.837758    0.000381305
0.20944     -0.837758    0.00031746
0.418879     -0.837758    0.000323898
0.628319     -0.837758    0.000283387
0.837758     -0.837758    0.000240745
1.0472     -0.837758    0.000160556
1.25664     -0.837758    0.00011059
1.46608     -0.837758    9.60743e-05
1.67552     -0.837758    4.63518e-05
1.88496     -0.837758    2.73611e-05
2.0944     -0.837758    5.94459e-06
2.30383     -0.837758    3.03195e-05
2.51327     -0.837758    4.54724e-05
2.72271     -0.837758    0.000132868
2.93215     -0.837758    0.000256546
3.14159     -0.837758    0.000369351

-3.14159     -0.628319    0.000371115
-2.93215     -0.628319    0.000242169
-2.72271     -0.628319    0.000133382
-2.51327     -0.628319    7.25786e-05
-2.30383     -0.628319    1.45613e-05
-2.0944     -0.628319    2.96591e-05
-1.88496     -0.628319    6.55114e-05
-1.67552     -0.628319    9.50657e-05
-1.46608     -0.628319    0.000111926
-1.25664     -0.628319    0.000131661
-1.0472     -0.628319    0.000132659
-0.837758     -0.628319    0.000216343
-0.628319     -0.628319    0.000310671
-0.418879     -0.628319    0.000352495
-0.20944     -0.628319    0.000401692
0     -0.628319    0.000323425
0.20944     -0.628319    0.000402627
0.418879     -0.628319    0.000352789
0.628319     -0.628319    0.000310304
0.837758     -0.628319    0.000216171
1.0472     -0.628319    0.000132749
1.25664     -0.628319    0.000131664
1.46608     -0.628319    0.000111997
1.67552     -0.628319    9.50951e-05
1.88496     -0.628319    6.55587e-05
2.0944     -0.628319    2.96777e-05
2.30383     -0.628319    1.45633e-05
2.51327     -0.628319    7.25975e-05
2.72271     -0.628319    0.000133377
2.93215     -0.628319    0.000242167
3.14159     -0.628319    0.000371127

-3.14159     -0.418879    0.000357673
-2.93215     -0.418879    0.000245059
-2.72271     -0.418879    0.000151251
-2.51327     -0.418879    8.11753e-05
-2.30383     -0.418879    3.46252e-06
-2.0944     -0.418879    5.43048e-05
-1.88496     -0.418879    0.000103278
-1.67552     -0.418879    0.000147526
-1.46608     -0.418879    0.000163733
-1.25664     -0.418879    0.000179107
-1.0472     -0.418879    0.000206899
-0.837758     -0.418879    0.000236575
-0.628319     -0.418879    0.000353366
-0.418879     -0.418879    0.000459497
-0.20944     -0.418879    0.000510634
0     -0.418879    0.000771115
0.20944     -0.418879    0.000511374
0.418879     -0.418879    0.000459287
0.628319     -0.418879    0.000353609
0.837758     -0.418879    0.000236365
1.0472     -0.418879    0.000206917
1.25664     -0.418879    0.000179168
1.46608     -0.418879    0.000163738
1.67552     -0.418879    0.000147581
1.88496     -0.418879    0.000103303
2.0944     -0.418879    5.43173e-05
2.30383     -0.418879    3.45888e-06
2.51327     -0.418879    8.11773e-05
2.72271     -0.418879    0.000151263
2.93215     -0.418879    0.000245056
3.14159     -0.418879    0.000357652

-3.14159     -0.20944    0.000412302
-2.93215     -0.20944    0.000322411
-2.72271     -0.20944    0.000230598
-2.51327     -0.20944    0.000104523
-2.30383     -0.20944    1.12964e-05
-2.0944     -0.20944    7.61842e-05
-1.88496     -0.20944    0.000123149
-1.67552     -0.20944    0.000159355
-1.46608     -0.20944    0.000198482
-1.25664     -0.20944    0.000229288
-1.0472     -0.20944    0.000279709
-0.837758     -0.20944    0.000324039
-0.628319     -0.20944    0.000397943
-0.418879     -0.20944    0.000569671
-0.20944     -0.20944    0.00074704
0     -0.20944    0.000735721
0.20944     -0.20944    0.000749696
0.418879     -0.20944    0.000571426
0.628319     -0.20944    0.000398265
0.837758     -0.20944    0.000324157
1.0472     -0.20944    0.000279627
1.25664     -0.20944    0.000229299
1.46608     -0.20944    0.000198533
1.67552     -0.20944    0.000159384
1.88496     -0.20944    0.000123182
2.0944     -0.20944    7.61824e-05
2.30383     -0.20944    1.13078e-05
2.51327     -0.20944    0.000104487
2.72271     -0.20944    0.000230597
2.93215     -0.20944    0.00032241
3.14159     -0.20944    0.000412274

-3.14159     0    0.000483114
-2.93215     0    0.000393305
-2.72271     0    0.000296807
-2.51327     0    0.000166901
-2.30383     0    2.82641e-05
-2.0944     0    6.00281e-05
-1.88496     0    0.000128018
-1.67552     0    0.000154057
-1.46608     0    0.000189555
-1.25664     0    0.000247355
-1.0472     0    0.000279624
-0.837758     0    0.000341322
-0.628319     0    0.000419217
-0.418879     0    0.000561103
-0.20944     0    0.000921602
0     0    2.27477e-17
0.20944     0    0.000921602
0.418879     0    0.000561103
0.628319     0    0.000419217
0.837758     0    0.000341322
1.0472     0    0.000279624
1.25664     0    0.000247355
1.46608     0    0.000189555
1.67552     0    0.000154057
1.88496     0    0.000128018
2.0944     0    6.00281e-05
2.30383     0    2.82641e-05
2.51327     0    0.000166901
2.72271     0    0.000296807
2.93215     0    0.000393305
3.14159     0    0.000483114

-3.14159     0.20944    0.000412274
-2.93215     0.20944    0.00032241
-2.72271     0.20944    0.000230597
-2.51327     0.20944    0.000104487
-2.30383     0.20944    1.13078e-05
-2.0944     0.20944    7.61824e-05
-1.88496     0.20944    0.000123182
-1.67552     0.20944    0.000159384
-1.46608     0.20944    0.000198533
-1.25664     0.20944    0.000229299
-1.0472     0.20944    0.000279627
-0.837758     0.20944    0.000324157
-0.628319     0.20944    0.000398265
-0.418879     0.20944    0.000571426
-0.20944     0.20944    0.000749696
0     0.20944    0.000735721
0.20944     0.20944    0.00074704
0.418879     0.20944    0.000569671
0.628319     0.20944    0.000397943
0.837758     0.20944    0.000324039
1.0472     0.20944    0.000279709
1.25664     0.20944    0.000229288
1.46608     0.20944    0.000198482
1.67552     0.20944    0.000159355
1.88496     0.20944    0.000123149
2.0944     0.20944    7.61842e-05
2.30383     0.20944    1.12964e-05
2.51327     0.20944    0.000104523
2.72271     0.20944    0.000230598
2.93215     0.20944    0.000322411
3.14159     0.20944    0.000412302

-3.14159     0.418879    0.000357652
-2.93215     0.418879    0.000245056
-2.72271     0.418879    0.000151263
-2.51327     0.418879    8.11773e-05
-2.30383     0.418879    3.45888e-06
-2.0944     0.418879    5.43173e-05
-1.88496     0.418879    0.000103303
-1.67552     0.418879    0.000147581
-1.46608     0.418879    0.000163738
-1.25664     0.418879    0.000179168
-1.0472     0.418879    0.000206917
-0.837758     0.418879    0.000236365
-0.628319     0.418879    0.000353609
-0.418879     0.418879    0.000459287
-0.20944     0.418879    0.000511374
0     0.418879    0.000771115
0.20944     0.418879    0.000510634
0.418879     0.418879    0.000459497
0.628319     0.418879    0.000353366
0.837758     0.418879    0.000236575
1.0472     0.418879    0.000206899
1.25664     0.418879    0.000179107
1.46608     0.418879    0.000163733
1.67552     0.418879    0.000147526
1.88496     0.418879    0.000103278
2.0944     0.418879    5.43048e-05
2.30383     0.418879    3.46252e-06
2.51327     0.418879    8.11753e-05
2.72271     0.418879    0.000151251
2.93215     0.418879    0.000245059
3.14159     0.418879    0.000357673

-3.14159     0.628319    0.000371127
-2.93215     0.628319    0.000242167
-2.72271     0.628319    0.000133377
-2.51327     0.628319    7.25975e-05
-2.30383     0.628319    1.45633e-05
-2.0944     0.628319    2.96777e-05
-1.88496     0.628319    6.55587e-05
-1.67552     0.628319    9.50951e-05
-1.46608     0.628319    0.000111997
-1.25664     0.628319    0.000131664
-1.0472     0.628319    0.000132749
-0.837758     0.628319    0.000216171
-0.628319     0.628319    0.000310304
-0.418879     0.628319    0.000352789
-0.20944     0.628319    0.000402627
0     0.628319    0.000323425
0.20944     0.628319    0.000401692
0.418879     0.628319    0.000352495
0.628319     0.628319    0.000310671
0.837758     0.628319    0.000216343
1.0472     0.628319    0.000132659
1.25664     0.628319    0.000131661
1.46608     0.628319    0.000111926
1.67552     0.628319    9.50657e-05
1.88496     0.628319    6.55114e-05
2.0944     0.628319    2.96591e-05
2.30383     0.628319    1.45613e-05
2.51327     0.628319    7.25786e-05
2.72271     0.628319    0.000133382
2.93215     0.628319    0.000242169
3.14159     0.628319    0.000371115

-3.14159     0.837758    0.000369351
-2.93215     0.837758    0.000256546
-2.72271     0.837758    0.000132868
-2.51327     0.837758    4.54724e-05
-2.30383     0.837758    3.03195e-05
-2.0944     0.837758    5.94459e-06
-1.88496     0.837758    2.73611e-05
-1.67552     0.837758    4.63518e-05
-1.46608     0.837758    9.60743e-05
-1.25664     0.837758    0.00011059
-1.0472     0.837758    0.000160556
-0.837758     0.837758    0.000240745
-0.628319     0.837758    0.000283387
-0.418879     0.837758    0.000323898
-0.20944     0.837758    0.00031746
0     0.837758    0.000381305
0.20944     0.837758    0.000318152
0.418879     0.837758    0.000323533
0.628319     0.837758    0.000283348
0.837758     0.837758    0.00024078
1.0472     0.837758    0.000160508
1.25664     0.837758    0.000110606
1.46608     0.837758    9.60848e-05
1.67552     0.837758    4.63592e-05
1.88496     0.837758    2.73619e-05
2.0944     0.837758    5.91943e-06
2.30383     0.837758    3.03015e-05
2.51327     0.837758    4.54692e-05
2.72271     0.837758    0.000132856
2.93215     0.837758    0.000256511
3.14159     0.837758    0.000369331

-3.14159     1.0472    0.000398736
-2.93215     1.0472    0.000269627
-2.72271     1.0472    0.000163093
-2.51327     1.0472    9.68063e-05
-2.30383     1.0472    4.97037e-05
-2.0944     1.0472    4.1367e-05
-1.88496     1.0472    2.77191e-06
-1.67552     1.0472    2.97998e-05
-1.46608     1.0472    7.18891e-05
-1.25664     1.0472    0.000123762
-1.0472     1.0472    0.000180874
-0.837758     1.0472    0.000211009
-0.628319     1.0472    0.000255469
-0.418879     1.0472    0.000256905
-0.20944     1.0472    0.000247319
0     1.0472    0.000124477
0.20944     1.0472    0.000247602
0.418879     1.0472    0.000257257
0.628319     1.0472    0.000255427
0.837758     1.0472    0.000211046
1.0472     1.0472    0.000180955
1.25664     1.0472    0.000123857
1.46608     1.0472    7.19767e-05
1.67552     1.0472    2.98423e-05
1.88496     1.0472    2.73144e-06
2.0944     1.0472    4.13367e-05
2.30383     1.0472    4.96778e-05
2.51327     1.0472    9.67622e-05
2.72271     1.0472    0.000163019
2.93215     1.0472    0.000269562
3.14159     1.0472    0.00039871

-3.14159     1.25664    0.000444148
-2.93215     1.25664    0.000298619
-2.72271     1.25664    0.000192732
-2.51327     1.25664    0.000115792
-2.30383     1.25664    7.32344e-05
-2.0944     1.25664    4.82955e-05
-1.88496     1.25664    2.3924e-05
-1.67552     1.25664    2.53781e-05
-1.46608     1.25664    6.83631e-05
-1.25664     1.25664    0.000133192
-1.0472     1.25664    0.000166158
-0.837758     1.25664    0.000189018
-0.628319     1.25664    0.000209593
-0.418879     1.25664    0.000215496
-0.20944     1.25664    0.000182035
0     1.25664    0.000161856
0.20944     1.25664    0.000181526
0.418879     1.25664    0.000215401
0.628319     1.25664    0.00020965
0.837758     1.25664    0.000189047
1.0472     1.25664    0.000166239
1.25664     1.25664    0.000133301
1.46608     1.25664    6.84568e-05
1.67552     1.25664    2.54804e-05
1.88496     1.25664    2.3836e-05
2.0944     1.25664    4.8203e-05
2.30383     1.25664    7.31427e-05
2.51327     1.25664    0.000115689
2.72271     1.25664    0.000192632
2.93215     1.25664    0.000298555
3.14159     1.25664    0.000444118

-3.14159     1.46608    0.000478519
-2.93215     1.46608    0.000369915
-2.72271     1.46608    0.000231314
-2.51327     1.46608    0.000154251
-2.30383     1.46608    0.000103022
-2.0944     1.46608    5.4247e-05
-1.88496     1.46608    3.02314e-05
-1.67552     1.46608    2.17288e-05
-1.46608     1.46608    6.13181e-05
-1.25664     1.46608    0.000108556
-1.0472     1.46608    0.000144611
-0.837758     1.46608    0.000151498
-0.628319     1.46608    0.000173967
-0.418879     1.46608    0.000176353
-0.20944     1.46608    0.000134565
0     1.46608    0.000109266
0.20944     1.46608    0.000134855
0.418879     1.46608    0.000176389
0.628319     1.46608    0.000173894
0.837758     1.46608    0.000151544
1.0472     1.46608    0.000144649
1.25664     1.46608    0.000108651
1.46608     1.46608    6.14524e-05
1.67552     1.46608    2.18671e-05
1.88496     1.46608    3.00859e-05
2.0944     1.46608    5.40938e-05
2.30383     1.46608    0.000102869
2.51327     1.46608    0.000154125
2.72271     1.46608    0.00023121
2.93215     1.46608    0.000369856
3.14159     1.46608    0.000478503

-3.14159     1.67552    0.000492831
-2.93215     1.67552    0.000447385
-2.72271     1.67552    0.000310882
-2.51327     1.67552    0.00019893
-2.30383     1.67552    0.000129423
-2.0944     1.67552    7.26162e-05
-1.88496     1.67552    3.47651e-05
-1.67552     1.67552    8.8701e-06
-1.46608     1.67552    2.21381e-05
-1.25664     1.67552    8.02539e-05
-1.0472     1.67552    0.00010211
-0.837758     1.67552    0.000128468
-0.628319     1.67552    0.000142525
-0.418879     1.67552    0.000138558
-0.20944     1.67552    9.50826e-05
0     1.67552    9.09999e-05
0.20944     1.67552    9.48955e-05
0.418879     1.67552    0.000138514
0.628319     1.67552    0.000142583
0.837758     1.67552    0.000128478
1.0472     1.67552    0.00010217
1.25664     1.67552    8.03604e-05
1.46608     1.67552    2.22576e-05
1.67552     1.67552    8.70886e-06
1.88496     1.67552    3.46187e-05
2.0944     1.67552    7.24428e-05
2.30383     1.67552    0.000129254
2.51327     1.67552    0.000198803
2.72271     1.67552    0.000310789
2.93215     1.67552    0.000447348
3.14159     1.67552    0.000492815

-3.14159     1.88496    0.00049332
-2.93215     1.88496    0.000484856
-2.72271     1.88496    0.000390148
-2.51327     1.88496    0.000262122
-2.30383     1.88496    0.000198939
-2.0944     1.88496    0.000118185
-1.88496     1.88496    6.84705e-05
-1.67552     1.88496    7.09007e-05
-1.46608     1.88496    1.89258e-05
-1.25664     1.88496    6.17844e-06
-1.0472     1.88496    3.56666e-05
-0.837758     1.88496    8.99094e-05
-0.628319     1.88496    9.11419e-05
-0.418879     1.88496    8.30422e-05
-0.20944     1.88496    5.67096e-05
0     1.88496    6.75237e-05
0.20944     1.88496    5.68398e-05
0.418879     1.88496    8.29663e-05
0.628319     1.88496    9.1082e-05
0.837758     1.88496    8.98926e-05
1.0472     1.88496    3.57006e-05
1.25664     1.88496    6.2676e-06
1.46608     1.88496    1.87797e-05
1.67552     1.88496    7.07457e-05
1.88496     1.88496    6.83033e-05
2.0944     1.88496    0.000118006
2.30383     1.88496    0.000198781
2.51327     1.88496    0.000262008
2.72271     1.88496    0.000390078
2.93215     1.88496    0.000484833
3.14159     1.88496    0.000493302

-3.14159     2.0944    0.00048583
-2.93215     2.0944    0.000504955
-2.72271     2.0944    0.000473079
-2.51327     2.0944    0.000373744
-2.30383     2.0944    0.000278362
-2.0944     2.0944    0.000201751
-1.88496     2.0944    0.000152078
-1.67552     2.0944    0.000134387
-1.46608     2.0944    0.000119027
-1.25664     2.0944    0.000118582
-1.0472     2.0944    3.30482e-05
-0.837758     2.0944    2.86599e-05
-0.628319     2.0944    3.2093e-05
-0.418879     2.0944    3.90069e-05
-0.20944     2.0944    1.72105e-05
0     2.0944    3.65876e-05
0.20944     2.0944    1.71033e-05
0.418879     2.0944    3.90182e-05
0.628319     2.0944    3.21084e-05
0.837758     2.0944    2.86513e-05
1.0472     2.0944    3.30546e-05
1.25664     2.0944    0.000118498
1.46608     2.0944    0.000118895
1.67552     2.0944    0.000134258
1.88496     2.0944    0.000151913
2.0944     2.0944    0.000201602
2.30383     2.0944    0.000278238
2.51327     2.0944    0.000373642
2.72271     2.0944    0.000473035
2.93215     2.0944    0.000504933
3.14159     2.0944    0.000485816

-3.14159     2.30383    0.000456519
-2.93215     2.30383    0.000534388
-2.72271     2.30383    0.000538299
-2.51327     2.30383    0.000462425
-2.30383     2.30383    0.000373362
-2.0944     2.30383    0.000322565
-1.88496     2.30383    0.000241432
-1.67552     2.30383    0.000231236
-1.46608     2.30383    0.000275821
-1.25664     2.30383    0.000230913
-1.0472     2.30383    9.57008e-05
-0.837758     2.30383    5.31036e-05
-0.628319     2.30383    1.43188e-05
-0.418879     2.30383    9.89023e-06
-0.20944     2.30383    2.86019e-05
0     2.30383    3.86556e-05
0.20944     2.30383    2.8611e-05
0.418879     2.30383    9.88115e-06
0.628319     2.30383    1.43296e-05
0.837758     2.30383    5.30853e-05
1.0472     2.30383    9.56953e-05
1.25664     2.30383    0.000230872
1.46608     2.30383    0.000275745
1.67552     2.30383    0.000231135
1.88496     2.30383    0.000241295
2.0944     2.30383    0.000322426
2.30383     2.30383    0.000373243
2.51327     2.30383    0.000462352
2.72271     2.30383    0.000538268
2.93215     2.30383    0.000534378
3.14159     2.30383    0.000456492

-3.14159     2.51327    0.000413969
-2.93215     2.51327    0.000532055
-2.72271     2.51327    0.000583141
-2.51327     2.51327    0.000573647
-2.30383     2.51327    0.000483771
-2.0944     2.51327    0.000399547
-1.88496     2.51327    0.00034395
-1.67552     2.51327    0.000369338
-1.46608     2.51327    0.000385095
-1.25664     2.51327    0.000290714
-1.0472     2.51327    0.000158441
-0.837758     2.51327    0.000102313
-0.628319     2.51327    4.63554e-05
-0.418879     2.51327    4.58116e-05
-0.20944     2.51327    5.01235e-05
0     2.51327    8.31137e-05
0.20944     2.51327    5.0114e-05
0.418879     2.51327    4.58214e-05
0.628319     2.51327    4.63696e-05
0.837758     2.51327    0.000102292
1.0472     2.51327    0.000158398
1.25664     2.51327    0.000290647
1.46608     2.51327    0.00038502
1.67552     2.51327    0.000369243
1.88496     2.51327    0.00034384
2.0944     2.51327    0.000399446
2.30383     2.51327    0.00048368
2.51327     2.51327    0.000573601
2.72271     2.51327    0.000583133
2.93215     2.51327    0.000532045
3.14159     2.51327    0.000413939

-3.14159     2.72271    0.00037387
-2.93215     2.72271    0.0005229
-2.72271     2.72271    0.00060219
-2.51327     2.72271    0.000584802
-2.30383     2.72271    0.000535717
-2.0944     2.72271    0.000513274
-1.88496     2.72271    0.000504764
-1.67552     2.72271    0.000485714
-1.46608     2.72271    0.00043879
-1.25664     2.72271    0.000313584
-1.0472     2.72271    0.000216732
-0.837758     2.72271    0.000158614
-0.628319     2.72271    0.00010718
-0.418879     2.72271    9.6153e-05
-0.20944     2.72271    9.57771e-05
0     2.72271    9.45573e-05
0.20944     2.72271    9.58383e-05
0.418879     2.72271    9.6165e-05
0.628319     2.72271    0.000107182
0.837758     2.72271    0.00015861
1.0472     2.72271    0.000216709
1.25664     2.72271    0.000313544
1.46608     2.72271    0.000438728
1.67552     2.72271    0.000485619
1.88496     2.72271    0.000504685
2.0944     2.72271    0.000513205
2.30383     2.72271    0.000535677
2.51327     2.72271    0.000584768
2.72271     2.72271    0.000602203
2.93215     2.72271    0.000522898
3.14159     2.72271    0.00037385

-3.14159     2.93215    0.000371209
-2.93215     2.93215    0.000484672
-2.72271     2.93215    0.000559543
-2.51327     2.93215    0.000608759
-2.30383     2.93215    0.000653634
-2.0944     2.93215    0.000664136
-1.88496     2.93215    0.000627544
-1.67552     2.93215    0.000581093
-1.46608     2.93215    0.000508537
-1.25664     2.93215    0.000373316
-1.0472     2.93215    0.000316525
-0.837758     2.93215    0.000263553
-0.628319     2.93215    0.00021339
-0.418879     2.93215    0.000182911
-0.20944     2.93215    0.000163871
0     2.93215    0.000163529
0.20944     2.93215    0.000163812
0.418879     2.93215    0.000182912
0.628319     2.93215    0.000213408
0.837758     2.93215    0.000263562
1.0472     2.93215    0.000316504
1.25664     2.93215    0.000373301
1.46608     2.93215    0.0005085
1.67552     2.93215    0.000581037
1.88496     2.93215    0.000627482
2.0944     2.93215    0.000664081
2.30383     2.93215    0.000653611
2.51327     2.93215    0.000608761
2.72271     2.93215    0.000559539
2.93215     2.93215    0.000484686
3.14159     2.93215    0.000371191

-3.14159     3.14159    0.000360811
-2.93215     3.14159    0.000467558
-2.72271     3.14159    0.000593615
-2.51327     3.14159    0.000713912
-2.30383     3.14159    0.000755492
-2.0944     3.14159    0.000711545
-1.88496     3.14159    0.000682677
-1.67552     3.14159    0.000654282
-1.46608     3.14159    0.000599822
-1.25664     3.14159    0.00046704
-1.0472     3.14159    0.000434892
-0.837758     3.14159    0.00036831
-0.628319     3.14159    0.000333334
-0.418879     3.14159    0.000287005
-0.20944     3.14159    0.000272159
0     3.14159    0.000267314
0.20944     3.14159    0.000272209
0.418879     3.14159    0.000287019
0.628319     3.14159    0.000333341
0.837758     3.14159    0.000368319
1.0472     3.14159    0.0004349
1.25664     3.14159    0.000467017
1.46608     3.14159    0.0005998
1.67552     3.14159    0.000654251
1.88496     3.14159    0.000682639
2.0944     3.14159    0.000711524
2.30383     3.14159    0.00075549
2.51327     3.14159    0.000713943
2.72271     3.14159    0.000593638
2.93215     3.14159    0.000467564
3.14159     3.14159    0.000360821

