-3.14159     -3.14159    3.32477e-06
-2.93215     -3.14159    5.13222e-06
-2.72271     -3.14159    6.78655e-06
-2.51327     -3.14159    7.83234e-06
-2.30383     -3.14159    8.21818e-06
-2.0944     -3.14159    8.25679e-06
-1.88496     -3.14159    8.22477e-06
-1.67552     -3.14159    8.00565e-06
-1.46608     -3.14159    7.08187e-06
-1.25664     -3.14159    5.14118e-06
-1.0472     -3.14159    2.85774e-06
-0.837758     -3.14159    9.30629e-07
-0.628319     -3.14159    4.20687e-07
-0.418879     -3.14159    1.22864e-06
-0.20944     -3.14159    1.63356e-06
0     -3.14159    1.74498e-06
0.20944     -3.14159    1.64085e-06
0.418879     -3.14159    1.22866e-06
0.628319     -3.14159    4.20686e-07
0.837758     -3.14159    9.30816e-07
1.0472     -3.14159    2.85756e-06
1.25664     -3.14159    5.14109e-06
1.46608     -3.14159    7.08184e-06
1.67552     -3.14159    8.00547e-06
1.88496     -3.14159    8.22517e-06
2.0944     -3.14159    8.25723e-06
2.30383     -3.14159    8.21714e-06
2.51327     -3.14159    7.83187e-06
2.72271     -3.14159    6.78645e-06
2.93215     -3.14159    5.13225e-06
3.14159     -3.14159    3.32476e-06

-3.14159     -2.93215    1.7456e-06
-2.93215     -2.93215    3.64272e-06
-2.72271     -2.93215    5.43987e-06
-2.51327     -2.93215    6.65796e-06
-2.30383     -2.93215    7.31038e-06
-2.0944     -2.93215    7.61183e-06
-1.88496     -2.93215    7.66618e-06
-1.67552     -2.93215    7.40022e-06
-1.46608     -2.93215    6.44293e-06
-1.25664     -2.93215    4.46091e-06
-1.0472     -2.93215    2.08196e-06
-0.837758     -2.93215    1.7903e-07
-0.628319     -2.93215    1.02165e-06
-0.418879     -2.93215    1.65643e-06
-0.20944     -2.93215    1.93669e-06
0     -2.93215    1.99393e-06
0.20944     -2.93215    1.92687e-06
0.418879     -2.93215    1.65652e-06
0.628319     -2.93215    1.02164e-06
0.837758     -2.93215    1.79042e-07
1.0472     -2.93215    2.08214e-06
1.25664     -2.93215    4.46095e-06
1.46608     -2.93215    6.443e-06
1.67552     -2.93215    7.40008e-06
1.88496     -2.93215    7.66635e-06
2.0944     -2.93215    7.61191e-06
2.30383     -2.93215    7.31e-06
2.51327     -2.93215    6.65803e-06
2.72271     -2.93215    5.4398e-06
2.93215     -2.93215    3.64263e-06
3.14159     -2.93215    1.7455e-06

-3.14159     -2.72271    7.02983e-07
-2.93215     -2.72271    2.51004e-06
-2.72271     -2.72271    4.09953e-06
-2.51327     -2.72271    5.00919e-06
-2.30383     -2.72271    5.45296e-06
-2.0944     -2.72271    5.8355e-06
-1.88496     -2.72271    6.23733e-06
-1.67552     -2.72271    6.3688e-06
-1.46608     -2.72271    5.74819e-06
-1.25664     -2.72271    4.00164e-06
-1.0472     -2.72271    1.67531e-06
-0.837758     -2.72271    1.54855e-07
-0.628319     -2.72271    1.20832e-06
-0.418879     -2.72271    1.68995e-06
-0.20944     -2.72271    1.87447e-06
0     -2.72271    1.98472e-06
0.20944     -2.72271    1.88417e-06
0.418879     -2.72271    1.69002e-06
0.628319     -2.72271    1.20834e-06
0.837758     -2.72271    1.54767e-07
1.0472     -2.72271    1.67529e-06
1.25664     -2.72271    4.00159e-06
1.46608     -2.72271    5.74825e-06
1.67552     -2.72271    6.36885e-06
1.88496     -2.72271    6.23743e-06
2.0944     -2.72271    5.83529e-06
2.30383     -2.72271    5.45287e-06
2.51327     -2.72271    5.00906e-06
2.72271     -2.72271    4.09959e-06
2.93215     -2.72271    2.51001e-06
3.14159     -2.72271    7.02907e-07

-3.14159     -2.51327    1.3056e-07
-2.93215     -2.51327    1.69001e-06
-2.72271     -2.51327    2.77649e-06
-2.51327     -2.51327    3.12525e-06
-2.30383     -2.51327    3.16832e-06
-2.0944     -2.51327    3.44433e-06
-1.88496     -2.51327    4.09556e-06
-1.67552     -2.51327    4.77769e-06
-1.46608     -2.51327    4.77911e-06
-1.25664     -2.51327    3.55698e-06
-1.0472     -2.51327    1.47472e-06
-0.837758     -2.51327    2.61968e-07
-0.628319     -2.51327    1.2051e-06
-0.418879     -2.51327    1.5904e-06
-0.20944     -2.51327    1.71402e-06
0     -2.51327    1.64841e-06
0.20944     -2.51327    1.70811e-06
0.418879     -2.51327    1.59037e-06
0.628319     -2.51327    1.20512e-06
0.837758     -2.51327    2.62108e-07
1.0472     -2.51327    1.47479e-06
1.25664     -2.51327    3.55701e-06
1.46608     -2.51327    4.77916e-06
1.67552     -2.51327    4.77758e-06
1.88496     -2.51327    4.09555e-06
2.0944     -2.51327    3.44424e-06
2.30383     -2.51327    3.16825e-06
2.51327     -2.51327    3.12529e-06
2.72271     -2.51327    2.77649e-06
2.93215     -2.51327    1.6899e-06
3.14159     -2.51327    1.3047e-07

-3.14159     -2.30383    6.0599e-08
-2.93215     -2.30383    1.06511e-06
-2.72271     -2.30383    1.43335e-06
-2.51327     -2.30383    1.20243e-06
-2.30383     -2.30383    1.00051e-06
-2.0944     -2.30383    1.1921e-06
-1.88496     -2.30383    1.82281e-06
-1.67552     -2.30383    2.72929e-06
-1.46608     -2.30383    3.33527e-06
-1.25664     -2.30383    2.85568e-06
-1.0472     -2.30383    1.28088e-06
-0.837758     -2.30383    2.98525e-07
-0.628319     -2.30383    1.17423e-06
-0.418879     -2.30383    1.51665e-06
-0.20944     -2.30383    1.60088e-06
0     -2.30383    1.75695e-06
0.20944     -2.30383    1.59912e-06
0.418879     -2.30383    1.51674e-06
0.628319     -2.30383    1.17419e-06
0.837758     -2.30383    2.9851e-07
1.0472     -2.30383    1.28081e-06
1.25664     -2.30383    2.85565e-06
1.46608     -2.30383    3.33528e-06
1.67552     -2.30383    2.7295e-06
1.88496     -2.30383    1.82289e-06
2.0944     -2.30383    1.19208e-06
2.30383     -2.30383    1.0005e-06
2.51327     -2.30383    1.20249e-06
2.72271     -2.30383    1.43332e-06
2.93215     -2.30383    1.0651e-06
3.14159     -2.30383    6.0672e-08

-3.14159     -2.0944    1.4868e-08
-2.93215     -2.0944    4.72224e-07
-2.72271     -2.0944    1.54843e-07
-2.51327     -2.0944    3.82454e-07
-2.30383     -2.0944    6.07098e-07
-2.0944     -2.0944    4.41247e-07
-1.88496     -2.0944    4.62051e-08
-1.67552     -2.0944    7.90126e-07
-1.46608     -2.0944    1.58813e-06
-1.25664     -2.0944    1.77279e-06
-1.0472     -2.0944    9.01012e-07
-0.837758     -2.0944    3.71673e-07
-0.628319     -2.0944    1.19294e-06
-0.418879     -2.0944    1.51516e-06
-0.20944     -2.0944    1.59149e-06
0     -2.0944    1.47433e-06
0.20944     -2.0944    1.60402e-06
0.418879     -2.0944    1.51518e-06
0.628319     -2.0944    1.19303e-06
0.837758     -2.0944    3.7165e-07
1.0472     -2.0944    9.00897e-07
1.25664     -2.0944    1.7727e-06
1.46608     -2.0944    1.58822e-06
1.67552     -2.0944    7.90143e-07
1.88496     -2.0944    4.62285e-08
2.0944     -2.0944    4.41281e-07
2.30383     -2.0944    6.07158e-07
2.51327     -2.0944    3.82643e-07
2.72271     -2.0944    1.54893e-07
2.93215     -2.0944    4.72347e-07
3.14159     -2.0944    1.4749e-08

-3.14159     -1.88496    6.94824e-08
-2.93215     -1.88496    1.4401e-07
-2.72271     -1.88496    8.87426e-07
-2.51327     -1.88496    1.41209e-06
-2.30383     -1.88496    1.50975e-06
-2.0944     -1.88496    1.33661e-06
-1.88496     -1.88496    1.00119e-06
-1.67552     -1.88496    5.29515e-07
-1.46608     -1.88496    6.22751e-08
-1.25664     -1.88496    5.01189e-07
-1.0472     -1.88496    2.54943e-07
-0.837758     -1.88496    5.80013e-07
-0.628319     -1.88496    1.29534e-06
-0.418879     -1.88496    1.62014e-06
-0.20944     -1.88496    1.70669e-06
0     -1.88496    1.82776e-06
0.20944     -1.88496    1.68091e-06
0.418879     -1.88496    1.62027e-06
0.628319     -1.88496    1.29546e-06
0.837758     -1.88496    5.8009e-07
1.0472     -1.88496    2.55253e-07
1.25664     -1.88496    5.01208e-07
1.46608     -1.88496    6.24645e-08
1.67552     -1.88496    5.29428e-07
1.88496     -1.88496    1.00122e-06
2.0944     -1.88496    1.33647e-06
2.30383     -1.88496    1.50969e-06
2.51327     -1.88496    1.41206e-06
2.72271     -1.88496    8.87434e-07
2.93215     -1.88496    1.44264e-07
3.14159     -1.88496    6.95477e-08

-3.14159     -1.67552    4.95482e-08
-2.93215     -1.67552    7.36443e-07
-2.72271     -1.67552    1.55194e-06
-2.51327     -1.67552    1.8944e-06
-2.30383     -1.67552    1.86195e-06
-2.0944     -1.67552    1.67867e-06
-1.88496     -1.67552    1.45874e-06
-1.67552     -1.67552    1.21172e-06
-1.46608     -1.67552    9.09289e-07
-1.25664     -1.67552    5.92242e-07
-1.0472     -1.67552    5.34704e-07
-0.837758     -1.67552    9.51019e-07
-0.628319     -1.67552    1.49794e-06
-0.418879     -1.67552    1.81233e-06
-0.20944     -1.67552    1.89193e-06
0     -1.67552    1.87483e-06
0.20944     -1.67552    1.93037e-06
0.418879     -1.67552    1.8121e-06
0.628319     -1.67552    1.498e-06
0.837758     -1.67552    9.50926e-07
1.0472     -1.67552    5.35042e-07
1.25664     -1.67552    5.9214e-07
1.46608     -1.67552    9.09582e-07
1.67552     -1.67552    1.21176e-06
1.88496     -1.67552    1.45869e-06
2.0944     -1.67552    1.6787e-06
2.30383     -1.67552    1.86195e-06
2.51327     -1.67552    1.89442e-06
2.72271     -1.67552    1.55179e-06
2.93215     -1.67552    7.36664e-07
3.14159     -1.67552    4.96478e-08

-3.14159     -1.46608    4.32651e-08
-2.93215     -1.46608    1.14012e-06
-2.72271     -1.46608    1.84638e-06
-2.51327     -1.46608    2.01645e-06
-2.30383     -1.46608    1.91079e-06
-2.0944     -1.46608    1.73394e-06
-1.88496     -1.46608    1.5896e-06
-1.67552     -1.46608    1.49397e-06
-1.46608     -1.46608    1.41415e-06
-1.25664     -1.46608    1.31498e-06
-1.0472     -1.46608    1.26359e-06
-0.837758     -1.46608    1.43261e-06
-0.628319     -1.46608    1.78595e-06
-0.418879     -1.46608    2.06981e-06
-0.20944     -1.46608    2.19852e-06
0     -1.46608    2.1479e-06
0.20944     -1.46608    2.15252e-06
0.418879     -1.46608    2.06965e-06
0.628319     -1.46608    1.78651e-06
0.837758     -1.46608    1.4323e-06
1.0472     -1.46608    1.263e-06
1.25664     -1.46608    1.31506e-06
1.46608     -1.46608    1.41386e-06
1.67552     -1.46608    1.49416e-06
1.88496     -1.46608    1.58948e-06
2.0944     -1.46608    1.7341e-06
2.30383     -1.46608    1.91071e-06
2.51327     -1.46608    2.01648e-06
2.72271     -1.46608    1.84624e-06
2.93215     -1.46608    1.14032e-06
3.14159     -1.46608    4.31932e-08

-3.14159     -1.25664    3.40152e-08
-2.93215     -1.25664    1.24107e-06
-2.72271     -1.25664    1.84109e-06
-2.51327     -1.25664    1.94523e-06
-2.30383     -1.25664    1.82764e-06
-2.0944     -1.25664    1.68626e-06
-1.88496     -1.25664    1.59617e-06
-1.67552     -1.25664    1.59274e-06
-1.46608     -1.25664    1.64782e-06
-1.25664     -1.25664    1.72878e-06
-1.0472     -1.25664    1.79252e-06
-0.837758     -1.25664    1.91207e-06
-0.628319     -1.25664    2.13158e-06
-0.418879     -1.25664    2.35998e-06
-0.20944     -1.25664    2.47299e-06
0     -1.25664    2.69539e-06
0.20944     -1.25664    2.51767e-06
0.418879     -1.25664    2.36014e-06
0.628319     -1.25664    2.13169e-06
0.837758     -1.25664    1.91202e-06
1.0472     -1.25664    1.79285e-06
1.25664     -1.25664    1.72884e-06
1.46608     -1.25664    1.64799e-06
1.67552     -1.25664    1.5925e-06
1.88496     -1.25664    1.59608e-06
2.0944     -1.25664    1.68643e-06
2.30383     -1.25664    1.82769e-06
2.51327     -1.25664    1.94523e-06
2.72271     -1.25664    1.84125e-06
2.93215     -1.25664    1.24123e-06
3.14159     -1.25664    3.41248e-08

-3.14159     -1.0472    2.68355e-07
-2.93215     -1.0472    1.01326e-06
-2.72271     -1.0472    1.61893e-06
-2.51327     -1.0472    1.75965e-06
-2.30383     -1.0472    1.70768e-06
-2.0944     -1.0472    1.61882e-06
-1.88496     -1.0472    1.59437e-06
-1.67552     -1.0472    1.64818e-06
-1.46608     -1.0472    1.78394e-06
-1.25664     -1.0472    1.9675e-06
-1.0472     -1.0472    2.15055e-06
-0.837758     -1.0472    2.29719e-06
-0.628319     -1.0472    2.46641e-06
-0.418879     -1.0472    2.63933e-06
-0.20944     -1.0472    2.79051e-06
0     -1.0472    2.4432e-06
0.20944     -1.0472    2.75455e-06
0.418879     -1.0472    2.63769e-06
0.628319     -1.0472    2.46857e-06
0.837758     -1.0472    2.29699e-06
1.0472     -1.0472    2.15113e-06
1.25664     -1.0472    1.96813e-06
1.46608     -1.0472    1.78419e-06
1.67552     -1.0472    1.64852e-06
1.88496     -1.0472    1.59446e-06
2.0944     -1.0472    1.61913e-06
2.30383     -1.0472    1.70795e-06
2.51327     -1.0472    1.75971e-06
2.72271     -1.0472    1.61901e-06
2.93215     -1.0472    1.01325e-06
3.14159     -1.0472    2.68288e-07

-3.14159     -0.837758    9.80576e-07
-2.93215     -0.837758    3.96739e-07
-2.72271     -0.837758    1.15853e-06
-2.51327     -0.837758    1.46128e-06
-2.30383     -0.837758    1.54036e-06
-2.0944     -0.837758    1.56181e-06
-1.88496     -0.837758    1.60537e-06
-1.67552     -0.837758    1.7183e-06
-1.46608     -0.837758    1.91046e-06
-1.25664     -0.837758    2.13656e-06
-1.0472     -0.837758    2.38959e-06
-0.837758     -0.837758    2.60176e-06
-0.628319     -0.837758    2.75609e-06
-0.418879     -0.837758    2.92112e-06
-0.20944     -0.837758    3.03967e-06
0     -0.837758    3.62869e-06
0.20944     -0.837758    3.05102e-06
0.418879     -0.837758    2.91953e-06
0.628319     -0.837758    2.75895e-06
0.837758     -0.837758    2.6009e-06
1.0472     -0.837758    2.38986e-06
1.25664     -0.837758    2.13528e-06
1.46608     -0.837758    1.90975e-06
1.67552     -0.837758    1.71825e-06
1.88496     -0.837758    1.60561e-06
2.0944     -0.837758    1.56198e-06
2.30383     -0.837758    1.54038e-06
2.51327     -0.837758    1.46135e-06
2.72271     -0.837758    1.15849e-06
2.93215     -0.837758    3.96797e-07
3.14159     -0.837758    9.80482e-07

-3.14159     -0.628319    2.19694e-06
-2.93215     -0.628319    6.72648e-07
-2.72271     -0.628319    3.27579e-07
-2.51327     -0.628319    9.11846e-07
-2.30383     -0.628319    1.22555e-06
-2.0944     -0.628319    1.42124e-06
-1.88496     -0.628319    1.59207e-06
-1.67552     -0.628319    1.7882e-06
-1.46608     -0.628319    2.02447e-06
-1.25664     -0.628319    2.29556e-06
-1.0472     -0.628319    2.54987e-06
-0.837758     -0.628319    2.80152e-06
-0.628319     -0.628319    3.00788e-06
-0.418879     -0.628319    3.17979e-06
-0.20944     -0.628319    3.34363e-06
0     -0.628319    2.75034e-06
0.20944     -0.628319    3.37563e-06
0.418879     -0.628319    3.17917e-06
0.628319     -0.628319    3.00584e-06
0.837758     -0.628319    2.80468e-06
1.0472     -0.628319    2.55082e-06
1.25664     -0.628319    2.29404e-06
1.46608     -0.628319    2.02414e-06
1.67552     -0.628319    1.78771e-06
1.88496     -0.628319    1.59217e-06
2.0944     -0.628319    1.42141e-06
2.30383     -0.628319    1.22552e-06
2.51327     -0.628319    9.11795e-07
2.72271     -0.628319    3.27567e-07
2.93215     -0.628319    6.7274e-07
3.14159     -0.628319    2.19687e-06

-3.14159     -0.418879    3.90344e-06
-2.93215     -0.418879    2.32719e-06
-2.72271     -0.418879    1.04088e-06
-2.51327     -0.418879    8.83535e-08
-2.30383     -0.418879    5.83063e-07
-2.0944     -0.418879    1.05889e-06
-1.88496     -0.418879    1.4377e-06
-1.67552     -0.418879    1.7724e-06
-1.46608     -0.418879    2.0918e-06
-1.25664     -0.418879    2.40543e-06
-1.0472     -0.418879    2.69609e-06
-0.837758     -0.418879    2.94392e-06
-0.628319     -0.418879    3.21797e-06
-0.418879     -0.418879    3.50963e-06
-0.20944     -0.418879    3.81805e-06
0     -0.418879    4.83124e-06
0.20944     -0.418879    3.70286e-06
0.418879     -0.418879    3.50324e-06
0.628319     -0.418879    3.21744e-06
0.837758     -0.418879    2.94862e-06
1.0472     -0.418879    2.69468e-06
1.25664     -0.418879    2.40666e-06
1.46608     -0.418879    2.09149e-06
1.67552     -0.418879    1.77271e-06
1.88496     -0.418879    1.43763e-06
2.0944     -0.418879    1.05879e-06
2.30383     -0.418879    5.83098e-07
2.51327     -0.418879    8.8436e-08
2.72271     -0.418879    1.04093e-06
2.93215     -0.418879    2.32723e-06
3.14159     -0.418879    3.90345e-06

-3.14159     -0.20944    5.52191e-06
-2.93215     -0.20944    4.12255e-06
-2.72271     -0.20944    2.73726e-06
-2.51327     -0.20944    1.48398e-06
-2.30383     -0.20944    4.32922e-07
-2.0944     -0.20944    4.08268e-07
-1.88496     -0.20944    1.0636e-06
-1.67552     -0.20944    1.5978e-06
-1.46608     -0.20944    2.0441e-06
-1.25664     -0.20944    2.42163e-06
-1.0472     -0.20944    2.75358e-06
-0.837758     -0.20944    3.04179e-06
-0.628319     -0.20944    3.36521e-06
-0.418879     -0.20944    3.79984e-06
-0.20944     -0.20944    4.05209e-06
0     -0.20944    4.33094e-06
0.20944     -0.20944    4.61315e-06
0.418879     -0.20944    3.7897e-06
0.628319     -0.20944    3.36946e-06
0.837758     -0.20944    3.04102e-06
1.0472     -0.20944    2.7534e-06
1.25664     -0.20944    2.42065e-06
1.46608     -0.20944    2.04472e-06
1.67552     -0.20944    1.59791e-06
1.88496     -0.20944    1.06391e-06
2.0944     -0.20944    4.0823e-07
2.30383     -0.20944    4.3289e-07
2.51327     -0.20944    1.48377e-06
2.72271     -0.20944    2.73731e-06
2.93215     -0.20944    4.12254e-06
3.14159     -0.20944    5.52194e-06

-3.14159     0    6.18554e-06
-2.93215     0    4.92377e-06
-2.72271     0    3.59001e-06
-2.51327     0    2.23816e-06
-2.30383     0    1.01195e-06
-2.0944     0    7.05713e-09
-1.88496     0    8.27209e-07
-1.67552     0    1.46835e-06
-1.46608     0    1.98367e-06
-1.25664     0    2.40566e-06
-1.0472     0    2.73973e-06
-0.837758     0    3.05916e-06
-0.628319     0    3.42033e-06
-0.418879     0    3.87508e-06
-0.20944     0    4.65559e-06
0     0    2.32097e-16
0.20944     0    4.65559e-06
0.418879     0    3.87508e-06
0.628319     0    3.42033e-06
0.837758     0    3.05916e-06
1.0472     0    2.73973e-06
1.25664     0    2.40566e-06
1.46608     0    1.98367e-06
1.67552     0    1.46835e-06
1.88496     0    8.27209e-07
2.0944     0    7.05713e-09
2.30383     0    1.01195e-06
2.51327     0    2.23816e-06
2.72271     0    3.59001e-06
2.93215     0    4.92377e-06
3.14159     0    6.18554e-06

-3.14159     0.20944    5.52194e-06
-2.93215     0.20944    4.12254e-06
-2.72271     0.20944    2.73731e-06
-2.51327     0.20944    1.48377e-06
-2.30383     0.20944    4.3289e-07
-2.0944     0.20944    4.0823e-07
-1.88496     0.20944    1.06391e-06
-1.67552     0.20944    1.59791e-06
-1.46608     0.20944    2.04472e-06
-1.25664     0.20944    2.42065e-06
-1.0472     0.20944    2.7534e-06
-0.837758     0.20944    3.04102e-06
-0.628319     0.20944    3.36946e-06
-0.418879     0.20944    3.7897e-06
-0.20944     0.20944    4.61315e-06
0     0.20944    4.33094e-06
0.20944     0.20944    4.05209e-06
0.418879     0.20944    3.79984e-06
0.628319     0.20944    3.36521e-06
0.837758     0.20944    3.04179e-06
1.0472     0.20944    2.75358e-06
1.25664     0.20944    2.42163e-06
1.46608     0.20944    2.0441e-06
1.67552     0.20944    1.5978e-06
1.88496     0.20944    1.0636e-06
2.0944     0.20944    4.08268e-07
2.30383     0.20944    4.32922e-07
2.51327     0.20944    1.48398e-06
2.72271     0.20944    2.73726e-06
2.93215     0.20944    4.12255e-06
3.14159     0.20944    5.52191e-06

-3.14159     0.418879    3.90345e-06
-2.93215     0.418879    2.32723e-06
-2.72271     0.418879    1.04093e-06
-2.51327     0.418879    8.8436e-08
-2.30383     0.418879    5.83098e-07
-2.0944     0.418879    1.05879e-06
-1.88496     0.418879    1.43763e-06
-1.67552     0.418879    1.77271e-06
-1.46608     0.418879    2.09149e-06
-1.25664     0.418879    2.40666e-06
-1.0472     0.418879    2.69468e-06
-0.837758     0.418879    2.94862e-06
-0.628319     0.418879    3.21744e-06
-0.418879     0.418879    3.50324e-06
-0.20944     0.418879    3.70286e-06
0     0.418879    4.83124e-06
0.20944     0.418879    3.81805e-06
0.418879     0.418879    3.50963e-06
0.628319     0.418879    3.21797e-06
0.837758     0.418879    2.94392e-06
1.0472     0.418879    2.69609e-06
1.25664     0.418879    2.40543e-06
1.46608     0.418879    2.0918e-06
1.67552     0.418879    1.7724e-06
1.88496     0.418879    1.4377e-06
2.0944     0.418879    1.05889e-06
2.30383     0.418879    5.83063e-07
2.51327     0.418879    8.83535e-08
2.72271     0.418879    1.04088e-06
2.93215     0.418879    2.32719e-06
3.14159     0.418879    3.90344e-06

-3.14159     0.628319    2.19687e-06
-2.93215     0.628319    6.7274e-07
-2.72271     0.628319    3.27567e-07
-2.51327     0.628319    9.11795e-07
-2.30383     0.628319    1.22552e-06
-2.0944     0.628319    1.42141e-06
-1.88496     0.628319    1.59217e-06
-1.67552     0.628319    1.78771e-06
-1.46608     0.628319    2.02414e-06
-1.25664     0.628319    2.29404e-06
-1.0472     0.628319    2.55082e-06
-0.837758     0.628319    2.80468e-06
-0.628319     0.628319    3.00584e-06
-0.418879     0.628319    3.17917e-06
-0.20944     0.628319    3.37563e-06
0     0.628319    2.75034e-06
0.20944     0.628319    3.34363e-06
0.418879     0.628319    3.17979e-06
0.628319     0.628319    3.00788e-06
0.837758     0.628319    2.80152e-06
1.0472     0.628319    2.54987e-06
1.25664     0.628319    2.29556e-06
1.46608     0.628319    2.02447e-06
1.67552     0.628319    1.7882e-06
1.88496     0.628319    1.59207e-06
2.0944     0.628319    1.42124e-06
2.30383     0.628319    1.22555e-06
2.51327     0.628319    9.11846e-07
2.72271     0.628319    3.27579e-07
2.93215     0.628319    6.72648e-07
3.14159     0.628319    2.19694e-06

-3.14159     0.837758    9.80482e-07
-2.93215     0.837758    3.96797e-07
-2.72271     0.837758    1.15849e-06
-2.51327     0.837758    1.46135e-06
-2.30383     0.837758    1.54038e-06
-2.0944     0.837758    1.56198e-06
-1.88496     0.837758    1.60561e-06
-1.67552     0.837758    1.71825e-06
-1.46608     0.837758    1.90975e-06
-1.25664     0.837758    2.13528e-06
-1.0472     0.837758    2.38986e-06
-0.837758     0.837758    2.6009e-06
-0.628319     0.837758    2.75895e-06
-0.418879     0.837758    2.91953e-06
-0.20944     0.837758    3.05102e-06
0     0.837758    3.62869e-06
0.20944     0.837758    3.03967e-06
0.418879     0.837758    2.92112e-06
0.628319     0.837758    2.75609e-06
0.837758     0.837758    2.60176e-06
1.0472     0.837758    2.38959e-06
1.25664     0.837758    2.13656e-06
1.46608     0.837758    1.91046e-06
1.67552     0.837758    1.7183e-06
1.88496     0.837758    1.60537e-06
2.0944     0.837758    1.56181e-06
2.30383     0.837758    1.54036e-06
2.51327     0.837758    1.46128e-06
2.72271     0.837758    1.15853e-06
2.93215     0.837758    3.96739e-07
3.14159     0.837758    9.80576e-07

-3.14159     1.0472    2.68288e-07
-2.93215     1.0472    1.01325e-06
-2.72271     1.0472    1.61901e-06
-2.51327     1.0472    1.75971e-06
-2.30383     1.0472    1.70795e-06
-2.0944     1.0472    1.61913e-06
-1.88496     1.0472    1.59446e-06
-1.67552     1.0472    1.64852e-06
-1.46608     1.0472    1.78419e-06
-1.25664     1.0472    1.96813e-06
-1.0472     1.0472    2.15113e-06
-0.837758     1.0472    2.29699e-06
-0.628319     1.0472    2.46857e-06
-0.418879     1.0472    2.63769e-06
-0.20944     1.0472    2.75455e-06
0     1.0472    2.4432e-06
0.20944     1.0472    2.79051e-06
0.418879     1.0472    2.63933e-06
0.628319     1.0472    2.46641e-06
0.837758     1.0472    2.29719e-06
1.0472     1.0472    2.15055e-06
1.25664     1.0472    1.9675e-06
1.46608     1.0472    1.78394e-06
1.67552     1.0472    1.64818e-06
1.88496     1.0472    1.59437e-06
2.0944     1.0472    1.61882e-06
2.30383     1.0472    1.70768e-06
2.51327     1.0472    1.75965e-06
2.72271     1.0472    1.61893e-06
2.93215     1.0472    1.01326e-06
3.14159     1.0472    2.68355e-07

-3.14159     1.25664    3.41248e-08
-2.93215     1.25664    1.24123e-06
-2.72271     1.25664    1.84125e-06
-2.51327     1.25664    1.94523e-06
-2.30383     1.25664    1.82769e-06
-2.0944     1.25664    1.68643e-06
-1.88496     1.25664    1.59608e-06
-1.67552     1.25664    1.5925e-06
-1.46608     1.25664    1.64799e-06
-1.25664     1.25664    1.72884e-06
-1.0472     1.25664    1.79285e-06
-0.837758     1.25664    1.91202e-06
-0.628319     1.25664    2.13169e-06
-0.418879     1.25664    2.36014e-06
-0.20944     1.25664    2.51767e-06
0     1.25664    2.69539e-06
0.20944     1.25664    2.47299e-06
0.418879     1.25664    2.35998e-06
0.628319     1.25664    2.13158e-06
0.837758     1.25664    1.91207e-06
1.0472     1.25664    1.79252e-06
1.25664     1.25664    1.72878e-06
1.46608     1.25664    1.64782e-06
1.67552     1.25664    1.59274e-06
1.88496     1.25664    1.59617e-06
2.0944     1.25664    1.68626e-06
2.30383     1.25664    1.82764e-06
2.51327     1.25664    1.94523e-06
2.72271     1.25664    1.84109e-06
2.93215     1.25664    1.24107e-06
3.14159     1.25664    3.40152e-08

-3.14159     1.46608    4.31932e-08
-2.93215     1.46608    1.14032e-06
-2.72271     1.46608    1.84624e-06
-2.51327     1.46608    2.01648e-06
-2.30383     1.46608    1.91071e-06
-2.0944     1.46608    1.7341e-06
-1.88496     1.46608    1.58948e-06
-1.67552     1.46608    1.49416e-06
-1.46608     1.46608    1.41386e-06
-1.25664     1.46608    1.31506e-06
-1.0472     1.46608    1.263e-06
-0.837758     1.46608    1.4323e-06
-0.628319     1.46608    1.78651e-06
-0.418879     1.46608    2.06965e-06
-0.20944     1.46608    2.15252e-06
0     1.46608    2.1479e-06
0.20944     1.46608    2.19852e-06
0.418879     1.46608    2.06981e-06
0.628319     1.46608    1.78595e-06
0.837758     1.46608    1.43261e-06
1.0472     1.46608    1.26359e-06
1.25664     1.46608    1.31498e-06
1.46608     1.46608    1.41415e-06
1.67552     1.46608    1.49397e-06
1.88496     1.46608    1.5896e-06
2.0944     1.46608    1.73394e-06
2.30383     1.46608    1.91079e-06
2.51327     1.46608    2.01645e-06
2.72271     1.46608    1.84638e-06
2.93215     1.46608    1.14012e-06
3.14159     1.46608    4.32651e-08

-3.14159     1.67552    4.96478e-08
-2.93215     1.67552    7.36664e-07
-2.72271     1.67552    1.55179e-06
-2.51327     1.67552    1.89442e-06
-2.30383     1.67552    1.86195e-06
-2.0944     1.67552    1.6787e-06
-1.88496     1.67552    1.45869e-06
-1.67552     1.67552    1.21176e-06
-1.46608     1.67552    9.09582e-07
-1.25664     1.67552    5.9214e-07
-1.0472     1.67552    5.35042e-07
-0.837758     1.67552    9.50926e-07
-0.628319     1.67552    1.498e-06
-0.418879     1.67552    1.8121e-06
-0.20944     1.67552    1.93037e-06
0     1.67552    1.87483e-06
0.20944     1.67552    1.89193e-06
0.418879     1.67552    1.81233e-06
0.628319     1.67552    1.49794e-06
0.837758     1.67552    9.51019e-07
1.0472     1.67552    5.34704e-07
1.25664     1.67552    5.92242e-07
1.46608     1.67552    9.09289e-07
1.67552     1.67552    1.21172e-06
1.88496     1.67552    1.45874e-06
2.0944     1.67552    1.67867e-06
2.30383     1.67552    1.86195e-06
2.51327     1.67552    1.8944e-06
2.72271     1.67552    1.55194e-06
2.93215     1.67552    7.36443e-07
3.14159     1.67552    4.95482e-08

-3.14159     1.88496    6.95477e-08
-2.93215     1.88496    1.44264e-07
-2.72271     1.88496    8.87434e-07
-2.51327     1.88496    1.41206e-06
-2.30383     1.88496    1.50969e-06
-2.0944     1.88496    1.33647e-06
-1.88496     1.88496    1.00122e-06
-1.67552     1.88496    5.29428e-07
-1.46608     1.88496    6.24645e-08
-1.25664     1.88496    5.01208e-07
-1.0472     1.88496    2.55253e-07
-0.837758     1.88496    5.8009e-07
-0.628319     1.88496    1.29546e-06
-0.418879     1.88496    1.62027e-06
-0.20944     1.88496    1.68091e-06
0     1.88496    1.82776e-06
0.20944     1.88496    1.70669e-06
0.418879     1.88496    1.62014e-06
0.628319     1.88496    1.29534e-06
0.837758     1.88496    5.80013e-07
1.0472     1.88496    2.54943e-07
1.25664     1.88496    5.01189e-07
1.46608     1.88496    6.22751e-08
1.67552     1.88496    5.29515e-07
1.88496     1.88496    1.00119e-06
2.0944     1.88496    1.33661e-06
2.30383     1.88496    1.50975e-06
2.51327     1.88496    1.41209e-06
2.72271     1.88496    8.87426e-07
2.93215     1.88496    1.4401e-07
3.14159     1.88496    6.94824e-08

-3.14159     2.0944    1.4749e-08
-2.93215     2.0944    4.72347e-07
-2.72271     2.0944    1.54893e-07
-2.51327     2.0944    3.82643e-07
-2.30383     2.0944    6.07158e-07
-2.0944     2.0944    4.41281e-07
-1.88496     2.0944    4.62285e-08
-1.67552     2.0944    7.90143e-07
-1.46608     2.0944    1.58822e-06
-1.25664     2.0944    1.7727e-06
-1.0472     2.0944    9.00897e-07
-0.837758     2.0944    3.7165e-07
-0.628319     2.0944    1.19303e-06
-0.418879     2.0944    1.51518e-06
-0.20944     2.0944    1.60402e-06
0     2.0944    1.47433e-06
0.20944     2.0944    1.59149e-06
0.418879     2.0944    1.51516e-06
0.628319     2.0944    1.19294e-06
0.837758     2.0944    3.71673e-07
1.0472     2.0944    9.01012e-07
1.25664     2.0944    1.77279e-06
1.46608     2.0944    1.58813e-06
1.67552     2.0944    7.90126e-07
1.88496     2.0944    4.62051e-08
2.0944     2.0944    4.41247e-07
2.30383     2.0944    6.07098e-07
2.51327     2.0944    3.82454e-07
2.72271     2.0944    1.54843e-07
2.93215     2.0944    4.72224e-07
3.14159     2.0944    1.4868e-08

-3.14159     2.30383    6.0672e-08
-2.93215     2.30383    1.0651e-06
-2.72271     2.30383    1.43332e-06
-2.51327     2.30383    1.20249e-06
-2.30383     2.30383    1.0005e-06
-2.0944     2.30383    1.19208e-06
-1.88496     2.30383    1.82289e-06
-1.67552     2.30383    2.7295e-06
-1.46608     2.30383    3.33528e-06
-1.25664     2.30383    2.85565e-06
-1.0472     2.30383    1.28081e-06
-0.837758     2.30383    2.9851e-07
-0.628319     2.30383    1.17419e-06
-0.418879     2.30383    1.51674e-06
-0.20944     2.30383    1.59912e-06
0     2.30383    1.75695e-06
0.20944     2.30383    1.60088e-06
0.418879     2.30383    1.51665e-06
0.628319     2.30383    1.17423e-06
0.837758     2.30383    2.98525e-07
1.0472     2.30383    1.28088e-06
1.25664     2.30383    2.85568e-06
1.46608     2.30383    3.33527e-06
1.67552     2.30383    2.72929e-06
1.88496     2.30383    1.82281e-06
2.0944     2.30383    1.1921e-06
2.30383     2.30383    1.00051e-06
2.51327     2.30383    1.20243e-06
2.72271     2.30383    1.43335e-06
2.93215     2.30383    1.06511e-06
3.14159     2.30383    6.0599e-08

-3.14159     2.51327    1.3047e-07
-2.93215     2.51327    1.6899e-06
-2.72271     2.51327    2.77649e-06
-2.51327     2.51327    3.12529e-06
-2.30383     2.51327    3.16825e-06
-2.0944     2.51327    3.44424e-06
-1.88496     2.51327    4.09555e-06
-1.67552     2.51327    4.77758e-06
-1.46608     2.51327    4.77916e-06
-1.25664     2.51327    3.55701e-06
-1.0472     2.51327    1.47479e-06
-0.837758     2.51327    2.62108e-07
-0.628319     2.51327    1.20512e-06
-0.418879     2.51327    1.59037e-06
-0.20944     2.51327    1.70811e-06
0     2.51327    1.64841e-06
0.20944     2.51327    1.71402e-06
0.418879     2.51327    1.5904e-06
0.628319     2.51327    1.2051e-06
0.837758     2.51327    2.61968e-07
1.0472     2.51327    1.47472e-06
1.25664     2.51327    3.55698e-06
1.46608     2.51327    4.77911e-06
1.67552     2.51327    4.77769e-06
1.88496     2.51327    4.09556e-06
2.0944     2.51327    3.44433e-06
2.30383     2.51327    3.16832e-06
2.51327     2.51327    3.12525e-06
2.72271     2.51327    2.77649e-06
2.93215     2.51327    1.69001e-06
3.14159     2.51327    1.3056e-07

-3.14159     2.72271    7.02907e-07
-2.93215     2.72271    2.51001e-06
-2.72271     2.72271    4.09959e-06
-2.51327     2.72271    5.00906e-06
-2.30383     2.72271    5.45287e-06
-2.0944     2.72271    5.83529e-06
-1.88496     2.72271    6.23743e-06
-1.67552     2.72271    6.36885e-06
-1.46608     2.72271    5.74825e-06
-1.25664     2.72271    4.00159e-06
-1.0472     2.72271    1.67529e-06
-0.837758     2.72271    1.54767e-07
-0.628319     2.72271    1.20834e-06
-0.418879     2.72271    1.69002e-06
-0.20944     2.72271    1.88417e-06
0     2.72271    1.98472e-06
0.20944     2.72271    1.87447e-06
0.418879     2.72271    1.68995e-06
0.628319     2.72271    1.20832e-06
0.837758     2.72271    1.54855e-07
1.0472     2.72271    1.67531e-06
1.25664     2.72271    4.00164e-06
1.46608     2.72271    5.74819e-06
1.67552     2.72271    6.3688e-06
1.88496     2.72271    6.23733e-06
2.0944     2.72271    5.8355e-06
2.30383     2.72271    5.45296e-06
2.51327     2.72271    5.00919e-06
2.72271     2.72271    4.09953e-06
2.93215     2.72271    2.51004e-06
3.14159     2.72271    7.02983e-07

-3.14159     2.93215    1.7455e-06
-2.93215     2.93215    3.64263e-06
-2.72271     2.93215    5.4398e-06
-2.51327     2.93215    6.65803e-06
-2.30383     2.93215    7.31e-06
-2.0944     2.93215    7.61191e-06
-1.88496     2.93215    7.66635e-06
-1.67552     2.93215    7.40008e-06
-1.46608     2.93215    6.443e-06
-1.25664     2.93215    4.46095e-06
-1.0472     2.93215    2.08214e-06
-0.837758     2.93215    1.79042e-07
-0.628319     2.93215    1.02164e-06
-0.418879     2.93215    1.65652e-06
-0.20944     2.93215    1.92687e-06
0     2.93215    1.99393e-06
0.20944     2.93215    1.93669e-06
0.418879     2.93215    1.65643e-06
0.628319     2.93215    1.02165e-06
0.837758     2.93215    1.7903e-07
1.0472     2.93215    2.08196e-06
1.25664     2.93215    4.46091e-06
1.46608     2.93215    6.44293e-06
1.67552     2.93215    7.40022e-06
1.88496     2.93215    7.66618e-06
2.0944     2.93215    7.61183e-06
2.30383     2.93215    7.31038e-06
2.51327     2.93215    6.65796e-06
2.72271     2.93215    5.43987e-06
2.93215     2.93215    3.64272e-06
3.14159     2.93215    1.7456e-06

-3.14159     3.14159    3.32476e-06
-2.93215     3.14159    5.13225e-06
-2.72271     3.14159    6.78645e-06
-2.51327     3.14159    7.83187e-06
-2.30383     3.14159    8.21714e-06
-2.0944     3.14159    8.25723e-06
-1.88496     3.14159    8.22517e-06
-1.67552     3.14159    8.00547e-06
-1.46608     3.14159    7.08184e-06
-1.25664     3.14159    5.14109e-06
-1.0472     3.14159    2.85756e-06
-0.837758     3.14159    9.30816e-07
-0.628319     3.14159    4.20686e-07
-0.418879     3.14159    1.22866e-06
-0.20944     3.14159    1.64085e-06
0     3.14159    1.74498e-06
0.20944     3.14159    1.63356e-06
0.418879     3.14159    1.22864e-06
0.628319     3.14159    4.20687e-07
0.837758     3.14159    9.30629e-07
1.0472     3.14159    2.85774e-06
1.25664     3.14159    5.14118e-06
1.46608     3.14159    7.08187e-06
1.67552     3.14159    8.00565e-06
1.88496     3.14159    8.22477e-06
2.0944     3.14159    8.25679e-06
2.30383     3.14159    8.21818e-06
2.51327     3.14159    7.83234e-06
2.72271     3.14159    6.78655e-06
2.93215     3.14159    5.13222e-06
3.14159     3.14159    3.32477e-06

