-3.14159     -3.14159    0.000139537
-2.93215     -3.14159    0.000231307
-2.72271     -3.14159    0.000321985
-2.51327     -3.14159    0.000393435
-2.30383     -3.14159    0.000392994
-2.0944     -3.14159    0.00034565
-1.88496     -3.14159    0.000315451
-1.67552     -3.14159    0.000308567
-1.46608     -3.14159    0.000310014
-1.25664     -3.14159    0.000231215
-1.0472     -3.14159    0.000155284
-0.837758     -3.14159    0.00010551
-0.628319     -3.14159    6.69136e-05
-0.418879     -3.14159    3.43964e-05
-0.20944     -3.14159    1.73645e-05
0     -3.14159    6.57622e-06
0.20944     -3.14159    1.73256e-05
0.418879     -3.14159    3.43951e-05
0.628319     -3.14159    6.69193e-05
0.837758     -3.14159    0.000105512
1.0472     -3.14159    0.000155281
1.25664     -3.14159    0.000231225
1.46608     -3.14159    0.000310028
1.67552     -3.14159    0.000308582
1.88496     -3.14159    0.000315474
2.0944     -3.14159    0.00034568
2.30383     -3.14159    0.000393018
2.51327     -3.14159    0.000393433
2.72271     -3.14159    0.000321985
2.93215     -3.14159    0.000231308
3.14159     -3.14159    0.000139532

-3.14159     -2.93215    0.000104548
-2.93215     -2.93215    0.000207203
-2.72271     -2.93215    0.000284476
-2.51327     -2.93215    0.000321248
-2.30383     -2.93215    0.000363188
-2.0944     -2.93215    0.000357064
-1.88496     -2.93215    0.000300743
-1.67552     -2.93215    0.000266874
-1.46608     -2.93215    0.000252703
-1.25664     -2.93215    0.000181557
-1.0472     -2.93215    9.07347e-05
-0.837758     -2.93215    3.43416e-05
-0.628319     -2.93215    8.58114e-06
-0.418879     -2.93215    4.03826e-05
-0.20944     -2.93215    5.57872e-05
0     -2.93215    5.4191e-05
0.20944     -2.93215    5.57354e-05
0.418879     -2.93215    4.03841e-05
0.628319     -2.93215    8.59315e-06
0.837758     -2.93215    3.43414e-05
1.0472     -2.93215    9.07464e-05
1.25664     -2.93215    0.000181572
1.46608     -2.93215    0.000252727
1.67552     -2.93215    0.000266907
1.88496     -2.93215    0.000300786
2.0944     -2.93215    0.000357113
2.30383     -2.93215    0.000363224
2.51327     -2.93215    0.000321269
2.72271     -2.93215    0.00028449
2.93215     -2.93215    0.0002072
3.14159     -2.93215    0.000104562

-3.14159     -2.72271    0.000109967
-2.93215     -2.72271    0.000225124
-2.72271     -2.72271    0.000297456
-2.51327     -2.72271    0.000291556
-2.30383     -2.72271    0.000268165
-2.0944     -2.72271    0.000270573
-1.88496     -2.72271    0.000256301
-1.67552     -2.72271    0.000233428
-1.46608     -2.72271    0.000213176
-1.25664     -2.72271    0.000163964
-1.0472     -2.72271    6.24255e-05
-0.837758     -2.72271    4.41066e-06
-0.628319     -2.72271    5.20108e-05
-0.418879     -2.72271    7.03243e-05
-0.20944     -2.72271    8.44103e-05
0     -2.72271    9.85663e-05
0.20944     -2.72271    8.44652e-05
0.418879     -2.72271    7.03268e-05
0.628319     -2.72271    5.20023e-05
0.837758     -2.72271    4.43944e-06
1.0472     -2.72271    6.24391e-05
1.25664     -2.72271    0.000163996
1.46608     -2.72271    0.000213219
1.67552     -2.72271    0.000233486
1.88496     -2.72271    0.000256356
2.0944     -2.72271    0.000270625
2.30383     -2.72271    0.000268208
2.51327     -2.72271    0.000291594
2.72271     -2.72271    0.000297455
2.93215     -2.72271    0.000225136
3.14159     -2.72271    0.000109986

-3.14159     -2.51327    0.000131122
-2.93215     -2.51327    0.000240781
-2.72271     -2.51327    0.000282864
-2.51327     -2.51327    0.000271823
-2.30383     -2.51327    0.000199338
-2.0944     -2.51327    0.000151485
-1.88496     -2.51327    0.000164475
-1.67552     -2.51327    0.000193432
-1.46608     -2.51327    0.000179237
-1.25664     -2.51327    0.000149004
-1.0472     -2.51327    4.00092e-05
-0.837758     -2.51327    3.11238e-05
-0.628319     -2.51327    7.63577e-05
-0.418879     -2.51327    8.34144e-05
-0.20944     -2.51327    9.42538e-05
0     -2.51327    9.27527e-05
0.20944     -2.51327    9.4235e-05
0.418879     -2.51327    8.34175e-05
0.628319     -2.51327    7.63638e-05
0.837758     -2.51327    3.10976e-05
1.0472     -2.51327    4.00379e-05
1.25664     -2.51327    0.000149059
1.46608     -2.51327    0.000179291
1.67552     -2.51327    0.00019349
1.88496     -2.51327    0.000164539
2.0944     -2.51327    0.000151545
2.30383     -2.51327    0.000199394
2.51327     -2.51327    0.000271862
2.72271     -2.51327    0.000282879
2.93215     -2.51327    0.000240798
3.14159     -2.51327    0.000131153

-3.14159     -2.30383    0.000171171
-2.93215     -2.30383    0.000249064
-2.72271     -2.30383    0.000248008
-2.51327     -2.30383    0.000175134
-2.30383     -2.30383    0.00010934
-2.0944     -2.30383    7.30253e-05
-1.88496     -2.30383    7.1037e-05
-1.67552     -2.30383    0.000107334
-1.46608     -2.30383    0.000139655
-1.25664     -2.30383    0.000120788
-1.0472     -2.30383    2.58709e-05
-0.837758     -2.30383    5.23262e-05
-0.628319     -2.30383    9.25282e-05
-0.418879     -2.30383    0.000107015
-0.20944     -2.30383    0.000104342
0     -2.30383    0.000121555
0.20944     -2.30383    0.000104337
0.418879     -2.30383    0.00010703
0.628319     -2.30383    9.25317e-05
0.837758     -2.30383    5.23207e-05
1.0472     -2.30383    2.58883e-05
1.25664     -2.30383    0.000120823
1.46608     -2.30383    0.000139712
1.67552     -2.30383    0.000107394
1.88496     -2.30383    7.11057e-05
2.0944     -2.30383    7.30962e-05
2.30383     -2.30383    0.000109404
2.51327     -2.30383    0.000175186
2.72271     -2.30383    0.000248039
2.93215     -2.30383    0.000249079
3.14159     -2.30383    0.000171201

-3.14159     -2.0944    0.000208714
-2.93215     -2.0944    0.000233325
-2.72271     -2.0944    0.000186667
-2.51327     -2.0944    9.95101e-05
-2.30383     -2.0944    3.16561e-05
-2.0944     -2.0944    2.00907e-06
-1.88496     -2.0944    2.8893e-07
-1.67552     -2.0944    6.80161e-06
-1.46608     -2.0944    4.54479e-05
-1.25664     -2.0944    6.86828e-05
-1.0472     -2.0944    1.11588e-05
-0.837758     -2.0944    5.93025e-05
-0.628319     -2.0944    9.72678e-05
-0.418879     -2.0944    0.000120415
-0.20944     -2.0944    0.000111702
0     -2.0944    9.979e-05
0.20944     -2.0944    0.000111785
0.418879     -2.0944    0.000120393
0.628319     -2.0944    9.72423e-05
0.837758     -2.0944    5.92985e-05
1.0472     -2.0944    1.11791e-05
1.25664     -2.0944    6.87498e-05
1.46608     -2.0944    4.55347e-05
1.67552     -2.0944    6.86191e-06
1.88496     -2.0944    2.25447e-07
2.0944     -2.0944    1.92447e-06
2.30383     -2.0944    3.17178e-05
2.51327     -2.0944    9.95721e-05
2.72271     -2.0944    0.000186704
2.93215     -2.0944    0.00023335
3.14159     -2.0944    0.000208733

-3.14159     -1.88496    0.000226231
-2.93215     -1.88496    0.000205696
-2.72271     -1.88496    0.000109614
-2.51327     -1.88496    1.57595e-05
-2.30383     -1.88496    2.92881e-05
-2.0944     -1.88496    5.18328e-05
-1.88496     -1.88496    5.99821e-05
-1.67552     -1.88496    5.33686e-05
-1.46608     -1.88496    4.15066e-05
-1.25664     -1.88496    1.32451e-05
-1.0472     -1.88496    2.17298e-05
-0.837758     -1.88496    7.01458e-05
-0.628319     -1.88496    0.000107173
-0.418879     -1.88496    0.000121352
-0.20944     -1.88496    0.000112235
0     -1.88496    0.00012027
0.20944     -1.88496    0.000112105
0.418879     -1.88496    0.000121392
0.628319     -1.88496    0.000107213
0.837758     -1.88496    7.01347e-05
1.0472     -1.88496    2.1687e-05
1.25664     -1.88496    1.31853e-05
1.46608     -1.88496    4.14284e-05
1.67552     -1.88496    5.33006e-05
1.88496     -1.88496    5.9908e-05
2.0944     -1.88496    5.17542e-05
2.30383     -1.88496    2.92105e-05
2.51327     -1.88496    1.5821e-05
2.72271     -1.88496    0.000109665
2.93215     -1.88496    0.000205721
3.14159     -1.88496    0.000226253

-3.14159     -1.67552    0.000222907
-2.93215     -1.67552    0.000152131
-2.72271     -1.67552    3.79181e-05
-2.51327     -1.67552    3.28958e-05
-2.30383     -1.67552    6.9972e-05
-2.0944     -1.67552    7.60192e-05
-1.88496     -1.67552    8.83284e-05
-1.67552     -1.67552    9.60257e-05
-1.46608     -1.67552    8.03837e-05
-1.25664     -1.67552    7.05211e-05
-1.0472     -1.67552    5.4818e-05
-0.837758     -1.67552    7.0973e-05
-0.628319     -1.67552    0.000113479
-0.418879     -1.67552    0.000129205
-0.20944     -1.67552    0.000106749
0     -1.67552    0.000108361
0.20944     -1.67552    0.000106912
0.418879     -1.67552    0.000129232
0.628319     -1.67552    0.00011342
0.837758     -1.67552    7.0949e-05
1.0472     -1.67552    5.47694e-05
1.25664     -1.67552    7.04649e-05
1.46608     -1.67552    8.03321e-05
1.67552     -1.67552    9.59524e-05
1.88496     -1.67552    8.82618e-05
2.0944     -1.67552    7.59407e-05
2.30383     -1.67552    6.98935e-05
2.51327     -1.67552    3.28317e-05
2.72271     -1.67552    3.79778e-05
2.93215     -1.67552    0.000152166
3.14159     -1.67552    0.000222928

-3.14159     -1.46608    0.000198594
-2.93215     -1.46608    8.83339e-05
-2.72271     -1.46608    1.51598e-05
-2.51327     -1.46608    5.88106e-05
-2.30383     -1.46608    8.77884e-05
-2.0944     -1.46608    9.22391e-05
-1.88496     -1.46608    9.70888e-05
-1.67552     -1.46608    0.000118068
-1.46608     -1.46608    0.000114289
-1.25664     -1.46608    0.000108536
-1.0472     -1.46608    8.96874e-05
-0.837758     -1.46608    8.26371e-05
-0.628319     -1.46608    0.000111906
-0.418879     -1.46608    0.000131986
-0.20944     -1.46608    0.000103413
0     -1.46608    9.44854e-05
0.20944     -1.46608    0.000103147
0.418879     -1.46608    0.000131952
0.628319     -1.46608    0.000111965
0.837758     -1.46608    8.26e-05
1.0472     -1.46608    8.96756e-05
1.25664     -1.46608    0.000108497
1.46608     -1.46608    0.000114227
1.67552     -1.46608    0.000118006
1.88496     -1.46608    9.70168e-05
2.0944     -1.46608    9.21686e-05
2.30383     -1.46608    8.77247e-05
2.51327     -1.46608    5.8755e-05
2.72271     -1.46608    1.51051e-05
2.93215     -1.46608    8.83787e-05
3.14159     -1.46608    0.000198615

-3.14159     -1.25664    0.000157071
-2.93215     -1.25664    4.35943e-05
-2.72271     -1.25664    3.60115e-05
-2.51327     -1.25664    8.0106e-05
-2.30383     -1.25664    9.9041e-05
-2.0944     -1.25664    0.000100175
-1.88496     -1.25664    0.000108554
-1.67552     -1.25664    0.00011386
-1.46608     -1.25664    0.000117186
-1.25664     -1.25664    0.00013072
-1.0472     -1.25664    0.000120476
-0.837758     -1.25664    0.000118948
-0.628319     -1.25664    0.000134428
-0.418879     -1.25664    0.000146983
-0.20944     -1.25664    0.000126705
0     -1.25664    0.000115524
0.20944     -1.25664    0.000127145
0.418879     -1.25664    0.000147059
0.628319     -1.25664    0.000134381
0.837758     -1.25664    0.000118938
1.0472     -1.25664    0.000120439
1.25664     -1.25664    0.000130672
1.46608     -1.25664    0.000117149
1.67552     -1.25664    0.000113813
1.88496     -1.25664    0.000108516
2.0944     -1.25664    0.000100138
2.30383     -1.25664    9.90088e-05
2.51327     -1.25664    8.00647e-05
2.72271     -1.25664    3.59702e-05
2.93215     -1.25664    4.36354e-05
3.14159     -1.25664    0.000157104

-3.14159     -1.0472    0.000122307
-2.93215     -1.0472    1.95895e-05
-2.72271     -1.0472    4.87222e-05
-2.51327     -1.0472    7.3607e-05
-2.30383     -1.0472    9.14575e-05
-2.0944     -1.0472    0.000100079
-1.88496     -1.0472    0.000112137
-1.67552     -1.0472    0.000108258
-1.46608     -1.0472    0.000111783
-1.25664     -1.0472    0.000110738
-1.0472     -1.0472    0.000132976
-0.837758     -1.0472    0.000139822
-0.628319     -1.0472    0.000161358
-0.418879     -1.0472    0.000173056
-0.20944     -1.0472    0.000165855
0     -1.0472    7.84811e-05
0.20944     -1.0472    0.000165604
0.418879     -1.0472    0.000172746
0.628319     -1.0472    0.000161405
0.837758     -1.0472    0.000139823
1.0472     -1.0472    0.00013295
1.25664     -1.0472    0.000110693
1.46608     -1.0472    0.000111739
1.67552     -1.0472    0.000108238
1.88496     -1.0472    0.000112122
2.0944     -1.0472    0.000100068
2.30383     -1.0472    9.14562e-05
2.51327     -1.0472    7.35953e-05
2.72271     -1.0472    4.8696e-05
2.93215     -1.0472    1.96254e-05
3.14159     -1.0472    0.000122333

-3.14159     -0.837758    0.000106127
-2.93215     -0.837758    2.48862e-05
-2.72271     -0.837758    4.18466e-05
-2.51327     -0.837758    7.81244e-05
-2.30383     -0.837758    9.31036e-05
-2.0944     -0.837758    0.000115492
-1.88496     -0.837758    0.000112396
-1.67552     -0.837758    0.000106567
-1.46608     -0.837758    0.000113328
-1.25664     -0.837758    9.85371e-05
-1.0472     -0.837758    0.00011391
-0.837758     -0.837758    0.000167688
-0.628319     -0.837758    0.000186122
-0.418879     -0.837758    0.000206826
-0.20944     -0.837758    0.000212256
0     -0.837758    0.00023295
0.20944     -0.837758    0.000211663
0.418879     -0.837758    0.00020714
0.628319     -0.837758    0.000186179
0.837758     -0.837758    0.000167685
1.0472     -0.837758    0.000113969
1.25664     -0.837758    9.85383e-05
1.46608     -0.837758    0.000113327
1.67552     -0.837758    0.00010656
1.88496     -0.837758    0.000112393
2.0944     -0.837758    0.000115487
2.30383     -0.837758    9.30999e-05
2.51327     -0.837758    7.81289e-05
2.72271     -0.837758    4.18463e-05
2.93215     -0.837758    2.4904e-05
3.14159     -0.837758    0.000106145

-3.14159     -0.628319    0.000109929
-2.93215     -0.628319    3.37915e-05
-2.72271     -0.628319    1.57632e-05
-2.51327     -0.628319    6.3058e-05
-2.30383     -0.628319    9.42142e-05
-2.0944     -0.628319    0.00011265
-1.88496     -0.628319    0.00011955
-1.67552     -0.628319    0.000118819
-1.46608     -0.628319    0.00010257
-1.25664     -0.628319    0.000101321
-1.0472     -0.628319    9.39139e-05
-0.837758     -0.628319    0.000137662
-0.628319     -0.628319    0.000209092
-0.418879     -0.628319    0.000242031
-0.20944     -0.628319    0.000270058
0     -0.628319    0.000188461
0.20944     -0.628319    0.00027089
0.418879     -0.628319    0.000242323
0.628319     -0.628319    0.0002088
0.837758     -0.628319    0.000137531
1.0472     -0.628319    9.39858e-05
1.25664     -0.628319    0.00010132
1.46608     -0.628319    0.000102612
1.67552     -0.628319    0.000118827
1.88496     -0.628319    0.000119573
2.0944     -0.628319    0.000112662
2.30383     -0.628319    9.42155e-05
2.51327     -0.628319    6.30486e-05
2.72271     -0.628319    1.57652e-05
2.93215     -0.628319    3.37901e-05
3.14159     -0.628319    0.000109939

-3.14159     -0.418879    0.000159827
-2.93215     -0.418879    9.44943e-05
-2.72271     -0.418879    2.45102e-05
-2.51327     -0.418879    2.98875e-05
-2.30383     -0.418879    6.92968e-05
-2.0944     -0.418879    9.18248e-05
-1.88496     -0.418879    0.000117025
-1.67552     -0.418879    0.000129042
-1.46608     -0.418879    0.000125135
-1.25664     -0.418879    0.000125965
-1.0472     -0.418879    0.000141048
-0.837758     -0.418879    0.000148861
-0.628319     -0.418879    0.000212101
-0.418879     -0.418879    0.000299389
-0.20944     -0.418879    0.000348364
0     -0.418879    0.000498473
0.20944     -0.418879    0.000348945
0.418879     -0.418879    0.000299179
0.628319     -0.418879    0.000212305
0.837758     -0.418879    0.000148697
1.0472     -0.418879    0.000141061
1.25664     -0.418879    0.000125997
1.46608     -0.418879    0.000125112
1.67552     -0.418879    0.000129064
1.88496     -0.418879    0.000117033
2.0944     -0.418879    9.18265e-05
2.30383     -0.418879    6.9296e-05
2.51327     -0.418879    2.98853e-05
2.72271     -0.418879    2.45199e-05
2.93215     -0.418879    9.44965e-05
3.14159     -0.418879    0.000159816

-3.14159     -0.20944    0.000213991
-2.93215     -0.20944    0.000168192
-2.72271     -0.20944    0.000105134
-2.51327     -0.20944    3.87608e-05
-2.30383     -0.20944    1.62812e-05
-2.0944     -0.20944    6.10148e-05
-1.88496     -0.20944    8.59956e-05
-1.67552     -0.20944    0.000106214
-1.46608     -0.20944    0.00013366
-1.25664     -0.20944    0.000154649
-1.0472     -0.20944    0.0001845
-0.837758     -0.20944    0.000216413
-0.628319     -0.20944    0.000251924
-0.418879     -0.20944    0.000362246
-0.20944     -0.20944    0.00050152
0     -0.20944    0.000488381
0.20944     -0.20944    0.000503805
0.418879     -0.20944    0.000363712
0.628319     -0.20944    0.000252174
0.837758     -0.20944    0.000216495
1.0472     -0.20944    0.000184406
1.25664     -0.20944    0.000154631
1.46608     -0.20944    0.000133678
1.67552     -0.20944    0.000106219
1.88496     -0.20944    8.60118e-05
2.0944     -0.20944    6.10129e-05
2.30383     -0.20944    1.62715e-05
2.51327     -0.20944    3.8738e-05
2.72271     -0.20944    0.000105135
2.93215     -0.20944    0.000168193
3.14159     -0.20944    0.000213976

-3.14159     0    0.000228049
-2.93215     0    0.00018277
-2.72271     0    0.00015689
-2.51327     0    9.38606e-05
-2.30383     0    1.97394e-05
-2.0944     0    3.34814e-05
-1.88496     0    6.2562e-05
-1.67552     0    8.51791e-05
-1.46608     0    0.00011587
-1.25664     0    0.000156921
-1.0472     0    0.000182419
-0.837758     0    0.000225392
-0.628319     0    0.000293662
-0.418879     0    0.000383008
-0.20944     0    0.000607512
0     0    1.93644e-16
0.20944     0    0.000607512
0.418879     0    0.000383008
0.628319     0    0.000293662
0.837758     0    0.000225392
1.0472     0    0.000182419
1.25664     0    0.000156921
1.46608     0    0.00011587
1.67552     0    8.51791e-05
1.88496     0    6.2562e-05
2.0944     0    3.34814e-05
2.30383     0    1.97394e-05
2.51327     0    9.38606e-05
2.72271     0    0.00015689
2.93215     0    0.00018277
3.14159     0    0.000228049

-3.14159     0.20944    0.000213976
-2.93215     0.20944    0.000168193
-2.72271     0.20944    0.000105135
-2.51327     0.20944    3.8738e-05
-2.30383     0.20944    1.62715e-05
-2.0944     0.20944    6.10129e-05
-1.88496     0.20944    8.60118e-05
-1.67552     0.20944    0.000106219
-1.46608     0.20944    0.000133678
-1.25664     0.20944    0.000154631
-1.0472     0.20944    0.000184406
-0.837758     0.20944    0.000216495
-0.628319     0.20944    0.000252174
-0.418879     0.20944    0.000363712
-0.20944     0.20944    0.000503805
0     0.20944    0.000488381
0.20944     0.20944    0.00050152
0.418879     0.20944    0.000362246
0.628319     0.20944    0.000251924
0.837758     0.20944    0.000216413
1.0472     0.20944    0.0001845
1.25664     0.20944    0.000154649
1.46608     0.20944    0.00013366
1.67552     0.20944    0.000106214
1.88496     0.20944    8.59956e-05
2.0944     0.20944    6.10148e-05
2.30383     0.20944    1.62812e-05
2.51327     0.20944    3.87608e-05
2.72271     0.20944    0.000105134
2.93215     0.20944    0.000168192
3.14159     0.20944    0.000213991

-3.14159     0.418879    0.000159816
-2.93215     0.418879    9.44965e-05
-2.72271     0.418879    2.45199e-05
-2.51327     0.418879    2.98853e-05
-2.30383     0.418879    6.9296e-05
-2.0944     0.418879    9.18265e-05
-1.88496     0.418879    0.000117033
-1.67552     0.418879    0.000129064
-1.46608     0.418879    0.000125112
-1.25664     0.418879    0.000125997
-1.0472     0.418879    0.000141061
-0.837758     0.418879    0.000148697
-0.628319     0.418879    0.000212305
-0.418879     0.418879    0.000299179
-0.20944     0.418879    0.000348945
0     0.418879    0.000498473
0.20944     0.418879    0.000348364
0.418879     0.418879    0.000299389
0.628319     0.418879    0.000212101
0.837758     0.418879    0.000148861
1.0472     0.418879    0.000141048
1.25664     0.418879    0.000125965
1.46608     0.418879    0.000125135
1.67552     0.418879    0.000129042
1.88496     0.418879    0.000117025
2.0944     0.418879    9.18248e-05
2.30383     0.418879    6.92968e-05
2.51327     0.418879    2.98875e-05
2.72271     0.418879    2.45102e-05
2.93215     0.418879    9.44943e-05
3.14159     0.418879    0.000159827

-3.14159     0.628319    0.000109939
-2.93215     0.628319    3.37901e-05
-2.72271     0.628319    1.57652e-05
-2.51327     0.628319    6.30486e-05
-2.30383     0.628319    9.42155e-05
-2.0944     0.628319    0.000112662
-1.88496     0.628319    0.000119573
-1.67552     0.628319    0.000118827
-1.46608     0.628319    0.000102612
-1.25664     0.628319    0.00010132
-1.0472     0.628319    9.39858e-05
-0.837758     0.628319    0.000137531
-0.628319     0.628319    0.0002088
-0.418879     0.628319    0.000242323
-0.20944     0.628319    0.00027089
0     0.628319    0.000188461
0.20944     0.628319    0.000270058
0.418879     0.628319    0.000242031
0.628319     0.628319    0.000209092
0.837758     0.628319    0.000137662
1.0472     0.628319    9.39139e-05
1.25664     0.628319    0.000101321
1.46608     0.628319    0.00010257
1.67552     0.628319    0.000118819
1.88496     0.628319    0.00011955
2.0944     0.628319    0.00011265
2.30383     0.628319    9.42142e-05
2.51327     0.628319    6.3058e-05
2.72271     0.628319    1.57632e-05
2.93215     0.628319    3.37915e-05
3.14159     0.628319    0.000109929

-3.14159     0.837758    0.000106145
-2.93215     0.837758    2.4904e-05
-2.72271     0.837758    4.18463e-05
-2.51327     0.837758    7.81289e-05
-2.30383     0.837758    9.30999e-05
-2.0944     0.837758    0.000115487
-1.88496     0.837758    0.000112393
-1.67552     0.837758    0.00010656
-1.46608     0.837758    0.000113327
-1.25664     0.837758    9.85383e-05
-1.0472     0.837758    0.000113969
-0.837758     0.837758    0.000167685
-0.628319     0.837758    0.000186179
-0.418879     0.837758    0.00020714
-0.20944     0.837758    0.000211663
0     0.837758    0.00023295
0.20944     0.837758    0.000212256
0.418879     0.837758    0.000206826
0.628319     0.837758    0.000186122
0.837758     0.837758    0.000167688
1.0472     0.837758    0.00011391
1.25664     0.837758    9.85371e-05
1.46608     0.837758    0.000113328
1.67552     0.837758    0.000106567
1.88496     0.837758    0.000112396
2.0944     0.837758    0.000115492
2.30383     0.837758    9.31036e-05
2.51327     0.837758    7.81244e-05
2.72271     0.837758    4.18466e-05
2.93215     0.837758    2.48862e-05
3.14159     0.837758    0.000106127

-3.14159     1.0472    0.000122333
-2.93215     1.0472    1.96254e-05
-2.72271     1.0472    4.8696e-05
-2.51327     1.0472    7.35953e-05
-2.30383     1.0472    9.14562e-05
-2.0944     1.0472    0.000100068
-1.88496     1.0472    0.000112122
-1.67552     1.0472    0.000108238
-1.46608     1.0472    0.000111739
-1.25664     1.0472    0.000110693
-1.0472     1.0472    0.00013295
-0.837758     1.0472    0.000139823
-0.628319     1.0472    0.000161405
-0.418879     1.0472    0.000172746
-0.20944     1.0472    0.000165604
0     1.0472    7.84811e-05
0.20944     1.0472    0.000165855
0.418879     1.0472    0.000173056
0.628319     1.0472    0.000161358
0.837758     1.0472    0.000139822
1.0472     1.0472    0.000132976
1.25664     1.0472    0.000110738
1.46608     1.0472    0.000111783
1.67552     1.0472    0.000108258
1.88496     1.0472    0.000112137
2.0944     1.0472    0.000100079
2.30383     1.0472    9.14575e-05
2.51327     1.0472    7.3607e-05
2.72271     1.0472    4.87222e-05
2.93215     1.0472    1.95895e-05
3.14159     1.0472    0.000122307

-3.14159     1.25664    0.000157104
-2.93215     1.25664    4.36354e-05
-2.72271     1.25664    3.59702e-05
-2.51327     1.25664    8.00647e-05
-2.30383     1.25664    9.90088e-05
-2.0944     1.25664    0.000100138
-1.88496     1.25664    0.000108516
-1.67552     1.25664    0.000113813
-1.46608     1.25664    0.000117149
-1.25664     1.25664    0.000130672
-1.0472     1.25664    0.000120439
-0.837758     1.25664    0.000118938
-0.628319     1.25664    0.000134381
-0.418879     1.25664    0.000147059
-0.20944     1.25664    0.000127145
0     1.25664    0.000115524
0.20944     1.25664    0.000126705
0.418879     1.25664    0.000146983
0.628319     1.25664    0.000134428
0.837758     1.25664    0.000118948
1.0472     1.25664    0.000120476
1.25664     1.25664    0.00013072
1.46608     1.25664    0.000117186
1.67552     1.25664    0.00011386
1.88496     1.25664    0.000108554
2.0944     1.25664    0.000100175
2.30383     1.25664    9.9041e-05
2.51327     1.25664    8.0106e-05
2.72271     1.25664    3.60115e-05
2.93215     1.25664    4.35943e-05
3.14159     1.25664    0.000157071

-3.14159     1.46608    0.000198615
-2.93215     1.46608    8.83787e-05
-2.72271     1.46608    1.51051e-05
-2.51327     1.46608    5.8755e-05
-2.30383     1.46608    8.77247e-05
-2.0944     1.46608    9.21686e-05
-1.88496     1.46608    9.70168e-05
-1.67552     1.46608    0.000118006
-1.46608     1.46608    0.000114227
-1.25664     1.46608    0.000108497
-1.0472     1.46608    8.96756e-05
-0.837758     1.46608    8.26e-05
-0.628319     1.46608    0.000111965
-0.418879     1.46608    0.000131952
-0.20944     1.46608    0.000103147
0     1.46608    9.44854e-05
0.20944     1.46608    0.000103413
0.418879     1.46608    0.000131986
0.628319     1.46608    0.000111906
0.837758     1.46608    8.26371e-05
1.0472     1.46608    8.96874e-05
1.25664     1.46608    0.000108536
1.46608     1.46608    0.000114289
1.67552     1.46608    0.000118068
1.88496     1.46608    9.70888e-05
2.0944     1.46608    9.22391e-05
2.30383     1.46608    8.77884e-05
2.51327     1.46608    5.88106e-05
2.72271     1.46608    1.51598e-05
2.93215     1.46608    8.83339e-05
3.14159     1.46608    0.000198594

-3.14159     1.67552    0.000222928
-2.93215     1.67552    0.000152166
-2.72271     1.67552    3.79778e-05
-2.51327     1.67552    3.28317e-05
-2.30383     1.67552    6.98935e-05
-2.0944     1.67552    7.59407e-05
-1.88496     1.67552    8.82618e-05
-1.67552     1.67552    9.59524e-05
-1.46608     1.67552    8.03321e-05
-1.25664     1.67552    7.04649e-05
-1.0472     1.67552    5.47694e-05
-0.837758     1.67552    7.0949e-05
-0.628319     1.67552    0.00011342
-0.418879     1.67552    0.000129232
-0.20944     1.67552    0.000106912
0     1.67552    0.000108361
0.20944     1.67552    0.000106749
0.418879     1.67552    0.000129205
0.628319     1.67552    0.000113479
0.837758     1.67552    7.0973e-05
1.0472     1.67552    5.4818e-05
1.25664     1.67552    7.05211e-05
1.46608     1.67552    8.03837e-05
1.67552     1.67552    9.60257e-05
1.88496     1.67552    8.83284e-05
2.0944     1.67552    7.60192e-05
2.30383     1.67552    6.9972e-05
2.51327     1.67552    3.28958e-05
2.72271     1.67552    3.79181e-05
2.93215     1.67552    0.000152131
3.14159     1.67552    0.000222907

-3.14159     1.88496    0.000226253
-2.93215     1.88496    0.000205721
-2.72271     1.88496    0.000109665
-2.51327     1.88496    1.5821e-05
-2.30383     1.88496    2.92105e-05
-2.0944     1.88496    5.17542e-05
-1.88496     1.88496    5.9908e-05
-1.67552     1.88496    5.33006e-05
-1.46608     1.88496    4.14284e-05
-1.25664     1.88496    1.31853e-05
-1.0472     1.88496    2.1687e-05
-0.837758     1.88496    7.01347e-05
-0.628319     1.88496    0.000107213
-0.418879     1.88496    0.000121392
-0.20944     1.88496    0.000112105
0     1.88496    0.00012027
0.20944     1.88496    0.000112235
0.418879     1.88496    0.000121352
0.628319     1.88496    0.000107173
0.837758     1.88496    7.01458e-05
1.0472     1.88496    2.17298e-05
1.25664     1.88496    1.32451e-05
1.46608     1.88496    4.15066e-05
1.67552     1.88496    5.33686e-05
1.88496     1.88496    5.99821e-05
2.0944     1.88496    5.18328e-05
2.30383     1.88496    2.92881e-05
2.51327     1.88496    1.57595e-05
2.72271     1.88496    0.000109614
2.93215     1.88496    0.000205696
3.14159     1.88496    0.000226231

-3.14159     2.0944    0.000208733
-2.93215     2.0944    0.00023335
-2.72271     2.0944    0.000186704
-2.51327     2.0944    9.95721e-05
-2.30383     2.0944    3.17178e-05
-2.0944     2.0944    1.92447e-06
-1.88496     2.0944    2.25447e-07
-1.67552     2.0944    6.86191e-06
-1.46608     2.0944    4.55347e-05
-1.25664     2.0944    6.87498e-05
-1.0472     2.0944    1.11791e-05
-0.837758     2.0944    5.92985e-05
-0.628319     2.0944    9.72423e-05
-0.418879     2.0944    0.000120393
-0.20944     2.0944    0.000111785
0     2.0944    9.979e-05
0.20944     2.0944    0.000111702
0.418879     2.0944    0.000120415
0.628319     2.0944    9.72678e-05
0.837758     2.0944    5.93025e-05
1.0472     2.0944    1.11588e-05
1.25664     2.0944    6.86828e-05
1.46608     2.0944    4.54479e-05
1.67552     2.0944    6.80161e-06
1.88496     2.0944    2.8893e-07
2.0944     2.0944    2.00907e-06
2.30383     2.0944    3.16561e-05
2.51327     2.0944    9.95101e-05
2.72271     2.0944    0.000186667
2.93215     2.0944    0.000233325
3.14159     2.0944    0.000208714

-3.14159     2.30383    0.000171201
-2.93215     2.30383    0.000249079
-2.72271     2.30383    0.000248039
-2.51327     2.30383    0.000175186
-2.30383     2.30383    0.000109404
-2.0944     2.30383    7.30962e-05
-1.88496     2.30383    7.11057e-05
-1.67552     2.30383    0.000107394
-1.46608     2.30383    0.000139712
-1.25664     2.30383    0.000120823
-1.0472     2.30383    2.58883e-05
-0.837758     2.30383    5.23207e-05
-0.628319     2.30383    9.25317e-05
-0.418879     2.30383    0.00010703
-0.20944     2.30383    0.000104337
0     2.30383    0.000121555
0.20944     2.30383    0.000104342
0.418879     2.30383    0.000107015
0.628319     2.30383    9.25282e-05
0.837758     2.30383    5.23262e-05
1.0472     2.30383    2.58709e-05
1.25664     2.30383    0.000120788
1.46608     2.30383    0.000139655
1.67552     2.30383    0.000107334
1.88496     2.30383    7.1037e-05
2.0944     2.30383    7.30253e-05
2.30383     2.30383    0.00010934
2.51327     2.30383    0.000175134
2.72271     2.30383    0.000248008
2.93215     2.30383    0.000249064
3.14159     2.30383    0.000171171

-3.14159     2.51327    0.000131153
-2.93215     2.51327    0.000240798
-2.72271     2.51327    0.000282879
-2.51327     2.51327    0.000271862
-2.30383     2.51327    0.000199394
-2.0944     2.51327    0.000151545
-1.88496     2.51327    0.000164539
-1.67552     2.51327    0.00019349
-1.46608     2.51327    0.000179291
-1.25664     2.51327    0.000149059
-1.0472     2.51327    4.00379e-05
-0.837758     2.51327    3.10976e-05
-0.628319     2.51327    7.63638e-05
-0.418879     2.51327    8.34175e-05
-0.20944     2.51327    9.4235e-05
0     2.51327    9.27527e-05
0.20944     2.51327    9.42538e-05
0.418879     2.51327    8.34144e-05
0.628319     2.51327    7.63577e-05
0.837758     2.51327    3.11238e-05
1.0472     2.51327    4.00092e-05
1.25664     2.51327    0.000149004
1.46608     2.51327    0.000179237
1.67552     2.51327    0.000193432
1.88496     2.51327    0.000164475
2.0944     2.51327    0.000151485
2.30383     2.51327    0.000199338
2.51327     2.51327    0.000271823
2.72271     2.51327    0.000282864
2.93215     2.51327    0.000240781
3.14159     2.51327    0.000131122

-3.14159     2.72271    0.000109986
-2.93215     2.72271    0.000225136
-2.72271     2.72271    0.000297455
-2.51327     2.72271    0.000291594
-2.30383     2.72271    0.000268208
-2.0944     2.72271    0.000270625
-1.88496     2.72271    0.000256356
-1.67552     2.72271    0.000233486
-1.46608     2.72271    0.000213219
-1.25664     2.72271    0.000163996
-1.0472     2.72271    6.24391e-05
-0.837758     2.72271    4.43944e-06
-0.628319     2.72271    5.20023e-05
-0.418879     2.72271    7.03268e-05
-0.20944     2.72271    8.44652e-05
0     2.72271    9.85663e-05
0.20944     2.72271    8.44103e-05
0.418879     2.72271    7.03243e-05
0.628319     2.72271    5.20108e-05
0.837758     2.72271    4.41066e-06
1.0472     2.72271    6.24255e-05
1.25664     2.72271    0.000163964
1.46608     2.72271    0.000213176
1.67552     2.72271    0.000233428
1.88496     2.72271    0.000256301
2.0944     2.72271    0.000270573
2.30383     2.72271    0.000268165
2.51327     2.72271    0.000291556
2.72271     2.72271    0.000297456
2.93215     2.72271    0.000225124
3.14159     2.72271    0.000109967

-3.14159     2.93215    0.000104562
-2.93215     2.93215    0.0002072
-2.72271     2.93215    0.00028449
-2.51327     2.93215    0.000321269
-2.30383     2.93215    0.000363224
-2.0944     2.93215    0.000357113
-1.88496     2.93215    0.000300786
-1.67552     2.93215    0.000266907
-1.46608     2.93215    0.000252727
-1.25664     2.93215    0.000181572
-1.0472     2.93215    9.07464e-05
-0.837758     2.93215    3.43414e-05
-0.628319     2.93215    8.59315e-06
-0.418879     2.93215    4.03841e-05
-0.20944     2.93215    5.57354e-05
0     2.93215    5.4191e-05
0.20944     2.93215    5.57872e-05
0.418879     2.93215    4.03826e-05
0.628319     2.93215    8.58114e-06
0.837758     2.93215    3.43416e-05
1.0472     2.93215    9.07347e-05
1.25664     2.93215    0.000181557
1.46608     2.93215    0.000252703
1.67552     2.93215    0.000266874
1.88496     2.93215    0.000300743
2.0944     2.93215    0.000357064
2.30383     2.93215    0.000363188
2.51327     2.93215    0.000321248
2.72271     2.93215    0.000284476
2.93215     2.93215    0.000207203
3.14159     2.93215    0.000104548

-3.14159     3.14159    0.000139532
-2.93215     3.14159    0.000231308
-2.72271     3.14159    0.000321985
-2.51327     3.14159    0.000393433
-2.30383     3.14159    0.000393018
-2.0944     3.14159    0.00034568
-1.88496     3.14159    0.000315474
-1.67552     3.14159    0.000308582
-1.46608     3.14159    0.000310028
-1.25664     3.14159    0.000231225
-1.0472     3.14159    0.000155281
-0.837758     3.14159    0.000105512
-0.628319     3.14159    6.69193e-05
-0.418879     3.14159    3.43951e-05
-0.20944     3.14159    1.73256e-05
0     3.14159    6.57622e-06
0.20944     3.14159    1.73645e-05
0.418879     3.14159    3.43964e-05
0.628319     3.14159    6.69136e-05
0.837758     3.14159    0.00010551
1.0472     3.14159    0.000155284
1.25664     3.14159    0.000231215
1.46608     3.14159    0.000310014
1.67552     3.14159    0.000308567
1.88496     3.14159    0.000315451
2.0944     3.14159    0.00034565
2.30383     3.14159    0.000392994
2.51327     3.14159    0.000393435
2.72271     3.14159    0.000321985
2.93215     3.14159    0.000231307
3.14159     3.14159    0.000139537

