-3.14159     -3.14159    0.000111364
-2.93215     -3.14159    8.5207e-05
-2.72271     -3.14159    4.97589e-05
-2.51327     -3.14159    2.14492e-05
-2.30383     -3.14159    3.62528e-05
-2.0944     -3.14159    6.77946e-05
-1.88496     -3.14159    8.9458e-05
-1.67552     -3.14159    8.43616e-05
-1.46608     -3.14159    5.9053e-05
-1.25664     -3.14159    8.49041e-05
-1.0472     -3.14159    0.000135695
-0.837758     -3.14159    0.000146473
-0.628319     -3.14159    0.00015986
-0.418879     -3.14159    0.000162843
-0.20944     -3.14159    0.000169503
0     -3.14159    0.000178799
0.20944     -3.14159    0.000169465
0.418879     -3.14159    0.000162844
0.628319     -3.14159    0.000159861
0.837758     -3.14159    0.000146473
1.0472     -3.14159    0.000135698
1.25664     -3.14159    8.49082e-05
1.46608     -3.14159    5.90557e-05
1.67552     -3.14159    8.43629e-05
1.88496     -3.14159    8.94593e-05
2.0944     -3.14159    6.77991e-05
2.30383     -3.14159    3.62587e-05
2.51327     -3.14159    2.14539e-05
2.72271     -3.14159    4.97616e-05
2.93215     -3.14159    8.52069e-05
3.14159     -3.14159    0.000111361

-3.14159     -2.93215    0.000148034
-2.93215     -2.93215    0.00011389
-2.72271     -2.93215    7.50795e-05
-2.51327     -2.93215    5.68928e-05
-2.30383     -2.93215    3.1034e-05
-2.0944     -2.93215    3.94429e-05
-1.88496     -2.93215    7.88557e-05
-1.67552     -2.93215    8.77089e-05
-1.46608     -2.93215    6.44579e-05
-1.25664     -2.93215    7.82813e-05
-1.0472     -2.93215    0.000131003
-0.837758     -2.93215    0.000148535
-0.628319     -2.93215    0.000160366
-0.418879     -2.93215    0.000171421
-0.20944     -2.93215    0.000171578
0     -2.93215    0.000166485
0.20944     -2.93215    0.000171632
0.418879     -2.93215    0.00017142
0.628319     -2.93215    0.000160365
0.837758     -2.93215    0.000148535
1.0472     -2.93215    0.000131003
1.25664     -2.93215    7.82827e-05
1.46608     -2.93215    6.44628e-05
1.67552     -2.93215    8.7711e-05
1.88496     -2.93215    7.88588e-05
2.0944     -2.93215    3.94479e-05
2.30383     -2.93215    3.10398e-05
2.51327     -2.93215    5.68986e-05
2.72271     -2.93215    7.50829e-05
2.93215     -2.93215    0.00011389
3.14159     -2.93215    0.000148032

-3.14159     -2.72271    0.000145413
-2.93215     -2.72271    0.000109455
-2.72271     -2.72271    7.43875e-05
-2.51327     -2.72271    7.6437e-05
-2.30383     -2.72271    8.15525e-05
-2.0944     -2.72271    6.61012e-05
-1.88496     -2.72271    6.43746e-05
-1.67552     -2.72271    6.75857e-05
-1.46608     -2.72271    6.05371e-05
-1.25664     -2.72271    4.88585e-05
-1.0472     -2.72271    0.000100552
-0.837758     -2.72271    0.000124036
-0.628319     -2.72271    0.000140502
-0.418879     -2.72271    0.00014417
-0.20944     -2.72271    0.000149805
0     -2.72271    0.00015308
0.20944     -2.72271    0.000149754
0.418879     -2.72271    0.000144177
0.628319     -2.72271    0.000140503
0.837758     -2.72271    0.000124037
1.0472     -2.72271    0.000100552
1.25664     -2.72271    4.8863e-05
1.46608     -2.72271    6.0541e-05
1.67552     -2.72271    6.75885e-05
1.88496     -2.72271    6.43764e-05
2.0944     -2.72271    6.6104e-05
2.30383     -2.72271    8.15575e-05
2.51327     -2.72271    7.64413e-05
2.72271     -2.72271    7.43899e-05
2.93215     -2.72271    0.000109457
3.14159     -2.72271    0.000145413

-3.14159     -2.51327    0.000143873
-2.93215     -2.51327    9.70074e-05
-2.72271     -2.51327    7.72977e-05
-2.51327     -2.51327    8.60558e-05
-2.30383     -2.51327    0.000118813
-2.0944     -2.51327    0.000125616
-1.88496     -2.51327    7.79798e-05
-1.67552     -2.51327    4.34983e-05
-1.46608     -2.51327    5.915e-05
-1.25664     -2.51327    3.80091e-05
-1.0472     -2.51327    8.64927e-05
-0.837758     -2.51327    0.00011413
-0.628319     -2.51327    0.000122598
-0.418879     -2.51327    0.000116871
-0.20944     -2.51327    0.00012186
0     -2.51327    0.000134698
0.20944     -2.51327    0.000121894
0.418879     -2.51327    0.000116866
0.628319     -2.51327    0.000122597
0.837758     -2.51327    0.000114129
1.0472     -2.51327    8.64948e-05
1.25664     -2.51327    3.80116e-05
1.46608     -2.51327    5.91533e-05
1.67552     -2.51327    4.34993e-05
1.88496     -2.51327    7.79778e-05
2.0944     -2.51327    0.000125616
2.30383     -2.51327    0.000118816
2.51327     -2.51327    8.60597e-05
2.72271     -2.51327    7.73017e-05
2.93215     -2.51327    9.70102e-05
3.14159     -2.51327    0.000143875

-3.14159     -2.30383    0.000122511
-2.93215     -2.30383    8.34216e-05
-2.72271     -2.30383    8.96567e-05
-2.51327     -2.30383    0.000130251
-2.30383     -2.30383    0.000145608
-2.0944     -2.30383    0.000144941
-1.88496     -2.30383    0.000107088
-1.67552     -2.30383    5.90015e-05
-1.46608     -2.30383    3.56289e-05
-1.25664     -2.30383    2.79105e-05
-1.0472     -2.30383    6.02026e-05
-0.837758     -2.30383    0.000102354
-0.628319     -2.30383    0.000110361
-0.418879     -2.30383    0.000113227
-0.20944     -2.30383    0.000108984
0     -2.30383    9.92404e-05
0.20944     -2.30383    0.000108997
0.418879     -2.30383    0.000113236
0.628319     -2.30383    0.000110361
0.837758     -2.30383    0.000102357
1.0472     -2.30383    6.02012e-05
1.25664     -2.30383    2.79152e-05
1.46608     -2.30383    3.56294e-05
1.67552     -2.30383    5.89994e-05
1.88496     -2.30383    0.000107084
2.0944     -2.30383    0.000144937
2.30383     -2.30383    0.000145608
2.51327     -2.30383    0.000130256
2.72271     -2.30383    8.96617e-05
2.93215     -2.30383    8.34261e-05
3.14159     -2.30383    0.000122515

-3.14159     -2.0944    9.62698e-05
-2.93215     -2.0944    8.40525e-05
-2.72271     -2.0944    0.000115986
-2.51327     -2.0944    0.000149631
-2.30383     -2.0944    0.000161088
-2.0944     -2.0944    0.000147114
-1.88496     -2.0944    0.000117286
-1.67552     -2.0944    0.0001036
-1.46608     -2.0944    5.23367e-05
-1.25664     -2.0944    1.93701e-05
-1.0472     -2.0944    3.24668e-05
-0.837758     -2.0944    6.07008e-05
-0.628319     -2.0944    8.0462e-05
-0.418879     -2.0944    9.18745e-05
-0.20944     -2.0944    8.32163e-05
0     -2.0944    9.56129e-05
0.20944     -2.0944    8.31469e-05
0.418879     -2.0944    9.18681e-05
0.628319     -2.0944    8.04623e-05
0.837758     -2.0944    6.06992e-05
1.0472     -2.0944    3.24708e-05
1.25664     -2.0944    1.93704e-05
1.46608     -2.0944    5.23324e-05
1.67552     -2.0944    0.000103597
1.88496     -2.0944    0.000117281
2.0944     -2.0944    0.000147107
2.30383     -2.0944    0.000161086
2.51327     -2.0944    0.000149635
2.72271     -2.0944    0.000115992
2.93215     -2.0944    8.40576e-05
3.14159     -2.0944    9.62749e-05

-3.14159     -1.88496    8.12324e-05
-2.93215     -1.88496    9.68768e-05
-2.72271     -1.88496    0.000145731
-2.51327     -1.88496    0.000167368
-2.30383     -1.88496    0.000170128
-2.0944     -1.88496    0.000145323
-1.88496     -1.88496    0.000123166
-1.67552     -1.88496    0.000111896
-1.46608     -1.88496    7.77938e-05
-1.25664     -1.88496    3.31389e-05
-1.0472     -1.88496    2.02792e-05
-0.837758     -1.88496    3.05526e-05
-0.628319     -1.88496    5.29123e-05
-0.418879     -1.88496    5.99023e-05
-0.20944     -1.88496    5.26147e-05
0     -1.88496    4.32399e-05
0.20944     -1.88496    5.2752e-05
0.418879     -1.88496    5.99067e-05
0.628319     -1.88496    5.29096e-05
0.837758     -1.88496    3.05546e-05
1.0472     -1.88496    2.02847e-05
1.25664     -1.88496    3.31417e-05
1.46608     -1.88496    7.7794e-05
1.67552     -1.88496    0.000111893
1.88496     -1.88496    0.000123161
2.0944     -1.88496    0.000145316
2.30383     -1.88496    0.000170125
2.51327     -1.88496    0.000167371
2.72271     -1.88496    0.000145737
2.93215     -1.88496    9.68829e-05
3.14159     -1.88496    8.12376e-05

-3.14159     -1.67552    8.4457e-05
-2.93215     -1.67552    0.000130118
-2.72271     -1.67552    0.000171915
-2.51327     -1.67552    0.000172388
-2.30383     -1.67552    0.000163518
-2.0944     -1.67552    0.000131963
-1.88496     -1.67552    0.000120343
-1.67552     -1.67552    0.000109852
-1.46608     -1.67552    7.40989e-05
-1.25664     -1.67552    3.67328e-05
-1.0472     -1.67552    3.26215e-06
-0.837758     -1.67552    4.4524e-06
-0.628319     -1.67552    2.31327e-05
-0.418879     -1.67552    2.96872e-05
-0.20944     -1.67552    1.43699e-05
0     -1.67552    2.08724e-05
0.20944     -1.67552    1.41687e-05
0.418879     -1.67552    2.96897e-05
0.628319     -1.67552    2.31378e-05
0.837758     -1.67552    4.45267e-06
1.0472     -1.67552    3.25989e-06
1.25664     -1.67552    3.67386e-05
1.46608     -1.67552    7.40963e-05
1.67552     -1.67552    0.000109846
1.88496     -1.67552    0.000120338
2.0944     -1.67552    0.000131955
2.30383     -1.67552    0.000163513
2.51327     -1.67552    0.000172389
2.72271     -1.67552    0.00017192
2.93215     -1.67552    0.000130124
3.14159     -1.67552    8.44622e-05

-3.14159     -1.46608    0.000103706
-2.93215     -1.46608    0.000154933
-2.72271     -1.46608    0.000178512
-2.51327     -1.46608    0.000163275
-2.30383     -1.46608    0.000155745
-2.0944     -1.46608    0.000124567
-1.88496     -1.46608    0.000110547
-1.67552     -1.46608    0.000104386
-1.46608     -1.46608    7.50092e-05
-1.25664     -1.46608    4.37329e-05
-1.0472     -1.46608    5.03844e-08
-0.837758     -1.46608    2.33043e-05
-0.628319     -1.46608    1.06126e-05
-0.418879     -1.46608    3.21707e-06
-0.20944     -1.46608    2.59766e-05
0     -1.46608    2.23547e-05
0.20944     -1.46608    2.573e-05
0.418879     -1.46608    3.21219e-06
0.628319     -1.46608    1.06141e-05
0.837758     -1.46608    2.33087e-05
1.0472     -1.46608    4.92887e-08
1.25664     -1.46608    4.37291e-05
1.46608     -1.46608    7.50061e-05
1.67552     -1.46608    0.000104381
1.88496     -1.46608    0.000110541
2.0944     -1.46608    0.000124558
2.30383     -1.46608    0.000155739
2.51327     -1.46608    0.000163273
2.72271     -1.46608    0.000178514
2.93215     -1.46608    0.000154938
3.14159     -1.46608    0.000103711

-3.14159     -1.25664    0.000131422
-2.93215     -1.25664    0.000159917
-2.72271     -1.25664    0.000171164
-2.51327     -1.25664    0.000160997
-2.30383     -1.25664    0.00014514
-2.0944     -1.25664    0.000117277
-1.88496     -1.25664    0.000107294
-1.67552     -1.25664    8.22625e-05
-1.46608     -1.25664    5.89435e-05
-1.25664     -1.25664    3.9223e-05
-1.0472     -1.25664    4.71616e-06
-0.837758     -1.25664    1.80886e-05
-0.628319     -1.25664    2.15953e-05
-0.418879     -1.25664    2.44318e-05
-0.20944     -1.25664    4.24969e-05
0     -1.25664    6.99134e-05
0.20944     -1.25664    4.27528e-05
0.418879     -1.25664    2.44437e-05
0.628319     -1.25664    2.16045e-05
0.837758     -1.25664    1.80927e-05
1.0472     -1.25664    4.70931e-06
1.25664     -1.25664    3.92212e-05
1.46608     -1.25664    5.89417e-05
1.67552     -1.25664    8.22567e-05
1.88496     -1.25664    0.000107287
2.0944     -1.25664    0.000117267
2.30383     -1.25664    0.000145132
2.51327     -1.25664    0.000160992
2.72271     -1.25664    0.000171162
2.93215     -1.25664    0.000159919
3.14159     -1.25664    0.000131426

-3.14159     -1.0472    0.000145543
-2.93215     -1.0472    0.000167855
-2.72271     -1.0472    0.000168432
-2.51327     -1.0472    0.000141671
-2.30383     -1.0472    0.000120043
-2.0944     -1.0472    0.000109083
-1.88496     -1.0472    9.47488e-05
-1.67552     -1.0472    6.38037e-05
-1.46608     -1.0472    3.83852e-05
-1.25664     -1.0472    3.26102e-06
-1.0472     -1.0472    9.77807e-06
-0.837758     -1.0472    2.62909e-05
-0.628319     -1.0472    3.53066e-05
-0.418879     -1.0472    4.00795e-05
-0.20944     -1.0472    5.52147e-05
0     -1.0472    6.67405e-05
0.20944     -1.0472    5.50309e-05
0.418879     -1.0472    4.00923e-05
0.628319     -1.0472    3.53293e-05
0.837758     -1.0472    2.63114e-05
1.0472     -1.0472    9.77644e-06
1.25664     -1.0472    3.26494e-06
1.46608     -1.0472    3.83818e-05
1.67552     -1.0472    6.3796e-05
1.88496     -1.0472    9.47402e-05
2.0944     -1.0472    0.000109074
2.30383     -1.0472    0.000120036
2.51327     -1.0472    0.000141663
2.72271     -1.0472    0.000168427
2.93215     -1.0472    0.000167854
3.14159     -1.0472    0.000145544

-3.14159     -0.837758    0.000146442
-2.93215     -0.837758    0.000151464
-2.72271     -0.837758    0.000145872
-2.51327     -0.837758    0.000125039
-2.30383     -0.837758    0.000114991
-2.0944     -0.837758    0.000107919
-1.88496     -0.837758    7.6785e-05
-1.67552     -0.837758    4.83011e-05
-1.46608     -0.837758    1.98187e-05
-1.25664     -0.837758    1.93303e-05
-1.0472     -0.837758    4.01173e-05
-0.837758     -0.837758    3.29468e-05
-0.628319     -0.837758    4.94811e-05
-0.418879     -0.837758    6.41214e-05
-0.20944     -0.837758    7.54526e-05
0     -0.837758    0.000140628
0.20944     -0.837758    7.55072e-05
0.418879     -0.837758    6.4141e-05
0.628319     -0.837758    4.95198e-05
0.837758     -0.837758    3.29657e-05
1.0472     -0.837758    4.01122e-05
1.25664     -0.837758    1.93274e-05
1.46608     -0.837758    1.9818e-05
1.67552     -0.837758    4.82958e-05
1.88496     -0.837758    7.67783e-05
2.0944     -0.837758    0.000107912
2.30383     -0.837758    0.000114985
2.51327     -0.837758    0.000125033
2.72271     -0.837758    0.000145865
2.93215     -0.837758    0.00015146
3.14159     -0.837758    0.000146441

-3.14159     -0.628319    0.000143114
-2.93215     -0.628319    0.000140061
-2.72271     -0.628319    0.000120293
-2.51327     -0.628319    0.000123315
-2.30383     -0.628319    0.000111471
-2.0944     -0.628319    9.40855e-05
-1.88496     -0.628319    6.80083e-05
-1.67552     -0.628319    3.75227e-05
-1.46608     -0.628319    6.20358e-06
-1.25664     -0.628319    3.58453e-05
-1.0472     -0.628319    6.43961e-05
-0.837758     -0.628319    7.59721e-05
-0.628319     -0.628319    6.97468e-05
-0.418879     -0.628319    8.4161e-05
-0.20944     -0.628319    0.000106064
0     -0.628319    0.000102619
0.20944     -0.628319    0.000106282
0.418879     -0.628319    8.4284e-05
0.628319     -0.628319    6.97804e-05
0.837758     -0.628319    7.59758e-05
1.0472     -0.628319    6.44008e-05
1.25664     -0.628319    3.58473e-05
1.46608     -0.628319    6.20608e-06
1.67552     -0.628319    3.75176e-05
1.88496     -0.628319    6.80019e-05
2.0944     -0.628319    9.40808e-05
2.30383     -0.628319    0.000111467
2.51327     -0.628319    0.000123312
2.72271     -0.628319    0.000120288
2.93215     -0.628319    0.000140056
3.14159     -0.628319    0.000143111

-3.14159     -0.418879    9.04133e-05
-2.93215     -0.418879    8.46633e-05
-2.72271     -0.418879    9.82762e-05
-2.51327     -0.418879    0.000102365
-2.30383     -0.418879    8.7357e-05
-2.0944     -0.418879    6.45354e-05
-1.88496     -0.418879    5.28529e-05
-1.67552     -0.418879    2.8018e-05
-1.46608     -0.418879    6.70723e-06
-1.25664     -0.418879    3.58051e-05
-1.0472     -0.418879    5.65542e-05
-0.837758     -0.418879    9.35431e-05
-0.628319     -0.418879    0.000117687
-0.418879     -0.418879    0.000126261
-0.20944     -0.418879    0.000153352
0     -0.418879    0.000221101
0.20944     -0.418879    0.000152846
0.418879     -0.418879    0.000126456
0.628319     -0.418879    0.000117753
0.837758     -0.418879    9.35506e-05
1.0472     -0.418879    5.65525e-05
1.25664     -0.418879    3.58035e-05
1.46608     -0.418879    6.70859e-06
1.67552     -0.418879    2.80149e-05
1.88496     -0.418879    5.28488e-05
2.0944     -0.418879    6.45331e-05
2.30383     -0.418879    8.73563e-05
2.51327     -0.418879    0.000102362
2.72271     -0.418879    9.82737e-05
2.93215     -0.418879    8.46594e-05
3.14159     -0.418879    9.04094e-05

-3.14159     -0.20944    5.51517e-05
-2.93215     -0.20944    4.30654e-05
-2.72271     -0.20944    5.32044e-05
-2.51327     -0.20944    5.0713e-05
-2.30383     -0.20944    4.64047e-05
-2.0944     -0.20944    3.20244e-05
-1.88496     -0.20944    1.45619e-05
-1.67552     -0.20944    1.05651e-06
-1.46608     -0.20944    1.1226e-05
-1.25664     -0.20944    2.73524e-05
-1.0472     -0.20944    4.70238e-05
-0.837758     -0.20944    7.27086e-05
-0.628319     -0.20944    0.000123094
-0.418879     -0.20944    0.000165262
-0.20944     -0.20944    0.000217651
0     -0.20944    0.000211493
0.20944     -0.20944    0.000220789
0.418879     -0.20944    0.000165485
0.628319     -0.20944    0.000123173
0.837758     -0.20944    7.27206e-05
1.0472     -0.20944    4.70343e-05
1.25664     -0.20944    2.73478e-05
1.46608     -0.20944    1.12285e-05
1.67552     -0.20944    1.05635e-06
1.88496     -0.20944    1.45598e-05
2.0944     -0.20944    3.20228e-05
2.30383     -0.20944    4.6403e-05
2.51327     -0.20944    5.07122e-05
2.72271     -0.20944    5.32023e-05
2.93215     -0.20944    4.30624e-05
3.14159     -0.20944    5.51487e-05

-3.14159     0    6.5303e-05
-2.93215     0    6.10972e-05
-2.72271     0    2.48575e-05
-2.51327     0    1.9719e-05
-2.30383     0    1.95628e-05
-2.0944     0    1.49005e-05
-1.88496     0    1.07138e-05
-1.67552     0    2.30366e-05
-1.46608     0    2.5413e-05
-1.25664     0    3.1682e-05
-1.0472     0    5.14506e-05
-0.837758     0    7.43846e-05
-0.628319     0    0.000100793
-0.418879     0    0.000169485
-0.20944     0    0.000257859
0     0    3.77319e-16
0.20944     0    0.000257859
0.418879     0    0.000169485
0.628319     0    0.000100793
0.837758     0    7.43846e-05
1.0472     0    5.14506e-05
1.25664     0    3.1682e-05
1.46608     0    2.5413e-05
1.67552     0    2.30366e-05
1.88496     0    1.07138e-05
2.0944     0    1.49005e-05
2.30383     0    1.95628e-05
2.51327     0    1.9719e-05
2.72271     0    2.48575e-05
2.93215     0    6.10972e-05
3.14159     0    6.5303e-05

-3.14159     0.20944    5.51487e-05
-2.93215     0.20944    4.30624e-05
-2.72271     0.20944    5.32023e-05
-2.51327     0.20944    5.07122e-05
-2.30383     0.20944    4.6403e-05
-2.0944     0.20944    3.20228e-05
-1.88496     0.20944    1.45598e-05
-1.67552     0.20944    1.05635e-06
-1.46608     0.20944    1.12285e-05
-1.25664     0.20944    2.73478e-05
-1.0472     0.20944    4.70343e-05
-0.837758     0.20944    7.27206e-05
-0.628319     0.20944    0.000123173
-0.418879     0.20944    0.000165485
-0.20944     0.20944    0.000220789
0     0.20944    0.000211493
0.20944     0.20944    0.000217651
0.418879     0.20944    0.000165262
0.628319     0.20944    0.000123094
0.837758     0.20944    7.27086e-05
1.0472     0.20944    4.70238e-05
1.25664     0.20944    2.73524e-05
1.46608     0.20944    1.1226e-05
1.67552     0.20944    1.05651e-06
1.88496     0.20944    1.45619e-05
2.0944     0.20944    3.20244e-05
2.30383     0.20944    4.64047e-05
2.51327     0.20944    5.0713e-05
2.72271     0.20944    5.32044e-05
2.93215     0.20944    4.30654e-05
3.14159     0.20944    5.51517e-05

-3.14159     0.418879    9.04094e-05
-2.93215     0.418879    8.46594e-05
-2.72271     0.418879    9.82737e-05
-2.51327     0.418879    0.000102362
-2.30383     0.418879    8.73563e-05
-2.0944     0.418879    6.45331e-05
-1.88496     0.418879    5.28488e-05
-1.67552     0.418879    2.80149e-05
-1.46608     0.418879    6.70859e-06
-1.25664     0.418879    3.58035e-05
-1.0472     0.418879    5.65525e-05
-0.837758     0.418879    9.35506e-05
-0.628319     0.418879    0.000117753
-0.418879     0.418879    0.000126456
-0.20944     0.418879    0.000152846
0     0.418879    0.000221101
0.20944     0.418879    0.000153352
0.418879     0.418879    0.000126261
0.628319     0.418879    0.000117687
0.837758     0.418879    9.35431e-05
1.0472     0.418879    5.65542e-05
1.25664     0.418879    3.58051e-05
1.46608     0.418879    6.70723e-06
1.67552     0.418879    2.8018e-05
1.88496     0.418879    5.28529e-05
2.0944     0.418879    6.45354e-05
2.30383     0.418879    8.7357e-05
2.51327     0.418879    0.000102365
2.72271     0.418879    9.82762e-05
2.93215     0.418879    8.46633e-05
3.14159     0.418879    9.04133e-05

-3.14159     0.628319    0.000143111
-2.93215     0.628319    0.000140056
-2.72271     0.628319    0.000120288
-2.51327     0.628319    0.000123312
-2.30383     0.628319    0.000111467
-2.0944     0.628319    9.40808e-05
-1.88496     0.628319    6.80019e-05
-1.67552     0.628319    3.75176e-05
-1.46608     0.628319    6.20608e-06
-1.25664     0.628319    3.58473e-05
-1.0472     0.628319    6.44008e-05
-0.837758     0.628319    7.59758e-05
-0.628319     0.628319    6.97804e-05
-0.418879     0.628319    8.4284e-05
-0.20944     0.628319    0.000106282
0     0.628319    0.000102619
0.20944     0.628319    0.000106064
0.418879     0.628319    8.4161e-05
0.628319     0.628319    6.97468e-05
0.837758     0.628319    7.59721e-05
1.0472     0.628319    6.43961e-05
1.25664     0.628319    3.58453e-05
1.46608     0.628319    6.20358e-06
1.67552     0.628319    3.75227e-05
1.88496     0.628319    6.80083e-05
2.0944     0.628319    9.40855e-05
2.30383     0.628319    0.000111471
2.51327     0.628319    0.000123315
2.72271     0.628319    0.000120293
2.93215     0.628319    0.000140061
3.14159     0.628319    0.000143114

-3.14159     0.837758    0.000146441
-2.93215     0.837758    0.00015146
-2.72271     0.837758    0.000145865
-2.51327     0.837758    0.000125033
-2.30383     0.837758    0.000114985
-2.0944     0.837758    0.000107912
-1.88496     0.837758    7.67783e-05
-1.67552     0.837758    4.82958e-05
-1.46608     0.837758    1.9818e-05
-1.25664     0.837758    1.93274e-05
-1.0472     0.837758    4.01122e-05
-0.837758     0.837758    3.29657e-05
-0.628319     0.837758    4.95198e-05
-0.418879     0.837758    6.4141e-05
-0.20944     0.837758    7.55072e-05
0     0.837758    0.000140628
0.20944     0.837758    7.54526e-05
0.418879     0.837758    6.41214e-05
0.628319     0.837758    4.94811e-05
0.837758     0.837758    3.29468e-05
1.0472     0.837758    4.01173e-05
1.25664     0.837758    1.93303e-05
1.46608     0.837758    1.98187e-05
1.67552     0.837758    4.83011e-05
1.88496     0.837758    7.6785e-05
2.0944     0.837758    0.000107919
2.30383     0.837758    0.000114991
2.51327     0.837758    0.000125039
2.72271     0.837758    0.000145872
2.93215     0.837758    0.000151464
3.14159     0.837758    0.000146442

-3.14159     1.0472    0.000145544
-2.93215     1.0472    0.000167854
-2.72271     1.0472    0.000168427
-2.51327     1.0472    0.000141663
-2.30383     1.0472    0.000120036
-2.0944     1.0472    0.000109074
-1.88496     1.0472    9.47402e-05
-1.67552     1.0472    6.3796e-05
-1.46608     1.0472    3.83818e-05
-1.25664     1.0472    3.26494e-06
-1.0472     1.0472    9.77644e-06
-0.837758     1.0472    2.63114e-05
-0.628319     1.0472    3.53293e-05
-0.418879     1.0472    4.00923e-05
-0.20944     1.0472    5.50309e-05
0     1.0472    6.67405e-05
0.20944     1.0472    5.52147e-05
0.418879     1.0472    4.00795e-05
0.628319     1.0472    3.53066e-05
0.837758     1.0472    2.62909e-05
1.0472     1.0472    9.77807e-06
1.25664     1.0472    3.26102e-06
1.46608     1.0472    3.83852e-05
1.67552     1.0472    6.38037e-05
1.88496     1.0472    9.47488e-05
2.0944     1.0472    0.000109083
2.30383     1.0472    0.000120043
2.51327     1.0472    0.000141671
2.72271     1.0472    0.000168432
2.93215     1.0472    0.000167855
3.14159     1.0472    0.000145543

-3.14159     1.25664    0.000131426
-2.93215     1.25664    0.000159919
-2.72271     1.25664    0.000171162
-2.51327     1.25664    0.000160992
-2.30383     1.25664    0.000145132
-2.0944     1.25664    0.000117267
-1.88496     1.25664    0.000107287
-1.67552     1.25664    8.22567e-05
-1.46608     1.25664    5.89417e-05
-1.25664     1.25664    3.92212e-05
-1.0472     1.25664    4.70931e-06
-0.837758     1.25664    1.80927e-05
-0.628319     1.25664    2.16045e-05
-0.418879     1.25664    2.44437e-05
-0.20944     1.25664    4.27528e-05
0     1.25664    6.99134e-05
0.20944     1.25664    4.24969e-05
0.418879     1.25664    2.44318e-05
0.628319     1.25664    2.15953e-05
0.837758     1.25664    1.80886e-05
1.0472     1.25664    4.71616e-06
1.25664     1.25664    3.9223e-05
1.46608     1.25664    5.89435e-05
1.67552     1.25664    8.22625e-05
1.88496     1.25664    0.000107294
2.0944     1.25664    0.000117277
2.30383     1.25664    0.00014514
2.51327     1.25664    0.000160997
2.72271     1.25664    0.000171164
2.93215     1.25664    0.000159917
3.14159     1.25664    0.000131422

-3.14159     1.46608    0.000103711
-2.93215     1.46608    0.000154938
-2.72271     1.46608    0.000178514
-2.51327     1.46608    0.000163273
-2.30383     1.46608    0.000155739
-2.0944     1.46608    0.000124558
-1.88496     1.46608    0.000110541
-1.67552     1.46608    0.000104381
-1.46608     1.46608    7.50061e-05
-1.25664     1.46608    4.37291e-05
-1.0472     1.46608    4.92887e-08
-0.837758     1.46608    2.33087e-05
-0.628319     1.46608    1.06141e-05
-0.418879     1.46608    3.21219e-06
-0.20944     1.46608    2.573e-05
0     1.46608    2.23547e-05
0.20944     1.46608    2.59766e-05
0.418879     1.46608    3.21707e-06
0.628319     1.46608    1.06126e-05
0.837758     1.46608    2.33043e-05
1.0472     1.46608    5.03844e-08
1.25664     1.46608    4.37329e-05
1.46608     1.46608    7.50092e-05
1.67552     1.46608    0.000104386
1.88496     1.46608    0.000110547
2.0944     1.46608    0.000124567
2.30383     1.46608    0.000155745
2.51327     1.46608    0.000163275
2.72271     1.46608    0.000178512
2.93215     1.46608    0.000154933
3.14159     1.46608    0.000103706

-3.14159     1.67552    8.44622e-05
-2.93215     1.67552    0.000130124
-2.72271     1.67552    0.00017192
-2.51327     1.67552    0.000172389
-2.30383     1.67552    0.000163513
-2.0944     1.67552    0.000131955
-1.88496     1.67552    0.000120338
-1.67552     1.67552    0.000109846
-1.46608     1.67552    7.40963e-05
-1.25664     1.67552    3.67386e-05
-1.0472     1.67552    3.25989e-06
-0.837758     1.67552    4.45267e-06
-0.628319     1.67552    2.31378e-05
-0.418879     1.67552    2.96897e-05
-0.20944     1.67552    1.41687e-05
0     1.67552    2.08724e-05
0.20944     1.67552    1.43699e-05
0.418879     1.67552    2.96872e-05
0.628319     1.67552    2.31327e-05
0.837758     1.67552    4.4524e-06
1.0472     1.67552    3.26215e-06
1.25664     1.67552    3.67328e-05
1.46608     1.67552    7.40989e-05
1.67552     1.67552    0.000109852
1.88496     1.67552    0.000120343
2.0944     1.67552    0.000131963
2.30383     1.67552    0.000163518
2.51327     1.67552    0.000172388
2.72271     1.67552    0.000171915
2.93215     1.67552    0.000130118
3.14159     1.67552    8.4457e-05

-3.14159     1.88496    8.12376e-05
-2.93215     1.88496    9.68829e-05
-2.72271     1.88496    0.000145737
-2.51327     1.88496    0.000167371
-2.30383     1.88496    0.000170125
-2.0944     1.88496    0.000145316
-1.88496     1.88496    0.000123161
-1.67552     1.88496    0.000111893
-1.46608     1.88496    7.7794e-05
-1.25664     1.88496    3.31417e-05
-1.0472     1.88496    2.02847e-05
-0.837758     1.88496    3.05546e-05
-0.628319     1.88496    5.29096e-05
-0.418879     1.88496    5.99067e-05
-0.20944     1.88496    5.2752e-05
0     1.88496    4.32399e-05
0.20944     1.88496    5.26147e-05
0.418879     1.88496    5.99023e-05
0.628319     1.88496    5.29123e-05
0.837758     1.88496    3.05526e-05
1.0472     1.88496    2.02792e-05
1.25664     1.88496    3.31389e-05
1.46608     1.88496    7.77938e-05
1.67552     1.88496    0.000111896
1.88496     1.88496    0.000123166
2.0944     1.88496    0.000145323
2.30383     1.88496    0.000170128
2.51327     1.88496    0.000167368
2.72271     1.88496    0.000145731
2.93215     1.88496    9.68768e-05
3.14159     1.88496    8.12324e-05

-3.14159     2.0944    9.62749e-05
-2.93215     2.0944    8.40576e-05
-2.72271     2.0944    0.000115992
-2.51327     2.0944    0.000149635
-2.30383     2.0944    0.000161086
-2.0944     2.0944    0.000147107
-1.88496     2.0944    0.000117281
-1.67552     2.0944    0.000103597
-1.46608     2.0944    5.23324e-05
-1.25664     2.0944    1.93704e-05
-1.0472     2.0944    3.24708e-05
-0.837758     2.0944    6.06992e-05
-0.628319     2.0944    8.04623e-05
-0.418879     2.0944    9.18681e-05
-0.20944     2.0944    8.31469e-05
0     2.0944    9.56129e-05
0.20944     2.0944    8.32163e-05
0.418879     2.0944    9.18745e-05
0.628319     2.0944    8.0462e-05
0.837758     2.0944    6.07008e-05
1.0472     2.0944    3.24668e-05
1.25664     2.0944    1.93701e-05
1.46608     2.0944    5.23367e-05
1.67552     2.0944    0.0001036
1.88496     2.0944    0.000117286
2.0944     2.0944    0.000147114
2.30383     2.0944    0.000161088
2.51327     2.0944    0.000149631
2.72271     2.0944    0.000115986
2.93215     2.0944    8.40525e-05
3.14159     2.0944    9.62698e-05

-3.14159     2.30383    0.000122515
-2.93215     2.30383    8.34261e-05
-2.72271     2.30383    8.96617e-05
-2.51327     2.30383    0.000130256
-2.30383     2.30383    0.000145608
-2.0944     2.30383    0.000144937
-1.88496     2.30383    0.000107084
-1.67552     2.30383    5.89994e-05
-1.46608     2.30383    3.56294e-05
-1.25664     2.30383    2.79152e-05
-1.0472     2.30383    6.02012e-05
-0.837758     2.30383    0.000102357
-0.628319     2.30383    0.000110361
-0.418879     2.30383    0.000113236
-0.20944     2.30383    0.000108997
0     2.30383    9.92404e-05
0.20944     2.30383    0.000108984
0.418879     2.30383    0.000113227
0.628319     2.30383    0.000110361
0.837758     2.30383    0.000102354
1.0472     2.30383    6.02026e-05
1.25664     2.30383    2.79105e-05
1.46608     2.30383    3.56289e-05
1.67552     2.30383    5.90015e-05
1.88496     2.30383    0.000107088
2.0944     2.30383    0.000144941
2.30383     2.30383    0.000145608
2.51327     2.30383    0.000130251
2.72271     2.30383    8.96567e-05
2.93215     2.30383    8.34216e-05
3.14159     2.30383    0.000122511

-3.14159     2.51327    0.000143875
-2.93215     2.51327    9.70102e-05
-2.72271     2.51327    7.73017e-05
-2.51327     2.51327    8.60597e-05
-2.30383     2.51327    0.000118816
-2.0944     2.51327    0.000125616
-1.88496     2.51327    7.79778e-05
-1.67552     2.51327    4.34993e-05
-1.46608     2.51327    5.91533e-05
-1.25664     2.51327    3.80116e-05
-1.0472     2.51327    8.64948e-05
-0.837758     2.51327    0.000114129
-0.628319     2.51327    0.000122597
-0.418879     2.51327    0.000116866
-0.20944     2.51327    0.000121894
0     2.51327    0.000134698
0.20944     2.51327    0.00012186
0.418879     2.51327    0.000116871
0.628319     2.51327    0.000122598
0.837758     2.51327    0.00011413
1.0472     2.51327    8.64927e-05
1.25664     2.51327    3.80091e-05
1.46608     2.51327    5.915e-05
1.67552     2.51327    4.34983e-05
1.88496     2.51327    7.79798e-05
2.0944     2.51327    0.000125616
2.30383     2.51327    0.000118813
2.51327     2.51327    8.60558e-05
2.72271     2.51327    7.72977e-05
2.93215     2.51327    9.70074e-05
3.14159     2.51327    0.000143873

-3.14159     2.72271    0.000145413
-2.93215     2.72271    0.000109457
-2.72271     2.72271    7.43899e-05
-2.51327     2.72271    7.64413e-05
-2.30383     2.72271    8.15575e-05
-2.0944     2.72271    6.6104e-05
-1.88496     2.72271    6.43764e-05
-1.67552     2.72271    6.75885e-05
-1.46608     2.72271    6.0541e-05
-1.25664     2.72271    4.8863e-05
-1.0472     2.72271    0.000100552
-0.837758     2.72271    0.000124037
-0.628319     2.72271    0.000140503
-0.418879     2.72271    0.000144177
-0.20944     2.72271    0.000149754
0     2.72271    0.00015308
0.20944     2.72271    0.000149805
0.418879     2.72271    0.00014417
0.628319     2.72271    0.000140502
0.837758     2.72271    0.000124036
1.0472     2.72271    0.000100552
1.25664     2.72271    4.88585e-05
1.46608     2.72271    6.05371e-05
1.67552     2.72271    6.75857e-05
1.88496     2.72271    6.43746e-05
2.0944     2.72271    6.61012e-05
2.30383     2.72271    8.15525e-05
2.51327     2.72271    7.6437e-05
2.72271     2.72271    7.43875e-05
2.93215     2.72271    0.000109455
3.14159     2.72271    0.000145413

-3.14159     2.93215    0.000148032
-2.93215     2.93215    0.00011389
-2.72271     2.93215    7.50829e-05
-2.51327     2.93215    5.68986e-05
-2.30383     2.93215    3.10398e-05
-2.0944     2.93215    3.94479e-05
-1.88496     2.93215    7.88588e-05
-1.67552     2.93215    8.7711e-05
-1.46608     2.93215    6.44628e-05
-1.25664     2.93215    7.82827e-05
-1.0472     2.93215    0.000131003
-0.837758     2.93215    0.000148535
-0.628319     2.93215    0.000160365
-0.418879     2.93215    0.00017142
-0.20944     2.93215    0.000171632
0     2.93215    0.000166485
0.20944     2.93215    0.000171578
0.418879     2.93215    0.000171421
0.628319     2.93215    0.000160366
0.837758     2.93215    0.000148535
1.0472     2.93215    0.000131003
1.25664     2.93215    7.82813e-05
1.46608     2.93215    6.44579e-05
1.67552     2.93215    8.77089e-05
1.88496     2.93215    7.88557e-05
2.0944     2.93215    3.94429e-05
2.30383     2.93215    3.1034e-05
2.51327     2.93215    5.68928e-05
2.72271     2.93215    7.50795e-05
2.93215     2.93215    0.00011389
3.14159     2.93215    0.000148034

-3.14159     3.14159    0.000111361
-2.93215     3.14159    8.52069e-05
-2.72271     3.14159    4.97616e-05
-2.51327     3.14159    2.14539e-05
-2.30383     3.14159    3.62587e-05
-2.0944     3.14159    6.77991e-05
-1.88496     3.14159    8.94593e-05
-1.67552     3.14159    8.43629e-05
-1.46608     3.14159    5.90557e-05
-1.25664     3.14159    8.49082e-05
-1.0472     3.14159    0.000135698
-0.837758     3.14159    0.000146473
-0.628319     3.14159    0.000159861
-0.418879     3.14159    0.000162844
-0.20944     3.14159    0.000169465
0     3.14159    0.000178799
0.20944     3.14159    0.000169503
0.418879     3.14159    0.000162843
0.628319     3.14159    0.00015986
0.837758     3.14159    0.000146473
1.0472     3.14159    0.000135695
1.25664     3.14159    8.49041e-05
1.46608     3.14159    5.9053e-05
1.67552     3.14159    8.43616e-05
1.88496     3.14159    8.9458e-05
2.0944     3.14159    6.77946e-05
2.30383     3.14159    3.62528e-05
2.51327     3.14159    2.14492e-05
2.72271     3.14159    4.97589e-05
2.93215     3.14159    8.5207e-05
3.14159     3.14159    0.000111364

