-3.14159     -3.14159    3.23752e-06
-2.93215     -3.14159    5.23021e-06
-2.72271     -3.14159    6.98515e-06
-2.51327     -3.14159    8.03988e-06
-2.30383     -3.14159    8.40203e-06
-2.0944     -3.14159    8.37784e-06
-1.88496     -3.14159    8.25603e-06
-1.67552     -3.14159    7.95303e-06
-1.46608     -3.14159    7.0625e-06
-1.25664     -3.14159    5.2374e-06
-1.0472     -3.14159    2.95144e-06
-0.837758     -3.14159    9.44962e-07
-0.628319     -3.14159    5.1366e-07
-0.418879     -3.14159    1.42634e-06
-0.20944     -3.14159    1.88767e-06
0     -3.14159    2.04557e-06
0.20944     -3.14159    1.88777e-06
0.418879     -3.14159    1.42666e-06
0.628319     -3.14159    5.13307e-07
0.837758     -3.14159    9.44257e-07
1.0472     -3.14159    2.95252e-06
1.25664     -3.14159    5.23571e-06
1.46608     -3.14159    7.06222e-06
1.67552     -3.14159    7.95186e-06
1.88496     -3.14159    8.25736e-06
2.0944     -3.14159    8.3788e-06
2.30383     -3.14159    8.39915e-06
2.51327     -3.14159    8.03952e-06
2.72271     -3.14159    6.98165e-06
2.93215     -3.14159    5.23074e-06
3.14159     -3.14159    3.2387e-06

-3.14159     -2.93215    1.7295e-06
-2.93215     -2.93215    3.84845e-06
-2.72271     -2.93215    5.74122e-06
-2.51327     -2.93215    6.9601e-06
-2.30383     -2.93215    7.54742e-06
-2.0944     -2.93215    7.70436e-06
-1.88496     -2.93215    7.56598e-06
-1.67552     -2.93215    7.14272e-06
-1.46608     -2.93215    6.17062e-06
-1.25664     -2.93215    4.31058e-06
-1.0472     -2.93215    1.94984e-06
-0.837758     -2.93215    6.66795e-08
-0.628319     -2.93215    1.40348e-06
-0.418879     -2.93215    2.15634e-06
-0.20944     -2.93215    2.52131e-06
0     -2.93215    2.60341e-06
0.20944     -2.93215    2.52006e-06
0.418879     -2.93215    2.16118e-06
0.628319     -2.93215    1.40309e-06
0.837758     -2.93215    6.69181e-08
1.0472     -2.93215    1.94944e-06
1.25664     -2.93215    4.31116e-06
1.46608     -2.93215    6.16968e-06
1.67552     -2.93215    7.14096e-06
1.88496     -2.93215    7.56393e-06
2.0944     -2.93215    7.7063e-06
2.30383     -2.93215    7.5494e-06
2.51327     -2.93215    6.9615e-06
2.72271     -2.93215    5.73948e-06
2.93215     -2.93215    3.8459e-06
3.14159     -2.93215    1.73054e-06

-3.14159     -2.72271    7.34537e-07
-2.93215     -2.72271    2.75575e-06
-2.72271     -2.72271    4.41404e-06
-2.51327     -2.72271    5.32823e-06
-2.30383     -2.72271    5.72455e-06
-2.0944     -2.72271    5.94142e-06
-1.88496     -2.72271    6.06718e-06
-1.67552     -2.72271    5.94747e-06
-1.46608     -2.72271    5.25237e-06
-1.25664     -2.72271    3.63873e-06
-1.0472     -2.72271    1.38642e-06
-0.837758     -2.72271    5.58753e-07
-0.628319     -2.72271    1.76316e-06
-0.418879     -2.72271    2.34638e-06
-0.20944     -2.72271    2.57761e-06
0     -2.72271    2.65777e-06
0.20944     -2.72271    2.57889e-06
0.418879     -2.72271    2.33491e-06
0.628319     -2.72271    1.7629e-06
0.837758     -2.72271    5.59954e-07
1.0472     -2.72271    1.38654e-06
1.25664     -2.72271    3.63801e-06
1.46608     -2.72271    5.25504e-06
1.67552     -2.72271    5.94782e-06
1.88496     -2.72271    6.06838e-06
2.0944     -2.72271    5.93886e-06
2.30383     -2.72271    5.72183e-06
2.51327     -2.72271    5.32861e-06
2.72271     -2.72271    4.41169e-06
2.93215     -2.72271    2.75478e-06
3.14159     -2.72271    7.34894e-07

-3.14159     -2.51327    2.26682e-07
-2.93215     -2.51327    1.9697e-06
-2.72271     -2.51327    3.09336e-06
-2.51327     -2.51327    3.41311e-06
-2.30383     -2.51327    3.36394e-06
-2.0944     -2.51327    3.47952e-06
-1.88496     -2.51327    3.90704e-06
-1.67552     -2.51327    4.33844e-06
-1.46608     -2.51327    4.21501e-06
-1.25664     -2.51327    3.09415e-06
-1.0472     -2.51327    1.128e-06
-0.837758     -2.51327    7.09071e-07
-0.628319     -2.51327    1.81261e-06
-0.418879     -2.51327    2.30216e-06
-0.20944     -2.51327    2.46312e-06
0     -2.51327    2.47649e-06
0.20944     -2.51327    2.46524e-06
0.418879     -2.51327    2.31778e-06
0.628319     -2.51327    1.81226e-06
0.837758     -2.51327    7.0843e-07
1.0472     -2.51327    1.12836e-06
1.25664     -2.51327    3.09383e-06
1.46608     -2.51327    4.21644e-06
1.67552     -2.51327    4.33623e-06
1.88496     -2.51327    3.90606e-06
2.0944     -2.51327    3.479e-06
2.30383     -2.51327    3.36439e-06
2.51327     -2.51327    3.41312e-06
2.72271     -2.51327    3.09317e-06
2.93215     -2.51327    1.97029e-06
3.14159     -2.51327    2.2696e-07

-3.14159     -2.30383    9.18729e-08
-2.93215     -2.30383    1.33819e-06
-2.72271     -2.30383    1.71737e-06
-2.51327     -2.30383    1.40036e-06
-2.30383     -2.30383    1.02407e-06
-2.0944     -2.30383    1.04755e-06
-1.88496     -2.30383    1.57162e-06
-1.67552     -2.30383    2.36642e-06
-1.46608     -2.30383    2.86422e-06
-1.25664     -2.30383    2.41948e-06
-1.0472     -2.30383    9.55428e-07
-0.837758     -2.30383    6.96069e-07
-0.628319     -2.30383    1.74582e-06
-0.418879     -2.30383    2.18094e-06
-0.20944     -2.30383    2.3199e-06
0     -2.30383    2.36354e-06
0.20944     -2.30383    2.31834e-06
0.418879     -2.30383    2.16768e-06
0.628319     -2.30383    1.74342e-06
0.837758     -2.30383    6.94652e-07
1.0472     -2.30383    9.53176e-07
1.25664     -2.30383    2.41936e-06
1.46608     -2.30383    2.86486e-06
1.67552     -2.30383    2.37014e-06
1.88496     -2.30383    1.57254e-06
2.0944     -2.30383    1.04709e-06
2.30383     -2.30383    1.02431e-06
2.51327     -2.30383    1.40072e-06
2.72271     -2.30383    1.71785e-06
2.93215     -2.30383    1.33903e-06
3.14159     -2.30383    9.14376e-08

-3.14159     -2.0944    1.67742e-07
-2.93215     -2.0944    7.10168e-07
-2.72271     -2.0944    3.37198e-07
-2.51327     -2.0944    3.84753e-07
-2.30383     -2.0944    8.2772e-07
-2.0944     -2.0944    8.05116e-07
-1.88496     -2.0944    3.50502e-07
-1.67552     -2.0944    4.33174e-07
-1.46608     -2.0944    1.24714e-06
-1.25664     -2.0944    1.45979e-06
-1.0472     -2.0944    6.5942e-07
-0.837758     -2.0944    6.57453e-07
-0.628319     -2.0944    1.64779e-06
-0.418879     -2.0944    2.10615e-06
-0.20944     -2.0944    2.22021e-06
0     -2.0944    2.22319e-06
0.20944     -2.0944    2.2175e-06
0.418879     -2.0944    2.12378e-06
0.628319     -2.0944    1.64904e-06
0.837758     -2.0944    6.53996e-07
1.0472     -2.0944    6.59855e-07
1.25664     -2.0944    1.4579e-06
1.46608     -2.0944    1.24984e-06
1.67552     -2.0944    4.33393e-07
1.88496     -2.0944    3.49687e-07
2.0944     -2.0944    8.05628e-07
2.30383     -2.0944    8.26819e-07
2.51327     -2.0944    3.84393e-07
2.72271     -2.0944    3.35734e-07
2.93215     -2.0944    7.10861e-07
3.14159     -2.0944    1.68015e-07

-3.14159     -1.88496    2.60206e-07
-2.93215     -1.88496    2.16009e-08
-2.72271     -1.88496    8.80884e-07
-2.51327     -1.88496    1.66479e-06
-2.30383     -1.88496    1.97165e-06
-2.0944     -1.88496    1.89692e-06
-1.88496     -1.88496    1.56207e-06
-1.67552     -1.88496    9.90723e-07
-1.46608     -1.88496    2.52421e-07
-1.25664     -1.88496    3.02395e-07
-1.0472     -1.88496    1.34232e-07
-0.837758     -1.88496    7.08933e-07
-0.628319     -1.88496    1.56961e-06
-0.418879     -1.88496    2.03346e-06
-0.20944     -1.88496    2.20422e-06
0     -1.88496    2.24581e-06
0.20944     -1.88496    2.20655e-06
0.418879     -1.88496    2.02599e-06
0.628319     -1.88496    1.57187e-06
0.837758     -1.88496    7.12619e-07
1.0472     -1.88496    1.37492e-07
1.25664     -1.88496    3.0268e-07
1.46608     -1.88496    2.49502e-07
1.67552     -1.88496    9.90923e-07
1.88496     -1.88496    1.56309e-06
2.0944     -1.88496    1.89754e-06
2.30383     -1.88496    1.97123e-06
2.51327     -1.88496    1.66512e-06
2.72271     -1.88496    8.81251e-07
2.93215     -1.88496    2.0726e-08
3.14159     -1.88496    2.60628e-07

-3.14159     -1.67552    2.39133e-07
-2.93215     -1.67552    6.71992e-07
-2.72271     -1.67552    1.75518e-06
-2.51327     -1.67552    2.36884e-06
-2.30383     -1.67552    2.49623e-06
-2.0944     -1.67552    2.36873e-06
-1.88496     -1.67552    2.12903e-06
-1.67552     -1.67552    1.78527e-06
-1.46608     -1.67552    1.29584e-06
-1.25664     -1.67552    7.61991e-07
-1.0472     -1.67552    5.45924e-07
-0.837758     -1.67552    9.17482e-07
-0.628319     -1.67552    1.55907e-06
-0.418879     -1.67552    2.01284e-06
-0.20944     -1.67552    2.18145e-06
0     -1.67552    2.23051e-06
0.20944     -1.67552    2.18249e-06
0.418879     -1.67552    2.01621e-06
0.628319     -1.67552    1.56006e-06
0.837758     -1.67552    9.19077e-07
1.0472     -1.67552    5.48199e-07
1.25664     -1.67552    7.63049e-07
1.46608     -1.67552    1.29837e-06
1.67552     -1.67552    1.78519e-06
1.88496     -1.67552    2.12809e-06
2.0944     -1.67552    2.36896e-06
2.30383     -1.67552    2.49762e-06
2.51327     -1.67552    2.3689e-06
2.72271     -1.67552    1.75515e-06
2.93215     -1.67552    6.71296e-07
3.14159     -1.67552    2.39621e-07

-3.14159     -1.46608    1.32716e-07
-2.93215     -1.46608    1.19608e-06
-2.72271     -1.46608    2.22235e-06
-2.51327     -1.46608    2.63163e-06
-2.30383     -1.46608    2.6305e-06
-2.0944     -1.46608    2.47806e-06
-1.88496     -1.46608    2.30188e-06
-1.67552     -1.46608    2.11591e-06
-1.46608     -1.46608    1.86767e-06
-1.25664     -1.46608    1.51602e-06
-1.0472     -1.46608    1.22123e-06
-0.837758     -1.46608    1.26121e-06
-0.628319     -1.46608    1.60797e-06
-0.418879     -1.46608    1.99575e-06
-0.20944     -1.46608    2.20159e-06
0     -1.46608    2.22876e-06
0.20944     -1.46608    2.18129e-06
0.418879     -1.46608    1.99666e-06
0.628319     -1.46608    1.6147e-06
0.837758     -1.46608    1.25709e-06
1.0472     -1.46608    1.21857e-06
1.25664     -1.46608    1.51959e-06
1.46608     -1.46608    1.86439e-06
1.67552     -1.46608    2.12201e-06
1.88496     -1.46608    2.30387e-06
2.0944     -1.46608    2.47941e-06
2.30383     -1.46608    2.63173e-06
2.51327     -1.46608    2.63139e-06
2.72271     -1.46608    2.22234e-06
2.93215     -1.46608    1.19577e-06
3.14159     -1.46608    1.32686e-07

-3.14159     -1.25664    1.02805e-07
-2.93215     -1.25664    1.41406e-06
-2.72271     -1.25664    2.3319e-06
-2.51327     -1.25664    2.62411e-06
-2.30383     -1.25664    2.58031e-06
-2.0944     -1.25664    2.436e-06
-1.88496     -1.25664    2.30684e-06
-1.67552     -1.25664    2.20763e-06
-1.46608     -1.25664    2.11645e-06
-1.25664     -1.25664    1.94905e-06
-1.0472     -1.25664    1.72964e-06
-0.837758     -1.25664    1.61769e-06
-0.628319     -1.25664    1.74167e-06
-0.418879     -1.25664    1.95811e-06
-0.20944     -1.25664    2.12744e-06
0     -1.25664    2.22161e-06
0.20944     -1.25664    2.12589e-06
0.418879     -1.25664    1.93802e-06
0.628319     -1.25664    1.74464e-06
0.837758     -1.25664    1.62292e-06
1.0472     -1.25664    1.72975e-06
1.25664     -1.25664    1.94797e-06
1.46608     -1.25664    2.10922e-06
1.67552     -1.25664    2.20516e-06
1.88496     -1.25664    2.30714e-06
2.0944     -1.25664    2.43689e-06
2.30383     -1.25664    2.57849e-06
2.51327     -1.25664    2.62369e-06
2.72271     -1.25664    2.33198e-06
2.93215     -1.25664    1.41421e-06
3.14159     -1.25664    1.02502e-07

-3.14159     -1.0472    3.43285e-07
-2.93215     -1.0472    1.26286e-06
-2.72271     -1.0472    2.15299e-06
-2.51327     -1.0472    2.45241e-06
-2.30383     -1.0472    2.4511e-06
-2.0944     -1.0472    2.34856e-06
-1.88496     -1.0472    2.26621e-06
-1.67552     -1.0472    2.22406e-06
-1.46608     -1.0472    2.20615e-06
-1.25664     -1.0472    2.14438e-06
-1.0472     -1.0472    2.03194e-06
-0.837758     -1.0472    1.88718e-06
-0.628319     -1.0472    1.85295e-06
-0.418879     -1.0472    1.9621e-06
-0.20944     -1.0472    2.04644e-06
0     -1.0472    1.96917e-06
0.20944     -1.0472    2.0449e-06
0.418879     -1.0472    1.9833e-06
0.628319     -1.0472    1.86298e-06
0.837758     -1.0472    1.88252e-06
1.0472     -1.0472    2.03133e-06
1.25664     -1.0472    2.14579e-06
1.46608     -1.0472    2.2108e-06
1.67552     -1.0472    2.22282e-06
1.88496     -1.0472    2.2659e-06
2.0944     -1.0472    2.34865e-06
2.30383     -1.0472    2.44871e-06
2.51327     -1.0472    2.45133e-06
2.72271     -1.0472    2.15202e-06
2.93215     -1.0472    1.26163e-06
3.14159     -1.0472    3.43694e-07

-3.14159     -0.837758    9.94609e-07
-2.93215     -0.837758    6.79161e-07
-2.72271     -0.837758    1.67536e-06
-2.51327     -0.837758    2.11208e-06
-2.30383     -0.837758    2.23772e-06
-2.0944     -0.837758    2.23604e-06
-1.88496     -0.837758    2.21172e-06
-1.67552     -0.837758    2.21742e-06
-1.46608     -0.837758    2.24342e-06
-1.25664     -0.837758    2.22737e-06
-1.0472     -0.837758    2.16477e-06
-0.837758     -0.837758    2.03698e-06
-0.628319     -0.837758    1.89754e-06
-0.418879     -0.837758    1.81314e-06
-0.20944     -0.837758    1.86632e-06
0     -0.837758    1.93779e-06
0.20944     -0.837758    1.86856e-06
0.418879     -0.837758    1.79445e-06
0.628319     -0.837758    1.90851e-06
0.837758     -0.837758    2.03355e-06
1.0472     -0.837758    2.15486e-06
1.25664     -0.837758    2.22531e-06
1.46608     -0.837758    2.2418e-06
1.67552     -0.837758    2.21769e-06
1.88496     -0.837758    2.21247e-06
2.0944     -0.837758    2.23978e-06
2.30383     -0.837758    2.23793e-06
2.51327     -0.837758    2.11216e-06
2.72271     -0.837758    1.67609e-06
2.93215     -0.837758    6.79449e-07
3.14159     -0.837758    9.95038e-07

-3.14159     -0.628319    2.16594e-06
-2.93215     -0.628319    4.10573e-07
-2.72271     -0.628319    7.6767e-07
-2.51327     -0.628319    1.4606e-06
-2.30383     -0.628319    1.81369e-06
-2.0944     -0.628319    1.98491e-06
-1.88496     -0.628319    2.07635e-06
-1.67552     -0.628319    2.14879e-06
-1.46608     -0.628319    2.20874e-06
-1.25664     -0.628319    2.22113e-06
-1.0472     -0.628319    2.15578e-06
-0.837758     -0.628319    2.02374e-06
-0.628319     -0.628319    1.87062e-06
-0.418879     -0.628319    1.83032e-06
-0.20944     -0.628319    1.69873e-06
0     -0.628319    1.5787e-06
0.20944     -0.628319    1.69366e-06
0.418879     -0.628319    1.8639e-06
0.628319     -0.628319    1.85885e-06
0.837758     -0.628319    2.0359e-06
1.0472     -0.628319    2.16243e-06
1.25664     -0.628319    2.22388e-06
1.46608     -0.628319    2.20033e-06
1.67552     -0.628319    2.14548e-06
1.88496     -0.628319    2.07534e-06
2.0944     -0.628319    1.98702e-06
2.30383     -0.628319    1.81111e-06
2.51327     -0.628319    1.4598e-06
2.72271     -0.628319    7.68923e-07
2.93215     -0.628319    4.11546e-07
3.14159     -0.628319    2.16726e-06

-3.14159     -0.418879    3.76904e-06
-2.93215     -0.418879    2.05435e-06
-2.72271     -0.418879    6.95085e-07
-2.51327     -0.418879    2.93877e-07
-2.30383     -0.418879    9.6706e-07
-2.0944     -0.418879    1.41114e-06
-1.88496     -0.418879    1.7086e-06
-1.67552     -0.418879    1.91044e-06
-1.46608     -0.418879    2.04821e-06
-1.25664     -0.418879    2.10749e-06
-1.0472     -0.418879    2.08789e-06
-0.837758     -0.418879    1.94338e-06
-0.628319     -0.418879    1.7835e-06
-0.418879     -0.418879    1.58751e-06
-0.20944     -0.418879    1.77558e-06
0     -0.418879    1.68757e-06
0.20944     -0.418879    1.48894e-06
0.418879     -0.418879    1.51479e-06
0.628319     -0.418879    1.77882e-06
0.837758     -0.418879    1.94927e-06
1.0472     -0.418879    2.08112e-06
1.25664     -0.418879    2.1157e-06
1.46608     -0.418879    2.0497e-06
1.67552     -0.418879    1.9141e-06
1.88496     -0.418879    1.70881e-06
2.0944     -0.418879    1.41105e-06
2.30383     -0.418879    9.68724e-07
2.51327     -0.418879    2.93976e-07
2.72271     -0.418879    6.97243e-07
2.93215     -0.418879    2.05619e-06
3.14159     -0.418879    3.76987e-06

-3.14159     -0.20944    5.16432e-06
-2.93215     -0.20944    3.68463e-06
-2.72271     -0.20944    2.32906e-06
-2.51327     -0.20944    1.15808e-06
-2.30383     -0.20944    1.93193e-07
-2.0944     -0.20944    5.54263e-07
-1.88496     -0.20944    1.10522e-06
-1.67552     -0.20944    1.50842e-06
-1.46608     -0.20944    1.7849e-06
-1.25664     -0.20944    1.94392e-06
-1.0472     -0.20944    1.9784e-06
-0.837758     -0.20944    1.85585e-06
-0.628319     -0.20944    1.72094e-06
-0.418879     -0.20944    1.6364e-06
-0.20944     -0.20944    1.83019e-06
0     -0.20944    1.10344e-06
0.20944     -0.20944    1.34518e-06
0.418879     -0.20944    1.38789e-06
0.628319     -0.20944    1.7309e-06
0.837758     -0.20944    1.86034e-06
1.0472     -0.20944    1.94184e-06
1.25664     -0.20944    1.92872e-06
1.46608     -0.20944    1.7881e-06
1.67552     -0.20944    1.5103e-06
1.88496     -0.20944    1.10773e-06
2.0944     -0.20944    5.53383e-07
2.30383     -0.20944    1.92236e-07
2.51327     -0.20944    1.15393e-06
2.72271     -0.20944    2.32936e-06
2.93215     -0.20944    3.68425e-06
3.14159     -0.20944    5.16439e-06

-3.14159     0    5.68975e-06
-2.93215     0    4.35701e-06
-2.72271     0    3.08399e-06
-2.51327     0    1.86829e-06
-2.30383     0    7.99147e-07
-2.0944     0    8.39039e-08
-1.88496     0    7.69271e-07
-1.67552     0    1.28412e-06
-1.46608     0    1.63724e-06
-1.25664     0    1.84183e-06
-1.0472     0    1.88475e-06
-0.837758     0    1.80188e-06
-0.628319     0    1.70175e-06
-0.418879     0    1.93898e-06
-0.20944     0    1.59899e-06
0     0    2.33331e-16
0.20944     0    1.59899e-06
0.418879     0    1.93898e-06
0.628319     0    1.70175e-06
0.837758     0    1.80188e-06
1.0472     0    1.88475e-06
1.25664     0    1.84183e-06
1.46608     0    1.63724e-06
1.67552     0    1.28412e-06
1.88496     0    7.69271e-07
2.0944     0    8.39039e-08
2.30383     0    7.99147e-07
2.51327     0    1.86829e-06
2.72271     0    3.08399e-06
2.93215     0    4.35701e-06
3.14159     0    5.68975e-06

-3.14159     0.20944    5.16439e-06
-2.93215     0.20944    3.68425e-06
-2.72271     0.20944    2.32936e-06
-2.51327     0.20944    1.15393e-06
-2.30383     0.20944    1.92236e-07
-2.0944     0.20944    5.53383e-07
-1.88496     0.20944    1.10773e-06
-1.67552     0.20944    1.5103e-06
-1.46608     0.20944    1.7881e-06
-1.25664     0.20944    1.92872e-06
-1.0472     0.20944    1.94184e-06
-0.837758     0.20944    1.86034e-06
-0.628319     0.20944    1.7309e-06
-0.418879     0.20944    1.38789e-06
-0.20944     0.20944    1.34518e-06
0     0.20944    1.10344e-06
0.20944     0.20944    1.83019e-06
0.418879     0.20944    1.6364e-06
0.628319     0.20944    1.72094e-06
0.837758     0.20944    1.85585e-06
1.0472     0.20944    1.9784e-06
1.25664     0.20944    1.94392e-06
1.46608     0.20944    1.7849e-06
1.67552     0.20944    1.50842e-06
1.88496     0.20944    1.10522e-06
2.0944     0.20944    5.54263e-07
2.30383     0.20944    1.93193e-07
2.51327     0.20944    1.15808e-06
2.72271     0.20944    2.32906e-06
2.93215     0.20944    3.68463e-06
3.14159     0.20944    5.16432e-06

-3.14159     0.418879    3.76987e-06
-2.93215     0.418879    2.05619e-06
-2.72271     0.418879    6.97243e-07
-2.51327     0.418879    2.93976e-07
-2.30383     0.418879    9.68724e-07
-2.0944     0.418879    1.41105e-06
-1.88496     0.418879    1.70881e-06
-1.67552     0.418879    1.9141e-06
-1.46608     0.418879    2.0497e-06
-1.25664     0.418879    2.1157e-06
-1.0472     0.418879    2.08112e-06
-0.837758     0.418879    1.94927e-06
-0.628319     0.418879    1.77882e-06
-0.418879     0.418879    1.51479e-06
-0.20944     0.418879    1.48894e-06
0     0.418879    1.68757e-06
0.20944     0.418879    1.77558e-06
0.418879     0.418879    1.58751e-06
0.628319     0.418879    1.7835e-06
0.837758     0.418879    1.94338e-06
1.0472     0.418879    2.08789e-06
1.25664     0.418879    2.10749e-06
1.46608     0.418879    2.04821e-06
1.67552     0.418879    1.91044e-06
1.88496     0.418879    1.7086e-06
2.0944     0.418879    1.41114e-06
2.30383     0.418879    9.6706e-07
2.51327     0.418879    2.93877e-07
2.72271     0.418879    6.95085e-07
2.93215     0.418879    2.05435e-06
3.14159     0.418879    3.76904e-06

-3.14159     0.628319    2.16726e-06
-2.93215     0.628319    4.11546e-07
-2.72271     0.628319    7.68923e-07
-2.51327     0.628319    1.4598e-06
-2.30383     0.628319    1.81111e-06
-2.0944     0.628319    1.98702e-06
-1.88496     0.628319    2.07534e-06
-1.67552     0.628319    2.14548e-06
-1.46608     0.628319    2.20033e-06
-1.25664     0.628319    2.22388e-06
-1.0472     0.628319    2.16243e-06
-0.837758     0.628319    2.0359e-06
-0.628319     0.628319    1.85885e-06
-0.418879     0.628319    1.8639e-06
-0.20944     0.628319    1.69366e-06
0     0.628319    1.5787e-06
0.20944     0.628319    1.69873e-06
0.418879     0.628319    1.83032e-06
0.628319     0.628319    1.87062e-06
0.837758     0.628319    2.02374e-06
1.0472     0.628319    2.15578e-06
1.25664     0.628319    2.22113e-06
1.46608     0.628319    2.20874e-06
1.67552     0.628319    2.14879e-06
1.88496     0.628319    2.07635e-06
2.0944     0.628319    1.98491e-06
2.30383     0.628319    1.81369e-06
2.51327     0.628319    1.4606e-06
2.72271     0.628319    7.6767e-07
2.93215     0.628319    4.10573e-07
3.14159     0.628319    2.16594e-06

-3.14159     0.837758    9.95038e-07
-2.93215     0.837758    6.79449e-07
-2.72271     0.837758    1.67609e-06
-2.51327     0.837758    2.11216e-06
-2.30383     0.837758    2.23793e-06
-2.0944     0.837758    2.23978e-06
-1.88496     0.837758    2.21247e-06
-1.67552     0.837758    2.21769e-06
-1.46608     0.837758    2.2418e-06
-1.25664     0.837758    2.22531e-06
-1.0472     0.837758    2.15486e-06
-0.837758     0.837758    2.03355e-06
-0.628319     0.837758    1.90851e-06
-0.418879     0.837758    1.79445e-06
-0.20944     0.837758    1.86856e-06
0     0.837758    1.93779e-06
0.20944     0.837758    1.86632e-06
0.418879     0.837758    1.81314e-06
0.628319     0.837758    1.89754e-06
0.837758     0.837758    2.03698e-06
1.0472     0.837758    2.16477e-06
1.25664     0.837758    2.22737e-06
1.46608     0.837758    2.24342e-06
1.67552     0.837758    2.21742e-06
1.88496     0.837758    2.21172e-06
2.0944     0.837758    2.23604e-06
2.30383     0.837758    2.23772e-06
2.51327     0.837758    2.11208e-06
2.72271     0.837758    1.67536e-06
2.93215     0.837758    6.79161e-07
3.14159     0.837758    9.94609e-07

-3.14159     1.0472    3.43694e-07
-2.93215     1.0472    1.26163e-06
-2.72271     1.0472    2.15202e-06
-2.51327     1.0472    2.45133e-06
-2.30383     1.0472    2.44871e-06
-2.0944     1.0472    2.34865e-06
-1.88496     1.0472    2.2659e-06
-1.67552     1.0472    2.22282e-06
-1.46608     1.0472    2.2108e-06
-1.25664     1.0472    2.14579e-06
-1.0472     1.0472    2.03133e-06
-0.837758     1.0472    1.88252e-06
-0.628319     1.0472    1.86298e-06
-0.418879     1.0472    1.9833e-06
-0.20944     1.0472    2.0449e-06
0     1.0472    1.96917e-06
0.20944     1.0472    2.04644e-06
0.418879     1.0472    1.9621e-06
0.628319     1.0472    1.85295e-06
0.837758     1.0472    1.88718e-06
1.0472     1.0472    2.03194e-06
1.25664     1.0472    2.14438e-06
1.46608     1.0472    2.20615e-06
1.67552     1.0472    2.22406e-06
1.88496     1.0472    2.26621e-06
2.0944     1.0472    2.34856e-06
2.30383     1.0472    2.4511e-06
2.51327     1.0472    2.45241e-06
2.72271     1.0472    2.15299e-06
2.93215     1.0472    1.26286e-06
3.14159     1.0472    3.43285e-07

-3.14159     1.25664    1.02502e-07
-2.93215     1.25664    1.41421e-06
-2.72271     1.25664    2.33198e-06
-2.51327     1.25664    2.62369e-06
-2.30383     1.25664    2.57849e-06
-2.0944     1.25664    2.43689e-06
-1.88496     1.25664    2.30714e-06
-1.67552     1.25664    2.20516e-06
-1.46608     1.25664    2.10922e-06
-1.25664     1.25664    1.94797e-06
-1.0472     1.25664    1.72975e-06
-0.837758     1.25664    1.62292e-06
-0.628319     1.25664    1.74464e-06
-0.418879     1.25664    1.93802e-06
-0.20944     1.25664    2.12589e-06
0     1.25664    2.22161e-06
0.20944     1.25664    2.12744e-06
0.418879     1.25664    1.95811e-06
0.628319     1.25664    1.74167e-06
0.837758     1.25664    1.61769e-06
1.0472     1.25664    1.72964e-06
1.25664     1.25664    1.94905e-06
1.46608     1.25664    2.11645e-06
1.67552     1.25664    2.20763e-06
1.88496     1.25664    2.30684e-06
2.0944     1.25664    2.436e-06
2.30383     1.25664    2.58031e-06
2.51327     1.25664    2.62411e-06
2.72271     1.25664    2.3319e-06
2.93215     1.25664    1.41406e-06
3.14159     1.25664    1.02805e-07

-3.14159     1.46608    1.32686e-07
-2.93215     1.46608    1.19577e-06
-2.72271     1.46608    2.22234e-06
-2.51327     1.46608    2.63139e-06
-2.30383     1.46608    2.63173e-06
-2.0944     1.46608    2.47941e-06
-1.88496     1.46608    2.30387e-06
-1.67552     1.46608    2.12201e-06
-1.46608     1.46608    1.86439e-06
-1.25664     1.46608    1.51959e-06
-1.0472     1.46608    1.21857e-06
-0.837758     1.46608    1.25709e-06
-0.628319     1.46608    1.6147e-06
-0.418879     1.46608    1.99666e-06
-0.20944     1.46608    2.18129e-06
0     1.46608    2.22876e-06
0.20944     1.46608    2.20159e-06
0.418879     1.46608    1.99575e-06
0.628319     1.46608    1.60797e-06
0.837758     1.46608    1.26121e-06
1.0472     1.46608    1.22123e-06
1.25664     1.46608    1.51602e-06
1.46608     1.46608    1.86767e-06
1.67552     1.46608    2.11591e-06
1.88496     1.46608    2.30188e-06
2.0944     1.46608    2.47806e-06
2.30383     1.46608    2.6305e-06
2.51327     1.46608    2.63163e-06
2.72271     1.46608    2.22235e-06
2.93215     1.46608    1.19608e-06
3.14159     1.46608    1.32716e-07

-3.14159     1.67552    2.39621e-07
-2.93215     1.67552    6.71296e-07
-2.72271     1.67552    1.75515e-06
-2.51327     1.67552    2.3689e-06
-2.30383     1.67552    2.49762e-06
-2.0944     1.67552    2.36896e-06
-1.88496     1.67552    2.12809e-06
-1.67552     1.67552    1.78519e-06
-1.46608     1.67552    1.29837e-06
-1.25664     1.67552    7.63049e-07
-1.0472     1.67552    5.48199e-07
-0.837758     1.67552    9.19077e-07
-0.628319     1.67552    1.56006e-06
-0.418879     1.67552    2.01621e-06
-0.20944     1.67552    2.18249e-06
0     1.67552    2.23051e-06
0.20944     1.67552    2.18145e-06
0.418879     1.67552    2.01284e-06
0.628319     1.67552    1.55907e-06
0.837758     1.67552    9.17482e-07
1.0472     1.67552    5.45924e-07
1.25664     1.67552    7.61991e-07
1.46608     1.67552    1.29584e-06
1.67552     1.67552    1.78527e-06
1.88496     1.67552    2.12903e-06
2.0944     1.67552    2.36873e-06
2.30383     1.67552    2.49623e-06
2.51327     1.67552    2.36884e-06
2.72271     1.67552    1.75518e-06
2.93215     1.67552    6.71992e-07
3.14159     1.67552    2.39133e-07

-3.14159     1.88496    2.60628e-07
-2.93215     1.88496    2.0726e-08
-2.72271     1.88496    8.81251e-07
-2.51327     1.88496    1.66512e-06
-2.30383     1.88496    1.97123e-06
-2.0944     1.88496    1.89754e-06
-1.88496     1.88496    1.56309e-06
-1.67552     1.88496    9.90923e-07
-1.46608     1.88496    2.49502e-07
-1.25664     1.88496    3.0268e-07
-1.0472     1.88496    1.37492e-07
-0.837758     1.88496    7.12619e-07
-0.628319     1.88496    1.57187e-06
-0.418879     1.88496    2.02599e-06
-0.20944     1.88496    2.20655e-06
0     1.88496    2.24581e-06
0.20944     1.88496    2.20422e-06
0.418879     1.88496    2.03346e-06
0.628319     1.88496    1.56961e-06
0.837758     1.88496    7.08933e-07
1.0472     1.88496    1.34232e-07
1.25664     1.88496    3.02395e-07
1.46608     1.88496    2.52421e-07
1.67552     1.88496    9.90723e-07
1.88496     1.88496    1.56207e-06
2.0944     1.88496    1.89692e-06
2.30383     1.88496    1.97165e-06
2.51327     1.88496    1.66479e-06
2.72271     1.88496    8.80884e-07
2.93215     1.88496    2.16009e-08
3.14159     1.88496    2.60206e-07

-3.14159     2.0944    1.68015e-07
-2.93215     2.0944    7.10861e-07
-2.72271     2.0944    3.35734e-07
-2.51327     2.0944    3.84393e-07
-2.30383     2.0944    8.26819e-07
-2.0944     2.0944    8.05628e-07
-1.88496     2.0944    3.49687e-07
-1.67552     2.0944    4.33393e-07
-1.46608     2.0944    1.24984e-06
-1.25664     2.0944    1.4579e-06
-1.0472     2.0944    6.59855e-07
-0.837758     2.0944    6.53996e-07
-0.628319     2.0944    1.64904e-06
-0.418879     2.0944    2.12378e-06
-0.20944     2.0944    2.2175e-06
0     2.0944    2.22319e-06
0.20944     2.0944    2.22021e-06
0.418879     2.0944    2.10615e-06
0.628319     2.0944    1.64779e-06
0.837758     2.0944    6.57453e-07
1.0472     2.0944    6.5942e-07
1.25664     2.0944    1.45979e-06
1.46608     2.0944    1.24714e-06
1.67552     2.0944    4.33174e-07
1.88496     2.0944    3.50502e-07
2.0944     2.0944    8.05116e-07
2.30383     2.0944    8.2772e-07
2.51327     2.0944    3.84753e-07
2.72271     2.0944    3.37198e-07
2.93215     2.0944    7.10168e-07
3.14159     2.0944    1.67742e-07

-3.14159     2.30383    9.14376e-08
-2.93215     2.30383    1.33903e-06
-2.72271     2.30383    1.71785e-06
-2.51327     2.30383    1.40072e-06
-2.30383     2.30383    1.02431e-06
-2.0944     2.30383    1.04709e-06
-1.88496     2.30383    1.57254e-06
-1.67552     2.30383    2.37014e-06
-1.46608     2.30383    2.86486e-06
-1.25664     2.30383    2.41936e-06
-1.0472     2.30383    9.53176e-07
-0.837758     2.30383    6.94652e-07
-0.628319     2.30383    1.74342e-06
-0.418879     2.30383    2.16768e-06
-0.20944     2.30383    2.31834e-06
0     2.30383    2.36354e-06
0.20944     2.30383    2.3199e-06
0.418879     2.30383    2.18094e-06
0.628319     2.30383    1.74582e-06
0.837758     2.30383    6.96069e-07
1.0472     2.30383    9.55428e-07
1.25664     2.30383    2.41948e-06
1.46608     2.30383    2.86422e-06
1.67552     2.30383    2.36642e-06
1.88496     2.30383    1.57162e-06
2.0944     2.30383    1.04755e-06
2.30383     2.30383    1.02407e-06
2.51327     2.30383    1.40036e-06
2.72271     2.30383    1.71737e-06
2.93215     2.30383    1.33819e-06
3.14159     2.30383    9.18729e-08

-3.14159     2.51327    2.2696e-07
-2.93215     2.51327    1.97029e-06
-2.72271     2.51327    3.09317e-06
-2.51327     2.51327    3.41312e-06
-2.30383     2.51327    3.36439e-06
-2.0944     2.51327    3.479e-06
-1.88496     2.51327    3.90606e-06
-1.67552     2.51327    4.33623e-06
-1.46608     2.51327    4.21644e-06
-1.25664     2.51327    3.09383e-06
-1.0472     2.51327    1.12836e-06
-0.837758     2.51327    7.0843e-07
-0.628319     2.51327    1.81226e-06
-0.418879     2.51327    2.31778e-06
-0.20944     2.51327    2.46524e-06
0     2.51327    2.47649e-06
0.20944     2.51327    2.46312e-06
0.418879     2.51327    2.30216e-06
0.628319     2.51327    1.81261e-06
0.837758     2.51327    7.09071e-07
1.0472     2.51327    1.128e-06
1.25664     2.51327    3.09415e-06
1.46608     2.51327    4.21501e-06
1.67552     2.51327    4.33844e-06
1.88496     2.51327    3.90704e-06
2.0944     2.51327    3.47952e-06
2.30383     2.51327    3.36394e-06
2.51327     2.51327    3.41311e-06
2.72271     2.51327    3.09336e-06
2.93215     2.51327    1.9697e-06
3.14159     2.51327    2.26682e-07

-3.14159     2.72271    7.34894e-07
-2.93215     2.72271    2.75478e-06
-2.72271     2.72271    4.41169e-06
-2.51327     2.72271    5.32861e-06
-2.30383     2.72271    5.72183e-06
-2.0944     2.72271    5.93886e-06
-1.88496     2.72271    6.06838e-06
-1.67552     2.72271    5.94782e-06
-1.46608     2.72271    5.25504e-06
-1.25664     2.72271    3.63801e-06
-1.0472     2.72271    1.38654e-06
-0.837758     2.72271    5.59954e-07
-0.628319     2.72271    1.7629e-06
-0.418879     2.72271    2.33491e-06
-0.20944     2.72271    2.57889e-06
0     2.72271    2.65777e-06
0.20944     2.72271    2.57761e-06
0.418879     2.72271    2.34638e-06
0.628319     2.72271    1.76316e-06
0.837758     2.72271    5.58753e-07
1.0472     2.72271    1.38642e-06
1.25664     2.72271    3.63873e-06
1.46608     2.72271    5.25237e-06
1.67552     2.72271    5.94747e-06
1.88496     2.72271    6.06718e-06
2.0944     2.72271    5.94142e-06
2.30383     2.72271    5.72455e-06
2.51327     2.72271    5.32823e-06
2.72271     2.72271    4.41404e-06
2.93215     2.72271    2.75575e-06
3.14159     2.72271    7.34537e-07

-3.14159     2.93215    1.73054e-06
-2.93215     2.93215    3.8459e-06
-2.72271     2.93215    5.73948e-06
-2.51327     2.93215    6.9615e-06
-2.30383     2.93215    7.5494e-06
-2.0944     2.93215    7.7063e-06
-1.88496     2.93215    7.56393e-06
-1.67552     2.93215    7.14096e-06
-1.46608     2.93215    6.16968e-06
-1.25664     2.93215    4.31116e-06
-1.0472     2.93215    1.94944e-06
-0.837758     2.93215    6.69181e-08
-0.628319     2.93215    1.40309e-06
-0.418879     2.93215    2.16118e-06
-0.20944     2.93215    2.52006e-06
0     2.93215    2.60341e-06
0.20944     2.93215    2.52131e-06
0.418879     2.93215    2.15634e-06
0.628319     2.93215    1.40348e-06
0.837758     2.93215    6.66795e-08
1.0472     2.93215    1.94984e-06
1.25664     2.93215    4.31058e-06
1.46608     2.93215    6.17062e-06
1.67552     2.93215    7.14272e-06
1.88496     2.93215    7.56598e-06
2.0944     2.93215    7.70436e-06
2.30383     2.93215    7.54742e-06
2.51327     2.93215    6.9601e-06
2.72271     2.93215    5.74122e-06
2.93215     2.93215    3.84845e-06
3.14159     2.93215    1.7295e-06

-3.14159     3.14159    3.2387e-06
-2.93215     3.14159    5.23074e-06
-2.72271     3.14159    6.98165e-06
-2.51327     3.14159    8.03952e-06
-2.30383     3.14159    8.39915e-06
-2.0944     3.14159    8.3788e-06
-1.88496     3.14159    8.25736e-06
-1.67552     3.14159    7.95186e-06
-1.46608     3.14159    7.06222e-06
-1.25664     3.14159    5.23571e-06
-1.0472     3.14159    2.95252e-06
-0.837758     3.14159    9.44257e-07
-0.628319     3.14159    5.13307e-07
-0.418879     3.14159    1.42666e-06
-0.20944     3.14159    1.88777e-06
0     3.14159    2.04557e-06
0.20944     3.14159    1.88767e-06
0.418879     3.14159    1.42634e-06
0.628319     3.14159    5.1366e-07
0.837758     3.14159    9.44962e-07
1.0472     3.14159    2.95144e-06
1.25664     3.14159    5.2374e-06
1.46608     3.14159    7.0625e-06
1.67552     3.14159    7.95303e-06
1.88496     3.14159    8.25603e-06
2.0944     3.14159    8.37784e-06
2.30383     3.14159    8.40203e-06
2.51327     3.14159    8.03988e-06
2.72271     3.14159    6.98515e-06
2.93215     3.14159    5.23021e-06
3.14159     3.14159    3.23752e-06

