-3.14159     -3.14159    0.0195932
-2.93215     -3.14159    0.00751971
-2.72271     -3.14159    0.00279758
-2.51327     -3.14159    0.00181673
-2.30383     -3.14159    0.000579572
-2.0944     -3.14159    0.00764204
-1.88496     -3.14159    0.00909165
-1.67552     -3.14159    0.011978
-1.46608     -3.14159    0.012255
-1.25664     -3.14159    0.00776972
-1.0472     -3.14159    0.0149942
-0.837758     -3.14159    0.00532064
-0.628319     -3.14159    0.00169758
-0.418879     -3.14159    0.00780794
-0.20944     -3.14159    0.00434037
0     -3.14159    0.000536376
0.20944     -3.14159    0.00419592
0.418879     -3.14159    0.00787679
0.628319     -3.14159    0.00189862
0.837758     -3.14159    0.00532222
1.0472     -3.14159    0.0148718
1.25664     -3.14159    0.00766086
1.46608     -3.14159    0.012295
1.67552     -3.14159    0.0121183
1.88496     -3.14159    0.00927861
2.0944     -3.14159    0.00772078
2.30383     -3.14159    0.000387083
2.51327     -3.14159    0.00193207
2.72271     -3.14159    0.00276188
2.93215     -3.14159    0.00748043
3.14159     -3.14159    0.0194453

-3.14159     -2.93215    0.0161661
-2.93215     -2.93215    0.00291879
-2.72271     -2.93215    0.00270252
-2.51327     -2.93215    0.00219408
-2.30383     -2.93215    0.000687654
-2.0944     -2.93215    0.00795714
-1.88496     -2.93215    0.00958031
-1.67552     -2.93215    0.0041071
-1.46608     -2.93215    0.00428133
-1.25664     -2.93215    0.0107825
-1.0472     -2.93215    0.0159195
-0.837758     -2.93215    3.2784e-05
-0.628319     -2.93215    0.00762282
-0.418879     -2.93215    0.0161834
-0.20944     -2.93215    0.0129437
0     -2.93215    0.00880882
0.20944     -2.93215    0.0130883
0.418879     -2.93215    0.0162733
0.628319     -2.93215    0.00736052
0.837758     -2.93215    5.31848e-05
1.0472     -2.93215    0.0159346
1.25664     -2.93215    0.0107966
1.46608     -2.93215    0.00435426
1.67552     -2.93215    0.0041646
1.88496     -2.93215    0.00957221
2.0944     -2.93215    0.00800579
2.30383     -2.93215    0.000480751
2.51327     -2.93215    0.00217512
2.72271     -2.93215    0.00264885
2.93215     -2.93215    0.00297271
3.14159     -2.93215    0.0159568

-3.14159     -2.72271    0.00272887
-2.93215     -2.72271    0.00335932
-2.72271     -2.72271    0.00380779
-2.51327     -2.72271    0.00588072
-2.30383     -2.72271    0.00063013
-2.0944     -2.72271    0.00285728
-1.88496     -2.72271    0.00565059
-1.67552     -2.72271    0.00327411
-1.46608     -2.72271    0.00553098
-1.25664     -2.72271    0.000666256
-1.0472     -2.72271    0.0020682
-0.837758     -2.72271    0.000468705
-0.628319     -2.72271    0.0122064
-0.418879     -2.72271    0.0167704
-0.20944     -2.72271    0.00542186
0     -2.72271    0.022698
0.20944     -2.72271    0.00547812
0.418879     -2.72271    0.0163654
0.628319     -2.72271    0.0119499
0.837758     -2.72271    0.000442909
1.0472     -2.72271    0.00214998
1.25664     -2.72271    0.000734003
1.46608     -2.72271    0.0055863
1.67552     -2.72271    0.00314074
1.88496     -2.72271    0.00564356
2.0944     -2.72271    0.00257575
2.30383     -2.72271    0.000971193
2.51327     -2.72271    0.00600333
2.72271     -2.72271    0.00380149
2.93215     -2.72271    0.00345655
3.14159     -2.72271    0.00281896

-3.14159     -2.51327    0.00148798
-2.93215     -2.51327    0.000564881
-2.72271     -2.51327    0.00459368
-2.51327     -2.51327    0.0023706
-2.30383     -2.51327    0.00357316
-2.0944     -2.51327    0.0206218
-1.88496     -2.51327    0.00982475
-1.67552     -2.51327    0.00154594
-1.46608     -2.51327    0.0263013
-1.25664     -2.51327    0.000430578
-1.0472     -2.51327    0.0103363
-0.837758     -2.51327    0.0100095
-0.628319     -2.51327    0.00557084
-0.418879     -2.51327    0.0028219
-0.20944     -2.51327    0.000673205
0     -2.51327    0.0161187
0.20944     -2.51327    0.000818877
0.418879     -2.51327    0.00288329
0.628319     -2.51327    0.00566533
0.837758     -2.51327    0.0099108
1.0472     -2.51327    0.0101465
1.25664     -2.51327    0.000430485
1.46608     -2.51327    0.0262274
1.67552     -2.51327    0.0014027
1.88496     -2.51327    0.00962847
2.0944     -2.51327    0.0207594
2.30383     -2.51327    0.0034596
2.51327     -2.51327    0.00266573
2.72271     -2.51327    0.0046778
2.93215     -2.51327    0.00047602
3.14159     -2.51327    0.00158213

-3.14159     -2.30383    0.00479297
-2.93215     -2.30383    0.0108739
-2.72271     -2.30383    0.00578613
-2.51327     -2.30383    0.00423453
-2.30383     -2.30383    0.00558918
-2.0944     -2.30383    0.0106272
-1.88496     -2.30383    0.00082998
-1.67552     -2.30383    0.00105514
-1.46608     -2.30383    0.00231061
-1.25664     -2.30383    0.000697669
-1.0472     -2.30383    0.00749114
-0.837758     -2.30383    0.00974931
-0.628319     -2.30383    0.00767894
-0.418879     -2.30383    0.0169799
-0.20944     -2.30383    0.00450385
0     -2.30383    0.0032489
0.20944     -2.30383    0.00442329
0.418879     -2.30383    0.0172926
0.628319     -2.30383    0.00763308
0.837758     -2.30383    0.00971417
1.0472     -2.30383    0.00761143
1.25664     -2.30383    0.000597681
1.46608     -2.30383    0.00233698
1.67552     -2.30383    0.000886814
1.88496     -2.30383    0.000787196
2.0944     -2.30383    0.0109692
2.30383     -2.30383    0.00555982
2.51327     -2.30383    0.00443896
2.72271     -2.30383    0.00593646
2.93215     -2.30383    0.0109654
3.14159     -2.30383    0.00495724

-3.14159     -2.0944    0.00771761
-2.93215     -2.0944    0.00457475
-2.72271     -2.0944    0.00436384
-2.51327     -2.0944    0.000430312
-2.30383     -2.0944    0.00165638
-2.0944     -2.0944    0.000717212
-1.88496     -2.0944    0.00136667
-1.67552     -2.0944    0.0130972
-1.46608     -2.0944    0.00440332
-1.25664     -2.0944    0.00396859
-1.0472     -2.0944    0.00176433
-0.837758     -2.0944    0.00698143
-0.628319     -2.0944    0.0119497
-0.418879     -2.0944    0.0164185
-0.20944     -2.0944    0.00441244
0     -2.0944    0.00720848
0.20944     -2.0944    0.00418722
0.418879     -2.0944    0.0162272
0.628319     -2.0944    0.0118363
0.837758     -2.0944    0.00711851
1.0472     -2.0944    0.0017858
1.25664     -2.0944    0.00400674
1.46608     -2.0944    0.00449486
1.67552     -2.0944    0.0131724
1.88496     -2.0944    0.00125038
2.0944     -2.0944    0.000879796
2.30383     -2.0944    0.00184019
2.51327     -2.0944    0.000313574
2.72271     -2.0944    0.00424556
2.93215     -2.0944    0.00466293
3.14159     -2.0944    0.00796851

-3.14159     -1.88496    0.00415493
-2.93215     -1.88496    0.0101514
-2.72271     -1.88496    0.000937852
-2.51327     -1.88496    0.0112531
-2.30383     -1.88496    0.0174813
-2.0944     -1.88496    0.0152663
-1.88496     -1.88496    0.00706133
-1.67552     -1.88496    0.00914412
-1.46608     -1.88496    0.00901578
-1.25664     -1.88496    0.00792258
-1.0472     -1.88496    0.0177446
-0.837758     -1.88496    0.00962487
-0.628319     -1.88496    0.0124827
-0.418879     -1.88496    0.00336782
-0.20944     -1.88496    0.00408921
0     -1.88496    0.00179526
0.20944     -1.88496    0.00411875
0.418879     -1.88496    0.00316276
0.628319     -1.88496    0.0128144
0.837758     -1.88496    0.00982306
1.0472     -1.88496    0.0177965
1.25664     -1.88496    0.00787906
1.46608     -1.88496    0.00882372
1.67552     -1.88496    0.00922422
1.88496     -1.88496    0.00700426
2.0944     -1.88496    0.0152327
2.30383     -1.88496    0.0174272
2.51327     -1.88496    0.0113029
2.72271     -1.88496    0.000885482
2.93215     -1.88496    0.00995181
3.14159     -1.88496    0.00403661

-3.14159     -1.67552    0.00548325
-2.93215     -1.67552    0.00962096
-2.72271     -1.67552    0.00364468
-2.51327     -1.67552    0.00996308
-2.30383     -1.67552    0.0102137
-2.0944     -1.67552    0.00810229
-1.88496     -1.67552    0.00319704
-1.67552     -1.67552    0.00890676
-1.46608     -1.67552    0.00718772
-1.25664     -1.67552    0.00990128
-1.0472     -1.67552    0.00374581
-0.837758     -1.67552    0.00415757
-0.628319     -1.67552    0.0150964
-0.418879     -1.67552    0.0192723
-0.20944     -1.67552    0.00432849
0     -1.67552    0.0234368
0.20944     -1.67552    0.00428663
0.418879     -1.67552    0.0193269
0.628319     -1.67552    0.0150686
0.837758     -1.67552    0.00396519
1.0472     -1.67552    0.00418623
1.25664     -1.67552    0.00987986
1.46608     -1.67552    0.0072363
1.67552     -1.67552    0.00909242
1.88496     -1.67552    0.00326133
2.0944     -1.67552    0.00831099
2.30383     -1.67552    0.0102929
2.51327     -1.67552    0.0098845
2.72271     -1.67552    0.00370507
2.93215     -1.67552    0.00922278
3.14159     -1.67552    0.00548341

-3.14159     -1.46608    0.00745223
-2.93215     -1.46608    0.0018265
-2.72271     -1.46608    0.00513901
-2.51327     -1.46608    0.0054464
-2.30383     -1.46608    0.0165953
-2.0944     -1.46608    0.00033912
-1.88496     -1.46608    0.0034842
-1.67552     -1.46608    0.0229993
-1.46608     -1.46608    0.0124208
-1.25664     -1.46608    0.0128453
-1.0472     -1.46608    0.00156814
-0.837758     -1.46608    0.000784004
-0.628319     -1.46608    0.00916923
-0.418879     -1.46608    0.00727753
-0.20944     -1.46608    0.00452499
0     -1.46608    0.0038152
0.20944     -1.46608    0.00441986
0.418879     -1.46608    0.00719747
0.628319     -1.46608    0.0092671
0.837758     -1.46608    0.000822832
1.0472     -1.46608    0.0017712
1.25664     -1.46608    0.0127926
1.46608     -1.46608    0.0124629
1.67552     -1.46608    0.023026
1.88496     -1.46608    0.00332252
2.0944     -1.46608    0.000213167
2.30383     -1.46608    0.0161556
2.51327     -1.46608    0.00550295
2.72271     -1.46608    0.00494986
2.93215     -1.46608    0.00193873
3.14159     -1.46608    0.00773343

-3.14159     -1.25664    0.00345589
-2.93215     -1.25664    0.00490185
-2.72271     -1.25664    0.0140459
-2.51327     -1.25664    0.00474851
-2.30383     -1.25664    0.0242503
-2.0944     -1.25664    0.00604269
-1.88496     -1.25664    0.00561967
-1.67552     -1.25664    0.00780952
-1.46608     -1.25664    0.00249733
-1.25664     -1.25664    0.0206219
-1.0472     -1.25664    0.0150946
-0.837758     -1.25664    0.00853081
-0.628319     -1.25664    0.00789513
-0.418879     -1.25664    0.00344709
-0.20944     -1.25664    0.00319385
0     -1.25664    0.00410122
0.20944     -1.25664    0.00310628
0.418879     -1.25664    0.00328253
0.628319     -1.25664    0.00782516
0.837758     -1.25664    0.00823326
1.0472     -1.25664    0.0150784
1.25664     -1.25664    0.0207037
1.46608     -1.25664    0.00262548
1.67552     -1.25664    0.00780455
1.88496     -1.25664    0.00560725
2.0944     -1.25664    0.00604881
2.30383     -1.25664    0.0240039
2.51327     -1.25664    0.00499213
2.72271     -1.25664    0.0139882
2.93215     -1.25664    0.00481725
3.14159     -1.25664    0.00355526

-3.14159     -1.0472    0.00100856
-2.93215     -1.0472    0.00909286
-2.72271     -1.0472    0.0183305
-2.51327     -1.0472    0.0116823
-2.30383     -1.0472    0.0037193
-2.0944     -1.0472    0.00190556
-1.88496     -1.0472    0.00822679
-1.67552     -1.0472    0.00145839
-1.46608     -1.0472    0.0101915
-1.25664     -1.0472    0.00441784
-1.0472     -1.0472    0.00280016
-0.837758     -1.0472    0.00360494
-0.628319     -1.0472    0.0103889
-0.418879     -1.0472    0.0131263
-0.20944     -1.0472    0.0133534
0     -1.0472    0.0129098
0.20944     -1.0472    0.0135886
0.418879     -1.0472    0.0129274
0.628319     -1.0472    0.0100202
0.837758     -1.0472    0.00357004
1.0472     -1.0472    0.00275499
1.25664     -1.0472    0.00454886
1.46608     -1.0472    0.0101533
1.67552     -1.0472    0.00141428
1.88496     -1.0472    0.00826276
2.0944     -1.0472    0.00184274
2.30383     -1.0472    0.0038307
2.51327     -1.0472    0.0116295
2.72271     -1.0472    0.018354
2.93215     -1.0472    0.00887901
3.14159     -1.0472    0.00114024

-3.14159     -0.837758    0.00584493
-2.93215     -0.837758    0.00286546
-2.72271     -0.837758    0.0110041
-2.51327     -0.837758    0.00626953
-2.30383     -0.837758    0.00334948
-2.0944     -0.837758    0.0159435
-1.88496     -0.837758    0.0036684
-1.67552     -0.837758    0.00285564
-1.46608     -0.837758    0.0217305
-1.25664     -0.837758    0.000495122
-1.0472     -0.837758    0.00203853
-0.837758     -0.837758    0.0131047
-0.628319     -0.837758    0.0117279
-0.418879     -0.837758    0.00494891
-0.20944     -0.837758    0.00849196
0     -0.837758    0.0140249
0.20944     -0.837758    0.00842402
0.418879     -0.837758    0.00483996
0.628319     -0.837758    0.0119058
0.837758     -0.837758    0.0131101
1.0472     -0.837758    0.00216333
1.25664     -0.837758    0.000531197
1.46608     -0.837758    0.0216612
1.67552     -0.837758    0.00276347
1.88496     -0.837758    0.00342044
2.0944     -0.837758    0.0157128
2.30383     -0.837758    0.00299919
2.51327     -0.837758    0.00617087
2.72271     -0.837758    0.0109946
2.93215     -0.837758    0.00296587
3.14159     -0.837758    0.00584611

-3.14159     -0.628319    0.0201866
-2.93215     -0.628319    0.00366209
-2.72271     -0.628319    0.00308695
-2.51327     -0.628319    0.00810199
-2.30383     -0.628319    0.00871215
-2.0944     -0.628319    0.0215523
-1.88496     -0.628319    0.00158011
-1.67552     -0.628319    0.00974898
-1.46608     -0.628319    0.00133536
-1.25664     -0.628319    0.00041225
-1.0472     -0.628319    0.00155761
-0.837758     -0.628319    0.00839126
-0.628319     -0.628319    0.0101305
-0.418879     -0.628319    0.0018215
-0.20944     -0.628319    0.0139985
0     -0.628319    0.00518634
0.20944     -0.628319    0.0135584
0.418879     -0.628319    0.00176866
0.628319     -0.628319    0.0101565
0.837758     -0.628319    0.00838934
1.0472     -0.628319    0.0014007
1.25664     -0.628319    0.000353614
1.46608     -0.628319    0.00139251
1.67552     -0.628319    0.00961192
1.88496     -0.628319    0.00160194
2.0944     -0.628319    0.0215924
2.30383     -0.628319    0.00882493
2.51327     -0.628319    0.00835626
2.72271     -0.628319    0.00305171
2.93215     -0.628319    0.00365091
3.14159     -0.628319    0.0199379

-3.14159     -0.418879    0.0148703
-2.93215     -0.418879    0.00385057
-2.72271     -0.418879    0.0075583
-2.51327     -0.418879    0.012359
-2.30383     -0.418879    0.00484631
-2.0944     -0.418879    0.00872759
-1.88496     -0.418879    0.0128336
-1.67552     -0.418879    0.0203784
-1.46608     -0.418879    0.0025797
-1.25664     -0.418879    0.00122094
-1.0472     -0.418879    0.0105194
-0.837758     -0.418879    0.00542281
-0.628319     -0.418879    0.00927076
-0.418879     -0.418879    0.0214252
-0.20944     -0.418879    0.00699971
0     -0.418879    0.0238546
0.20944     -0.418879    0.00712244
0.418879     -0.418879    0.0213746
0.628319     -0.418879    0.00920334
0.837758     -0.418879    0.00545341
1.0472     -0.418879    0.0104114
1.25664     -0.418879    0.0011764
1.46608     -0.418879    0.00264954
1.67552     -0.418879    0.0199408
1.88496     -0.418879    0.0129536
2.0944     -0.418879    0.00871434
2.30383     -0.418879    0.00484237
2.51327     -0.418879    0.0125922
2.72271     -0.418879    0.0074634
2.93215     -0.418879    0.00383953
3.14159     -0.418879    0.0148142

-3.14159     -0.20944    0.000736786
-2.93215     -0.20944    0.00277838
-2.72271     -0.20944    0.00535193
-2.51327     -0.20944    0.00521726
-2.30383     -0.20944    0.00785961
-2.0944     -0.20944    0.0114911
-1.88496     -0.20944    0.00606526
-1.67552     -0.20944    0.0105767
-1.46608     -0.20944    0.00918125
-1.25664     -0.20944    0.00724788
-1.0472     -0.20944    0.0145343
-0.837758     -0.20944    0.00765417
-0.628319     -0.20944    0.000505405
-0.418879     -0.20944    0.0217455
-0.20944     -0.20944    0.00223725
0     -0.20944    0.00372797
0.20944     -0.20944    0.00129409
0.418879     -0.20944    0.0216059
0.628319     -0.20944    0.000356581
0.837758     -0.20944    0.00763467
1.0472     -0.20944    0.0148302
1.25664     -0.20944    0.00729267
1.46608     -0.20944    0.00917039
1.67552     -0.20944    0.0105353
1.88496     -0.20944    0.00550829
2.0944     -0.20944    0.011491
2.30383     -0.20944    0.00794361
2.51327     -0.20944    0.00508323
2.72271     -0.20944    0.00538912
2.93215     -0.20944    0.0028205
3.14159     -0.20944    0.000646196

-3.14159     0    0.00285683
-2.93215     0    0.0266984
-2.72271     0    0.000822062
-2.51327     0    0.00365721
-2.30383     0    0.001419
-2.0944     0    0.0165527
-1.88496     0    0.00780804
-1.67552     0    0.000188868
-1.46608     0    0.00508259
-1.25664     0    0.00954
-1.0472     0    0.00886758
-0.837758     0    0.000273409
-0.628319     0    0.0240874
-0.418879     0    0.00358969
-0.20944     0    0.0100578
0     0    3.7856e-15
0.20944     0    0.0100578
0.418879     0    0.00358969
0.628319     0    0.0240874
0.837758     0    0.000273409
1.0472     0    0.00886758
1.25664     0    0.00954
1.46608     0    0.00508259
1.67552     0    0.000188868
1.88496     0    0.00780804
2.0944     0    0.0165527
2.30383     0    0.001419
2.51327     0    0.00365721
2.72271     0    0.000822062
2.93215     0    0.0266984
3.14159     0    0.00285683

-3.14159     0.20944    0.000646196
-2.93215     0.20944    0.0028205
-2.72271     0.20944    0.00538912
-2.51327     0.20944    0.00508323
-2.30383     0.20944    0.00794361
-2.0944     0.20944    0.011491
-1.88496     0.20944    0.00550829
-1.67552     0.20944    0.0105353
-1.46608     0.20944    0.00917039
-1.25664     0.20944    0.00729267
-1.0472     0.20944    0.0148302
-0.837758     0.20944    0.00763467
-0.628319     0.20944    0.000356581
-0.418879     0.20944    0.0216059
-0.20944     0.20944    0.00129409
0     0.20944    0.00372797
0.20944     0.20944    0.00223725
0.418879     0.20944    0.0217455
0.628319     0.20944    0.000505405
0.837758     0.20944    0.00765417
1.0472     0.20944    0.0145343
1.25664     0.20944    0.00724788
1.46608     0.20944    0.00918125
1.67552     0.20944    0.0105767
1.88496     0.20944    0.00606526
2.0944     0.20944    0.0114911
2.30383     0.20944    0.00785961
2.51327     0.20944    0.00521726
2.72271     0.20944    0.00535193
2.93215     0.20944    0.00277838
3.14159     0.20944    0.000736786

-3.14159     0.418879    0.0148142
-2.93215     0.418879    0.00383953
-2.72271     0.418879    0.0074634
-2.51327     0.418879    0.0125922
-2.30383     0.418879    0.00484237
-2.0944     0.418879    0.00871434
-1.88496     0.418879    0.0129536
-1.67552     0.418879    0.0199408
-1.46608     0.418879    0.00264954
-1.25664     0.418879    0.0011764
-1.0472     0.418879    0.0104114
-0.837758     0.418879    0.00545341
-0.628319     0.418879    0.00920334
-0.418879     0.418879    0.0213746
-0.20944     0.418879    0.00712244
0     0.418879    0.0238546
0.20944     0.418879    0.00699971
0.418879     0.418879    0.0214252
0.628319     0.418879    0.00927076
0.837758     0.418879    0.00542281
1.0472     0.418879    0.0105194
1.25664     0.418879    0.00122094
1.46608     0.418879    0.0025797
1.67552     0.418879    0.0203784
1.88496     0.418879    0.0128336
2.0944     0.418879    0.00872759
2.30383     0.418879    0.00484631
2.51327     0.418879    0.012359
2.72271     0.418879    0.0075583
2.93215     0.418879    0.00385057
3.14159     0.418879    0.0148703

-3.14159     0.628319    0.0199379
-2.93215     0.628319    0.00365091
-2.72271     0.628319    0.00305171
-2.51327     0.628319    0.00835626
-2.30383     0.628319    0.00882493
-2.0944     0.628319    0.0215924
-1.88496     0.628319    0.00160194
-1.67552     0.628319    0.00961192
-1.46608     0.628319    0.00139251
-1.25664     0.628319    0.000353614
-1.0472     0.628319    0.0014007
-0.837758     0.628319    0.00838934
-0.628319     0.628319    0.0101565
-0.418879     0.628319    0.00176866
-0.20944     0.628319    0.0135584
0     0.628319    0.00518634
0.20944     0.628319    0.0139985
0.418879     0.628319    0.0018215
0.628319     0.628319    0.0101305
0.837758     0.628319    0.00839126
1.0472     0.628319    0.00155761
1.25664     0.628319    0.00041225
1.46608     0.628319    0.00133536
1.67552     0.628319    0.00974898
1.88496     0.628319    0.00158011
2.0944     0.628319    0.0215523
2.30383     0.628319    0.00871215
2.51327     0.628319    0.00810199
2.72271     0.628319    0.00308695
2.93215     0.628319    0.00366209
3.14159     0.628319    0.0201866

-3.14159     0.837758    0.00584611
-2.93215     0.837758    0.00296587
-2.72271     0.837758    0.0109946
-2.51327     0.837758    0.00617087
-2.30383     0.837758    0.00299919
-2.0944     0.837758    0.0157128
-1.88496     0.837758    0.00342044
-1.67552     0.837758    0.00276347
-1.46608     0.837758    0.0216612
-1.25664     0.837758    0.000531197
-1.0472     0.837758    0.00216333
-0.837758     0.837758    0.0131101
-0.628319     0.837758    0.0119058
-0.418879     0.837758    0.00483996
-0.20944     0.837758    0.00842402
0     0.837758    0.0140249
0.20944     0.837758    0.00849196
0.418879     0.837758    0.00494891
0.628319     0.837758    0.0117279
0.837758     0.837758    0.0131047
1.0472     0.837758    0.00203853
1.25664     0.837758    0.000495122
1.46608     0.837758    0.0217305
1.67552     0.837758    0.00285564
1.88496     0.837758    0.0036684
2.0944     0.837758    0.0159435
2.30383     0.837758    0.00334948
2.51327     0.837758    0.00626953
2.72271     0.837758    0.0110041
2.93215     0.837758    0.00286546
3.14159     0.837758    0.00584493

-3.14159     1.0472    0.00114024
-2.93215     1.0472    0.00887901
-2.72271     1.0472    0.018354
-2.51327     1.0472    0.0116295
-2.30383     1.0472    0.0038307
-2.0944     1.0472    0.00184274
-1.88496     1.0472    0.00826276
-1.67552     1.0472    0.00141428
-1.46608     1.0472    0.0101533
-1.25664     1.0472    0.00454886
-1.0472     1.0472    0.00275499
-0.837758     1.0472    0.00357004
-0.628319     1.0472    0.0100202
-0.418879     1.0472    0.0129274
-0.20944     1.0472    0.0135886
0     1.0472    0.0129098
0.20944     1.0472    0.0133534
0.418879     1.0472    0.0131263
0.628319     1.0472    0.0103889
0.837758     1.0472    0.00360494
1.0472     1.0472    0.00280016
1.25664     1.0472    0.00441784
1.46608     1.0472    0.0101915
1.67552     1.0472    0.00145839
1.88496     1.0472    0.00822679
2.0944     1.0472    0.00190556
2.30383     1.0472    0.0037193
2.51327     1.0472    0.0116823
2.72271     1.0472    0.0183305
2.93215     1.0472    0.00909286
3.14159     1.0472    0.00100856

-3.14159     1.25664    0.00355526
-2.93215     1.25664    0.00481725
-2.72271     1.25664    0.0139882
-2.51327     1.25664    0.00499213
-2.30383     1.25664    0.0240039
-2.0944     1.25664    0.00604881
-1.88496     1.25664    0.00560725
-1.67552     1.25664    0.00780455
-1.46608     1.25664    0.00262548
-1.25664     1.25664    0.0207037
-1.0472     1.25664    0.0150784
-0.837758     1.25664    0.00823326
-0.628319     1.25664    0.00782516
-0.418879     1.25664    0.00328253
-0.20944     1.25664    0.00310628
0     1.25664    0.00410122
0.20944     1.25664    0.00319385
0.418879     1.25664    0.00344709
0.628319     1.25664    0.00789513
0.837758     1.25664    0.00853081
1.0472     1.25664    0.0150946
1.25664     1.25664    0.0206219
1.46608     1.25664    0.00249733
1.67552     1.25664    0.00780952
1.88496     1.25664    0.00561967
2.0944     1.25664    0.00604269
2.30383     1.25664    0.0242503
2.51327     1.25664    0.00474851
2.72271     1.25664    0.0140459
2.93215     1.25664    0.00490185
3.14159     1.25664    0.00345589

-3.14159     1.46608    0.00773343
-2.93215     1.46608    0.00193873
-2.72271     1.46608    0.00494986
-2.51327     1.46608    0.00550295
-2.30383     1.46608    0.0161556
-2.0944     1.46608    0.000213167
-1.88496     1.46608    0.00332252
-1.67552     1.46608    0.023026
-1.46608     1.46608    0.0124629
-1.25664     1.46608    0.0127926
-1.0472     1.46608    0.0017712
-0.837758     1.46608    0.000822832
-0.628319     1.46608    0.0092671
-0.418879     1.46608    0.00719747
-0.20944     1.46608    0.00441986
0     1.46608    0.0038152
0.20944     1.46608    0.00452499
0.418879     1.46608    0.00727753
0.628319     1.46608    0.00916923
0.837758     1.46608    0.000784004
1.0472     1.46608    0.00156814
1.25664     1.46608    0.0128453
1.46608     1.46608    0.0124208
1.67552     1.46608    0.0229993
1.88496     1.46608    0.0034842
2.0944     1.46608    0.00033912
2.30383     1.46608    0.0165953
2.51327     1.46608    0.0054464
2.72271     1.46608    0.00513901
2.93215     1.46608    0.0018265
3.14159     1.46608    0.00745223

-3.14159     1.67552    0.00548341
-2.93215     1.67552    0.00922278
-2.72271     1.67552    0.00370507
-2.51327     1.67552    0.0098845
-2.30383     1.67552    0.0102929
-2.0944     1.67552    0.00831099
-1.88496     1.67552    0.00326133
-1.67552     1.67552    0.00909242
-1.46608     1.67552    0.0072363
-1.25664     1.67552    0.00987986
-1.0472     1.67552    0.00418623
-0.837758     1.67552    0.00396519
-0.628319     1.67552    0.0150686
-0.418879     1.67552    0.0193269
-0.20944     1.67552    0.00428663
0     1.67552    0.0234368
0.20944     1.67552    0.00432849
0.418879     1.67552    0.0192723
0.628319     1.67552    0.0150964
0.837758     1.67552    0.00415757
1.0472     1.67552    0.00374581
1.25664     1.67552    0.00990128
1.46608     1.67552    0.00718772
1.67552     1.67552    0.00890676
1.88496     1.67552    0.00319704
2.0944     1.67552    0.00810229
2.30383     1.67552    0.0102137
2.51327     1.67552    0.00996308
2.72271     1.67552    0.00364468
2.93215     1.67552    0.00962096
3.14159     1.67552    0.00548325

-3.14159     1.88496    0.00403661
-2.93215     1.88496    0.00995181
-2.72271     1.88496    0.000885482
-2.51327     1.88496    0.0113029
-2.30383     1.88496    0.0174272
-2.0944     1.88496    0.0152327
-1.88496     1.88496    0.00700426
-1.67552     1.88496    0.00922422
-1.46608     1.88496    0.00882372
-1.25664     1.88496    0.00787906
-1.0472     1.88496    0.0177965
-0.837758     1.88496    0.00982306
-0.628319     1.88496    0.0128144
-0.418879     1.88496    0.00316276
-0.20944     1.88496    0.00411875
0     1.88496    0.00179526
0.20944     1.88496    0.00408921
0.418879     1.88496    0.00336782
0.628319     1.88496    0.0124827
0.837758     1.88496    0.00962487
1.0472     1.88496    0.0177446
1.25664     1.88496    0.00792258
1.46608     1.88496    0.00901578
1.67552     1.88496    0.00914412
1.88496     1.88496    0.00706133
2.0944     1.88496    0.0152663
2.30383     1.88496    0.0174813
2.51327     1.88496    0.0112531
2.72271     1.88496    0.000937852
2.93215     1.88496    0.0101514
3.14159     1.88496    0.00415493

-3.14159     2.0944    0.00796851
-2.93215     2.0944    0.00466293
-2.72271     2.0944    0.00424556
-2.51327     2.0944    0.000313574
-2.30383     2.0944    0.00184019
-2.0944     2.0944    0.000879796
-1.88496     2.0944    0.00125038
-1.67552     2.0944    0.0131724
-1.46608     2.0944    0.00449486
-1.25664     2.0944    0.00400674
-1.0472     2.0944    0.0017858
-0.837758     2.0944    0.00711851
-0.628319     2.0944    0.0118363
-0.418879     2.0944    0.0162272
-0.20944     2.0944    0.00418722
0     2.0944    0.00720848
0.20944     2.0944    0.00441244
0.418879     2.0944    0.0164185
0.628319     2.0944    0.0119497
0.837758     2.0944    0.00698143
1.0472     2.0944    0.00176433
1.25664     2.0944    0.00396859
1.46608     2.0944    0.00440332
1.67552     2.0944    0.0130972
1.88496     2.0944    0.00136667
2.0944     2.0944    0.000717212
2.30383     2.0944    0.00165638
2.51327     2.0944    0.000430312
2.72271     2.0944    0.00436384
2.93215     2.0944    0.00457475
3.14159     2.0944    0.00771761

-3.14159     2.30383    0.00495724
-2.93215     2.30383    0.0109654
-2.72271     2.30383    0.00593646
-2.51327     2.30383    0.00443896
-2.30383     2.30383    0.00555982
-2.0944     2.30383    0.0109692
-1.88496     2.30383    0.000787196
-1.67552     2.30383    0.000886814
-1.46608     2.30383    0.00233698
-1.25664     2.30383    0.000597681
-1.0472     2.30383    0.00761143
-0.837758     2.30383    0.00971417
-0.628319     2.30383    0.00763308
-0.418879     2.30383    0.0172926
-0.20944     2.30383    0.00442329
0     2.30383    0.0032489
0.20944     2.30383    0.00450385
0.418879     2.30383    0.0169799
0.628319     2.30383    0.00767894
0.837758     2.30383    0.00974931
1.0472     2.30383    0.00749114
1.25664     2.30383    0.000697669
1.46608     2.30383    0.00231061
1.67552     2.30383    0.00105514
1.88496     2.30383    0.00082998
2.0944     2.30383    0.0106272
2.30383     2.30383    0.00558918
2.51327     2.30383    0.00423453
2.72271     2.30383    0.00578613
2.93215     2.30383    0.0108739
3.14159     2.30383    0.00479297

-3.14159     2.51327    0.00158213
-2.93215     2.51327    0.00047602
-2.72271     2.51327    0.0046778
-2.51327     2.51327    0.00266573
-2.30383     2.51327    0.0034596
-2.0944     2.51327    0.0207594
-1.88496     2.51327    0.00962847
-1.67552     2.51327    0.0014027
-1.46608     2.51327    0.0262274
-1.25664     2.51327    0.000430485
-1.0472     2.51327    0.0101465
-0.837758     2.51327    0.0099108
-0.628319     2.51327    0.00566533
-0.418879     2.51327    0.00288329
-0.20944     2.51327    0.000818877
0     2.51327    0.0161187
0.20944     2.51327    0.000673205
0.418879     2.51327    0.0028219
0.628319     2.51327    0.00557084
0.837758     2.51327    0.0100095
1.0472     2.51327    0.0103363
1.25664     2.51327    0.000430578
1.46608     2.51327    0.0263013
1.67552     2.51327    0.00154594
1.88496     2.51327    0.00982475
2.0944     2.51327    0.0206218
2.30383     2.51327    0.00357316
2.51327     2.51327    0.0023706
2.72271     2.51327    0.00459368
2.93215     2.51327    0.000564881
3.14159     2.51327    0.00148798

-3.14159     2.72271    0.00281896
-2.93215     2.72271    0.00345655
-2.72271     2.72271    0.00380149
-2.51327     2.72271    0.00600333
-2.30383     2.72271    0.000971193
-2.0944     2.72271    0.00257575
-1.88496     2.72271    0.00564356
-1.67552     2.72271    0.00314074
-1.46608     2.72271    0.0055863
-1.25664     2.72271    0.000734003
-1.0472     2.72271    0.00214998
-0.837758     2.72271    0.000442909
-0.628319     2.72271    0.0119499
-0.418879     2.72271    0.0163654
-0.20944     2.72271    0.00547812
0     2.72271    0.022698
0.20944     2.72271    0.00542186
0.418879     2.72271    0.0167704
0.628319     2.72271    0.0122064
0.837758     2.72271    0.000468705
1.0472     2.72271    0.0020682
1.25664     2.72271    0.000666256
1.46608     2.72271    0.00553098
1.67552     2.72271    0.00327411
1.88496     2.72271    0.00565059
2.0944     2.72271    0.00285728
2.30383     2.72271    0.00063013
2.51327     2.72271    0.00588072
2.72271     2.72271    0.00380779
2.93215     2.72271    0.00335932
3.14159     2.72271    0.00272887

-3.14159     2.93215    0.0159568
-2.93215     2.93215    0.00297271
-2.72271     2.93215    0.00264885
-2.51327     2.93215    0.00217512
-2.30383     2.93215    0.000480751
-2.0944     2.93215    0.00800579
-1.88496     2.93215    0.00957221
-1.67552     2.93215    0.0041646
-1.46608     2.93215    0.00435426
-1.25664     2.93215    0.0107966
-1.0472     2.93215    0.0159346
-0.837758     2.93215    5.31848e-05
-0.628319     2.93215    0.00736052
-0.418879     2.93215    0.0162733
-0.20944     2.93215    0.0130883
0     2.93215    0.00880882
0.20944     2.93215    0.0129437
0.418879     2.93215    0.0161834
0.628319     2.93215    0.00762282
0.837758     2.93215    3.2784e-05
1.0472     2.93215    0.0159195
1.25664     2.93215    0.0107825
1.46608     2.93215    0.00428133
1.67552     2.93215    0.0041071
1.88496     2.93215    0.00958031
2.0944     2.93215    0.00795714
2.30383     2.93215    0.000687654
2.51327     2.93215    0.00219408
2.72271     2.93215    0.00270252
2.93215     2.93215    0.00291879
3.14159     2.93215    0.0161661

-3.14159     3.14159    0.0194453
-2.93215     3.14159    0.00748043
-2.72271     3.14159    0.00276188
-2.51327     3.14159    0.00193207
-2.30383     3.14159    0.000387083
-2.0944     3.14159    0.00772078
-1.88496     3.14159    0.00927861
-1.67552     3.14159    0.0121183
-1.46608     3.14159    0.012295
-1.25664     3.14159    0.00766086
-1.0472     3.14159    0.0148718
-0.837758     3.14159    0.00532222
-0.628319     3.14159    0.00189862
-0.418879     3.14159    0.00787679
-0.20944     3.14159    0.00419592
0     3.14159    0.000536376
0.20944     3.14159    0.00434037
0.418879     3.14159    0.00780794
0.628319     3.14159    0.00169758
0.837758     3.14159    0.00532064
1.0472     3.14159    0.0149942
1.25664     3.14159    0.00776972
1.46608     3.14159    0.012255
1.67552     3.14159    0.011978
1.88496     3.14159    0.00909165
2.0944     3.14159    0.00764204
2.30383     3.14159    0.000579572
2.51327     3.14159    0.00181673
2.72271     3.14159    0.00279758
2.93215     3.14159    0.00751971
3.14159     3.14159    0.0195932

