-3.14159     -3.14159    0.000130381
-2.93215     -3.14159    0.000175978
-2.72271     -3.14159    0.000244549
-2.51327     -3.14159    0.000302538
-2.30383     -3.14159    0.000320321
-2.0944     -3.14159    0.000296505
-1.88496     -3.14159    0.000278336
-1.67552     -3.14159    0.000264368
-1.46608     -3.14159    0.000240126
-1.25664     -3.14159    0.000175874
-1.0472     -3.14159    0.00014704
-0.837758     -3.14159    0.000104123
-0.628319     -3.14159    8.61385e-05
-0.418879     -3.14159    6.8256e-05
-0.20944     -3.14159    6.38816e-05
0     -3.14159    6.28175e-05
0.20944     -3.14159    6.39169e-05
0.418879     -3.14159    6.82545e-05
0.628319     -3.14159    8.61348e-05
0.837758     -3.14159    0.000104119
1.0472     -3.14159    0.000147033
1.25664     -3.14159    0.000175864
1.46608     -3.14159    0.000240118
1.67552     -3.14159    0.000264359
1.88496     -3.14159    0.00027833
2.0944     -3.14159    0.000296504
2.30383     -3.14159    0.000320322
2.51327     -3.14159    0.000302538
2.72271     -3.14159    0.000244549
2.93215     -3.14159    0.000175975
3.14159     -3.14159    0.000130377

-3.14159     -2.93215    0.000117113
-2.93215     -2.93215    0.00016711
-2.72271     -2.93215    0.000218529
-2.51327     -2.93215    0.000260681
-2.30383     -2.93215    0.000275742
-2.0944     -2.93215    0.00027116
-1.88496     -2.93215    0.000252342
-1.67552     -2.93215    0.00023332
-1.46608     -2.93215    0.000203706
-1.25664     -2.93215    0.000140906
-1.0472     -2.93215    0.000106078
-0.837758     -2.93215    7.52238e-05
-0.628319     -2.93215    5.12298e-05
-0.418879     -2.93215    4.43098e-05
-0.20944     -2.93215    4.18342e-05
0     -2.93215    4.1433e-05
0.20944     -2.93215    4.17836e-05
0.418879     -2.93215    4.43092e-05
0.628319     -2.93215    5.12251e-05
0.837758     -2.93215    7.5218e-05
1.0472     -2.93215    0.00010607
1.25664     -2.93215    0.000140899
1.46608     -2.93215    0.000203693
1.67552     -2.93215    0.000233308
1.88496     -2.93215    0.000252333
2.0944     -2.93215    0.000271156
2.30383     -2.93215    0.00027574
2.51327     -2.93215    0.00026068
2.72271     -2.93215    0.000218527
2.93215     -2.93215    0.000167105
3.14159     -2.93215    0.000117107

-3.14159     -2.72271    0.000103335
-2.93215     -2.72271    0.000172122
-2.72271     -2.72271    0.000219144
-2.51327     -2.72271    0.000224457
-2.30383     -2.72271    0.000210118
-2.0944     -2.72271    0.000198567
-1.88496     -2.72271    0.000200173
-1.67552     -2.72271    0.000197266
-1.46608     -2.72271    0.000183148
-1.25664     -2.72271    0.000128639
-1.0472     -2.72271    7.19844e-05
-0.837758     -2.72271    4.15407e-05
-0.628319     -2.72271    1.9048e-05
-0.418879     -2.72271    2.33652e-05
-0.20944     -2.72271    3.37317e-05
0     -2.72271    4.18789e-05
0.20944     -2.72271    3.37764e-05
0.418879     -2.72271    2.3354e-05
0.628319     -2.72271    1.90418e-05
0.837758     -2.72271    4.15316e-05
1.0472     -2.72271    7.19754e-05
1.25664     -2.72271    0.000128626
1.46608     -2.72271    0.000183133
1.67552     -2.72271    0.000197252
1.88496     -2.72271    0.000200162
2.0944     -2.72271    0.000198558
2.30383     -2.72271    0.000210112
2.51327     -2.72271    0.000224454
2.72271     -2.72271    0.000219141
2.93215     -2.72271    0.000172118
3.14159     -2.72271    0.000103327

-3.14159     -2.51327    0.000115297
-2.93215     -2.51327    0.000173292
-2.72271     -2.51327    0.000206506
-2.51327     -2.51327    0.000196006
-2.30383     -2.51327    0.00016183
-2.0944     -2.51327    0.000140594
-1.88496     -2.51327    0.000129265
-1.67552     -2.51327    0.000156587
-1.46608     -2.51327    0.000174192
-1.25664     -2.51327    0.000136493
-1.0472     -2.51327    6.19577e-05
-0.837758     -2.51327    3.30848e-05
-0.628319     -2.51327    9.95095e-06
-0.418879     -2.51327    1.82447e-05
-0.20944     -2.51327    3.20692e-05
0     -2.51327    3.91563e-05
0.20944     -2.51327    3.20371e-05
0.418879     -2.51327    1.82471e-05
0.628319     -2.51327    9.94619e-06
0.837758     -2.51327    3.30804e-05
1.0472     -2.51327    6.19478e-05
1.25664     -2.51327    0.000136482
1.46608     -2.51327    0.000174179
1.67552     -2.51327    0.000156574
1.88496     -2.51327    0.000129253
2.0944     -2.51327    0.000140581
2.30383     -2.51327    0.000161821
2.51327     -2.51327    0.000196001
2.72271     -2.51327    0.000206503
2.93215     -2.51327    0.000173288
3.14159     -2.51327    0.00011529

-3.14159     -2.30383    0.000133521
-2.93215     -2.30383    0.000175514
-2.72271     -2.30383    0.000176724
-2.51327     -2.30383    0.000140806
-2.30383     -2.30383    0.000106094
-2.0944     -2.30383    0.000102721
-1.88496     -2.30383    7.99228e-05
-1.67552     -2.30383    9.5453e-05
-1.46608     -2.30383    0.000136573
-1.25664     -2.30383    0.000122951
-1.0472     -2.30383    5.45914e-05
-0.837758     -2.30383    2.88233e-05
-0.628319     -2.30383    1.69316e-05
-0.418879     -2.30383    2.04995e-05
-0.20944     -2.30383    4.02794e-05
0     -2.30383    5.20561e-05
0.20944     -2.30383    4.02678e-05
0.418879     -2.30383    2.04882e-05
0.628319     -2.30383    1.6927e-05
0.837758     -2.30383    2.88157e-05
1.0472     -2.30383    5.4589e-05
1.25664     -2.30383    0.000122939
1.46608     -2.30383    0.000136562
1.67552     -2.30383    9.54401e-05
1.88496     -2.30383    7.99085e-05
2.0944     -2.30383    0.000102707
2.30383     -2.30383    0.000106082
2.51327     -2.30383    0.000140798
2.72271     -2.30383    0.00017672
2.93215     -2.30383    0.00017551
3.14159     -2.30383    0.000133515

-3.14159     -2.0944    0.00015159
-2.93215     -2.0944    0.000162444
-2.72271     -2.0944    0.00014117
-2.51327     -2.0944    9.79864e-05
-2.30383     -2.0944    7.0296e-05
-2.0944     -2.0944    5.14246e-05
-1.88496     -2.0944    4.15841e-05
-1.67552     -2.0944    4.88931e-05
-1.46608     -2.0944    6.62521e-05
-1.25664     -2.0944    8.1824e-05
-1.0472     -2.0944    4.56018e-05
-0.837758     -2.0944    1.10092e-05
-0.628319     -2.0944    1.43235e-05
-0.418879     -2.0944    1.95443e-05
-0.20944     -2.0944    3.65682e-05
0     -2.0944    3.66436e-05
0.20944     -2.0944    3.66298e-05
0.418879     -2.0944    1.95469e-05
0.628319     -2.0944    1.43196e-05
0.837758     -2.0944    1.10085e-05
1.0472     -2.0944    4.55959e-05
1.25664     -2.0944    8.18174e-05
1.46608     -2.0944    6.62452e-05
1.67552     -2.0944    4.88778e-05
1.88496     -2.0944    4.15689e-05
2.0944     -2.0944    5.14101e-05
2.30383     -2.0944    7.02812e-05
2.51327     -2.0944    9.79756e-05
2.72271     -2.0944    0.000141164
2.93215     -2.0944    0.00016244
3.14159     -2.0944    0.000151585

-3.14159     -1.88496    0.000158906
-2.93215     -1.88496    0.00015169
-2.72271     -1.88496    0.000104899
-2.51327     -1.88496    6.07801e-05
-2.30383     -1.88496    4.8048e-05
-2.0944     -1.88496    2.27653e-05
-1.88496     -1.88496    1.31236e-05
-1.67552     -1.88496    3.05285e-05
-1.46608     -1.88496    2.13211e-05
-1.25664     -1.88496    3.23469e-05
-1.0472     -1.88496    3.14968e-05
-0.837758     -1.88496    5.00862e-06
-0.628319     -1.88496    5.08928e-06
-0.418879     -1.88496    1.56872e-05
-0.20944     -1.88496    3.41395e-05
0     -1.88496    4.70539e-05
0.20944     -1.88496    3.40106e-05
0.418879     -1.88496    1.56801e-05
0.628319     -1.88496    5.08948e-06
0.837758     -1.88496    5.00806e-06
1.0472     -1.88496    3.14913e-05
1.25664     -1.88496    3.23386e-05
1.46608     -1.88496    2.13082e-05
1.67552     -1.88496    3.0513e-05
1.88496     -1.88496    1.31084e-05
2.0944     -1.88496    2.27498e-05
2.30383     -1.88496    4.8031e-05
2.51327     -1.88496    6.07663e-05
2.72271     -1.88496    0.00010489
2.93215     -1.88496    0.000151685
3.14159     -1.88496    0.000158902

-3.14159     -1.67552    0.00015792
-2.93215     -1.67552    0.000131468
-2.72271     -1.67552    7.61531e-05
-2.51327     -1.67552    4.71637e-05
-2.30383     -1.67552    3.53614e-05
-2.0944     -1.67552    1.93816e-05
-1.88496     -1.67552    1.22161e-05
-1.67552     -1.67552    1.62168e-05
-1.46608     -1.67552    1.43042e-05
-1.25664     -1.67552    4.35055e-06
-1.0472     -1.67552    1.53016e-05
-0.837758     -1.67552    9.76339e-06
-0.628319     -1.67552    4.23756e-07
-0.418879     -1.67552    7.77386e-06
-0.20944     -1.67552    3.58961e-05
0     -1.67552    3.33856e-05
0.20944     -1.67552    3.60771e-05
0.418879     -1.67552    7.7681e-06
0.628319     -1.67552    4.15874e-07
0.837758     -1.67552    9.76444e-06
1.0472     -1.67552    1.53033e-05
1.25664     -1.67552    4.33618e-06
1.46608     -1.67552    1.42923e-05
1.67552     -1.67552    1.62034e-05
1.88496     -1.67552    1.22031e-05
2.0944     -1.67552    1.9367e-05
2.30383     -1.67552    3.53435e-05
2.51327     -1.67552    4.71479e-05
2.72271     -1.67552    7.61413e-05
2.93215     -1.67552    0.000131461
3.14159     -1.67552    0.000157916

-3.14159     -1.46608    0.000146413
-2.93215     -1.46608    9.6822e-05
-2.72271     -1.46608    5.31151e-05
-2.51327     -1.46608    4.27918e-05
-2.30383     -1.46608    3.83135e-05
-2.0944     -1.46608    3.03339e-05
-1.88496     -1.46608    3.01597e-05
-1.67552     -1.46608    1.82215e-05
-1.46608     -1.46608    1.20727e-05
-1.25664     -1.46608    2.3631e-06
-1.0472     -1.46608    4.08705e-06
-0.837758     -1.46608    1.85627e-05
-0.628319     -1.46608    8.12772e-06
-0.418879     -1.46608    1.36598e-05
-0.20944     -1.46608    4.16986e-05
0     -1.46608    4.92315e-05
0.20944     -1.46608    4.14691e-05
0.418879     -1.46608    1.36513e-05
0.628319     -1.46608    8.12704e-06
0.837758     -1.46608    1.85653e-05
1.0472     -1.46608    4.08247e-06
1.25664     -1.46608    2.35538e-06
1.46608     -1.46608    1.2062e-05
1.67552     -1.46608    1.82101e-05
1.88496     -1.46608    3.01485e-05
2.0944     -1.46608    3.03222e-05
2.30383     -1.46608    3.82973e-05
2.51327     -1.46608    4.27758e-05
2.72271     -1.46608    5.31015e-05
2.93215     -1.46608    9.6813e-05
3.14159     -1.46608    0.000146408

-3.14159     -1.25664    0.000127565
-2.93215     -1.25664    7.18513e-05
-2.72271     -1.25664    4.658e-05
-2.51327     -1.25664    3.62153e-05
-2.30383     -1.25664    3.72485e-05
-2.0944     -1.25664    4.39598e-05
-1.88496     -1.25664    4.31221e-05
-1.67552     -1.25664    3.2674e-05
-1.46608     -1.25664    2.37435e-05
-1.25664     -1.25664    4.75865e-06
-1.0472     -1.25664    5.02232e-06
-0.837758     -1.25664    1.25682e-05
-0.628319     -1.25664    1.29257e-05
-0.418879     -1.25664    2.04605e-05
-0.20944     -1.25664    4.64834e-05
0     -1.25664    8.35906e-05
0.20944     -1.25664    4.6712e-05
0.418879     -1.25664    2.04661e-05
0.628319     -1.25664    1.29309e-05
0.837758     -1.25664    1.25688e-05
1.0472     -1.25664    5.02214e-06
1.25664     -1.25664    4.75136e-06
1.46608     -1.25664    2.37344e-05
1.67552     -1.25664    3.26676e-05
1.88496     -1.25664    4.31144e-05
2.0944     -1.25664    4.39512e-05
2.30383     -1.25664    3.72356e-05
2.51327     -1.25664    3.6201e-05
2.72271     -1.25664    4.65669e-05
2.93215     -1.25664    7.18411e-05
3.14159     -1.25664    0.000127558

-3.14159     -1.0472    0.000109793
-2.93215     -1.0472    6.47975e-05
-2.72271     -1.0472    3.88464e-05
-2.51327     -1.0472    2.8836e-05
-2.30383     -1.0472    2.93226e-05
-2.0944     -1.0472    4.68954e-05
-1.88496     -1.0472    4.17257e-05
-1.67552     -1.0472    4.1831e-05
-1.46608     -1.0472    3.54824e-05
-1.25664     -1.0472    2.72269e-05
-1.0472     -1.0472    1.74737e-05
-0.837758     -1.0472    1.97334e-05
-0.628319     -1.0472    1.31829e-05
-0.418879     -1.0472    2.85885e-05
-0.20944     -1.0472    4.56349e-05
0     -1.0472    7.05158e-05
0.20944     -1.0472    4.54644e-05
0.418879     -1.0472    2.85956e-05
0.628319     -1.0472    1.32014e-05
0.837758     -1.0472    1.9746e-05
1.0472     -1.0472    1.74649e-05
1.25664     -1.0472    2.72137e-05
1.46608     -1.0472    3.54772e-05
1.67552     -1.0472    4.1829e-05
1.88496     -1.0472    4.17221e-05
2.0944     -1.0472    4.68873e-05
2.30383     -1.0472    2.93126e-05
2.51327     -1.0472    2.88247e-05
2.72271     -1.0472    3.88342e-05
2.93215     -1.0472    6.47872e-05
3.14159     -1.0472    0.000109785

-3.14159     -0.837758    0.000104968
-2.93215     -0.837758    6.92263e-05
-2.72271     -0.837758    2.66104e-05
-2.51327     -0.837758    5.7171e-06
-2.30383     -0.837758    1.99195e-05
-2.0944     -0.837758    2.62329e-05
-1.88496     -0.837758    3.50794e-05
-1.67552     -0.837758    4.13024e-05
-1.46608     -0.837758    3.56251e-05
-1.25664     -0.837758    4.97168e-05
-1.0472     -0.837758    4.76518e-05
-0.837758     -0.837758    2.92283e-05
-0.628319     -0.837758    2.97627e-05
-0.418879     -0.837758    3.29465e-05
-0.20944     -0.837758    5.71073e-05
0     -0.837758    0.000102018
0.20944     -0.837758    5.71549e-05
0.418879     -0.837758    3.296e-05
0.628319     -0.837758    2.97952e-05
0.837758     -0.837758    2.9243e-05
1.0472     -0.837758    4.76419e-05
1.25664     -0.837758    4.97086e-05
1.46608     -0.837758    3.56199e-05
1.67552     -0.837758    4.13015e-05
1.88496     -0.837758    3.50763e-05
2.0944     -0.837758    2.62266e-05
2.30383     -0.837758    1.99098e-05
2.51327     -0.837758    5.70841e-06
2.72271     -0.837758    2.66006e-05
2.93215     -0.837758    6.92175e-05
3.14159     -0.837758    0.00010496

-3.14159     -0.628319    0.000123313
-2.93215     -0.628319    7.15647e-05
-2.72271     -0.628319    3.34441e-05
-2.51327     -0.628319    2.17433e-05
-2.30383     -0.628319    1.72972e-05
-2.0944     -0.628319    1.78916e-05
-1.88496     -0.628319    1.99593e-05
-1.67552     -0.628319    2.48347e-05
-1.46608     -0.628319    3.86671e-05
-1.25664     -0.628319    5.28613e-05
-1.0472     -0.628319    7.87283e-05
-0.837758     -0.628319    6.62312e-05
-0.628319     -0.628319    5.37481e-05
-0.418879     -0.628319    6.86116e-05
-0.20944     -0.628319    8.2389e-05
0     -0.628319    5.43929e-05
0.20944     -0.628319    8.25849e-05
0.418879     -0.628319    6.87257e-05
0.628319     -0.628319    5.37744e-05
0.837758     -0.628319    6.623e-05
1.0472     -0.628319    7.87303e-05
1.25664     -0.628319    5.28595e-05
1.46608     -0.628319    3.86657e-05
1.67552     -0.628319    2.48326e-05
1.88496     -0.628319    1.99559e-05
2.0944     -0.628319    1.78826e-05
2.30383     -0.628319    1.72874e-05
2.51327     -0.628319    2.17327e-05
2.72271     -0.628319    3.3436e-05
2.93215     -0.628319    7.15578e-05
3.14159     -0.628319    0.000123308

-3.14159     -0.418879    0.000132986
-2.93215     -0.418879    8.73642e-05
-2.72271     -0.418879    5.22419e-05
-2.51327     -0.418879    3.57556e-05
-2.30383     -0.418879    1.51387e-05
-2.0944     -0.418879    8.27765e-06
-1.88496     -0.418879    3.80105e-06
-1.67552     -0.418879    2.26338e-06
-1.46608     -0.418879    2.02864e-05
-1.25664     -0.418879    4.03806e-05
-1.0472     -0.418879    5.60994e-05
-0.837758     -0.418879    8.11295e-05
-0.628319     -0.418879    7.44041e-05
-0.418879     -0.418879    8.74723e-05
-0.20944     -0.418879    0.000126792
0     -0.418879    0.000147291
0.20944     -0.418879    0.00012634
0.418879     -0.418879    8.76543e-05
0.628319     -0.418879    7.44668e-05
0.837758     -0.418879    8.11286e-05
1.0472     -0.418879    5.60936e-05
1.25664     -0.418879    4.03758e-05
1.46608     -0.418879    2.02837e-05
1.67552     -0.418879    2.2621e-06
1.88496     -0.418879    3.79671e-06
2.0944     -0.418879    8.27379e-06
2.30383     -0.418879    1.51297e-05
2.51327     -0.418879    3.57473e-05
2.72271     -0.418879    5.22347e-05
2.93215     -0.418879    8.73604e-05
3.14159     -0.418879    0.000132983

-3.14159     -0.20944    0.000165483
-2.93215     -0.20944    0.000139871
-2.72271     -0.20944    0.000107408
-2.51327     -0.20944    6.17886e-05
-2.30383     -0.20944    3.16406e-05
-2.0944     -0.20944    7.95811e-06
-1.88496     -0.20944    5.21414e-06
-1.67552     -0.20944    5.54036e-06
-1.46608     -0.20944    8.74753e-06
-1.25664     -0.20944    1.99481e-05
-1.0472     -0.20944    2.8445e-05
-0.837758     -0.20944    5.31152e-05
-0.628319     -0.20944    8.5533e-05
-0.418879     -0.20944    0.000105303
-0.20944     -0.20944    0.000166844
0     -0.20944    0.000154339
0.20944     -0.20944    0.000169735
0.418879     -0.20944    0.000105506
0.628319     -0.20944    8.56069e-05
0.837758     -0.20944    5.31249e-05
1.0472     -0.20944    2.84527e-05
1.25664     -0.20944    1.99406e-05
1.46608     -0.20944    8.74761e-06
1.67552     -0.20944    5.54054e-06
1.88496     -0.20944    5.21099e-06
2.0944     -0.20944    7.9504e-06
2.30383     -0.20944    3.16344e-05
2.51327     -0.20944    6.1784e-05
2.72271     -0.20944    0.000107405
2.93215     -0.20944    0.000139869
3.14159     -0.20944    0.000165483

-3.14159     0    0.000200829
-2.93215     0    0.000175962
-2.72271     0    0.000151847
-2.51327     0    0.000100007
-2.30383     0    5.14871e-05
-2.0944     0    2.57799e-05
-1.88496     0    1.1105e-05
-1.67552     0    1.83863e-05
-1.46608     0    1.66052e-05
-1.25664     0    1.22278e-05
-1.0472     0    3.11693e-05
-0.837758     0    4.87456e-05
-0.628319     0    8.64148e-05
-0.418879     0    0.000139829
-0.20944     0    0.000180319
0     0    3.31709e-16
0.20944     0    0.000180319
0.418879     0    0.000139829
0.628319     0    8.64148e-05
0.837758     0    4.87456e-05
1.0472     0    3.11693e-05
1.25664     0    1.22278e-05
1.46608     0    1.66052e-05
1.67552     0    1.83863e-05
1.88496     0    1.1105e-05
2.0944     0    2.57799e-05
2.30383     0    5.14871e-05
2.51327     0    0.000100007
2.72271     0    0.000151847
2.93215     0    0.000175962
3.14159     0    0.000200829

-3.14159     0.20944    0.000165483
-2.93215     0.20944    0.000139869
-2.72271     0.20944    0.000107405
-2.51327     0.20944    6.1784e-05
-2.30383     0.20944    3.16344e-05
-2.0944     0.20944    7.9504e-06
-1.88496     0.20944    5.21099e-06
-1.67552     0.20944    5.54054e-06
-1.46608     0.20944    8.74761e-06
-1.25664     0.20944    1.99406e-05
-1.0472     0.20944    2.84527e-05
-0.837758     0.20944    5.31249e-05
-0.628319     0.20944    8.56069e-05
-0.418879     0.20944    0.000105506
-0.20944     0.20944    0.000169735
0     0.20944    0.000154339
0.20944     0.20944    0.000166844
0.418879     0.20944    0.000105303
0.628319     0.20944    8.5533e-05
0.837758     0.20944    5.31152e-05
1.0472     0.20944    2.8445e-05
1.25664     0.20944    1.99481e-05
1.46608     0.20944    8.74753e-06
1.67552     0.20944    5.54036e-06
1.88496     0.20944    5.21414e-06
2.0944     0.20944    7.95811e-06
2.30383     0.20944    3.16406e-05
2.51327     0.20944    6.17886e-05
2.72271     0.20944    0.000107408
2.93215     0.20944    0.000139871
3.14159     0.20944    0.000165483

-3.14159     0.418879    0.000132983
-2.93215     0.418879    8.73604e-05
-2.72271     0.418879    5.22347e-05
-2.51327     0.418879    3.57473e-05
-2.30383     0.418879    1.51297e-05
-2.0944     0.418879    8.27379e-06
-1.88496     0.418879    3.79671e-06
-1.67552     0.418879    2.2621e-06
-1.46608     0.418879    2.02837e-05
-1.25664     0.418879    4.03758e-05
-1.0472     0.418879    5.60936e-05
-0.837758     0.418879    8.11286e-05
-0.628319     0.418879    7.44668e-05
-0.418879     0.418879    8.76543e-05
-0.20944     0.418879    0.00012634
0     0.418879    0.000147291
0.20944     0.418879    0.000126792
0.418879     0.418879    8.74723e-05
0.628319     0.418879    7.44041e-05
0.837758     0.418879    8.11295e-05
1.0472     0.418879    5.60994e-05
1.25664     0.418879    4.03806e-05
1.46608     0.418879    2.02864e-05
1.67552     0.418879    2.26338e-06
1.88496     0.418879    3.80105e-06
2.0944     0.418879    8.27765e-06
2.30383     0.418879    1.51387e-05
2.51327     0.418879    3.57556e-05
2.72271     0.418879    5.22419e-05
2.93215     0.418879    8.73642e-05
3.14159     0.418879    0.000132986

-3.14159     0.628319    0.000123308
-2.93215     0.628319    7.15578e-05
-2.72271     0.628319    3.3436e-05
-2.51327     0.628319    2.17327e-05
-2.30383     0.628319    1.72874e-05
-2.0944     0.628319    1.78826e-05
-1.88496     0.628319    1.99559e-05
-1.67552     0.628319    2.48326e-05
-1.46608     0.628319    3.86657e-05
-1.25664     0.628319    5.28595e-05
-1.0472     0.628319    7.87303e-05
-0.837758     0.628319    6.623e-05
-0.628319     0.628319    5.37744e-05
-0.418879     0.628319    6.87257e-05
-0.20944     0.628319    8.25849e-05
0     0.628319    5.43929e-05
0.20944     0.628319    8.2389e-05
0.418879     0.628319    6.86116e-05
0.628319     0.628319    5.37481e-05
0.837758     0.628319    6.62312e-05
1.0472     0.628319    7.87283e-05
1.25664     0.628319    5.28613e-05
1.46608     0.628319    3.86671e-05
1.67552     0.628319    2.48347e-05
1.88496     0.628319    1.99593e-05
2.0944     0.628319    1.78916e-05
2.30383     0.628319    1.72972e-05
2.51327     0.628319    2.17433e-05
2.72271     0.628319    3.34441e-05
2.93215     0.628319    7.15647e-05
3.14159     0.628319    0.000123313

-3.14159     0.837758    0.00010496
-2.93215     0.837758    6.92175e-05
-2.72271     0.837758    2.66006e-05
-2.51327     0.837758    5.70841e-06
-2.30383     0.837758    1.99098e-05
-2.0944     0.837758    2.62266e-05
-1.88496     0.837758    3.50763e-05
-1.67552     0.837758    4.13015e-05
-1.46608     0.837758    3.56199e-05
-1.25664     0.837758    4.97086e-05
-1.0472     0.837758    4.76419e-05
-0.837758     0.837758    2.9243e-05
-0.628319     0.837758    2.97952e-05
-0.418879     0.837758    3.296e-05
-0.20944     0.837758    5.71549e-05
0     0.837758    0.000102018
0.20944     0.837758    5.71073e-05
0.418879     0.837758    3.29465e-05
0.628319     0.837758    2.97627e-05
0.837758     0.837758    2.92283e-05
1.0472     0.837758    4.76518e-05
1.25664     0.837758    4.97168e-05
1.46608     0.837758    3.56251e-05
1.67552     0.837758    4.13024e-05
1.88496     0.837758    3.50794e-05
2.0944     0.837758    2.62329e-05
2.30383     0.837758    1.99195e-05
2.51327     0.837758    5.7171e-06
2.72271     0.837758    2.66104e-05
2.93215     0.837758    6.92263e-05
3.14159     0.837758    0.000104968

-3.14159     1.0472    0.000109785
-2.93215     1.0472    6.47872e-05
-2.72271     1.0472    3.88342e-05
-2.51327     1.0472    2.88247e-05
-2.30383     1.0472    2.93126e-05
-2.0944     1.0472    4.68873e-05
-1.88496     1.0472    4.17221e-05
-1.67552     1.0472    4.1829e-05
-1.46608     1.0472    3.54772e-05
-1.25664     1.0472    2.72137e-05
-1.0472     1.0472    1.74649e-05
-0.837758     1.0472    1.9746e-05
-0.628319     1.0472    1.32014e-05
-0.418879     1.0472    2.85956e-05
-0.20944     1.0472    4.54644e-05
0     1.0472    7.05158e-05
0.20944     1.0472    4.56349e-05
0.418879     1.0472    2.85885e-05
0.628319     1.0472    1.31829e-05
0.837758     1.0472    1.97334e-05
1.0472     1.0472    1.74737e-05
1.25664     1.0472    2.72269e-05
1.46608     1.0472    3.54824e-05
1.67552     1.0472    4.1831e-05
1.88496     1.0472    4.17257e-05
2.0944     1.0472    4.68954e-05
2.30383     1.0472    2.93226e-05
2.51327     1.0472    2.8836e-05
2.72271     1.0472    3.88464e-05
2.93215     1.0472    6.47975e-05
3.14159     1.0472    0.000109793

-3.14159     1.25664    0.000127558
-2.93215     1.25664    7.18411e-05
-2.72271     1.25664    4.65669e-05
-2.51327     1.25664    3.6201e-05
-2.30383     1.25664    3.72356e-05
-2.0944     1.25664    4.39512e-05
-1.88496     1.25664    4.31144e-05
-1.67552     1.25664    3.26676e-05
-1.46608     1.25664    2.37344e-05
-1.25664     1.25664    4.75136e-06
-1.0472     1.25664    5.02214e-06
-0.837758     1.25664    1.25688e-05
-0.628319     1.25664    1.29309e-05
-0.418879     1.25664    2.04661e-05
-0.20944     1.25664    4.6712e-05
0     1.25664    8.35906e-05
0.20944     1.25664    4.64834e-05
0.418879     1.25664    2.04605e-05
0.628319     1.25664    1.29257e-05
0.837758     1.25664    1.25682e-05
1.0472     1.25664    5.02232e-06
1.25664     1.25664    4.75865e-06
1.46608     1.25664    2.37435e-05
1.67552     1.25664    3.2674e-05
1.88496     1.25664    4.31221e-05
2.0944     1.25664    4.39598e-05
2.30383     1.25664    3.72485e-05
2.51327     1.25664    3.62153e-05
2.72271     1.25664    4.658e-05
2.93215     1.25664    7.18513e-05
3.14159     1.25664    0.000127565

-3.14159     1.46608    0.000146408
-2.93215     1.46608    9.6813e-05
-2.72271     1.46608    5.31015e-05
-2.51327     1.46608    4.27758e-05
-2.30383     1.46608    3.82973e-05
-2.0944     1.46608    3.03222e-05
-1.88496     1.46608    3.01485e-05
-1.67552     1.46608    1.82101e-05
-1.46608     1.46608    1.2062e-05
-1.25664     1.46608    2.35538e-06
-1.0472     1.46608    4.08247e-06
-0.837758     1.46608    1.85653e-05
-0.628319     1.46608    8.12704e-06
-0.418879     1.46608    1.36513e-05
-0.20944     1.46608    4.14691e-05
0     1.46608    4.92315e-05
0.20944     1.46608    4.16986e-05
0.418879     1.46608    1.36598e-05
0.628319     1.46608    8.12772e-06
0.837758     1.46608    1.85627e-05
1.0472     1.46608    4.08705e-06
1.25664     1.46608    2.3631e-06
1.46608     1.46608    1.20727e-05
1.67552     1.46608    1.82215e-05
1.88496     1.46608    3.01597e-05
2.0944     1.46608    3.03339e-05
2.30383     1.46608    3.83135e-05
2.51327     1.46608    4.27918e-05
2.72271     1.46608    5.31151e-05
2.93215     1.46608    9.6822e-05
3.14159     1.46608    0.000146413

-3.14159     1.67552    0.000157916
-2.93215     1.67552    0.000131461
-2.72271     1.67552    7.61413e-05
-2.51327     1.67552    4.71479e-05
-2.30383     1.67552    3.53435e-05
-2.0944     1.67552    1.9367e-05
-1.88496     1.67552    1.22031e-05
-1.67552     1.67552    1.62034e-05
-1.46608     1.67552    1.42923e-05
-1.25664     1.67552    4.33618e-06
-1.0472     1.67552    1.53033e-05
-0.837758     1.67552    9.76444e-06
-0.628319     1.67552    4.15874e-07
-0.418879     1.67552    7.7681e-06
-0.20944     1.67552    3.60771e-05
0     1.67552    3.33856e-05
0.20944     1.67552    3.58961e-05
0.418879     1.67552    7.77386e-06
0.628319     1.67552    4.23756e-07
0.837758     1.67552    9.76339e-06
1.0472     1.67552    1.53016e-05
1.25664     1.67552    4.35055e-06
1.46608     1.67552    1.43042e-05
1.67552     1.67552    1.62168e-05
1.88496     1.67552    1.22161e-05
2.0944     1.67552    1.93816e-05
2.30383     1.67552    3.53614e-05
2.51327     1.67552    4.71637e-05
2.72271     1.67552    7.61531e-05
2.93215     1.67552    0.000131468
3.14159     1.67552    0.00015792

-3.14159     1.88496    0.000158902
-2.93215     1.88496    0.000151685
-2.72271     1.88496    0.00010489
-2.51327     1.88496    6.07663e-05
-2.30383     1.88496    4.8031e-05
-2.0944     1.88496    2.27498e-05
-1.88496     1.88496    1.31084e-05
-1.67552     1.88496    3.0513e-05
-1.46608     1.88496    2.13082e-05
-1.25664     1.88496    3.23386e-05
-1.0472     1.88496    3.14913e-05
-0.837758     1.88496    5.00806e-06
-0.628319     1.88496    5.08948e-06
-0.418879     1.88496    1.56801e-05
-0.20944     1.88496    3.40106e-05
0     1.88496    4.70539e-05
0.20944     1.88496    3.41395e-05
0.418879     1.88496    1.56872e-05
0.628319     1.88496    5.08928e-06
0.837758     1.88496    5.00862e-06
1.0472     1.88496    3.14968e-05
1.25664     1.88496    3.23469e-05
1.46608     1.88496    2.13211e-05
1.67552     1.88496    3.05285e-05
1.88496     1.88496    1.31236e-05
2.0944     1.88496    2.27653e-05
2.30383     1.88496    4.8048e-05
2.51327     1.88496    6.07801e-05
2.72271     1.88496    0.000104899
2.93215     1.88496    0.00015169
3.14159     1.88496    0.000158906

-3.14159     2.0944    0.000151585
-2.93215     2.0944    0.00016244
-2.72271     2.0944    0.000141164
-2.51327     2.0944    9.79756e-05
-2.30383     2.0944    7.02812e-05
-2.0944     2.0944    5.14101e-05
-1.88496     2.0944    4.15689e-05
-1.67552     2.0944    4.88778e-05
-1.46608     2.0944    6.62452e-05
-1.25664     2.0944    8.18174e-05
-1.0472     2.0944    4.55959e-05
-0.837758     2.0944    1.10085e-05
-0.628319     2.0944    1.43196e-05
-0.418879     2.0944    1.95469e-05
-0.20944     2.0944    3.66298e-05
0     2.0944    3.66436e-05
0.20944     2.0944    3.65682e-05
0.418879     2.0944    1.95443e-05
0.628319     2.0944    1.43235e-05
0.837758     2.0944    1.10092e-05
1.0472     2.0944    4.56018e-05
1.25664     2.0944    8.1824e-05
1.46608     2.0944    6.62521e-05
1.67552     2.0944    4.88931e-05
1.88496     2.0944    4.15841e-05
2.0944     2.0944    5.14246e-05
2.30383     2.0944    7.0296e-05
2.51327     2.0944    9.79864e-05
2.72271     2.0944    0.00014117
2.93215     2.0944    0.000162444
3.14159     2.0944    0.00015159

-3.14159     2.30383    0.000133515
-2.93215     2.30383    0.00017551
-2.72271     2.30383    0.00017672
-2.51327     2.30383    0.000140798
-2.30383     2.30383    0.000106082
-2.0944     2.30383    0.000102707
-1.88496     2.30383    7.99085e-05
-1.67552     2.30383    9.54401e-05
-1.46608     2.30383    0.000136562
-1.25664     2.30383    0.000122939
-1.0472     2.30383    5.4589e-05
-0.837758     2.30383    2.88157e-05
-0.628319     2.30383    1.6927e-05
-0.418879     2.30383    2.04882e-05
-0.20944     2.30383    4.02678e-05
0     2.30383    5.20561e-05
0.20944     2.30383    4.02794e-05
0.418879     2.30383    2.04995e-05
0.628319     2.30383    1.69316e-05
0.837758     2.30383    2.88233e-05
1.0472     2.30383    5.45914e-05
1.25664     2.30383    0.000122951
1.46608     2.30383    0.000136573
1.67552     2.30383    9.5453e-05
1.88496     2.30383    7.99228e-05
2.0944     2.30383    0.000102721
2.30383     2.30383    0.000106094
2.51327     2.30383    0.000140806
2.72271     2.30383    0.000176724
2.93215     2.30383    0.000175514
3.14159     2.30383    0.000133521

-3.14159     2.51327    0.00011529
-2.93215     2.51327    0.000173288
-2.72271     2.51327    0.000206503
-2.51327     2.51327    0.000196001
-2.30383     2.51327    0.000161821
-2.0944     2.51327    0.000140581
-1.88496     2.51327    0.000129253
-1.67552     2.51327    0.000156574
-1.46608     2.51327    0.000174179
-1.25664     2.51327    0.000136482
-1.0472     2.51327    6.19478e-05
-0.837758     2.51327    3.30804e-05
-0.628319     2.51327    9.94619e-06
-0.418879     2.51327    1.82471e-05
-0.20944     2.51327    3.20371e-05
0     2.51327    3.91563e-05
0.20944     2.51327    3.20692e-05
0.418879     2.51327    1.82447e-05
0.628319     2.51327    9.95095e-06
0.837758     2.51327    3.30848e-05
1.0472     2.51327    6.19577e-05
1.25664     2.51327    0.000136493
1.46608     2.51327    0.000174192
1.67552     2.51327    0.000156587
1.88496     2.51327    0.000129265
2.0944     2.51327    0.000140594
2.30383     2.51327    0.00016183
2.51327     2.51327    0.000196006
2.72271     2.51327    0.000206506
2.93215     2.51327    0.000173292
3.14159     2.51327    0.000115297

-3.14159     2.72271    0.000103327
-2.93215     2.72271    0.000172118
-2.72271     2.72271    0.000219141
-2.51327     2.72271    0.000224454
-2.30383     2.72271    0.000210112
-2.0944     2.72271    0.000198558
-1.88496     2.72271    0.000200162
-1.67552     2.72271    0.000197252
-1.46608     2.72271    0.000183133
-1.25664     2.72271    0.000128626
-1.0472     2.72271    7.19754e-05
-0.837758     2.72271    4.15316e-05
-0.628319     2.72271    1.90418e-05
-0.418879     2.72271    2.3354e-05
-0.20944     2.72271    3.37764e-05
0     2.72271    4.18789e-05
0.20944     2.72271    3.37317e-05
0.418879     2.72271    2.33652e-05
0.628319     2.72271    1.9048e-05
0.837758     2.72271    4.15407e-05
1.0472     2.72271    7.19844e-05
1.25664     2.72271    0.000128639
1.46608     2.72271    0.000183148
1.67552     2.72271    0.000197266
1.88496     2.72271    0.000200173
2.0944     2.72271    0.000198567
2.30383     2.72271    0.000210118
2.51327     2.72271    0.000224457
2.72271     2.72271    0.000219144
2.93215     2.72271    0.000172122
3.14159     2.72271    0.000103335

-3.14159     2.93215    0.000117107
-2.93215     2.93215    0.000167105
-2.72271     2.93215    0.000218527
-2.51327     2.93215    0.00026068
-2.30383     2.93215    0.00027574
-2.0944     2.93215    0.000271156
-1.88496     2.93215    0.000252333
-1.67552     2.93215    0.000233308
-1.46608     2.93215    0.000203693
-1.25664     2.93215    0.000140899
-1.0472     2.93215    0.00010607
-0.837758     2.93215    7.5218e-05
-0.628319     2.93215    5.12251e-05
-0.418879     2.93215    4.43092e-05
-0.20944     2.93215    4.17836e-05
0     2.93215    4.1433e-05
0.20944     2.93215    4.18342e-05
0.418879     2.93215    4.43098e-05
0.628319     2.93215    5.12298e-05
0.837758     2.93215    7.52238e-05
1.0472     2.93215    0.000106078
1.25664     2.93215    0.000140906
1.46608     2.93215    0.000203706
1.67552     2.93215    0.00023332
1.88496     2.93215    0.000252342
2.0944     2.93215    0.00027116
2.30383     2.93215    0.000275742
2.51327     2.93215    0.000260681
2.72271     2.93215    0.000218529
2.93215     2.93215    0.00016711
3.14159     2.93215    0.000117113

-3.14159     3.14159    0.000130377
-2.93215     3.14159    0.000175975
-2.72271     3.14159    0.000244549
-2.51327     3.14159    0.000302538
-2.30383     3.14159    0.000320322
-2.0944     3.14159    0.000296504
-1.88496     3.14159    0.00027833
-1.67552     3.14159    0.000264359
-1.46608     3.14159    0.000240118
-1.25664     3.14159    0.000175864
-1.0472     3.14159    0.000147033
-0.837758     3.14159    0.000104119
-0.628319     3.14159    8.61348e-05
-0.418879     3.14159    6.82545e-05
-0.20944     3.14159    6.39169e-05
0     3.14159    6.28175e-05
0.20944     3.14159    6.38816e-05
0.418879     3.14159    6.8256e-05
0.628319     3.14159    8.61385e-05
0.837758     3.14159    0.000104123
1.0472     3.14159    0.00014704
1.25664     3.14159    0.000175874
1.46608     3.14159    0.000240126
1.67552     3.14159    0.000264368
1.88496     3.14159    0.000278336
2.0944     3.14159    0.000296505
2.30383     3.14159    0.000320321
2.51327     3.14159    0.000302538
2.72271     3.14159    0.000244549
2.93215     3.14159    0.000175978
3.14159     3.14159    0.000130381

