-3.14159     -3.14159    4.41161e-06
-2.93215     -3.14159    1.05758e-05
-2.72271     -3.14159    1.61998e-05
-2.51327     -3.14159    1.98361e-05
-2.30383     -3.14159    2.12671e-05
-2.0944     -3.14159    2.14154e-05
-1.88496     -3.14159    2.08759e-05
-1.67552     -3.14159    1.96257e-05
-1.46608     -3.14159    1.64796e-05
-1.25664     -3.14159    1.05761e-05
-1.0472     -3.14159    3.4962e-06
-0.837758     -3.14159    2.56213e-06
-0.628319     -3.14159    6.83734e-06
-0.418879     -3.14159    9.46459e-06
-0.20944     -3.14159    1.07557e-05
0     -3.14159    1.12085e-05
0.20944     -3.14159    1.07397e-05
0.418879     -3.14159    9.46791e-06
0.628319     -3.14159    6.84056e-06
0.837758     -3.14159    2.55625e-06
1.0472     -3.14159    3.49503e-06
1.25664     -3.14159    1.05811e-05
1.46608     -3.14159    1.64824e-05
1.67552     -3.14159    1.96317e-05
1.88496     -3.14159    2.0868e-05
2.0944     -3.14159    2.14097e-05
2.30383     -3.14159    2.12885e-05
2.51327     -3.14159    1.98451e-05
2.72271     -3.14159    1.62212e-05
2.93215     -3.14159    1.05728e-05
3.14159     -3.14159    4.40443e-06

-3.14159     -2.93215    1.75427e-07
-2.93215     -2.93215    6.2134e-06
-2.72271     -2.93215    1.21352e-05
-2.51327     -2.93215    1.61072e-05
-2.30383     -2.93215    1.80898e-05
-2.0944     -2.93215    1.86781e-05
-1.88496     -2.93215    1.8187e-05
-1.67552     -2.93215    1.67119e-05
-1.46608     -2.93215    1.35025e-05
-1.25664     -2.93215    7.69451e-06
-1.0472     -2.93215    5.35625e-07
-0.837758     -2.93215    5.42024e-06
-0.628319     -2.93215    9.21368e-06
-0.418879     -2.93215    1.12512e-05
-0.20944     -2.93215    1.21872e-05
0     -2.93215    1.24301e-05
0.20944     -2.93215    1.22206e-05
0.418879     -2.93215    1.12743e-05
0.628319     -2.93215    9.21783e-06
0.837758     -2.93215    5.42201e-06
1.0472     -2.93215    5.31256e-07
1.25664     -2.93215    7.69423e-06
1.46608     -2.93215    1.35125e-05
1.67552     -2.93215    1.67221e-05
1.88496     -2.93215    1.82005e-05
2.0944     -2.93215    1.86664e-05
2.30383     -2.93215    1.80835e-05
2.51327     -2.93215    1.60989e-05
2.72271     -2.93215    1.21477e-05
2.93215     -2.93215    6.22456e-06
3.14159     -2.93215    1.8367e-07

-3.14159     -2.72271    3.18503e-06
-2.93215     -2.72271    2.81815e-06
-2.72271     -2.72271    7.87038e-06
-2.51327     -2.72271    1.07894e-05
-2.30383     -2.72271    1.20963e-05
-2.0944     -2.72271    1.28154e-05
-1.88496     -2.72271    1.32013e-05
-1.67552     -2.72271    1.27606e-05
-1.46608     -2.72271    1.05763e-05
-1.25664     -2.72271    5.65639e-06
-1.0472     -2.72271    1.03063e-06
-0.837758     -2.72271    6.676e-06
-0.628319     -2.72271    9.96342e-06
-0.418879     -2.72271    1.14075e-05
-0.20944     -2.72271    1.19087e-05
0     -2.72271    1.19857e-05
0.20944     -2.72271    1.18763e-05
0.418879     -2.72271    1.13803e-05
0.628319     -2.72271    9.96683e-06
0.837758     -2.72271    6.66503e-06
1.0472     -2.72271    1.03301e-06
1.25664     -2.72271    5.66365e-06
1.46608     -2.72271    1.05668e-05
1.67552     -2.72271    1.27602e-05
1.88496     -2.72271    1.31938e-05
2.0944     -2.72271    1.28295e-05
2.30383     -2.72271    1.21124e-05
2.51327     -2.72271    1.07898e-05
2.72271     -2.72271    7.87767e-06
2.93215     -2.72271    2.82308e-06
3.14159     -2.72271    3.19075e-06

-3.14159     -2.51327    4.74745e-06
-2.93215     -2.51327    3.83739e-07
-2.72271     -2.51327    3.75451e-06
-2.51327     -2.51327    4.79732e-06
-2.30383     -2.51327    4.72452e-06
-2.0944     -2.51327    5.12212e-06
-1.88496     -2.51327    6.46552e-06
-1.67552     -2.51327    7.77213e-06
-1.46608     -2.51327    7.41156e-06
-1.25664     -2.51327    4.08762e-06
-1.0472     -2.51327    1.65939e-06
-0.837758     -2.51327    6.89111e-06
-0.628319     -2.51327    9.84345e-06
-0.418879     -2.51327    1.09665e-05
-0.20944     -2.51327    1.12179e-05
0     -2.51327    1.12982e-05
0.20944     -2.51327    1.12229e-05
0.418879     -2.51327    1.10009e-05
0.628319     -2.51327    9.84496e-06
0.837758     -2.51327    6.90375e-06
1.0472     -2.51327    1.65801e-06
1.25664     -2.51327    4.08983e-06
1.46608     -2.51327    7.40595e-06
1.67552     -2.51327    7.78087e-06
1.88496     -2.51327    6.46626e-06
2.0944     -2.51327    5.12983e-06
2.30383     -2.51327    4.72222e-06
2.51327     -2.51327    4.79261e-06
2.72271     -2.51327    3.75446e-06
2.93215     -2.51327    3.77896e-07
3.14159     -2.51327    4.76021e-06

-3.14159     -2.30383    5.21487e-06
-2.93215     -2.30383    1.579e-06
-2.72271     -2.30383    4.1032e-07
-2.51327     -2.30383    1.26887e-06
-2.30383     -2.30383    2.32748e-06
-2.0944     -2.30383    2.17118e-06
-1.88496     -2.30383    5.25441e-07
-1.67552     -2.30383    1.91583e-06
-1.46608     -2.30383    3.44366e-06
-1.25664     -2.30383    2.18031e-06
-1.0472     -2.30383    2.01977e-06
-0.837758     -2.30383    6.66142e-06
-0.628319     -2.30383    9.42677e-06
-0.418879     -2.30383    1.03712e-05
-0.20944     -2.30383    1.0508e-05
0     -2.30383    1.0374e-05
0.20944     -2.30383    1.05227e-05
0.418879     -2.30383    1.03194e-05
0.628319     -2.30383    9.43574e-06
0.837758     -2.30383    6.66403e-06
1.0472     -2.30383    2.01597e-06
1.25664     -2.30383    2.18489e-06
1.46608     -2.30383    3.44064e-06
1.67552     -2.30383    1.90322e-06
1.88496     -2.30383    5.29296e-07
2.0944     -2.30383    2.16638e-06
2.30383     -2.30383    2.33226e-06
2.51327     -2.30383    1.27958e-06
2.72271     -2.30383    4.0378e-07
2.93215     -2.30383    1.57384e-06
3.14159     -2.30383    5.22107e-06

-3.14159     -2.0944    5.04874e-06
-2.93215     -2.0944    3.47488e-06
-2.72271     -2.0944    4.49914e-06
-2.51327     -2.0944    6.52095e-06
-2.30383     -2.0944    7.68046e-06
-2.0944     -2.0944    7.47921e-06
-1.88496     -2.0944    6.04146e-06
-1.67552     -2.0944    3.65293e-06
-1.46608     -2.0944    1.18434e-06
-1.25664     -2.0944    4.99472e-07
-1.0472     -2.0944    2.71713e-06
-0.837758     -2.0944    6.38014e-06
-0.628319     -2.0944    8.99584e-06
-0.418879     -2.0944    1.00158e-05
-0.20944     -2.0944    1.00777e-05
0     -2.0944    1.01577e-05
0.20944     -2.0944    1.00558e-05
0.418879     -2.0944    1.00359e-05
0.628319     -2.0944    8.99786e-06
0.837758     -2.0944    6.39423e-06
1.0472     -2.0944    2.71559e-06
1.25664     -2.0944    4.92143e-07
1.46608     -2.0944    1.18683e-06
1.67552     -2.0944    3.64778e-06
1.88496     -2.0944    6.04533e-06
2.0944     -2.0944    7.47385e-06
2.30383     -2.0944    7.68414e-06
2.51327     -2.0944    6.52582e-06
2.72271     -2.0944    4.50423e-06
2.93215     -2.0944    3.47156e-06
3.14159     -2.0944    5.04403e-06

-3.14159     -1.88496    4.81083e-06
-2.93215     -1.88496    5.47156e-06
-2.72271     -1.88496    8.01894e-06
-2.51327     -1.88496    1.01196e-05
-2.30383     -1.88496    1.0776e-05
-2.0944     -1.88496    1.03542e-05
-1.88496     -1.88496    9.27329e-06
-1.67552     -1.88496    7.57324e-06
-1.46608     -1.88496    5.36764e-06
-1.25664     -1.88496    3.67686e-06
-1.0472     -1.88496    4.04945e-06
-0.837758     -1.88496    6.34736e-06
-0.628319     -1.88496    8.60877e-06
-0.418879     -1.88496    9.6315e-06
-0.20944     -1.88496    9.89662e-06
0     -1.88496    9.74873e-06
0.20944     -1.88496    9.94744e-06
0.418879     -1.88496    9.5941e-06
0.628319     -1.88496    8.59302e-06
0.837758     -1.88496    6.33401e-06
1.0472     -1.88496    4.05333e-06
1.25664     -1.88496    3.68056e-06
1.46608     -1.88496    5.37526e-06
1.67552     -1.88496    7.57169e-06
1.88496     -1.88496    9.26865e-06
2.0944     -1.88496    1.03469e-05
2.30383     -1.88496    1.07764e-05
2.51327     -1.88496    1.01162e-05
2.72271     -1.88496    8.02697e-06
2.93215     -1.88496    5.48256e-06
3.14159     -1.88496    4.80894e-06

-3.14159     -1.67552    4.86554e-06
-2.93215     -1.67552    7.44656e-06
-2.72271     -1.67552    1.04556e-05
-2.51327     -1.67552    1.19129e-05
-2.30383     -1.67552    1.19577e-05
-2.0944     -1.67552    1.13441e-05
-1.88496     -1.67552    1.05412e-05
-1.67552     -1.67552    9.52557e-06
-1.46608     -1.67552    8.12183e-06
-1.25664     -1.67552    6.52513e-06
-1.0472     -1.67552    5.81845e-06
-0.837758     -1.67552    6.73105e-06
-0.628319     -1.67552    8.34213e-06
-0.418879     -1.67552    9.41239e-06
-0.20944     -1.67552    9.71207e-06
0     -1.67552    9.8192e-06
0.20944     -1.67552    9.60975e-06
0.418879     -1.67552    9.42271e-06
0.628319     -1.67552    8.35037e-06
0.837758     -1.67552    6.72119e-06
1.0472     -1.67552    5.81067e-06
1.25664     -1.67552    6.51442e-06
1.46608     -1.67552    8.11556e-06
1.67552     -1.67552    9.52609e-06
1.88496     -1.67552    1.05465e-05
2.0944     -1.67552    1.13434e-05
2.30383     -1.67552    1.19487e-05
2.51327     -1.67552    1.19129e-05
2.72271     -1.67552    1.0446e-05
2.93215     -1.67552    7.45896e-06
3.14159     -1.67552    4.86221e-06

-3.14159     -1.46608    5.13542e-06
-2.93215     -1.46608    8.91977e-06
-2.72271     -1.46608    1.16351e-05
-2.51327     -1.46608    1.24014e-05
-2.30383     -1.46608    1.20373e-05
-2.0944     -1.46608    1.13209e-05
-1.88496     -1.46608    1.0668e-05
-1.67552     -1.46608    1.01212e-05
-1.46608     -1.46608    9.41446e-06
-1.25664     -1.46608    8.41035e-06
-1.0472     -1.46608    7.47751e-06
-0.837758     -1.46608    7.4111e-06
-0.628319     -1.46608    8.26661e-06
-0.418879     -1.46608    9.10652e-06
-0.20944     -1.46608    9.46335e-06
0     -1.46608    9.63773e-06
0.20944     -1.46608    9.65838e-06
0.418879     -1.46608    9.12459e-06
0.628319     -1.46608    8.2351e-06
0.837758     -1.46608    7.42084e-06
1.0472     -1.46608    7.48147e-06
1.25664     -1.46608    8.39237e-06
1.46608     -1.46608    9.42886e-06
1.67552     -1.46608    1.00953e-05
1.88496     -1.46608    1.06545e-05
2.0944     -1.46608    1.13149e-05
2.30383     -1.46608    1.20303e-05
2.51327     -1.46608    1.24042e-05
2.72271     -1.46608    1.16262e-05
2.93215     -1.46608    8.9278e-06
3.14159     -1.46608    5.13264e-06

-3.14159     -1.25664    5.1609e-06
-2.93215     -1.25664    9.44595e-06
-2.72271     -1.25664    1.17872e-05
-2.51327     -1.25664    1.21886e-05
-2.30383     -1.25664    1.16498e-05
-2.0944     -1.25664    1.09398e-05
-1.88496     -1.25664    1.03821e-05
-1.67552     -1.25664    1.00889e-05
-1.46608     -1.25664    9.77753e-06
-1.25664     -1.25664    9.31841e-06
-1.0472     -1.25664    8.60101e-06
-0.837758     -1.25664    8.14457e-06
-0.628319     -1.25664    8.25813e-06
-0.418879     -1.25664    8.60013e-06
-0.20944     -1.25664    8.97554e-06
0     -1.25664    8.84851e-06
0.20944     -1.25664    8.8479e-06
0.418879     -1.25664    8.61185e-06
0.628319     -1.25664    8.25794e-06
0.837758     -1.25664    8.11912e-06
1.0472     -1.25664    8.59904e-06
1.25664     -1.25664    9.32454e-06
1.46608     -1.25664    9.81129e-06
1.67552     -1.25664    1.0101e-05
1.88496     -1.25664    1.03804e-05
2.0944     -1.25664    1.09359e-05
2.30383     -1.25664    1.16597e-05
2.51327     -1.25664    1.21915e-05
2.72271     -1.25664    1.17905e-05
2.93215     -1.25664    9.45142e-06
3.14159     -1.25664    5.17127e-06

-3.14159     -1.0472    4.38168e-06
-2.93215     -1.0472    8.92867e-06
-2.72271     -1.0472    1.1167e-05
-2.51327     -1.0472    1.16088e-05
-2.30383     -1.0472    1.1196e-05
-2.0944     -1.0472    1.06045e-05
-1.88496     -1.0472    1.01508e-05
-1.67552     -1.0472    9.91139e-06
-1.46608     -1.0472    9.8188e-06
-1.25664     -1.0472    9.62303e-06
-1.0472     -1.0472    9.13769e-06
-0.837758     -1.0472    8.54038e-06
-0.628319     -1.0472    8.12994e-06
-0.418879     -1.0472    8.15972e-06
-0.20944     -1.0472    7.99477e-06
0     -1.0472    8.37858e-06
0.20944     -1.0472    8.08073e-06
0.418879     -1.0472    8.18687e-06
0.628319     -1.0472    8.09282e-06
0.837758     -1.0472    8.56559e-06
1.0472     -1.0472    9.14267e-06
1.25664     -1.0472    9.61981e-06
1.46608     -1.0472    9.79579e-06
1.67552     -1.0472    9.91748e-06
1.88496     -1.0472    1.01542e-05
2.0944     -1.0472    1.06042e-05
2.30383     -1.0472    1.12105e-05
2.51327     -1.0472    1.16159e-05
2.72271     -1.0472    1.11753e-05
2.93215     -1.0472    8.93698e-06
3.14159     -1.0472    4.39241e-06

-3.14159     -0.837758    2.39773e-06
-2.93215     -0.837758    7.20048e-06
-2.72271     -0.837758    9.8003e-06
-2.51327     -0.837758    1.06735e-05
-2.30383     -0.837758    1.06581e-05
-2.0944     -0.837758    1.0343e-05
-1.88496     -0.837758    1.00369e-05
-1.67552     -0.837758    9.84935e-06
-1.46608     -0.837758    9.75904e-06
-1.25664     -0.837758    9.6373e-06
-1.0472     -0.837758    9.1721e-06
-0.837758     -0.837758    8.48103e-06
-0.628319     -0.837758    7.68873e-06
-0.418879     -0.837758    6.8674e-06
-0.20944     -0.837758    6.65983e-06
0     -0.837758    6.19772e-06
0.20944     -0.837758    6.64803e-06
0.418879     -0.837758    6.73354e-06
0.628319     -0.837758    7.67816e-06
0.837758     -0.837758    8.49063e-06
1.0472     -0.837758    9.20792e-06
1.25664     -0.837758    9.6415e-06
1.46608     -0.837758    9.76327e-06
1.67552     -0.837758    9.85098e-06
1.88496     -0.837758    1.00354e-05
2.0944     -0.837758    1.03268e-05
2.30383     -0.837758    1.06579e-05
2.51327     -0.837758    1.06763e-05
2.72271     -0.837758    9.79534e-06
2.93215     -0.837758    7.20549e-06
3.14159     -0.837758    2.40301e-06

-3.14159     -0.628319    1.14803e-06
-2.93215     -0.628319    3.97115e-06
-2.72271     -0.628319    7.22105e-06
-2.51327     -0.628319    8.91897e-06
-2.30383     -0.628319    9.60231e-06
-2.0944     -0.628319    9.79336e-06
-1.88496     -0.628319    9.7972e-06
-1.67552     -0.628319    9.74156e-06
-1.46608     -0.628319    9.62339e-06
-1.25664     -0.628319    9.4601e-06
-1.0472     -0.628319    8.92139e-06
-0.837758     -0.628319    8.0288e-06
-0.628319     -0.628319    6.93094e-06
-0.418879     -0.628319    5.98133e-06
-0.20944     -0.628319    5.09184e-06
0     -0.628319    5.36343e-06
0.20944     -0.628319    4.84767e-06
0.418879     -0.628319    6.05245e-06
0.628319     -0.628319    6.98628e-06
0.837758     -0.628319    7.99569e-06
1.0472     -0.628319    8.89116e-06
1.25664     -0.628319    9.44807e-06
1.46608     -0.628319    9.65945e-06
1.67552     -0.628319    9.75663e-06
1.88496     -0.628319    9.80403e-06
2.0944     -0.628319    9.78725e-06
2.30383     -0.628319    9.6131e-06
2.51327     -0.628319    8.92029e-06
2.72271     -0.628319    7.21576e-06
2.93215     -0.628319    3.97382e-06
3.14159     -0.628319    1.13861e-06

-3.14159     -0.418879    6.0368e-06
-2.93215     -0.418879    9.19453e-07
-2.72271     -0.418879    2.95363e-06
-2.51327     -0.418879    5.62908e-06
-2.30383     -0.418879    7.34171e-06
-2.0944     -0.418879    8.33267e-06
-1.88496     -0.418879    8.89825e-06
-1.67552     -0.418879    9.19904e-06
-1.46608     -0.418879    9.2666e-06
-1.25664     -0.418879    9.05652e-06
-1.0472     -0.418879    8.42002e-06
-0.837758     -0.418879    7.29233e-06
-0.628319     -0.418879    5.94155e-06
-0.418879     -0.418879    4.15501e-06
-0.20944     -0.418879    3.7002e-06
0     -0.418879    1.62464e-06
0.20944     -0.418879    2.96023e-06
0.418879     -0.418879    3.88393e-06
0.628319     -0.418879    5.88246e-06
0.837758     -0.418879    7.27425e-06
1.0472     -0.418879    8.43836e-06
1.25664     -0.418879    9.03641e-06
1.46608     -0.418879    9.25765e-06
1.67552     -0.418879    9.18409e-06
1.88496     -0.418879    8.89404e-06
2.0944     -0.418879    8.33071e-06
2.30383     -0.418879    7.33746e-06
2.51327     -0.418879    5.62567e-06
2.72271     -0.418879    2.95432e-06
2.93215     -0.418879    9.14319e-07
3.14159     -0.418879    6.03242e-06

-3.14159     -0.20944    1.03181e-05
-2.93215     -0.20944    5.80903e-06
-2.72271     -0.20944    1.86017e-06
-2.51327     -0.20944    1.43092e-06
-2.30383     -0.20944    4.03734e-06
-2.0944     -0.20944    5.9467e-06
-1.88496     -0.20944    7.27103e-06
-1.67552     -0.20944    8.11866e-06
-1.46608     -0.20944    8.5349e-06
-1.25664     -0.20944    8.44491e-06
-1.0472     -0.20944    7.78253e-06
-0.837758     -0.20944    6.68983e-06
-0.628319     -0.20944    5.09189e-06
-0.418879     -0.20944    3.3766e-06
-0.20944     -0.20944    3.93285e-06
0     -0.20944    1.74384e-06
0.20944     -0.20944    5.56152e-07
0.418879     -0.20944    2.66215e-06
0.628319     -0.20944    5.16354e-06
0.837758     -0.20944    6.64447e-06
1.0472     -0.20944    7.93483e-06
1.25664     -0.20944    8.50976e-06
1.46608     -0.20944    8.53074e-06
1.67552     -0.20944    8.11492e-06
1.88496     -0.20944    7.26826e-06
2.0944     -0.20944    5.94727e-06
2.30383     -0.20944    4.03516e-06
2.51327     -0.20944    1.42825e-06
2.72271     -0.20944    1.85953e-06
2.93215     -0.20944    5.8111e-06
3.14159     -0.20944    1.03198e-05

-3.14159     0    1.19349e-05
-2.93215     0    7.84493e-06
-2.72271     0    4.09839e-06
-2.51327     0    6.50505e-07
-2.30383     0    2.29126e-06
-2.0944     0    4.62009e-06
-1.88496     0    6.3553e-06
-1.67552     0    7.47113e-06
-1.46608     0    8.09734e-06
-1.25664     0    8.16447e-06
-1.0472     0    7.57627e-06
-0.837758     0    6.456e-06
-0.628319     0    4.91676e-06
-0.418879     0    4.15697e-06
-0.20944     0    2.58718e-06
0     0    1.13427e-16
0.20944     0    2.58718e-06
0.418879     0    4.15697e-06
0.628319     0    4.91676e-06
0.837758     0    6.456e-06
1.0472     0    7.57627e-06
1.25664     0    8.16447e-06
1.46608     0    8.09734e-06
1.67552     0    7.47113e-06
1.88496     0    6.3553e-06
2.0944     0    4.62009e-06
2.30383     0    2.29126e-06
2.51327     0    6.50505e-07
2.72271     0    4.09839e-06
2.93215     0    7.84493e-06
3.14159     0    1.19349e-05

-3.14159     0.20944    1.03198e-05
-2.93215     0.20944    5.8111e-06
-2.72271     0.20944    1.85953e-06
-2.51327     0.20944    1.42825e-06
-2.30383     0.20944    4.03516e-06
-2.0944     0.20944    5.94727e-06
-1.88496     0.20944    7.26826e-06
-1.67552     0.20944    8.11492e-06
-1.46608     0.20944    8.53074e-06
-1.25664     0.20944    8.50976e-06
-1.0472     0.20944    7.93483e-06
-0.837758     0.20944    6.64447e-06
-0.628319     0.20944    5.16354e-06
-0.418879     0.20944    2.66215e-06
-0.20944     0.20944    5.56152e-07
0     0.20944    1.74384e-06
0.20944     0.20944    3.93285e-06
0.418879     0.20944    3.3766e-06
0.628319     0.20944    5.09189e-06
0.837758     0.20944    6.68983e-06
1.0472     0.20944    7.78253e-06
1.25664     0.20944    8.44491e-06
1.46608     0.20944    8.5349e-06
1.67552     0.20944    8.11866e-06
1.88496     0.20944    7.27103e-06
2.0944     0.20944    5.9467e-06
2.30383     0.20944    4.03734e-06
2.51327     0.20944    1.43092e-06
2.72271     0.20944    1.86017e-06
2.93215     0.20944    5.80903e-06
3.14159     0.20944    1.03181e-05

-3.14159     0.418879    6.03242e-06
-2.93215     0.418879    9.14319e-07
-2.72271     0.418879    2.95432e-06
-2.51327     0.418879    5.62567e-06
-2.30383     0.418879    7.33746e-06
-2.0944     0.418879    8.33071e-06
-1.88496     0.418879    8.89404e-06
-1.67552     0.418879    9.18409e-06
-1.46608     0.418879    9.25765e-06
-1.25664     0.418879    9.03641e-06
-1.0472     0.418879    8.43836e-06
-0.837758     0.418879    7.27425e-06
-0.628319     0.418879    5.88246e-06
-0.418879     0.418879    3.88393e-06
-0.20944     0.418879    2.96023e-06
0     0.418879    1.62464e-06
0.20944     0.418879    3.7002e-06
0.418879     0.418879    4.15501e-06
0.628319     0.418879    5.94155e-06
0.837758     0.418879    7.29233e-06
1.0472     0.418879    8.42002e-06
1.25664     0.418879    9.05652e-06
1.46608     0.418879    9.2666e-06
1.67552     0.418879    9.19904e-06
1.88496     0.418879    8.89825e-06
2.0944     0.418879    8.33267e-06
2.30383     0.418879    7.34171e-06
2.51327     0.418879    5.62908e-06
2.72271     0.418879    2.95363e-06
2.93215     0.418879    9.19453e-07
3.14159     0.418879    6.0368e-06

-3.14159     0.628319    1.13861e-06
-2.93215     0.628319    3.97382e-06
-2.72271     0.628319    7.21576e-06
-2.51327     0.628319    8.92029e-06
-2.30383     0.628319    9.6131e-06
-2.0944     0.628319    9.78725e-06
-1.88496     0.628319    9.80403e-06
-1.67552     0.628319    9.75663e-06
-1.46608     0.628319    9.65945e-06
-1.25664     0.628319    9.44807e-06
-1.0472     0.628319    8.89116e-06
-0.837758     0.628319    7.99569e-06
-0.628319     0.628319    6.98628e-06
-0.418879     0.628319    6.05245e-06
-0.20944     0.628319    4.84767e-06
0     0.628319    5.36343e-06
0.20944     0.628319    5.09184e-06
0.418879     0.628319    5.98133e-06
0.628319     0.628319    6.93094e-06
0.837758     0.628319    8.0288e-06
1.0472     0.628319    8.92139e-06
1.25664     0.628319    9.4601e-06
1.46608     0.628319    9.62339e-06
1.67552     0.628319    9.74156e-06
1.88496     0.628319    9.7972e-06
2.0944     0.628319    9.79336e-06
2.30383     0.628319    9.60231e-06
2.51327     0.628319    8.91897e-06
2.72271     0.628319    7.22105e-06
2.93215     0.628319    3.97115e-06
3.14159     0.628319    1.14803e-06

-3.14159     0.837758    2.40301e-06
-2.93215     0.837758    7.20549e-06
-2.72271     0.837758    9.79534e-06
-2.51327     0.837758    1.06763e-05
-2.30383     0.837758    1.06579e-05
-2.0944     0.837758    1.03268e-05
-1.88496     0.837758    1.00354e-05
-1.67552     0.837758    9.85098e-06
-1.46608     0.837758    9.76327e-06
-1.25664     0.837758    9.6415e-06
-1.0472     0.837758    9.20792e-06
-0.837758     0.837758    8.49063e-06
-0.628319     0.837758    7.67816e-06
-0.418879     0.837758    6.73354e-06
-0.20944     0.837758    6.64803e-06
0     0.837758    6.19772e-06
0.20944     0.837758    6.65983e-06
0.418879     0.837758    6.8674e-06
0.628319     0.837758    7.68873e-06
0.837758     0.837758    8.48103e-06
1.0472     0.837758    9.1721e-06
1.25664     0.837758    9.6373e-06
1.46608     0.837758    9.75904e-06
1.67552     0.837758    9.84935e-06
1.88496     0.837758    1.00369e-05
2.0944     0.837758    1.0343e-05
2.30383     0.837758    1.06581e-05
2.51327     0.837758    1.06735e-05
2.72271     0.837758    9.8003e-06
2.93215     0.837758    7.20048e-06
3.14159     0.837758    2.39773e-06

-3.14159     1.0472    4.39241e-06
-2.93215     1.0472    8.93698e-06
-2.72271     1.0472    1.11753e-05
-2.51327     1.0472    1.16159e-05
-2.30383     1.0472    1.12105e-05
-2.0944     1.0472    1.06042e-05
-1.88496     1.0472    1.01542e-05
-1.67552     1.0472    9.91748e-06
-1.46608     1.0472    9.79579e-06
-1.25664     1.0472    9.61981e-06
-1.0472     1.0472    9.14267e-06
-0.837758     1.0472    8.56559e-06
-0.628319     1.0472    8.09282e-06
-0.418879     1.0472    8.18687e-06
-0.20944     1.0472    8.08073e-06
0     1.0472    8.37858e-06
0.20944     1.0472    7.99477e-06
0.418879     1.0472    8.15972e-06
0.628319     1.0472    8.12994e-06
0.837758     1.0472    8.54038e-06
1.0472     1.0472    9.13769e-06
1.25664     1.0472    9.62303e-06
1.46608     1.0472    9.8188e-06
1.67552     1.0472    9.91139e-06
1.88496     1.0472    1.01508e-05
2.0944     1.0472    1.06045e-05
2.30383     1.0472    1.1196e-05
2.51327     1.0472    1.16088e-05
2.72271     1.0472    1.1167e-05
2.93215     1.0472    8.92867e-06
3.14159     1.0472    4.38168e-06

-3.14159     1.25664    5.17127e-06
-2.93215     1.25664    9.45142e-06
-2.72271     1.25664    1.17905e-05
-2.51327     1.25664    1.21915e-05
-2.30383     1.25664    1.16597e-05
-2.0944     1.25664    1.09359e-05
-1.88496     1.25664    1.03804e-05
-1.67552     1.25664    1.0101e-05
-1.46608     1.25664    9.81129e-06
-1.25664     1.25664    9.32454e-06
-1.0472     1.25664    8.59904e-06
-0.837758     1.25664    8.11912e-06
-0.628319     1.25664    8.25794e-06
-0.418879     1.25664    8.61185e-06
-0.20944     1.25664    8.8479e-06
0     1.25664    8.84851e-06
0.20944     1.25664    8.97554e-06
0.418879     1.25664    8.60013e-06
0.628319     1.25664    8.25813e-06
0.837758     1.25664    8.14457e-06
1.0472     1.25664    8.60101e-06
1.25664     1.25664    9.31841e-06
1.46608     1.25664    9.77753e-06
1.67552     1.25664    1.00889e-05
1.88496     1.25664    1.03821e-05
2.0944     1.25664    1.09398e-05
2.30383     1.25664    1.16498e-05
2.51327     1.25664    1.21886e-05
2.72271     1.25664    1.17872e-05
2.93215     1.25664    9.44595e-06
3.14159     1.25664    5.1609e-06

-3.14159     1.46608    5.13264e-06
-2.93215     1.46608    8.9278e-06
-2.72271     1.46608    1.16262e-05
-2.51327     1.46608    1.24042e-05
-2.30383     1.46608    1.20303e-05
-2.0944     1.46608    1.13149e-05
-1.88496     1.46608    1.06545e-05
-1.67552     1.46608    1.00953e-05
-1.46608     1.46608    9.42886e-06
-1.25664     1.46608    8.39237e-06
-1.0472     1.46608    7.48147e-06
-0.837758     1.46608    7.42084e-06
-0.628319     1.46608    8.2351e-06
-0.418879     1.46608    9.12459e-06
-0.20944     1.46608    9.65838e-06
0     1.46608    9.63773e-06
0.20944     1.46608    9.46335e-06
0.418879     1.46608    9.10652e-06
0.628319     1.46608    8.26661e-06
0.837758     1.46608    7.4111e-06
1.0472     1.46608    7.47751e-06
1.25664     1.46608    8.41035e-06
1.46608     1.46608    9.41446e-06
1.67552     1.46608    1.01212e-05
1.88496     1.46608    1.0668e-05
2.0944     1.46608    1.13209e-05
2.30383     1.46608    1.20373e-05
2.51327     1.46608    1.24014e-05
2.72271     1.46608    1.16351e-05
2.93215     1.46608    8.91977e-06
3.14159     1.46608    5.13542e-06

-3.14159     1.67552    4.86221e-06
-2.93215     1.67552    7.45896e-06
-2.72271     1.67552    1.0446e-05
-2.51327     1.67552    1.19129e-05
-2.30383     1.67552    1.19487e-05
-2.0944     1.67552    1.13434e-05
-1.88496     1.67552    1.05465e-05
-1.67552     1.67552    9.52609e-06
-1.46608     1.67552    8.11556e-06
-1.25664     1.67552    6.51442e-06
-1.0472     1.67552    5.81067e-06
-0.837758     1.67552    6.72119e-06
-0.628319     1.67552    8.35037e-06
-0.418879     1.67552    9.42271e-06
-0.20944     1.67552    9.60975e-06
0     1.67552    9.8192e-06
0.20944     1.67552    9.71207e-06
0.418879     1.67552    9.41239e-06
0.628319     1.67552    8.34213e-06
0.837758     1.67552    6.73105e-06
1.0472     1.67552    5.81845e-06
1.25664     1.67552    6.52513e-06
1.46608     1.67552    8.12183e-06
1.67552     1.67552    9.52557e-06
1.88496     1.67552    1.05412e-05
2.0944     1.67552    1.13441e-05
2.30383     1.67552    1.19577e-05
2.51327     1.67552    1.19129e-05
2.72271     1.67552    1.04556e-05
2.93215     1.67552    7.44656e-06
3.14159     1.67552    4.86554e-06

-3.14159     1.88496    4.80894e-06
-2.93215     1.88496    5.48256e-06
-2.72271     1.88496    8.02697e-06
-2.51327     1.88496    1.01162e-05
-2.30383     1.88496    1.07764e-05
-2.0944     1.88496    1.03469e-05
-1.88496     1.88496    9.26865e-06
-1.67552     1.88496    7.57169e-06
-1.46608     1.88496    5.37526e-06
-1.25664     1.88496    3.68056e-06
-1.0472     1.88496    4.05333e-06
-0.837758     1.88496    6.33401e-06
-0.628319     1.88496    8.59302e-06
-0.418879     1.88496    9.5941e-06
-0.20944     1.88496    9.94744e-06
0     1.88496    9.74873e-06
0.20944     1.88496    9.89662e-06
0.418879     1.88496    9.6315e-06
0.628319     1.88496    8.60877e-06
0.837758     1.88496    6.34736e-06
1.0472     1.88496    4.04945e-06
1.25664     1.88496    3.67686e-06
1.46608     1.88496    5.36764e-06
1.67552     1.88496    7.57324e-06
1.88496     1.88496    9.27329e-06
2.0944     1.88496    1.03542e-05
2.30383     1.88496    1.0776e-05
2.51327     1.88496    1.01196e-05
2.72271     1.88496    8.01894e-06
2.93215     1.88496    5.47156e-06
3.14159     1.88496    4.81083e-06

-3.14159     2.0944    5.04403e-06
-2.93215     2.0944    3.47156e-06
-2.72271     2.0944    4.50423e-06
-2.51327     2.0944    6.52582e-06
-2.30383     2.0944    7.68414e-06
-2.0944     2.0944    7.47385e-06
-1.88496     2.0944    6.04533e-06
-1.67552     2.0944    3.64778e-06
-1.46608     2.0944    1.18683e-06
-1.25664     2.0944    4.92143e-07
-1.0472     2.0944    2.71559e-06
-0.837758     2.0944    6.39423e-06
-0.628319     2.0944    8.99786e-06
-0.418879     2.0944    1.00359e-05
-0.20944     2.0944    1.00558e-05
0     2.0944    1.01577e-05
0.20944     2.0944    1.00777e-05
0.418879     2.0944    1.00158e-05
0.628319     2.0944    8.99584e-06
0.837758     2.0944    6.38014e-06
1.0472     2.0944    2.71713e-06
1.25664     2.0944    4.99472e-07
1.46608     2.0944    1.18434e-06
1.67552     2.0944    3.65293e-06
1.88496     2.0944    6.04146e-06
2.0944     2.0944    7.47921e-06
2.30383     2.0944    7.68046e-06
2.51327     2.0944    6.52095e-06
2.72271     2.0944    4.49914e-06
2.93215     2.0944    3.47488e-06
3.14159     2.0944    5.04874e-06

-3.14159     2.30383    5.22107e-06
-2.93215     2.30383    1.57384e-06
-2.72271     2.30383    4.0378e-07
-2.51327     2.30383    1.27958e-06
-2.30383     2.30383    2.33226e-06
-2.0944     2.30383    2.16638e-06
-1.88496     2.30383    5.29296e-07
-1.67552     2.30383    1.90322e-06
-1.46608     2.30383    3.44064e-06
-1.25664     2.30383    2.18489e-06
-1.0472     2.30383    2.01597e-06
-0.837758     2.30383    6.66403e-06
-0.628319     2.30383    9.43574e-06
-0.418879     2.30383    1.03194e-05
-0.20944     2.30383    1.05227e-05
0     2.30383    1.0374e-05
0.20944     2.30383    1.0508e-05
0.418879     2.30383    1.03712e-05
0.628319     2.30383    9.42677e-06
0.837758     2.30383    6.66142e-06
1.0472     2.30383    2.01977e-06
1.25664     2.30383    2.18031e-06
1.46608     2.30383    3.44366e-06
1.67552     2.30383    1.91583e-06
1.88496     2.30383    5.25441e-07
2.0944     2.30383    2.17118e-06
2.30383     2.30383    2.32748e-06
2.51327     2.30383    1.26887e-06
2.72271     2.30383    4.1032e-07
2.93215     2.30383    1.579e-06
3.14159     2.30383    5.21487e-06

-3.14159     2.51327    4.76021e-06
-2.93215     2.51327    3.77896e-07
-2.72271     2.51327    3.75446e-06
-2.51327     2.51327    4.79261e-06
-2.30383     2.51327    4.72222e-06
-2.0944     2.51327    5.12983e-06
-1.88496     2.51327    6.46626e-06
-1.67552     2.51327    7.78087e-06
-1.46608     2.51327    7.40595e-06
-1.25664     2.51327    4.08983e-06
-1.0472     2.51327    1.65801e-06
-0.837758     2.51327    6.90375e-06
-0.628319     2.51327    9.84496e-06
-0.418879     2.51327    1.10009e-05
-0.20944     2.51327    1.12229e-05
0     2.51327    1.12982e-05
0.20944     2.51327    1.12179e-05
0.418879     2.51327    1.09665e-05
0.628319     2.51327    9.84345e-06
0.837758     2.51327    6.89111e-06
1.0472     2.51327    1.65939e-06
1.25664     2.51327    4.08762e-06
1.46608     2.51327    7.41156e-06
1.67552     2.51327    7.77213e-06
1.88496     2.51327    6.46552e-06
2.0944     2.51327    5.12212e-06
2.30383     2.51327    4.72452e-06
2.51327     2.51327    4.79732e-06
2.72271     2.51327    3.75451e-06
2.93215     2.51327    3.83739e-07
3.14159     2.51327    4.74745e-06

-3.14159     2.72271    3.19075e-06
-2.93215     2.72271    2.82308e-06
-2.72271     2.72271    7.87767e-06
-2.51327     2.72271    1.07898e-05
-2.30383     2.72271    1.21124e-05
-2.0944     2.72271    1.28295e-05
-1.88496     2.72271    1.31938e-05
-1.67552     2.72271    1.27602e-05
-1.46608     2.72271    1.05668e-05
-1.25664     2.72271    5.66365e-06
-1.0472     2.72271    1.03301e-06
-0.837758     2.72271    6.66503e-06
-0.628319     2.72271    9.96683e-06
-0.418879     2.72271    1.13803e-05
-0.20944     2.72271    1.18763e-05
0     2.72271    1.19857e-05
0.20944     2.72271    1.19087e-05
0.418879     2.72271    1.14075e-05
0.628319     2.72271    9.96342e-06
0.837758     2.72271    6.676e-06
1.0472     2.72271    1.03063e-06
1.25664     2.72271    5.65639e-06
1.46608     2.72271    1.05763e-05
1.67552     2.72271    1.27606e-05
1.88496     2.72271    1.32013e-05
2.0944     2.72271    1.28154e-05
2.30383     2.72271    1.20963e-05
2.51327     2.72271    1.07894e-05
2.72271     2.72271    7.87038e-06
2.93215     2.72271    2.81815e-06
3.14159     2.72271    3.18503e-06

-3.14159     2.93215    1.8367e-07
-2.93215     2.93215    6.22456e-06
-2.72271     2.93215    1.21477e-05
-2.51327     2.93215    1.60989e-05
-2.30383     2.93215    1.80835e-05
-2.0944     2.93215    1.86664e-05
-1.88496     2.93215    1.82005e-05
-1.67552     2.93215    1.67221e-05
-1.46608     2.93215    1.35125e-05
-1.25664     2.93215    7.69423e-06
-1.0472     2.93215    5.31256e-07
-0.837758     2.93215    5.42201e-06
-0.628319     2.93215    9.21783e-06
-0.418879     2.93215    1.12743e-05
-0.20944     2.93215    1.22206e-05
0     2.93215    1.24301e-05
0.20944     2.93215    1.21872e-05
0.418879     2.93215    1.12512e-05
0.628319     2.93215    9.21368e-06
0.837758     2.93215    5.42024e-06
1.0472     2.93215    5.35625e-07
1.25664     2.93215    7.69451e-06
1.46608     2.93215    1.35025e-05
1.67552     2.93215    1.67119e-05
1.88496     2.93215    1.8187e-05
2.0944     2.93215    1.86781e-05
2.30383     2.93215    1.80898e-05
2.51327     2.93215    1.61072e-05
2.72271     2.93215    1.21352e-05
2.93215     2.93215    6.2134e-06
3.14159     2.93215    1.75427e-07

-3.14159     3.14159    4.40443e-06
-2.93215     3.14159    1.05728e-05
-2.72271     3.14159    1.62212e-05
-2.51327     3.14159    1.98451e-05
-2.30383     3.14159    2.12885e-05
-2.0944     3.14159    2.14097e-05
-1.88496     3.14159    2.0868e-05
-1.67552     3.14159    1.96317e-05
-1.46608     3.14159    1.64824e-05
-1.25664     3.14159    1.05811e-05
-1.0472     3.14159    3.49503e-06
-0.837758     3.14159    2.55625e-06
-0.628319     3.14159    6.84056e-06
-0.418879     3.14159    9.46791e-06
-0.20944     3.14159    1.07397e-05
0     3.14159    1.12085e-05
0.20944     3.14159    1.07557e-05
0.418879     3.14159    9.46459e-06
0.628319     3.14159    6.83734e-06
0.837758     3.14159    2.56213e-06
1.0472     3.14159    3.4962e-06
1.25664     3.14159    1.05761e-05
1.46608     3.14159    1.64796e-05
1.67552     3.14159    1.96257e-05
1.88496     3.14159    2.08759e-05
2.0944     3.14159    2.14154e-05
2.30383     3.14159    2.12671e-05
2.51327     3.14159    1.98361e-05
2.72271     3.14159    1.61998e-05
2.93215     3.14159    1.05758e-05
3.14159     3.14159    4.41161e-06

