-3.14159     -3.14159    0.00757624
-2.93215     -3.14159    0.000804679
-2.72271     -3.14159    0.00329459
-2.51327     -3.14159    0.0082791
-2.30383     -3.14159    0.00406187
-2.0944     -3.14159    0.0019572
-1.88496     -3.14159    0.000150583
-1.67552     -3.14159    0.00333573
-1.46608     -3.14159    0.00522881
-1.25664     -3.14159    0.000711167
-1.0472     -3.14159    0.00611179
-0.837758     -3.14159    0.00230609
-0.628319     -3.14159    0.000767681
-0.418879     -3.14159    0.00138004
-0.20944     -3.14159    0.000239677
0     -3.14159    0.000938524
0.20944     -3.14159    7.3779e-05
0.418879     -3.14159    0.00135726
0.628319     -3.14159    0.000955777
0.837758     -3.14159    0.00231935
1.0472     -3.14159    0.00623073
1.25664     -3.14159    0.000700599
1.46608     -3.14159    0.00519289
1.67552     -3.14159    0.00320263
1.88496     -3.14159    0.000107705
2.0944     -3.14159    0.00185712
2.30383     -3.14159    0.00395507
2.51327     -3.14159    0.00807216
2.72271     -3.14159    0.00326802
2.93215     -3.14159    0.000796221
3.14159     -3.14159    0.00771586

-3.14159     -2.93215    0.0066598
-2.93215     -2.93215    0.000866493
-2.72271     -2.93215    0.00226227
-2.51327     -2.93215    0.000243026
-2.30383     -2.93215    0.00813292
-2.0944     -2.93215    0.00198942
-1.88496     -2.93215    0.0034727
-1.67552     -2.93215    0.00140329
-1.46608     -2.93215    0.0023708
-1.25664     -2.93215    0.00341049
-1.0472     -2.93215    0.00661692
-0.837758     -2.93215    0.00103351
-0.628319     -2.93215    0.000895662
-0.418879     -2.93215    0.00596606
-0.20944     -2.93215    0.00730535
0     -2.93215    0.00235612
0.20944     -2.93215    0.00716201
0.418879     -2.93215    0.00589045
0.628319     -2.93215    0.000744358
0.837758     -2.93215    0.00108153
1.0472     -2.93215    0.00660223
1.25664     -2.93215    0.00335805
1.46608     -2.93215    0.00230613
1.67552     -2.93215    0.00137603
1.88496     -2.93215    0.00350621
2.0944     -2.93215    0.00195581
2.30383     -2.93215    0.00803138
2.51327     -2.93215    6.39494e-05
2.72271     -2.93215    0.0022112
2.93215     -2.93215    0.000811673
3.14159     -2.93215    0.00679797

-3.14159     -2.72271    0.00143527
-2.93215     -2.72271    0.000423214
-2.72271     -2.72271    0.00147068
-2.51327     -2.72271    0.00468341
-2.30383     -2.72271    0.00276462
-2.0944     -2.72271    0.00254387
-1.88496     -2.72271    0.002156
-1.67552     -2.72271    0.00223881
-1.46608     -2.72271    0.00109188
-1.25664     -2.72271    0.00124275
-1.0472     -2.72271    0.00199149
-0.837758     -2.72271    0.00106295
-0.628319     -2.72271    0.00259054
-0.418879     -2.72271    0.00628214
-0.20944     -2.72271    0.00339484
0     -2.72271    0.00525991
0.20944     -2.72271    0.00350367
0.418879     -2.72271    0.00667689
0.628319     -2.72271    0.00280253
0.837758     -2.72271    0.00107946
1.0472     -2.72271    0.00194287
1.25664     -2.72271    0.00129451
1.46608     -2.72271    0.00105108
1.67552     -2.72271    0.00234604
1.88496     -2.72271    0.00216453
2.0944     -2.72271    0.00221864
2.30383     -2.72271    0.00297534
2.51327     -2.72271    0.00457436
2.72271     -2.72271    0.00152638
2.93215     -2.72271    0.000465477
3.14159     -2.72271    0.0013882

-3.14159     -2.51327    0.000872336
-2.93215     -2.51327    0.00409573
-2.72271     -2.51327    0.00522713
-2.51327     -2.51327    0.0033451
-2.30383     -2.51327    0.00174853
-2.0944     -2.51327    0.00653712
-1.88496     -2.51327    0.00268429
-1.67552     -2.51327    0.00191929
-1.46608     -2.51327    0.0111257
-1.25664     -2.51327    0.000394917
-1.0472     -2.51327    0.00289602
-0.837758     -2.51327    0.00267783
-0.628319     -2.51327    0.00256936
-0.418879     -2.51327    0.00103211
-0.20944     -2.51327    0.00129738
0     -2.51327    0.00254876
0.20944     -2.51327    0.00138269
0.418879     -2.51327    0.000982055
0.628319     -2.51327    0.00244566
0.837758     -2.51327    0.00277282
1.0472     -2.51327    0.0030502
1.25664     -2.51327    0.000392069
1.46608     -2.51327    0.0111544
1.67552     -2.51327    0.00204259
1.88496     -2.51327    0.00281533
2.0944     -2.51327    0.00644715
2.30383     -2.51327    0.00181165
2.51327     -2.51327    0.00347159
2.72271     -2.51327    0.00528489
2.93215     -2.51327    0.00432673
3.14159     -2.51327    0.000790357

-3.14159     -2.30383    0.00153683
-2.93215     -2.30383    0.00689413
-2.72271     -2.30383    0.00525623
-2.51327     -2.30383    0.00126732
-2.30383     -2.30383    0.00249661
-2.0944     -2.30383    0.00629923
-1.88496     -2.30383    0.000556706
-1.67552     -2.30383    0.000529716
-1.46608     -2.30383    0.00144749
-1.25664     -2.30383    0.000212583
-1.0472     -2.30383    0.000785507
-0.837758     -2.30383    0.000931241
-0.628319     -2.30383    0.00410214
-0.418879     -2.30383    0.00829732
-0.20944     -2.30383    0.000991974
0     -2.30383    0.0033831
0.20944     -2.30383    0.000998702
0.418879     -2.30383    0.00807409
0.628319     -2.30383    0.0041229
0.837758     -2.30383    0.000949542
1.0472     -2.30383    0.000700216
1.25664     -2.30383    0.000131541
1.46608     -2.30383    0.0014171
1.67552     -2.30383    0.000645533
1.88496     -2.30383    0.000481834
2.0944     -2.30383    0.00603867
2.30383     -2.30383    0.00248269
2.51327     -2.30383    0.00110207
2.72271     -2.30383    0.00514699
2.93215     -2.30383    0.00672709
3.14159     -2.30383    0.00162247

-3.14159     -2.0944    0.00257054
-2.93215     -2.0944    0.00938881
-2.72271     -2.0944    0.00159017
-2.51327     -2.0944    0.000426695
-2.30383     -2.0944    0.00214276
-2.0944     -2.0944    0.00134794
-1.88496     -2.0944    0.000919894
-1.67552     -2.0944    0.00363156
-1.46608     -2.0944    9.16539e-05
-1.25664     -2.0944    0.00253554
-1.0472     -2.0944    0.00204293
-0.837758     -2.0944    0.000420706
-0.628319     -2.0944    0.00478632
-0.418879     -2.0944    0.00849991
-0.20944     -2.0944    0.00098735
0     -2.0944    0.00184098
0.20944     -2.0944    0.000767348
0.418879     -2.0944    0.00863006
0.628319     -2.0944    0.00484873
0.837758     -2.0944    0.000597863
1.0472     -2.0944    0.00206673
1.25664     -2.0944    0.002486
1.46608     -2.0944    0.000166402
1.67552     -2.0944    0.00357841
1.88496     -2.0944    0.000799799
2.0944     -2.0944    0.00120731
2.30383     -2.0944    0.00227205
2.51327     -2.0944    0.000377774
2.72271     -2.0944    0.0014541
2.93215     -2.0944    0.00923588
3.14159     -2.0944    0.00263351

-3.14159     -1.88496    0.00193259
-2.93215     -1.88496    0.000580488
-2.72271     -1.88496    0.0034708
-2.51327     -1.88496    0.00305184
-2.30383     -1.88496    0.0043828
-2.0944     -1.88496    0.00422211
-1.88496     -1.88496    0.00215867
-1.67552     -1.88496    0.00231342
-1.46608     -1.88496    0.0002847
-1.25664     -1.88496    5.36833e-05
-1.0472     -1.88496    0.00536177
-0.837758     -1.88496    0.000326775
-0.628319     -1.88496    0.00684273
-0.418879     -1.88496    0.000463674
-0.20944     -1.88496    0.000502006
0     -1.88496    0.000741355
0.20944     -1.88496    0.000464211
0.418879     -1.88496    0.00048982
0.628319     -1.88496    0.00652962
0.837758     -1.88496    0.000201317
1.0472     -1.88496    0.00530542
1.25664     -1.88496    2.08778e-05
1.46608     -1.88496    0.000183106
1.67552     -1.88496    0.00228405
1.88496     -1.88496    0.0021699
2.0944     -1.88496    0.00416441
2.30383     -1.88496    0.00448492
2.51327     -1.88496    0.00305602
2.72271     -1.88496    0.00341605
2.93215     -1.88496    0.000580464
3.14159     -1.88496    0.00188017

-3.14159     -1.67552    0.00209446
-2.93215     -1.67552    0.00407368
-2.72271     -1.67552    0.00129157
-2.51327     -1.67552    0.0042339
-2.30383     -1.67552    0.0072441
-2.0944     -1.67552    0.00328683
-1.88496     -1.67552    0.00238389
-1.67552     -1.67552    0.00497223
-1.46608     -1.67552    0.00116621
-1.25664     -1.67552    0.00126103
-1.0472     -1.67552    0.0038544
-0.837758     -1.67552    0.0059427
-0.628319     -1.67552    0.00781728
-0.418879     -1.67552    0.00505483
-0.20944     -1.67552    0.000487282
0     -1.67552    0.0105698
0.20944     -1.67552    0.000437604
0.418879     -1.67552    0.00499876
0.628319     -1.67552    0.00791579
0.837758     -1.67552    0.0063921
1.0472     -1.67552    0.00417565
1.25664     -1.67552    0.00129129
1.46608     -1.67552    0.00120333
1.67552     -1.67552    0.00478119
1.88496     -1.67552    0.00233603
2.0944     -1.67552    0.0030753
2.30383     -1.67552    0.00726743
2.51327     -1.67552    0.00432515
2.72271     -1.67552    0.00120156
2.93215     -1.67552    0.0043584
3.14159     -1.67552    0.00207676

-3.14159     -1.46608    0.00259987
-2.93215     -1.46608    0.003202
-2.72271     -1.46608    0.00284904
-2.51327     -1.46608    0.00152085
-2.30383     -1.46608    0.00502674
-2.0944     -1.46608    0.00148903
-1.88496     -1.46608    0.000505356
-1.67552     -1.46608    0.0113868
-1.46608     -1.46608    0.00590427
-1.25664     -1.46608    0.00735568
-1.0472     -1.46608    0.00168332
-0.837758     -1.46608    0.000212149
-0.628319     -1.46608    0.00313624
-0.418879     -1.46608    0.000210436
-0.20944     -1.46608    0.00523643
0     -1.46608    0.00110905
0.20944     -1.46608    0.00530853
0.418879     -1.46608    0.00016187
0.628319     -1.46608    0.00299133
0.837758     -1.46608    0.00021494
1.0472     -1.46608    0.0018403
1.25664     -1.46608    0.00737658
1.46608     -1.46608    0.00587976
1.67552     -1.46608    0.0113498
1.88496     -1.46608    0.000698608
2.0944     -1.46608    0.00141006
2.30383     -1.46608    0.00533709
2.51327     -1.46608    0.00147953
2.72271     -1.46608    0.00295144
2.93215     -1.46608    0.0030822
3.14159     -1.46608    0.00268477

-3.14159     -1.25664    0.000618155
-2.93215     -1.25664    0.000276914
-2.72271     -1.25664    0.00561624
-2.51327     -1.25664    0.00450727
-2.30383     -1.25664    0.00431327
-2.0944     -1.25664    0.00184368
-1.88496     -1.25664    0.001821
-1.67552     -1.25664    0.00162558
-1.46608     -1.25664    0.0020323
-1.25664     -1.25664    0.00698226
-1.0472     -1.25664    0.00648237
-0.837758     -1.25664    0.00213841
-0.628319     -1.25664    8.46415e-05
-0.418879     -1.25664    0.00230578
-0.20944     -1.25664    0.00248313
0     -1.25664    0.0013601
0.20944     -1.25664    0.00258545
0.418879     -1.25664    0.00213477
0.628319     -1.25664    0.000222688
0.837758     -1.25664    0.00240766
1.0472     -1.25664    0.00648406
1.25664     -1.25664    0.00684728
1.46608     -1.25664    0.00192351
1.67552     -1.25664    0.00163214
1.88496     -1.25664    0.00182327
2.0944     -1.25664    0.00184478
2.30383     -1.25664    0.00443844
2.51327     -1.25664    0.00423631
2.72271     -1.25664    0.00574429
2.93215     -1.25664    0.000361546
3.14159     -1.25664    0.000690756

-3.14159     -1.0472    0.00102408
-2.93215     -1.0472    0.000136971
-2.72271     -1.0472    0.00670381
-2.51327     -1.0472    0.00540365
-2.30383     -1.0472    0.00214389
-2.0944     -1.0472    0.000523844
-1.88496     -1.0472    0.0037295
-1.67552     -1.0472    0.00248332
-1.46608     -1.0472    0.00389054
-1.25664     -1.0472    0.0025152
-1.0472     -1.0472    0.00224223
-0.837758     -1.0472    0.00319662
-0.628319     -1.0472    0.0016311
-0.418879     -1.0472    0.00494801
-0.20944     -1.0472    0.00575144
0     -1.0472    0.00186157
0.20944     -1.0472    0.00552632
0.418879     -1.0472    0.00502253
0.628319     -1.0472    0.00212549
0.837758     -1.0472    0.00322076
1.0472     -1.0472    0.00218427
1.25664     -1.0472    0.00260263
1.46608     -1.0472    0.00390346
1.67552     -1.0472    0.00255791
1.88496     -1.0472    0.00367535
2.0944     -1.0472    0.000547762
2.30383     -1.0472    0.00211384
2.51327     -1.0472    0.00545402
2.72271     -1.0472    0.00663325
2.93215     -1.0472    0.000389077
3.14159     -1.0472    0.000942428

-3.14159     -0.837758    0.0025041
-2.93215     -0.837758    0.00243037
-2.72271     -0.837758    0.00268853
-2.51327     -0.837758    0.00227963
-2.30383     -0.837758    0.00187075
-2.0944     -0.837758    0.00669635
-1.88496     -0.837758    0.00146664
-1.67552     -0.837758    0.00125414
-1.46608     -0.837758    0.0101878
-1.25664     -0.837758    0.00198239
-1.0472     -0.837758    0.00100853
-0.837758     -0.837758    0.00560586
-0.628319     -0.837758    0.00529133
-0.418879     -0.837758    0.00188067
-0.20944     -0.837758    0.00099898
0     -0.837758    0.00790605
0.20944     -0.837758    0.00109112
0.418879     -0.837758    0.00196368
0.628319     -0.837758    0.0050997
0.837758     -0.837758    0.00559206
1.0472     -0.837758    0.000891532
1.25664     -0.837758    0.0019842
1.46608     -0.837758    0.0102529
1.67552     -0.837758    0.00134578
1.88496     -0.837758    0.00123835
2.0944     -0.837758    0.00693588
2.30383     -0.837758    0.00210098
2.51327     -0.837758    0.00238364
2.72271     -0.837758    0.00253071
2.93215     -0.837758    0.00236737
3.14159     -0.837758    0.0025069

-3.14159     -0.628319    0.00830255
-2.93215     -0.628319    0.00240256
-2.72271     -0.628319    0.000602688
-2.51327     -0.628319    0.00325612
-2.30383     -0.628319    0.00474642
-2.0944     -0.628319    0.0109664
-1.88496     -0.628319    0.000137356
-1.67552     -0.628319    0.00175336
-1.46608     -0.628319    0.00261481
-1.25664     -0.628319    0.000447732
-1.0472     -0.628319    0.000473217
-0.837758     -0.628319    0.00259735
-0.628319     -0.628319    0.00204357
-0.418879     -0.628319    0.00101283
-0.20944     -0.628319    0.00292038
0     -0.628319    0.000524069
0.20944     -0.628319    0.00343299
0.418879     -0.628319    0.00109012
0.628319     -0.628319    0.00201644
0.837758     -0.628319    0.00258498
1.0472     -0.628319    0.000640348
1.25664     -0.628319    0.000388459
1.46608     -0.628319    0.0025978
1.67552     -0.628319    0.00184437
1.88496     -0.628319    0.000178377
2.0944     -0.628319    0.0109119
2.30383     -0.628319    0.00466249
2.51327     -0.628319    0.00300655
2.72271     -0.628319    0.000480506
2.93215     -0.628319    0.00239717
3.14159     -0.628319    0.00847867

-3.14159     -0.418879    0.00521857
-2.93215     -0.418879    0.00303232
-2.72271     -0.418879    0.00149869
-2.51327     -0.418879    0.00269761
-2.30383     -0.418879    0.000349542
-2.0944     -0.418879    0.00240079
-1.88496     -0.418879    0.00794832
-1.67552     -0.418879    0.00614562
-1.46608     -0.418879    0.00271434
-1.25664     -0.418879    0.00165255
-1.0472     -0.418879    0.00427613
-0.837758     -0.418879    0.00180088
-0.628319     -0.418879    0.00566438
-0.418879     -0.418879    0.00539017
-0.20944     -0.418879    0.000599502
0     -0.418879    0.00463968
0.20944     -0.418879    0.000673874
0.418879     -0.418879    0.00536779
0.628319     -0.418879    0.00568807
0.837758     -0.418879    0.00182331
1.0472     -0.418879    0.00432957
1.25664     -0.418879    0.00167444
1.46608     -0.418879    0.00282998
1.67552     -0.418879    0.00647693
1.88496     -0.418879    0.00786183
2.0944     -0.418879    0.00238012
2.30383     -0.418879    0.00034505
2.51327     -0.418879    0.00257277
2.72271     -0.418879    0.00158904
2.93215     -0.418879    0.00304377
3.14159     -0.418879    0.0052977

-3.14159     -0.20944    0.00185388
-2.93215     -0.20944    0.00041376
-2.72271     -0.20944    0.00199452
-2.51327     -0.20944    0.000159079
-2.30383     -0.20944    0.000768722
-2.0944     -0.20944    0.00151792
-1.88496     -0.20944    0.000320096
-1.67552     -0.20944    0.00502229
-1.46608     -0.20944    0.00174256
-1.25664     -0.20944    0.000167792
-1.0472     -0.20944    0.0076335
-0.837758     -0.20944    0.00112555
-0.628319     -0.20944    0.00122468
-0.418879     -0.20944    0.00395542
-0.20944     -0.20944    0.00262659
0     -0.20944    0.000457256
0.20944     -0.20944    0.00179823
0.418879     -0.20944    0.00407049
0.628319     -0.20944    0.00111854
0.837758     -0.20944    0.00112381
1.0472     -0.20944    0.00732543
1.25664     -0.20944    0.00017228
1.46608     -0.20944    0.00176069
1.67552     -0.20944    0.00507742
1.88496     -0.20944    0.00023346
2.0944     -0.20944    0.00144676
2.30383     -0.20944    0.000785428
2.51327     -0.20944    4.21255e-05
2.72271     -0.20944    0.00192494
2.93215     -0.20944    0.000383835
3.14159     -0.20944    0.00192637

-3.14159     0    0.0023794
-2.93215     0    0.0111771
-2.72271     0    0.00052654
-2.51327     0    0.00238111
-2.30383     0    0.000517636
-2.0944     0    0.00377251
-1.88496     0    0.0104182
-1.67552     0    0.00103362
-1.46608     0    0.000941879
-1.25664     0    0.00184036
-1.0472     0    0.0029119
-0.837758     0    0.000974802
-0.628319     0    0.00605093
-0.418879     0    0.0021684
-0.20944     0    0.00202926
0     0    1.10629e-14
0.20944     0    0.00202926
0.418879     0    0.0021684
0.628319     0    0.00605093
0.837758     0    0.000974802
1.0472     0    0.0029119
1.25664     0    0.00184036
1.46608     0    0.000941879
1.67552     0    0.00103362
1.88496     0    0.0104182
2.0944     0    0.00377251
2.30383     0    0.000517636
2.51327     0    0.00238111
2.72271     0    0.00052654
2.93215     0    0.0111771
3.14159     0    0.0023794

-3.14159     0.20944    0.00192637
-2.93215     0.20944    0.000383835
-2.72271     0.20944    0.00192494
-2.51327     0.20944    4.21255e-05
-2.30383     0.20944    0.000785428
-2.0944     0.20944    0.00144676
-1.88496     0.20944    0.00023346
-1.67552     0.20944    0.00507742
-1.46608     0.20944    0.00176069
-1.25664     0.20944    0.00017228
-1.0472     0.20944    0.00732543
-0.837758     0.20944    0.00112381
-0.628319     0.20944    0.00111854
-0.418879     0.20944    0.00407049
-0.20944     0.20944    0.00179823
0     0.20944    0.000457256
0.20944     0.20944    0.00262659
0.418879     0.20944    0.00395542
0.628319     0.20944    0.00122468
0.837758     0.20944    0.00112555
1.0472     0.20944    0.0076335
1.25664     0.20944    0.000167792
1.46608     0.20944    0.00174256
1.67552     0.20944    0.00502229
1.88496     0.20944    0.000320096
2.0944     0.20944    0.00151792
2.30383     0.20944    0.000768722
2.51327     0.20944    0.000159079
2.72271     0.20944    0.00199452
2.93215     0.20944    0.00041376
3.14159     0.20944    0.00185388

-3.14159     0.418879    0.0052977
-2.93215     0.418879    0.00304377
-2.72271     0.418879    0.00158904
-2.51327     0.418879    0.00257277
-2.30383     0.418879    0.00034505
-2.0944     0.418879    0.00238012
-1.88496     0.418879    0.00786183
-1.67552     0.418879    0.00647693
-1.46608     0.418879    0.00282998
-1.25664     0.418879    0.00167444
-1.0472     0.418879    0.00432957
-0.837758     0.418879    0.00182331
-0.628319     0.418879    0.00568807
-0.418879     0.418879    0.00536779
-0.20944     0.418879    0.000673874
0     0.418879    0.00463968
0.20944     0.418879    0.000599502
0.418879     0.418879    0.00539017
0.628319     0.418879    0.00566438
0.837758     0.418879    0.00180088
1.0472     0.418879    0.00427613
1.25664     0.418879    0.00165255
1.46608     0.418879    0.00271434
1.67552     0.418879    0.00614562
1.88496     0.418879    0.00794832
2.0944     0.418879    0.00240079
2.30383     0.418879    0.000349542
2.51327     0.418879    0.00269761
2.72271     0.418879    0.00149869
2.93215     0.418879    0.00303232
3.14159     0.418879    0.00521857

-3.14159     0.628319    0.00847867
-2.93215     0.628319    0.00239717
-2.72271     0.628319    0.000480506
-2.51327     0.628319    0.00300655
-2.30383     0.628319    0.00466249
-2.0944     0.628319    0.0109119
-1.88496     0.628319    0.000178377
-1.67552     0.628319    0.00184437
-1.46608     0.628319    0.0025978
-1.25664     0.628319    0.000388459
-1.0472     0.628319    0.000640348
-0.837758     0.628319    0.00258498
-0.628319     0.628319    0.00201644
-0.418879     0.628319    0.00109012
-0.20944     0.628319    0.00343299
0     0.628319    0.000524069
0.20944     0.628319    0.00292038
0.418879     0.628319    0.00101283
0.628319     0.628319    0.00204357
0.837758     0.628319    0.00259735
1.0472     0.628319    0.000473217
1.25664     0.628319    0.000447732
1.46608     0.628319    0.00261481
1.67552     0.628319    0.00175336
1.88496     0.628319    0.000137356
2.0944     0.628319    0.0109664
2.30383     0.628319    0.00474642
2.51327     0.628319    0.00325612
2.72271     0.628319    0.000602688
2.93215     0.628319    0.00240256
3.14159     0.628319    0.00830255

-3.14159     0.837758    0.0025069
-2.93215     0.837758    0.00236737
-2.72271     0.837758    0.00253071
-2.51327     0.837758    0.00238364
-2.30383     0.837758    0.00210098
-2.0944     0.837758    0.00693588
-1.88496     0.837758    0.00123835
-1.67552     0.837758    0.00134578
-1.46608     0.837758    0.0102529
-1.25664     0.837758    0.0019842
-1.0472     0.837758    0.000891532
-0.837758     0.837758    0.00559206
-0.628319     0.837758    0.0050997
-0.418879     0.837758    0.00196368
-0.20944     0.837758    0.00109112
0     0.837758    0.00790605
0.20944     0.837758    0.00099898
0.418879     0.837758    0.00188067
0.628319     0.837758    0.00529133
0.837758     0.837758    0.00560586
1.0472     0.837758    0.00100853
1.25664     0.837758    0.00198239
1.46608     0.837758    0.0101878
1.67552     0.837758    0.00125414
1.88496     0.837758    0.00146664
2.0944     0.837758    0.00669635
2.30383     0.837758    0.00187075
2.51327     0.837758    0.00227963
2.72271     0.837758    0.00268853
2.93215     0.837758    0.00243037
3.14159     0.837758    0.0025041

-3.14159     1.0472    0.000942428
-2.93215     1.0472    0.000389077
-2.72271     1.0472    0.00663325
-2.51327     1.0472    0.00545402
-2.30383     1.0472    0.00211384
-2.0944     1.0472    0.000547762
-1.88496     1.0472    0.00367535
-1.67552     1.0472    0.00255791
-1.46608     1.0472    0.00390346
-1.25664     1.0472    0.00260263
-1.0472     1.0472    0.00218427
-0.837758     1.0472    0.00322076
-0.628319     1.0472    0.00212549
-0.418879     1.0472    0.00502253
-0.20944     1.0472    0.00552632
0     1.0472    0.00186157
0.20944     1.0472    0.00575144
0.418879     1.0472    0.00494801
0.628319     1.0472    0.0016311
0.837758     1.0472    0.00319662
1.0472     1.0472    0.00224223
1.25664     1.0472    0.0025152
1.46608     1.0472    0.00389054
1.67552     1.0472    0.00248332
1.88496     1.0472    0.0037295
2.0944     1.0472    0.000523844
2.30383     1.0472    0.00214389
2.51327     1.0472    0.00540365
2.72271     1.0472    0.00670381
2.93215     1.0472    0.000136971
3.14159     1.0472    0.00102408

-3.14159     1.25664    0.000690756
-2.93215     1.25664    0.000361546
-2.72271     1.25664    0.00574429
-2.51327     1.25664    0.00423631
-2.30383     1.25664    0.00443844
-2.0944     1.25664    0.00184478
-1.88496     1.25664    0.00182327
-1.67552     1.25664    0.00163214
-1.46608     1.25664    0.00192351
-1.25664     1.25664    0.00684728
-1.0472     1.25664    0.00648406
-0.837758     1.25664    0.00240766
-0.628319     1.25664    0.000222688
-0.418879     1.25664    0.00213477
-0.20944     1.25664    0.00258545
0     1.25664    0.0013601
0.20944     1.25664    0.00248313
0.418879     1.25664    0.00230578
0.628319     1.25664    8.46415e-05
0.837758     1.25664    0.00213841
1.0472     1.25664    0.00648237
1.25664     1.25664    0.00698226
1.46608     1.25664    0.0020323
1.67552     1.25664    0.00162558
1.88496     1.25664    0.001821
2.0944     1.25664    0.00184368
2.30383     1.25664    0.00431327
2.51327     1.25664    0.00450727
2.72271     1.25664    0.00561624
2.93215     1.25664    0.000276914
3.14159     1.25664    0.000618155

-3.14159     1.46608    0.00268477
-2.93215     1.46608    0.0030822
-2.72271     1.46608    0.00295144
-2.51327     1.46608    0.00147953
-2.30383     1.46608    0.00533709
-2.0944     1.46608    0.00141006
-1.88496     1.46608    0.000698608
-1.67552     1.46608    0.0113498
-1.46608     1.46608    0.00587976
-1.25664     1.46608    0.00737658
-1.0472     1.46608    0.0018403
-0.837758     1.46608    0.00021494
-0.628319     1.46608    0.00299133
-0.418879     1.46608    0.00016187
-0.20944     1.46608    0.00530853
0     1.46608    0.00110905
0.20944     1.46608    0.00523643
0.418879     1.46608    0.000210436
0.628319     1.46608    0.00313624
0.837758     1.46608    0.000212149
1.0472     1.46608    0.00168332
1.25664     1.46608    0.00735568
1.46608     1.46608    0.00590427
1.67552     1.46608    0.0113868
1.88496     1.46608    0.000505356
2.0944     1.46608    0.00148903
2.30383     1.46608    0.00502674
2.51327     1.46608    0.00152085
2.72271     1.46608    0.00284904
2.93215     1.46608    0.003202
3.14159     1.46608    0.00259987

-3.14159     1.67552    0.00207676
-2.93215     1.67552    0.0043584
-2.72271     1.67552    0.00120156
-2.51327     1.67552    0.00432515
-2.30383     1.67552    0.00726743
-2.0944     1.67552    0.0030753
-1.88496     1.67552    0.00233603
-1.67552     1.67552    0.00478119
-1.46608     1.67552    0.00120333
-1.25664     1.67552    0.00129129
-1.0472     1.67552    0.00417565
-0.837758     1.67552    0.0063921
-0.628319     1.67552    0.00791579
-0.418879     1.67552    0.00499876
-0.20944     1.67552    0.000437604
0     1.67552    0.0105698
0.20944     1.67552    0.000487282
0.418879     1.67552    0.00505483
0.628319     1.67552    0.00781728
0.837758     1.67552    0.0059427
1.0472     1.67552    0.0038544
1.25664     1.67552    0.00126103
1.46608     1.67552    0.00116621
1.67552     1.67552    0.00497223
1.88496     1.67552    0.00238389
2.0944     1.67552    0.00328683
2.30383     1.67552    0.0072441
2.51327     1.67552    0.0042339
2.72271     1.67552    0.00129157
2.93215     1.67552    0.00407368
3.14159     1.67552    0.00209446

-3.14159     1.88496    0.00188017
-2.93215     1.88496    0.000580464
-2.72271     1.88496    0.00341605
-2.51327     1.88496    0.00305602
-2.30383     1.88496    0.00448492
-2.0944     1.88496    0.00416441
-1.88496     1.88496    0.0021699
-1.67552     1.88496    0.00228405
-1.46608     1.88496    0.000183106
-1.25664     1.88496    2.08778e-05
-1.0472     1.88496    0.00530542
-0.837758     1.88496    0.000201317
-0.628319     1.88496    0.00652962
-0.418879     1.88496    0.00048982
-0.20944     1.88496    0.000464211
0     1.88496    0.000741355
0.20944     1.88496    0.000502006
0.418879     1.88496    0.000463674
0.628319     1.88496    0.00684273
0.837758     1.88496    0.000326775
1.0472     1.88496    0.00536177
1.25664     1.88496    5.36833e-05
1.46608     1.88496    0.0002847
1.67552     1.88496    0.00231342
1.88496     1.88496    0.00215867
2.0944     1.88496    0.00422211
2.30383     1.88496    0.0043828
2.51327     1.88496    0.00305184
2.72271     1.88496    0.0034708
2.93215     1.88496    0.000580488
3.14159     1.88496    0.00193259

-3.14159     2.0944    0.00263351
-2.93215     2.0944    0.00923588
-2.72271     2.0944    0.0014541
-2.51327     2.0944    0.000377774
-2.30383     2.0944    0.00227205
-2.0944     2.0944    0.00120731
-1.88496     2.0944    0.000799799
-1.67552     2.0944    0.00357841
-1.46608     2.0944    0.000166402
-1.25664     2.0944    0.002486
-1.0472     2.0944    0.00206673
-0.837758     2.0944    0.000597863
-0.628319     2.0944    0.00484873
-0.418879     2.0944    0.00863006
-0.20944     2.0944    0.000767348
0     2.0944    0.00184098
0.20944     2.0944    0.00098735
0.418879     2.0944    0.00849991
0.628319     2.0944    0.00478632
0.837758     2.0944    0.000420706
1.0472     2.0944    0.00204293
1.25664     2.0944    0.00253554
1.46608     2.0944    9.16539e-05
1.67552     2.0944    0.00363156
1.88496     2.0944    0.000919894
2.0944     2.0944    0.00134794
2.30383     2.0944    0.00214276
2.51327     2.0944    0.000426695
2.72271     2.0944    0.00159017
2.93215     2.0944    0.00938881
3.14159     2.0944    0.00257054

-3.14159     2.30383    0.00162247
-2.93215     2.30383    0.00672709
-2.72271     2.30383    0.00514699
-2.51327     2.30383    0.00110207
-2.30383     2.30383    0.00248269
-2.0944     2.30383    0.00603867
-1.88496     2.30383    0.000481834
-1.67552     2.30383    0.000645533
-1.46608     2.30383    0.0014171
-1.25664     2.30383    0.000131541
-1.0472     2.30383    0.000700216
-0.837758     2.30383    0.000949542
-0.628319     2.30383    0.0041229
-0.418879     2.30383    0.00807409
-0.20944     2.30383    0.000998702
0     2.30383    0.0033831
0.20944     2.30383    0.000991974
0.418879     2.30383    0.00829732
0.628319     2.30383    0.00410214
0.837758     2.30383    0.000931241
1.0472     2.30383    0.000785507
1.25664     2.30383    0.000212583
1.46608     2.30383    0.00144749
1.67552     2.30383    0.000529716
1.88496     2.30383    0.000556706
2.0944     2.30383    0.00629923
2.30383     2.30383    0.00249661
2.51327     2.30383    0.00126732
2.72271     2.30383    0.00525623
2.93215     2.30383    0.00689413
3.14159     2.30383    0.00153683

-3.14159     2.51327    0.000790357
-2.93215     2.51327    0.00432673
-2.72271     2.51327    0.00528489
-2.51327     2.51327    0.00347159
-2.30383     2.51327    0.00181165
-2.0944     2.51327    0.00644715
-1.88496     2.51327    0.00281533
-1.67552     2.51327    0.00204259
-1.46608     2.51327    0.0111544
-1.25664     2.51327    0.000392069
-1.0472     2.51327    0.0030502
-0.837758     2.51327    0.00277282
-0.628319     2.51327    0.00244566
-0.418879     2.51327    0.000982055
-0.20944     2.51327    0.00138269
0     2.51327    0.00254876
0.20944     2.51327    0.00129738
0.418879     2.51327    0.00103211
0.628319     2.51327    0.00256936
0.837758     2.51327    0.00267783
1.0472     2.51327    0.00289602
1.25664     2.51327    0.000394917
1.46608     2.51327    0.0111257
1.67552     2.51327    0.00191929
1.88496     2.51327    0.00268429
2.0944     2.51327    0.00653712
2.30383     2.51327    0.00174853
2.51327     2.51327    0.0033451
2.72271     2.51327    0.00522713
2.93215     2.51327    0.00409573
3.14159     2.51327    0.000872336

-3.14159     2.72271    0.0013882
-2.93215     2.72271    0.000465477
-2.72271     2.72271    0.00152638
-2.51327     2.72271    0.00457436
-2.30383     2.72271    0.00297534
-2.0944     2.72271    0.00221864
-1.88496     2.72271    0.00216453
-1.67552     2.72271    0.00234604
-1.46608     2.72271    0.00105108
-1.25664     2.72271    0.00129451
-1.0472     2.72271    0.00194287
-0.837758     2.72271    0.00107946
-0.628319     2.72271    0.00280253
-0.418879     2.72271    0.00667689
-0.20944     2.72271    0.00350367
0     2.72271    0.00525991
0.20944     2.72271    0.00339484
0.418879     2.72271    0.00628214
0.628319     2.72271    0.00259054
0.837758     2.72271    0.00106295
1.0472     2.72271    0.00199149
1.25664     2.72271    0.00124275
1.46608     2.72271    0.00109188
1.67552     2.72271    0.00223881
1.88496     2.72271    0.002156
2.0944     2.72271    0.00254387
2.30383     2.72271    0.00276462
2.51327     2.72271    0.00468341
2.72271     2.72271    0.00147068
2.93215     2.72271    0.000423214
3.14159     2.72271    0.00143527

-3.14159     2.93215    0.00679797
-2.93215     2.93215    0.000811673
-2.72271     2.93215    0.0022112
-2.51327     2.93215    6.39494e-05
-2.30383     2.93215    0.00803138
-2.0944     2.93215    0.00195581
-1.88496     2.93215    0.00350621
-1.67552     2.93215    0.00137603
-1.46608     2.93215    0.00230613
-1.25664     2.93215    0.00335805
-1.0472     2.93215    0.00660223
-0.837758     2.93215    0.00108153
-0.628319     2.93215    0.000744358
-0.418879     2.93215    0.00589045
-0.20944     2.93215    0.00716201
0     2.93215    0.00235612
0.20944     2.93215    0.00730535
0.418879     2.93215    0.00596606
0.628319     2.93215    0.000895662
0.837758     2.93215    0.00103351
1.0472     2.93215    0.00661692
1.25664     2.93215    0.00341049
1.46608     2.93215    0.0023708
1.67552     2.93215    0.00140329
1.88496     2.93215    0.0034727
2.0944     2.93215    0.00198942
2.30383     2.93215    0.00813292
2.51327     2.93215    0.000243026
2.72271     2.93215    0.00226227
2.93215     2.93215    0.000866493
3.14159     2.93215    0.0066598

-3.14159     3.14159    0.00771586
-2.93215     3.14159    0.000796221
-2.72271     3.14159    0.00326802
-2.51327     3.14159    0.00807216
-2.30383     3.14159    0.00395507
-2.0944     3.14159    0.00185712
-1.88496     3.14159    0.000107705
-1.67552     3.14159    0.00320263
-1.46608     3.14159    0.00519289
-1.25664     3.14159    0.000700599
-1.0472     3.14159    0.00623073
-0.837758     3.14159    0.00231935
-0.628319     3.14159    0.000955777
-0.418879     3.14159    0.00135726
-0.20944     3.14159    7.3779e-05
0     3.14159    0.000938524
0.20944     3.14159    0.000239677
0.418879     3.14159    0.00138004
0.628319     3.14159    0.000767681
0.837758     3.14159    0.00230609
1.0472     3.14159    0.00611179
1.25664     3.14159    0.000711167
1.46608     3.14159    0.00522881
1.67552     3.14159    0.00333573
1.88496     3.14159    0.000150583
2.0944     3.14159    0.0019572
2.30383     3.14159    0.00406187
2.51327     3.14159    0.0082791
2.72271     3.14159    0.00329459
2.93215     3.14159    0.000804679
3.14159     3.14159    0.00757624

