-3.14159     -3.14159    0.000178812
-2.93215     -3.14159    0.000271562
-2.72271     -3.14159    0.000365971
-2.51327     -3.14159    0.000442376
-2.30383     -3.14159    0.000449002
-2.0944     -3.14159    0.000404549
-1.88496     -3.14159    0.000375545
-1.67552     -3.14159    0.000364832
-1.46608     -3.14159    0.000356079
-1.25664     -3.14159    0.000271382
-1.0472     -3.14159    0.00020378
-0.837758     -3.14159    0.000151449
-0.628319     -3.14159    0.000113591
-0.418879     -3.14159    7.94987e-05
-0.20944     -3.14159    6.31246e-05
0     -3.14159    5.37657e-05
0.20944     -3.14159    6.30843e-05
0.418879     -3.14159    7.94953e-05
0.628319     -3.14159    0.000113595
0.837758     -3.14159    0.000151449
1.0472     -3.14159    0.000203776
1.25664     -3.14159    0.000271393
1.46608     -3.14159    0.000356094
1.67552     -3.14159    0.000364849
1.88496     -3.14159    0.00037557
2.0944     -3.14159    0.000404577
2.30383     -3.14159    0.000449021
2.51327     -3.14159    0.00044237
2.72271     -3.14159    0.000365968
2.93215     -3.14159    0.000271561
3.14159     -3.14159    0.000178807

-3.14159     -2.93215    0.000151696
-2.93215     -2.93215    0.000254255
-2.72271     -2.93215    0.000330416
-2.51327     -2.93215    0.000369258
-2.30383     -2.93215    0.000408839
-2.0944     -2.93215    0.000404505
-1.88496     -2.93215    0.00035365
-1.67552     -2.93215    0.000318449
-1.46608     -2.93215    0.000294224
-1.25664     -2.93215    0.000214837
-1.0472     -2.93215    0.000131511
-0.837758     -2.93215    7.59484e-05
-0.628319     -2.93215    3.25787e-05
-0.418879     -2.93215    2.39991e-06
-0.20944     -2.93215    1.29947e-05
0     -2.93215    1.5075e-05
0.20944     -2.93215    1.29427e-05
0.418879     -2.93215    2.38626e-06
0.628319     -2.93215    3.25664e-05
0.837758     -2.93215    7.5948e-05
1.0472     -2.93215    0.000131524
1.25664     -2.93215    0.000214852
1.46608     -2.93215    0.000294249
1.67552     -2.93215    0.000318485
1.88496     -2.93215    0.000353694
2.0944     -2.93215    0.000404553
2.30383     -2.93215    0.000408872
2.51327     -2.93215    0.000369274
2.72271     -2.93215    0.000330428
2.93215     -2.93215    0.00025425
3.14159     -2.93215    0.000151709

-3.14159     -2.72271    0.000155813
-2.93215     -2.72271    0.000273809
-2.72271     -2.72271    0.000345827
-2.51327     -2.72271    0.000339782
-2.30383     -2.72271    0.000313578
-2.0944     -2.72271    0.000310488
-1.88496     -2.72271    0.000296785
-1.67552     -2.72271    0.000274563
-1.46608     -2.72271    0.000250028
-1.25664     -2.72271    0.000189232
-1.0472     -2.72271    9.10751e-05
-0.837758     -2.72271    2.75903e-05
-0.628319     -2.72271    1.99778e-05
-0.418879     -2.72271    3.63997e-05
-0.20944     -2.72271    4.73097e-05
0     -2.72271    6.07633e-05
0.20944     -2.72271    4.73647e-05
0.418879     -2.72271    3.64051e-05
0.628319     -2.72271    1.99706e-05
0.837758     -2.72271    2.76038e-05
1.0472     -2.72271    9.10898e-05
1.25664     -2.72271    0.000189266
1.46608     -2.72271    0.000250073
1.67552     -2.72271    0.000274625
1.88496     -2.72271    0.000296842
2.0944     -2.72271    0.000310541
2.30383     -2.72271    0.000313619
2.51327     -2.72271    0.000339818
2.72271     -2.72271    0.000345824
2.93215     -2.72271    0.000273819
3.14159     -2.72271    0.000155831

-3.14159     -2.51327    0.000179041
-2.93215     -2.51327    0.000287515
-2.72271     -2.51327    0.000330469
-2.51327     -2.51327    0.000319525
-2.30383     -2.51327    0.000247266
-2.0944     -2.51327    0.000195522
-1.88496     -2.51327    0.000195933
-1.67552     -2.51327    0.000222109
-1.46608     -2.51327    0.000213317
-1.25664     -2.51327    0.000172445
-1.0472     -2.51327    6.27789e-05
-0.837758     -2.51327    5.25478e-06
-0.628319     -2.51327    4.96417e-05
-0.418879     -2.51327    5.58211e-05
-0.20944     -2.51327    6.31561e-05
0     -2.51327    6.03158e-05
0.20944     -2.51327    6.31387e-05
0.418879     -2.51327    5.5825e-05
0.628319     -2.51327    4.96493e-05
0.837758     -2.51327    5.20208e-06
1.0472     -2.51327    6.28089e-05
1.25664     -2.51327    0.0001725
1.46608     -2.51327    0.000213373
1.67552     -2.51327    0.000222171
1.88496     -2.51327    0.000196003
2.0944     -2.51327    0.000195587
2.30383     -2.51327    0.000247326
2.51327     -2.51327    0.000319564
2.72271     -2.51327    0.000330483
2.93215     -2.51327    0.00028753
3.14159     -2.51327    0.00017907

-3.14159     -2.30383    0.000217894
-2.93215     -2.30383    0.000294099
-2.72271     -2.30383    0.000294139
-2.51327     -2.30383    0.000223431
-2.30383     -2.30383    0.00015538
-2.0944     -2.30383    0.000117427
-1.88496     -2.30383    0.000102434
-1.67552     -2.30383    0.000129308
-1.46608     -2.30383    0.000162313
-1.25664     -2.30383    0.000139482
-1.0472     -2.30383    4.09005e-05
-0.837758     -2.30383    2.97025e-05
-0.628319     -2.30383    6.79362e-05
-0.418879     -2.30383    8.06498e-05
-0.20944     -2.30383    7.50062e-05
0     -2.30383    9.31349e-05
0.20944     -2.30383    7.50038e-05
0.418879     -2.30383    8.06676e-05
0.628319     -2.30383    6.79409e-05
0.837758     -2.30383    2.97009e-05
1.0472     -2.30383    4.09166e-05
1.25664     -2.30383    0.000139517
1.46608     -2.30383    0.000162372
1.67552     -2.30383    0.000129373
1.88496     -2.30383    0.000102512
2.0944     -2.30383    0.000117506
2.30383     -2.30383    0.000155451
2.51327     -2.30383    0.000223485
2.72271     -2.30383    0.00029417
2.93215     -2.30383    0.000294113
3.14159     -2.30383    0.000217923

-3.14159     -2.0944    0.000253009
-2.93215     -2.0944    0.000276538
-2.72271     -2.0944    0.000233201
-2.51327     -2.0944    0.000146354
-2.30383     -2.0944    7.5953e-05
-2.0944     -2.0944    3.73537e-05
-1.88496     -2.0944    2.90964e-05
-1.67552     -2.0944    3.18828e-05
-1.46608     -2.0944    6.04477e-05
-1.25664     -2.0944    7.87452e-05
-1.0472     -2.0944    1.85684e-05
-0.837758     -2.0944    4.86595e-05
-0.628319     -2.0944    7.97929e-05
-0.418879     -2.0944    9.90021e-05
-0.20944     -2.0944    8.87227e-05
0     -2.0944    7.52115e-05
0.20944     -2.0944    8.88082e-05
0.418879     -2.0944    9.89826e-05
0.628319     -2.0944    7.97691e-05
0.837758     -2.0944    4.86575e-05
1.0472     -2.0944    1.85848e-05
1.25664     -2.0944    7.88134e-05
1.46608     -2.0944    6.05396e-05
1.67552     -2.0944    3.19546e-05
1.88496     -2.0944    2.91837e-05
2.0944     -2.0944    3.74285e-05
2.30383     -2.0944    7.60232e-05
2.51327     -2.0944    0.00014642
2.72271     -2.0944    0.000233239
2.93215     -2.0944    0.000276562
3.14159     -2.0944    0.000253027

-3.14159     -1.88496    0.000268595
-2.93215     -1.88496    0.000250219
-2.72271     -1.88496    0.000156802
-2.51327     -1.88496    6.05027e-05
-2.30383     -1.88496    1.35691e-05
-2.0944     -1.88496    1.81293e-05
-1.88496     -1.88496    3.28317e-05
-1.67552     -1.88496    2.7437e-05
-1.46608     -1.88496    2.62734e-05
-1.25664     -1.88496    7.52761e-06
-1.0472     -1.88496    1.92978e-05
-0.837758     -1.88496    6.74822e-05
-0.628319     -1.88496    9.75363e-05
-0.418879     -1.88496    0.00010753
-0.20944     -1.88496    9.62243e-05
0     -1.88496    0.000104167
0.20944     -1.88496    9.60958e-05
0.418879     -1.88496    0.000107573
0.628319     -1.88496    9.7578e-05
0.837758     -1.88496    6.74749e-05
1.0472     -1.88496    1.92572e-05
1.25664     -1.88496    7.46549e-06
1.46608     -1.88496    2.61871e-05
1.67552     -1.88496    2.73574e-05
1.88496     -1.88496    3.27448e-05
2.0944     -1.88496    1.80421e-05
2.30383     -1.88496    1.36571e-05
2.51327     -1.88496    6.05724e-05
2.72271     -1.88496    0.000156854
2.93215     -1.88496    0.000250243
3.14159     -1.88496    0.000268617

-3.14159     -1.67552    0.000265779
-2.93215     -1.67552    0.000200211
-2.72271     -1.67552    8.58794e-05
-2.51327     -1.67552    1.09436e-05
-2.30383     -1.67552    3.01051e-05
-2.0944     -1.67552    4.50207e-05
-1.88496     -1.67552    6.13718e-05
-1.67552     -1.67552    7.16359e-05
-1.46608     -1.67552    6.48153e-05
-1.25664     -1.67552    6.6256e-05
-1.0472     -1.67552    5.7469e-05
-0.837758     -1.67552    7.52316e-05
-0.628319     -1.67552    0.000111401
-0.418879     -1.67552    0.00012325
-0.20944     -1.67552    9.87902e-05
0     -1.67552    9.92289e-05
0.20944     -1.67552    9.89551e-05
0.418879     -1.67552    0.000123279
0.628319     -1.67552    0.000111343
0.837758     -1.67552    7.52098e-05
1.0472     -1.67552    5.742e-05
1.25664     -1.67552    6.61938e-05
1.46608     -1.67552    6.47546e-05
1.67552     -1.67552    7.15511e-05
1.88496     -1.67552    6.12944e-05
2.0944     -1.67552    4.49295e-05
2.30383     -1.67552    3.00152e-05
2.51327     -1.67552    1.10169e-05
2.72271     -1.67552    8.59424e-05
2.93215     -1.67552    0.000200245
3.14159     -1.67552    0.000265799

-3.14159     -1.46608    0.000243584
-2.93215     -1.46608    0.000136134
-2.72271     -1.46608    3.0584e-05
-2.51327     -1.46608    1.72043e-05
-2.30383     -1.46608    4.87093e-05
-2.0944     -1.46608    6.08553e-05
-1.88496     -1.46608    6.917e-05
-1.67552     -1.46608    9.41709e-05
-1.46608     -1.46608    9.81384e-05
-1.25664     -1.46608    0.000101565
-1.0472     -1.46608    9.30278e-05
-0.837758     -1.46608    8.9115e-05
-0.628319     -1.46608    0.000116078
-0.418879     -1.46608    0.000132322
-0.20944     -1.46608    0.000103496
0     -1.46608    9.21904e-05
0.20944     -1.46608    0.00010323
0.418879     -1.46608    0.000132289
0.628319     -1.46608    0.000116138
0.837758     -1.46608    8.90774e-05
1.0472     -1.46608    9.30123e-05
1.25664     -1.46608    0.000101518
1.46608     -1.46608    9.80658e-05
1.67552     -1.46608    9.40983e-05
1.88496     -1.46608    6.90882e-05
2.0944     -1.46608    6.07738e-05
2.30383     -1.46608    4.86341e-05
2.51327     -1.46608    1.71403e-05
2.72271     -1.46608    3.0644e-05
2.93215     -1.46608    0.000136179
3.14159     -1.46608    0.000243604

-3.14159     -1.25664    0.000204602
-2.93215     -1.25664    8.8717e-05
-2.72271     -1.25664    7.40382e-06
-2.51327     -1.25664    4.03455e-05
-2.30383     -1.25664    6.24708e-05
-2.0944     -1.25664    6.81856e-05
-1.88496     -1.25664    7.90824e-05
-1.67552     -1.25664    9.18199e-05
-1.46608     -1.25664    0.000101965
-1.25664     -1.25664    0.000123385
-1.0472     -1.25664    0.000121324
-0.837758     -1.25664    0.000124314
-0.628319     -1.25664    0.000140157
-0.418879     -1.25664    0.000151048
-0.20944     -1.25664    0.000129877
0     -1.25664    0.000118239
0.20944     -1.25664    0.00013032
0.418879     -1.25664    0.000151125
0.628319     -1.25664    0.000140109
0.837758     -1.25664    0.000124301
1.0472     -1.25664    0.00012128
1.25664     -1.25664    0.000123328
1.46608     -1.25664    0.00010192
1.67552     -1.25664    9.1765e-05
1.88496     -1.25664    7.90369e-05
2.0944     -1.25664    6.81418e-05
2.30383     -1.25664    6.24299e-05
2.51327     -1.25664    4.02956e-05
2.72271     -1.25664    7.45219e-06
2.93215     -1.25664    8.87597e-05
3.14159     -1.25664    0.000204633

-3.14159     -1.0472    0.000169571
-2.93215     -1.0472    6.47318e-05
-2.72271     -1.0472    7.7458e-06
-2.51327     -1.0472    3.89997e-05
-2.30383     -1.0472    6.11539e-05
-2.0944     -1.0472    6.95452e-05
-1.88496     -1.0472    8.55408e-05
-1.67552     -1.0472    8.84408e-05
-1.46608     -1.0472    9.857e-05
-1.25664     -1.0472    0.000106866
-1.0472     -1.0472    0.00013399
-0.837758     -1.0472    0.000144833
-0.628319     -1.0472    0.000169383
-0.418879     -1.0472    0.000179098
-0.20944     -1.0472    0.000171842
0     -1.0472    8.34436e-05
0.20944     -1.0472    0.00017159
0.418879     -1.0472    0.000178789
0.628319     -1.0472    0.000169429
0.837758     -1.0472    0.000144827
1.0472     -1.0472    0.000133955
1.25664     -1.0472    0.000106814
1.46608     -1.0472    9.85199e-05
1.67552     -1.0472    8.84169e-05
1.88496     -1.0472    8.55216e-05
2.0944     -1.0472    6.95296e-05
2.30383     -1.0472    6.11476e-05
2.51327     -1.0472    3.89828e-05
2.72271     -1.0472    7.71333e-06
2.93215     -1.0472    6.47703e-05
3.14159     -1.0472    0.000169596

-3.14159     -0.837758    0.000152145
-2.93215     -0.837758    6.669e-05
-2.72271     -0.837758    7.55127e-06
-2.51327     -0.837758    5.11262e-05
-2.30383     -0.837758    6.59853e-05
-2.0944     -0.837758    8.91082e-05
-1.88496     -0.837758    9.10654e-05
-1.67552     -0.837758    9.01548e-05
-1.46608     -0.837758    0.000103967
-1.25664     -0.837758    9.55001e-05
-1.0472     -0.837758    0.000116305
-0.837758     -0.837758    0.000171691
-0.628319     -0.837758    0.000193818
-0.418879     -0.837758    0.000216937
-0.20944     -0.837758    0.000220378
0     -0.837758    0.000247701
0.20944     -0.837758    0.000219782
0.418879     -0.837758    0.000217251
0.628319     -0.837758    0.000193872
0.837758     -0.837758    0.000171682
1.0472     -0.837758    0.000116361
1.25664     -0.837758    9.54982e-05
1.46608     -0.837758    0.000103964
1.67552     -0.837758    9.01487e-05
1.88496     -0.837758    9.10627e-05
2.0944     -0.837758    8.91024e-05
2.30383     -0.837758    6.59794e-05
2.51327     -0.837758    5.11288e-05
2.72271     -0.837758    7.54854e-06
2.93215     -0.837758    6.67092e-05
3.14159     -0.837758    0.000152162

-3.14159     -0.628319    0.00015629
-2.93215     -0.628319    7.22996e-05
-2.72271     -0.628319    1.34745e-05
-2.51327     -0.628319    3.48466e-05
-2.30383     -0.628319    6.92353e-05
-2.0944     -0.628319    9.13075e-05
-1.88496     -0.628319    0.000103156
-1.67552     -0.628319    0.000107878
-1.46608     -0.628319    9.86514e-05
-1.25664     -0.628319    0.00010151
-1.0472     -0.628319    9.65472e-05
-0.837758     -0.628319    0.000144997
-0.628319     -0.628319    0.000216598
-0.418879     -0.628319    0.000250152
-0.20944     -0.628319    0.000280141
0     -0.628319    0.00020291
0.20944     -0.628319    0.000280973
0.418879     -0.628319    0.000250439
0.628319     -0.628319    0.000216301
0.837758     -0.628319    0.000144862
1.0472     -0.628319    9.66203e-05
1.25664     -0.628319    0.00010151
1.46608     -0.628319    9.86969e-05
1.67552     -0.628319    0.000107889
1.88496     -0.628319    0.000103182
2.0944     -0.628319    9.13206e-05
2.30383     -0.628319    6.92364e-05
2.51327     -0.628319    3.48365e-05
2.72271     -0.628319    1.34722e-05
2.93215     -0.628319    7.22987e-05
3.14159     -0.628319    0.0001563

-3.14159     -0.418879    0.000194638
-2.93215     -0.418879    0.000121783
-2.72271     -0.418879    4.91513e-05
-2.51327     -0.418879    6.7008e-06
-2.30383     -0.418879    5.13842e-05
-2.0944     -0.418879    7.92021e-05
-1.88496     -0.418879    0.000107392
-1.67552     -0.418879    0.000124609
-1.46608     -0.418879    0.00012493
-1.25664     -0.418879    0.000128783
-1.0472     -0.418879    0.000145632
-0.837758     -0.418879    0.000157463
-0.628319     -0.418879    0.00022648
-0.418879     -0.418879    0.000312643
-0.20944     -0.418879    0.000360618
0     -0.418879    0.000520399
0.20944     -0.418879    0.000361202
0.418879     -0.418879    0.000312433
0.628319     -0.418879    0.000226685
0.837758     -0.418879    0.000157296
1.0472     -0.418879    0.000145646
1.25664     -0.418879    0.000128818
1.46608     -0.418879    0.000124912
1.67552     -0.418879    0.000124635
1.88496     -0.418879    0.000107403
2.0944     -0.418879    7.92055e-05
2.30383     -0.418879    5.13842e-05
2.51327     -0.418879    6.69953e-06
2.72271     -0.418879    4.91604e-05
2.93215     -0.418879    0.000121784
3.14159     -0.418879    0.000194626

-3.14159     -0.20944    0.000246725
-2.93215     -0.20944    0.000193747
-2.72271     -0.20944    0.000127071
-2.51327     -0.20944    5.26966e-05
-2.30383     -0.20944    7.27092e-06
-2.0944     -0.20944    5.78243e-05
-1.88496     -0.20944    8.61444e-05
-1.67552     -0.20944    0.000108875
-1.46608     -0.20944    0.000137409
-1.25664     -0.20944    0.000159533
-1.0472     -0.20944    0.00019177
-0.837758     -0.20944    0.000224604
-0.628319     -0.20944    0.000265394
-0.418879     -0.20944    0.000380265
-0.20944     -0.20944    0.0005192
0     -0.20944    0.000506007
0.20944     -0.20944    0.0005215
0.418879     -0.20944    0.000381734
0.628319     -0.20944    0.000265648
0.837758     -0.20944    0.00022469
1.0472     -0.20944    0.000191679
1.25664     -0.20944    0.000159519
1.46608     -0.20944    0.000137432
1.67552     -0.20944    0.000108883
1.88496     -0.20944    8.6163e-05
2.0944     -0.20944    5.78227e-05
2.30383     -0.20944    7.26131e-06
2.51327     -0.20944    5.26724e-05
2.72271     -0.20944    0.000127072
2.93215     -0.20944    0.000193748
3.14159     -0.20944    0.000246709

-3.14159     0    0.000269333
-2.93215     0    0.000217636
-2.72271     0    0.00017964
-2.51327     0    0.000107021
-2.30383     0    2.47831e-05
-2.0944     0    3.28988e-05
-1.88496     0    6.84106e-05
-1.67552     0    9.15684e-05
-1.46608     0    0.000122229
-1.25664     0    0.000164459
-1.0472     0    0.000190423
-0.837758     0    0.000234872
-0.628319     0    0.000301679
-0.418879     0    0.000396232
-0.20944     0    0.000630059
0     0    1.05109e-15
0.20944     0    0.000630059
0.418879     0    0.000396232
0.628319     0    0.000301679
0.837758     0    0.000234872
1.0472     0    0.000190423
1.25664     0    0.000164459
1.46608     0    0.000122229
1.67552     0    9.15684e-05
1.88496     0    6.84106e-05
2.0944     0    3.28988e-05
2.30383     0    2.47831e-05
2.51327     0    0.000107021
2.72271     0    0.00017964
2.93215     0    0.000217636
3.14159     0    0.000269333

-3.14159     0.20944    0.000246709
-2.93215     0.20944    0.000193748
-2.72271     0.20944    0.000127072
-2.51327     0.20944    5.26724e-05
-2.30383     0.20944    7.26131e-06
-2.0944     0.20944    5.78227e-05
-1.88496     0.20944    8.6163e-05
-1.67552     0.20944    0.000108883
-1.46608     0.20944    0.000137432
-1.25664     0.20944    0.000159519
-1.0472     0.20944    0.000191679
-0.837758     0.20944    0.00022469
-0.628319     0.20944    0.000265648
-0.418879     0.20944    0.000381734
-0.20944     0.20944    0.0005215
0     0.20944    0.000506007
0.20944     0.20944    0.0005192
0.418879     0.20944    0.000380265
0.628319     0.20944    0.000265394
0.837758     0.20944    0.000224604
1.0472     0.20944    0.00019177
1.25664     0.20944    0.000159533
1.46608     0.20944    0.000137409
1.67552     0.20944    0.000108875
1.88496     0.20944    8.61444e-05
2.0944     0.20944    5.78243e-05
2.30383     0.20944    7.27092e-06
2.51327     0.20944    5.26966e-05
2.72271     0.20944    0.000127071
2.93215     0.20944    0.000193747
3.14159     0.20944    0.000246725

-3.14159     0.418879    0.000194626
-2.93215     0.418879    0.000121784
-2.72271     0.418879    4.91604e-05
-2.51327     0.418879    6.69953e-06
-2.30383     0.418879    5.13842e-05
-2.0944     0.418879    7.92055e-05
-1.88496     0.418879    0.000107403
-1.67552     0.418879    0.000124635
-1.46608     0.418879    0.000124912
-1.25664     0.418879    0.000128818
-1.0472     0.418879    0.000145646
-0.837758     0.418879    0.000157296
-0.628319     0.418879    0.000226685
-0.418879     0.418879    0.000312433
-0.20944     0.418879    0.000361202
0     0.418879    0.000520399
0.20944     0.418879    0.000360618
0.418879     0.418879    0.000312643
0.628319     0.418879    0.00022648
0.837758     0.418879    0.000157463
1.0472     0.418879    0.000145632
1.25664     0.418879    0.000128783
1.46608     0.418879    0.00012493
1.67552     0.418879    0.000124609
1.88496     0.418879    0.000107392
2.0944     0.418879    7.92021e-05
2.30383     0.418879    5.13842e-05
2.51327     0.418879    6.7008e-06
2.72271     0.418879    4.91513e-05
2.93215     0.418879    0.000121783
3.14159     0.418879    0.000194638

-3.14159     0.628319    0.0001563
-2.93215     0.628319    7.22987e-05
-2.72271     0.628319    1.34722e-05
-2.51327     0.628319    3.48365e-05
-2.30383     0.628319    6.92364e-05
-2.0944     0.628319    9.13206e-05
-1.88496     0.628319    0.000103182
-1.67552     0.628319    0.000107889
-1.46608     0.628319    9.86969e-05
-1.25664     0.628319    0.00010151
-1.0472     0.628319    9.66203e-05
-0.837758     0.628319    0.000144862
-0.628319     0.628319    0.000216301
-0.418879     0.628319    0.000250439
-0.20944     0.628319    0.000280973
0     0.628319    0.00020291
0.20944     0.628319    0.000280141
0.418879     0.628319    0.000250152
0.628319     0.628319    0.000216598
0.837758     0.628319    0.000144997
1.0472     0.628319    9.65472e-05
1.25664     0.628319    0.00010151
1.46608     0.628319    9.86514e-05
1.67552     0.628319    0.000107878
1.88496     0.628319    0.000103156
2.0944     0.628319    9.13075e-05
2.30383     0.628319    6.92353e-05
2.51327     0.628319    3.48466e-05
2.72271     0.628319    1.34745e-05
2.93215     0.628319    7.22996e-05
3.14159     0.628319    0.00015629

-3.14159     0.837758    0.000152162
-2.93215     0.837758    6.67092e-05
-2.72271     0.837758    7.54854e-06
-2.51327     0.837758    5.11288e-05
-2.30383     0.837758    6.59794e-05
-2.0944     0.837758    8.91024e-05
-1.88496     0.837758    9.10627e-05
-1.67552     0.837758    9.01487e-05
-1.46608     0.837758    0.000103964
-1.25664     0.837758    9.54982e-05
-1.0472     0.837758    0.000116361
-0.837758     0.837758    0.000171682
-0.628319     0.837758    0.000193872
-0.418879     0.837758    0.000217251
-0.20944     0.837758    0.000219782
0     0.837758    0.000247701
0.20944     0.837758    0.000220378
0.418879     0.837758    0.000216937
0.628319     0.837758    0.000193818
0.837758     0.837758    0.000171691
1.0472     0.837758    0.000116305
1.25664     0.837758    9.55001e-05
1.46608     0.837758    0.000103967
1.67552     0.837758    9.01548e-05
1.88496     0.837758    9.10654e-05
2.0944     0.837758    8.91082e-05
2.30383     0.837758    6.59853e-05
2.51327     0.837758    5.11262e-05
2.72271     0.837758    7.55127e-06
2.93215     0.837758    6.669e-05
3.14159     0.837758    0.000152145

-3.14159     1.0472    0.000169596
-2.93215     1.0472    6.47703e-05
-2.72271     1.0472    7.71333e-06
-2.51327     1.0472    3.89828e-05
-2.30383     1.0472    6.11476e-05
-2.0944     1.0472    6.95296e-05
-1.88496     1.0472    8.55216e-05
-1.67552     1.0472    8.84169e-05
-1.46608     1.0472    9.85199e-05
-1.25664     1.0472    0.000106814
-1.0472     1.0472    0.000133955
-0.837758     1.0472    0.000144827
-0.628319     1.0472    0.000169429
-0.418879     1.0472    0.000178789
-0.20944     1.0472    0.00017159
0     1.0472    8.34436e-05
0.20944     1.0472    0.000171842
0.418879     1.0472    0.000179098
0.628319     1.0472    0.000169383
0.837758     1.0472    0.000144833
1.0472     1.0472    0.00013399
1.25664     1.0472    0.000106866
1.46608     1.0472    9.857e-05
1.67552     1.0472    8.84408e-05
1.88496     1.0472    8.55408e-05
2.0944     1.0472    6.95452e-05
2.30383     1.0472    6.11539e-05
2.51327     1.0472    3.89997e-05
2.72271     1.0472    7.7458e-06
2.93215     1.0472    6.47318e-05
3.14159     1.0472    0.000169571

-3.14159     1.25664    0.000204633
-2.93215     1.25664    8.87597e-05
-2.72271     1.25664    7.45219e-06
-2.51327     1.25664    4.02956e-05
-2.30383     1.25664    6.24299e-05
-2.0944     1.25664    6.81418e-05
-1.88496     1.25664    7.90369e-05
-1.67552     1.25664    9.1765e-05
-1.46608     1.25664    0.00010192
-1.25664     1.25664    0.000123328
-1.0472     1.25664    0.00012128
-0.837758     1.25664    0.000124301
-0.628319     1.25664    0.000140109
-0.418879     1.25664    0.000151125
-0.20944     1.25664    0.00013032
0     1.25664    0.000118239
0.20944     1.25664    0.000129877
0.418879     1.25664    0.000151048
0.628319     1.25664    0.000140157
0.837758     1.25664    0.000124314
1.0472     1.25664    0.000121324
1.25664     1.25664    0.000123385
1.46608     1.25664    0.000101965
1.67552     1.25664    9.18199e-05
1.88496     1.25664    7.90824e-05
2.0944     1.25664    6.81856e-05
2.30383     1.25664    6.24708e-05
2.51327     1.25664    4.03455e-05
2.72271     1.25664    7.40382e-06
2.93215     1.25664    8.8717e-05
3.14159     1.25664    0.000204602

-3.14159     1.46608    0.000243604
-2.93215     1.46608    0.000136179
-2.72271     1.46608    3.0644e-05
-2.51327     1.46608    1.71403e-05
-2.30383     1.46608    4.86341e-05
-2.0944     1.46608    6.07738e-05
-1.88496     1.46608    6.90882e-05
-1.67552     1.46608    9.40983e-05
-1.46608     1.46608    9.80658e-05
-1.25664     1.46608    0.000101518
-1.0472     1.46608    9.30123e-05
-0.837758     1.46608    8.90774e-05
-0.628319     1.46608    0.000116138
-0.418879     1.46608    0.000132289
-0.20944     1.46608    0.00010323
0     1.46608    9.21904e-05
0.20944     1.46608    0.000103496
0.418879     1.46608    0.000132322
0.628319     1.46608    0.000116078
0.837758     1.46608    8.9115e-05
1.0472     1.46608    9.30278e-05
1.25664     1.46608    0.000101565
1.46608     1.46608    9.81384e-05
1.67552     1.46608    9.41709e-05
1.88496     1.46608    6.917e-05
2.0944     1.46608    6.08553e-05
2.30383     1.46608    4.87093e-05
2.51327     1.46608    1.72043e-05
2.72271     1.46608    3.0584e-05
2.93215     1.46608    0.000136134
3.14159     1.46608    0.000243584

-3.14159     1.67552    0.000265799
-2.93215     1.67552    0.000200245
-2.72271     1.67552    8.59424e-05
-2.51327     1.67552    1.10169e-05
-2.30383     1.67552    3.00152e-05
-2.0944     1.67552    4.49295e-05
-1.88496     1.67552    6.12944e-05
-1.67552     1.67552    7.15511e-05
-1.46608     1.67552    6.47546e-05
-1.25664     1.67552    6.61938e-05
-1.0472     1.67552    5.742e-05
-0.837758     1.67552    7.52098e-05
-0.628319     1.67552    0.000111343
-0.418879     1.67552    0.000123279
-0.20944     1.67552    9.89551e-05
0     1.67552    9.92289e-05
0.20944     1.67552    9.87902e-05
0.418879     1.67552    0.00012325
0.628319     1.67552    0.000111401
0.837758     1.67552    7.52316e-05
1.0472     1.67552    5.7469e-05
1.25664     1.67552    6.6256e-05
1.46608     1.67552    6.48153e-05
1.67552     1.67552    7.16359e-05
1.88496     1.67552    6.13718e-05
2.0944     1.67552    4.50207e-05
2.30383     1.67552    3.01051e-05
2.51327     1.67552    1.09436e-05
2.72271     1.67552    8.58794e-05
2.93215     1.67552    0.000200211
3.14159     1.67552    0.000265779

-3.14159     1.88496    0.000268617
-2.93215     1.88496    0.000250243
-2.72271     1.88496    0.000156854
-2.51327     1.88496    6.05724e-05
-2.30383     1.88496    1.36571e-05
-2.0944     1.88496    1.80421e-05
-1.88496     1.88496    3.27448e-05
-1.67552     1.88496    2.73574e-05
-1.46608     1.88496    2.61871e-05
-1.25664     1.88496    7.46549e-06
-1.0472     1.88496    1.92572e-05
-0.837758     1.88496    6.74749e-05
-0.628319     1.88496    9.7578e-05
-0.418879     1.88496    0.000107573
-0.20944     1.88496    9.60958e-05
0     1.88496    0.000104167
0.20944     1.88496    9.62243e-05
0.418879     1.88496    0.00010753
0.628319     1.88496    9.75363e-05
0.837758     1.88496    6.74822e-05
1.0472     1.88496    1.92978e-05
1.25664     1.88496    7.52761e-06
1.46608     1.88496    2.62734e-05
1.67552     1.88496    2.7437e-05
1.88496     1.88496    3.28317e-05
2.0944     1.88496    1.81293e-05
2.30383     1.88496    1.35691e-05
2.51327     1.88496    6.05027e-05
2.72271     1.88496    0.000156802
2.93215     1.88496    0.000250219
3.14159     1.88496    0.000268595

-3.14159     2.0944    0.000253027
-2.93215     2.0944    0.000276562
-2.72271     2.0944    0.000233239
-2.51327     2.0944    0.00014642
-2.30383     2.0944    7.60232e-05
-2.0944     2.0944    3.74285e-05
-1.88496     2.0944    2.91837e-05
-1.67552     2.0944    3.19546e-05
-1.46608     2.0944    6.05396e-05
-1.25664     2.0944    7.88134e-05
-1.0472     2.0944    1.85848e-05
-0.837758     2.0944    4.86575e-05
-0.628319     2.0944    7.97691e-05
-0.418879     2.0944    9.89826e-05
-0.20944     2.0944    8.88082e-05
0     2.0944    7.52115e-05
0.20944     2.0944    8.87227e-05
0.418879     2.0944    9.90021e-05
0.628319     2.0944    7.97929e-05
0.837758     2.0944    4.86595e-05
1.0472     2.0944    1.85684e-05
1.25664     2.0944    7.87452e-05
1.46608     2.0944    6.04477e-05
1.67552     2.0944    3.18828e-05
1.88496     2.0944    2.90964e-05
2.0944     2.0944    3.73537e-05
2.30383     2.0944    7.5953e-05
2.51327     2.0944    0.000146354
2.72271     2.0944    0.000233201
2.93215     2.0944    0.000276538
3.14159     2.0944    0.000253009

-3.14159     2.30383    0.000217923
-2.93215     2.30383    0.000294113
-2.72271     2.30383    0.00029417
-2.51327     2.30383    0.000223485
-2.30383     2.30383    0.000155451
-2.0944     2.30383    0.000117506
-1.88496     2.30383    0.000102512
-1.67552     2.30383    0.000129373
-1.46608     2.30383    0.000162372
-1.25664     2.30383    0.000139517
-1.0472     2.30383    4.09166e-05
-0.837758     2.30383    2.97009e-05
-0.628319     2.30383    6.79409e-05
-0.418879     2.30383    8.06676e-05
-0.20944     2.30383    7.50038e-05
0     2.30383    9.31349e-05
0.20944     2.30383    7.50062e-05
0.418879     2.30383    8.06498e-05
0.628319     2.30383    6.79362e-05
0.837758     2.30383    2.97025e-05
1.0472     2.30383    4.09005e-05
1.25664     2.30383    0.000139482
1.46608     2.30383    0.000162313
1.67552     2.30383    0.000129308
1.88496     2.30383    0.000102434
2.0944     2.30383    0.000117427
2.30383     2.30383    0.00015538
2.51327     2.30383    0.000223431
2.72271     2.30383    0.000294139
2.93215     2.30383    0.000294099
3.14159     2.30383    0.000217894

-3.14159     2.51327    0.00017907
-2.93215     2.51327    0.00028753
-2.72271     2.51327    0.000330483
-2.51327     2.51327    0.000319564
-2.30383     2.51327    0.000247326
-2.0944     2.51327    0.000195587
-1.88496     2.51327    0.000196003
-1.67552     2.51327    0.000222171
-1.46608     2.51327    0.000213373
-1.25664     2.51327    0.0001725
-1.0472     2.51327    6.28089e-05
-0.837758     2.51327    5.20208e-06
-0.628319     2.51327    4.96493e-05
-0.418879     2.51327    5.5825e-05
-0.20944     2.51327    6.31387e-05
0     2.51327    6.03158e-05
0.20944     2.51327    6.31561e-05
0.418879     2.51327    5.58211e-05
0.628319     2.51327    4.96417e-05
0.837758     2.51327    5.25478e-06
1.0472     2.51327    6.27789e-05
1.25664     2.51327    0.000172445
1.46608     2.51327    0.000213317
1.67552     2.51327    0.000222109
1.88496     2.51327    0.000195933
2.0944     2.51327    0.000195522
2.30383     2.51327    0.000247266
2.51327     2.51327    0.000319525
2.72271     2.51327    0.000330469
2.93215     2.51327    0.000287515
3.14159     2.51327    0.000179041

-3.14159     2.72271    0.000155831
-2.93215     2.72271    0.000273819
-2.72271     2.72271    0.000345824
-2.51327     2.72271    0.000339818
-2.30383     2.72271    0.000313619
-2.0944     2.72271    0.000310541
-1.88496     2.72271    0.000296842
-1.67552     2.72271    0.000274625
-1.46608     2.72271    0.000250073
-1.25664     2.72271    0.000189266
-1.0472     2.72271    9.10898e-05
-0.837758     2.72271    2.76038e-05
-0.628319     2.72271    1.99706e-05
-0.418879     2.72271    3.64051e-05
-0.20944     2.72271    4.73647e-05
0     2.72271    6.07633e-05
0.20944     2.72271    4.73097e-05
0.418879     2.72271    3.63997e-05
0.628319     2.72271    1.99778e-05
0.837758     2.72271    2.75903e-05
1.0472     2.72271    9.10751e-05
1.25664     2.72271    0.000189232
1.46608     2.72271    0.000250028
1.67552     2.72271    0.000274563
1.88496     2.72271    0.000296785
2.0944     2.72271    0.000310488
2.30383     2.72271    0.000313578
2.51327     2.72271    0.000339782
2.72271     2.72271    0.000345827
2.93215     2.72271    0.000273809
3.14159     2.72271    0.000155813

-3.14159     2.93215    0.000151709
-2.93215     2.93215    0.00025425
-2.72271     2.93215    0.000330428
-2.51327     2.93215    0.000369274
-2.30383     2.93215    0.000408872
-2.0944     2.93215    0.000404553
-1.88496     2.93215    0.000353694
-1.67552     2.93215    0.000318485
-1.46608     2.93215    0.000294249
-1.25664     2.93215    0.000214852
-1.0472     2.93215    0.000131524
-0.837758     2.93215    7.5948e-05
-0.628319     2.93215    3.25664e-05
-0.418879     2.93215    2.38626e-06
-0.20944     2.93215    1.29427e-05
0     2.93215    1.5075e-05
0.20944     2.93215    1.29947e-05
0.418879     2.93215    2.39991e-06
0.628319     2.93215    3.25787e-05
0.837758     2.93215    7.59484e-05
1.0472     2.93215    0.000131511
1.25664     2.93215    0.000214837
1.46608     2.93215    0.000294224
1.67552     2.93215    0.000318449
1.88496     2.93215    0.00035365
2.0944     2.93215    0.000404505
2.30383     2.93215    0.000408839
2.51327     2.93215    0.000369258
2.72271     2.93215    0.000330416
2.93215     2.93215    0.000254255
3.14159     2.93215    0.000151696

-3.14159     3.14159    0.000178807
-2.93215     3.14159    0.000271561
-2.72271     3.14159    0.000365968
-2.51327     3.14159    0.00044237
-2.30383     3.14159    0.000449021
-2.0944     3.14159    0.000404577
-1.88496     3.14159    0.00037557
-1.67552     3.14159    0.000364849
-1.46608     3.14159    0.000356094
-1.25664     3.14159    0.000271393
-1.0472     3.14159    0.000203776
-0.837758     3.14159    0.000151449
-0.628319     3.14159    0.000113595
-0.418879     3.14159    7.94953e-05
-0.20944     3.14159    6.30843e-05
0     3.14159    5.37657e-05
0.20944     3.14159    6.31246e-05
0.418879     3.14159    7.94987e-05
0.628319     3.14159    0.000113591
0.837758     3.14159    0.000151449
1.0472     3.14159    0.00020378
1.25664     3.14159    0.000271382
1.46608     3.14159    0.000356079
1.67552     3.14159    0.000364832
1.88496     3.14159    0.000375545
2.0944     3.14159    0.000404549
2.30383     3.14159    0.000449002
2.51327     3.14159    0.000442376
2.72271     3.14159    0.000365971
2.93215     3.14159    0.000271562
3.14159     3.14159    0.000178812

