-3.14159     -3.14159    0.000830857
-2.93215     -3.14159    0.00044031
-2.72271     -3.14159    0.000965274
-2.51327     -3.14159    0.000954425
-2.30383     -3.14159    0.000228437
-2.0944     -3.14159    0.000253305
-1.88496     -3.14159    0.00059286
-1.67552     -3.14159    0.000127069
-1.46608     -3.14159    0.000526713
-1.25664     -3.14159    0.000449773
-1.0472     -3.14159    0.000812786
-0.837758     -3.14159    1.31791e-05
-0.628319     -3.14159    0.00132872
-0.418879     -3.14159    0.00113723
-0.20944     -3.14159    0.00202937
0     -3.14159    0.0037577
0.20944     -3.14159    0.0021123
0.418879     -3.14159    0.00112392
0.628319     -3.14159    0.0012235
0.837758     -3.14159    2.08706e-05
1.0472     -3.14159    0.000805056
1.25664     -3.14159    0.000497015
1.46608     -3.14159    0.000533816
1.67552     -3.14159    0.000118381
1.88496     -3.14159    0.000631899
2.0944     -3.14159    0.00026748
2.30383     -3.14159    0.000275724
2.51327     -3.14159    0.000972401
2.72271     -3.14159    0.000996268
2.93215     -3.14159    0.000473087
3.14159     -3.14159    0.000873804

-3.14159     -2.93215    0.000870398
-2.93215     -2.93215    0.000246159
-2.72271     -2.93215    0.000133317
-2.51327     -2.93215    0.0016472
-2.30383     -2.93215    0.00117197
-2.0944     -2.93215    1.48427e-05
-1.88496     -2.93215    0.000390148
-1.67552     -2.93215    0.00101923
-1.46608     -2.93215    0.000628817
-1.25664     -2.93215    0.000221249
-1.0472     -2.93215    0.000979544
-0.837758     -2.93215    0.00117208
-0.628319     -2.93215    0.00118081
-0.418879     -2.93215    0.000352301
-0.20944     -2.93215    0.00013075
0     -2.93215    0.00230315
0.20944     -2.93215    0.000132274
0.418879     -2.93215    0.000364587
0.628319     -2.93215    0.00121431
0.837758     -2.93215    0.00107299
1.0472     -2.93215    0.000948297
1.25664     -2.93215    0.000172578
1.46608     -2.93215    0.000655212
1.67552     -2.93215    0.000897285
1.88496     -2.93215    0.000459158
2.0944     -2.93215    2.70373e-05
2.30383     -2.93215    0.00112559
2.51327     -2.93215    0.00162355
2.72271     -2.93215    0.000184756
2.93215     -2.93215    0.000296665
3.14159     -2.93215    0.000897296

-3.14159     -2.72271    0.000321315
-2.93215     -2.72271    0.0001834
-2.72271     -2.72271    0.000378542
-2.51327     -2.72271    0.00158687
-2.30383     -2.72271    0.000370731
-2.0944     -2.72271    0.000391349
-1.88496     -2.72271    0.00061461
-1.67552     -2.72271    0.000480203
-1.46608     -2.72271    0.000124813
-1.25664     -2.72271    0.000341694
-1.0472     -2.72271    8.96264e-05
-0.837758     -2.72271    0.000327218
-0.628319     -2.72271    0.0013543
-0.418879     -2.72271    0.000627924
-0.20944     -2.72271    0.000328954
0     -2.72271    0.00180166
0.20944     -2.72271    0.000320583
0.418879     -2.72271    0.00063579
0.628319     -2.72271    0.00138514
0.837758     -2.72271    0.00030007
1.0472     -2.72271    9.52631e-05
1.25664     -2.72271    0.0003131
1.46608     -2.72271    8.28384e-05
1.67552     -2.72271    0.000418031
1.88496     -2.72271    0.000669501
2.0944     -2.72271    0.000423557
2.30383     -2.72271    0.000347938
2.51327     -2.72271    0.00162501
2.72271     -2.72271    0.000424064
2.93215     -2.72271    0.000235021
3.14159     -2.72271    0.000365754

-3.14159     -2.51327    0.00179273
-2.93215     -2.51327    0.00105075
-2.72271     -2.51327    0.00117824
-2.51327     -2.51327    0.000518765
-2.30383     -2.51327    0.000391203
-2.0944     -2.51327    0.000243019
-1.88496     -2.51327    0.000105704
-1.67552     -2.51327    0.000567124
-1.46608     -2.51327    0.000427799
-1.25664     -2.51327    0.00161804
-1.0472     -2.51327    2.85256e-05
-0.837758     -2.51327    0.000231341
-0.628319     -2.51327    0.000537285
-0.418879     -2.51327    0.00042845
-0.20944     -2.51327    0.000667454
0     -2.51327    0.000841393
0.20944     -2.51327    0.000645086
0.418879     -2.51327    0.000450919
0.628319     -2.51327    0.000512668
0.837758     -2.51327    0.000327649
1.0472     -2.51327    4.9908e-05
1.25664     -2.51327    0.0016317
1.46608     -2.51327    0.000405871
1.67552     -2.51327    0.000526918
1.88496     -2.51327    7.81368e-05
2.0944     -2.51327    0.000179598
2.30383     -2.51327    0.000395021
2.51327     -2.51327    0.000549512
2.72271     -2.51327    0.00116905
2.93215     -2.51327    0.000917595
3.14159     -2.51327    0.00177306

-3.14159     -2.30383    0.00330513
-2.93215     -2.30383    0.00264859
-2.72271     -2.30383    0.00146674
-2.51327     -2.30383    0.000746766
-2.30383     -2.30383    3.6535e-05
-2.0944     -2.30383    0.00192681
-1.88496     -2.30383    0.000137856
-1.67552     -2.30383    0.000568819
-1.46608     -2.30383    0.00135457
-1.25664     -2.30383    0.000641077
-1.0472     -2.30383    0.000143927
-0.837758     -2.30383    0.000668032
-0.628319     -2.30383    0.000286368
-0.418879     -2.30383    0.000378151
-0.20944     -2.30383    0.000142049
0     -2.30383    0.000860347
0.20944     -2.30383    0.000126845
0.418879     -2.30383    0.000413906
0.628319     -2.30383    0.000274195
0.837758     -2.30383    0.000704623
1.0472     -2.30383    0.000143353
1.25664     -2.30383    0.000598544
1.46608     -2.30383    0.00140827
1.67552     -2.30383    0.000543137
1.88496     -2.30383    0.000163277
2.0944     -2.30383    0.00187672
2.30383     -2.30383    1.10845e-05
2.51327     -2.30383    0.000757573
2.72271     -2.30383    0.00132924
2.93215     -2.30383    0.00262716
3.14159     -2.30383    0.00324804

-3.14159     -2.0944    0.00365376
-2.93215     -2.0944    0.00530799
-2.72271     -2.0944    0.00312388
-2.51327     -2.0944    0.00192817
-2.30383     -2.0944    0.000968129
-2.0944     -2.0944    4.99566e-05
-1.88496     -2.0944    0.000369204
-1.67552     -2.0944    0.000309935
-1.46608     -2.0944    0.000320138
-1.25664     -2.0944    0.000706231
-1.0472     -2.0944    2.50276e-05
-0.837758     -2.0944    0.00173424
-0.628319     -2.0944    0.000395789
-0.418879     -2.0944    0.000109301
-0.20944     -2.0944    0.000751408
0     -2.0944    0.000481208
0.20944     -2.0944    0.000752025
0.418879     -2.0944    0.000120888
0.628319     -2.0944    0.00039327
0.837758     -2.0944    0.00171431
1.0472     -2.0944    4.63877e-05
1.25664     -2.0944    0.000659149
1.46608     -2.0944    0.000264358
1.67552     -2.0944    0.00025112
1.88496     -2.0944    0.000346526
2.0944     -2.0944    7.7769e-05
2.30383     -2.0944    0.000988935
2.51327     -2.0944    0.00190519
2.72271     -2.0944    0.0030677
2.93215     -2.0944    0.00541297
3.14159     -2.0944    0.00373147

-3.14159     -1.88496    0.00415476
-2.93215     -1.88496    0.00293361
-2.72271     -1.88496    0.00304437
-2.51327     -1.88496    0.000772131
-2.30383     -1.88496    0.000836167
-2.0944     -1.88496    0.00142216
-1.88496     -1.88496    0.000723381
-1.67552     -1.88496    0.000151815
-1.46608     -1.88496    0.00154802
-1.25664     -1.88496    0.000375752
-1.0472     -1.88496    0.000380218
-0.837758     -1.88496    0.0013854
-0.628319     -1.88496    0.000143767
-0.418879     -1.88496    0.000522427
-0.20944     -1.88496    0.00049297
0     -1.88496    0.000494729
0.20944     -1.88496    0.000495155
0.418879     -1.88496    0.000540438
0.628319     -1.88496    0.000157874
0.837758     -1.88496    0.00142768
1.0472     -1.88496    0.000344372
1.25664     -1.88496    0.000329804
1.46608     -1.88496    0.00157057
1.67552     -1.88496    9.92633e-05
1.88496     -1.88496    0.000733612
2.0944     -1.88496    0.00143627
2.30383     -1.88496    0.000821609
2.51327     -1.88496    0.000756092
2.72271     -1.88496    0.0030822
2.93215     -1.88496    0.0029143
3.14159     -1.88496    0.00413484

-3.14159     -1.67552    0.00398498
-2.93215     -1.67552    0.00230021
-2.72271     -1.67552    0.00343362
-2.51327     -1.67552    0.00102857
-2.30383     -1.67552    0.000284011
-2.0944     -1.67552    0.000549114
-1.88496     -1.67552    0.000373796
-1.67552     -1.67552    0.000264393
-1.46608     -1.67552    0.000897431
-1.25664     -1.67552    0.0013188
-1.0472     -1.67552    0.000935435
-0.837758     -1.67552    0.000997399
-0.628319     -1.67552    0.00036651
-0.418879     -1.67552    0.00168119
-0.20944     -1.67552    0.000376379
0     -1.67552    0.000595515
0.20944     -1.67552    0.000386883
0.418879     -1.67552    0.0016986
0.628319     -1.67552    0.00036518
0.837758     -1.67552    0.000977023
1.0472     -1.67552    0.000925496
1.25664     -1.67552    0.00133738
1.46608     -1.67552    0.000870521
1.67552     -1.67552    0.000317044
1.88496     -1.67552    0.000377981
2.0944     -1.67552    0.000580936
2.30383     -1.67552    0.000262606
2.51327     -1.67552    0.00101849
2.72271     -1.67552    0.00341826
2.93215     -1.67552    0.00232738
3.14159     -1.67552    0.00400922

-3.14159     -1.46608    0.00358604
-2.93215     -1.46608    0.00310988
-2.72271     -1.46608    0.00298344
-2.51327     -1.46608    0.00206479
-2.30383     -1.46608    0.000934936
-2.0944     -1.46608    0.000729514
-1.88496     -1.46608    0.000373607
-1.67552     -1.46608    0.000199426
-1.46608     -1.46608    0.000160809
-1.25664     -1.46608    0.000169729
-1.0472     -1.46608    0.000710448
-0.837758     -1.46608    0.0015171
-0.628319     -1.46608    0.000391929
-0.418879     -1.46608    0.0014995
-0.20944     -1.46608    0.000192062
0     -1.46608    9.84714e-05
0.20944     -1.46608    0.00018667
0.418879     -1.46608    0.00149134
0.628319     -1.46608    0.000397421
0.837758     -1.46608    0.0015085
1.0472     -1.46608    0.000693415
1.25664     -1.46608    0.000178528
1.46608     -1.46608    0.000174241
1.67552     -1.46608    0.000165276
1.88496     -1.46608    0.000398758
2.0944     -1.46608    0.000726832
2.30383     -1.46608    0.000962201
2.51327     -1.46608    0.00202023
2.72271     -1.46608    0.00300838
2.93215     -1.46608    0.00307748
3.14159     -1.46608    0.0036354

-3.14159     -1.25664    0.00294787
-2.93215     -1.25664    0.00123702
-2.72271     -1.25664    2.21057e-05
-2.51327     -1.25664    0.000384247
-2.30383     -1.25664    0.0016166
-2.0944     -1.25664    9.43656e-05
-1.88496     -1.25664    0.000118207
-1.67552     -1.25664    0.000737368
-1.46608     -1.25664    0.00026664
-1.25664     -1.25664    0.00149215
-1.0472     -1.25664    0.000729196
-0.837758     -1.25664    0.000163119
-0.628319     -1.25664    0.000975683
-0.418879     -1.25664    0.00126001
-0.20944     -1.25664    0.000438745
0     -1.25664    0.000350338
0.20944     -1.25664    0.00045736
0.418879     -1.25664    0.00126937
0.628319     -1.25664    0.000987633
0.837758     -1.25664    0.000138955
1.0472     -1.25664    0.000757734
1.25664     -1.25664    0.0014771
1.46608     -1.25664    0.000281933
1.67552     -1.25664    0.000699369
1.88496     -1.25664    0.000101461
2.0944     -1.25664    4.70875e-05
2.30383     -1.25664    0.00166581
2.51327     -1.25664    0.000376763
2.72271     -1.25664    3.59073e-05
2.93215     -1.25664    0.00124042
3.14159     -1.25664    0.00287053

-3.14159     -1.0472    0.00124262
-2.93215     -1.0472    0.00141516
-2.72271     -1.0472    0.000752094
-2.51327     -1.0472    0.000244021
-2.30383     -1.0472    0.000573177
-2.0944     -1.0472    0.00030222
-1.88496     -1.0472    7.50026e-05
-1.67552     -1.0472    0.000671752
-1.46608     -1.0472    0.000401003
-1.25664     -1.0472    0.00100691
-1.0472     -1.0472    0.00137294
-0.837758     -1.0472    0.00160959
-0.628319     -1.0472    0.00127741
-0.418879     -1.0472    0.000470767
-0.20944     -1.0472    0.000184436
0     -1.0472    0.000813569
0.20944     -1.0472    0.000161915
0.418879     -1.0472    0.000482551
0.628319     -1.0472    0.00128623
0.837758     -1.0472    0.00158619
1.0472     -1.0472    0.00137034
1.25664     -1.0472    0.00103288
1.46608     -1.0472    0.000396129
1.67552     -1.0472    0.000640877
1.88496     -1.0472    7.48297e-05
2.0944     -1.0472    0.000257613
2.30383     -1.0472    0.000554865
2.51327     -1.0472    0.000215075
2.72271     -1.0472    0.000758406
2.93215     -1.0472    0.00146986
3.14159     -1.0472    0.00126354

-3.14159     -0.837758    6.44286e-05
-2.93215     -0.837758    0.000330216
-2.72271     -0.837758    0.00140214
-2.51327     -0.837758    0.000970677
-2.30383     -0.837758    0.000358033
-2.0944     -0.837758    0.000517636
-1.88496     -0.837758    0.000825013
-1.67552     -0.837758    0.000152542
-1.46608     -0.837758    0.0006062
-1.25664     -0.837758    0.000190283
-1.0472     -0.837758    0.000380807
-0.837758     -0.837758    0.000334271
-0.628319     -0.837758    0.000473588
-0.418879     -0.837758    0.00138076
-0.20944     -0.837758    0.00120789
0     -0.837758    0.00177243
0.20944     -0.837758    0.00116601
0.418879     -0.837758    0.00135711
0.628319     -0.837758    0.000489788
0.837758     -0.837758    0.000345258
1.0472     -0.837758    0.000438025
1.25664     -0.837758    0.000131268
1.46608     -0.837758    0.000606022
1.67552     -0.837758    0.000179886
1.88496     -0.837758    0.00081933
2.0944     -0.837758    0.000531282
2.30383     -0.837758    0.000332674
2.51327     -0.837758    0.000925357
2.72271     -0.837758    0.0014589
2.93215     -0.837758    0.000310456
3.14159     -0.837758    4.58404e-05

-3.14159     -0.628319    0.00110164
-2.93215     -0.628319    0.000859616
-2.72271     -0.628319    0.000495943
-2.51327     -0.628319    0.00025212
-2.30383     -0.628319    0.000226214
-2.0944     -0.628319    0.000157383
-1.88496     -0.628319    0.000352413
-1.67552     -0.628319    0.000979411
-1.46608     -0.628319    0.000396978
-1.25664     -0.628319    0.000250258
-1.0472     -0.628319    0.000461281
-0.837758     -0.628319    0.000193913
-0.628319     -0.628319    0.00100216
-0.418879     -0.628319    0.00268191
-0.20944     -0.628319    0.00256002
0     -0.628319    0.00177566
0.20944     -0.628319    0.00254964
0.418879     -0.628319    0.00258275
0.628319     -0.628319    0.0010223
0.837758     -0.628319    0.000248789
1.0472     -0.628319    0.000496249
1.25664     -0.628319    0.000254397
1.46608     -0.628319    0.000420744
1.67552     -0.628319    0.000993535
1.88496     -0.628319    0.000343521
2.0944     -0.628319    0.000145932
2.30383     -0.628319    0.000267311
2.51327     -0.628319    0.000230398
2.72271     -0.628319    0.000523437
2.93215     -0.628319    0.000840379
3.14159     -0.628319    0.00114275

-3.14159     -0.418879    0.000422725
-2.93215     -0.418879    0.000164358
-2.72271     -0.418879    0.000276952
-2.51327     -0.418879    0.000139474
-2.30383     -0.418879    0.00135383
-2.0944     -0.418879    0.000884493
-1.88496     -0.418879    2.31362e-05
-1.67552     -0.418879    0.0016429
-1.46608     -0.418879    0.00126386
-1.25664     -0.418879    0.000105767
-1.0472     -0.418879    9.14368e-05
-0.837758     -0.418879    0.000295968
-0.628319     -0.418879    0.00189719
-0.418879     -0.418879    0.00269832
-0.20944     -0.418879    0.00323773
0     -0.418879    0.00454657
0.20944     -0.418879    0.00327775
0.418879     -0.418879    0.00265547
0.628319     -0.418879    0.00194827
0.837758     -0.418879    0.000245349
1.0472     -0.418879    7.59333e-05
1.25664     -0.418879    0.000144824
1.46608     -0.418879    0.00123195
1.67552     -0.418879    0.00165838
1.88496     -0.418879    3.36762e-05
2.0944     -0.418879    0.000881502
2.30383     -0.418879    0.00133836
2.51327     -0.418879    5.91401e-05
2.72271     -0.418879    0.000296179
2.93215     -0.418879    0.000171449
3.14159     -0.418879    0.000452364

-3.14159     -0.20944    9.93922e-05
-2.93215     -0.20944    0.000779749
-2.72271     -0.20944    0.000852533
-2.51327     -0.20944    6.75756e-05
-2.30383     -0.20944    0.000817554
-2.0944     -0.20944    0.0012302
-1.88496     -0.20944    0.000863234
-1.67552     -0.20944    9.68734e-05
-1.46608     -0.20944    0.00122625
-1.25664     -0.20944    0.00126694
-1.0472     -0.20944    0.000136172
-0.837758     -0.20944    0.00140581
-0.628319     -0.20944    0.00240981
-0.418879     -0.20944    0.00320965
-0.20944     -0.20944    0.00462349
0     -0.20944    0.00490717
0.20944     -0.20944    0.00462797
0.418879     -0.20944    0.00321761
0.628319     -0.20944    0.00244608
0.837758     -0.20944    0.00142714
1.0472     -0.20944    0.00015755
1.25664     -0.20944    0.00121971
1.46608     -0.20944    0.00126923
1.67552     -0.20944    7.50014e-05
1.88496     -0.20944    0.000852762
2.0944     -0.20944    0.00126874
2.30383     -0.20944    0.000857878
2.51327     -0.20944    0.000108112
2.72271     -0.20944    0.000893118
2.93215     -0.20944    0.000765426
3.14159     -0.20944    0.000137531

-3.14159     0    0.000555684
-2.93215     0    0.000326489
-2.72271     0    0.00166552
-2.51327     0    0.000424621
-2.30383     0    0.000913455
-2.0944     0    2.2849e-05
-1.88496     0    0.00128169
-1.67552     0    0.00148139
-1.46608     0    0.000298751
-1.25664     0    0.00138577
-1.0472     0    0.000807873
-0.837758     0    0.00233471
-0.628319     0    0.002902
-0.418879     0    0.00337954
-0.20944     0    0.00617747
0     0    2.62612e-15
0.20944     0    0.00617747
0.418879     0    0.00337954
0.628319     0    0.002902
0.837758     0    0.00233471
1.0472     0    0.000807873
1.25664     0    0.00138577
1.46608     0    0.000298751
1.67552     0    0.00148139
1.88496     0    0.00128169
2.0944     0    2.2849e-05
2.30383     0    0.000913455
2.51327     0    0.000424621
2.72271     0    0.00166552
2.93215     0    0.000326489
3.14159     0    0.000555684

-3.14159     0.20944    0.000137531
-2.93215     0.20944    0.000765426
-2.72271     0.20944    0.000893118
-2.51327     0.20944    0.000108112
-2.30383     0.20944    0.000857878
-2.0944     0.20944    0.00126874
-1.88496     0.20944    0.000852762
-1.67552     0.20944    7.50014e-05
-1.46608     0.20944    0.00126923
-1.25664     0.20944    0.00121971
-1.0472     0.20944    0.00015755
-0.837758     0.20944    0.00142714
-0.628319     0.20944    0.00244608
-0.418879     0.20944    0.00321761
-0.20944     0.20944    0.00462797
0     0.20944    0.00490717
0.20944     0.20944    0.00462349
0.418879     0.20944    0.00320965
0.628319     0.20944    0.00240981
0.837758     0.20944    0.00140581
1.0472     0.20944    0.000136172
1.25664     0.20944    0.00126694
1.46608     0.20944    0.00122625
1.67552     0.20944    9.68734e-05
1.88496     0.20944    0.000863234
2.0944     0.20944    0.0012302
2.30383     0.20944    0.000817554
2.51327     0.20944    6.75756e-05
2.72271     0.20944    0.000852533
2.93215     0.20944    0.000779749
3.14159     0.20944    9.93922e-05

-3.14159     0.418879    0.000452364
-2.93215     0.418879    0.000171449
-2.72271     0.418879    0.000296179
-2.51327     0.418879    5.91401e-05
-2.30383     0.418879    0.00133836
-2.0944     0.418879    0.000881502
-1.88496     0.418879    3.36762e-05
-1.67552     0.418879    0.00165838
-1.46608     0.418879    0.00123195
-1.25664     0.418879    0.000144824
-1.0472     0.418879    7.59333e-05
-0.837758     0.418879    0.000245349
-0.628319     0.418879    0.00194827
-0.418879     0.418879    0.00265547
-0.20944     0.418879    0.00327775
0     0.418879    0.00454657
0.20944     0.418879    0.00323773
0.418879     0.418879    0.00269832
0.628319     0.418879    0.00189719
0.837758     0.418879    0.000295968
1.0472     0.418879    9.14368e-05
1.25664     0.418879    0.000105767
1.46608     0.418879    0.00126386
1.67552     0.418879    0.0016429
1.88496     0.418879    2.31362e-05
2.0944     0.418879    0.000884493
2.30383     0.418879    0.00135383
2.51327     0.418879    0.000139474
2.72271     0.418879    0.000276952
2.93215     0.418879    0.000164358
3.14159     0.418879    0.000422725

-3.14159     0.628319    0.00114275
-2.93215     0.628319    0.000840379
-2.72271     0.628319    0.000523437
-2.51327     0.628319    0.000230398
-2.30383     0.628319    0.000267311
-2.0944     0.628319    0.000145932
-1.88496     0.628319    0.000343521
-1.67552     0.628319    0.000993535
-1.46608     0.628319    0.000420744
-1.25664     0.628319    0.000254397
-1.0472     0.628319    0.000496249
-0.837758     0.628319    0.000248789
-0.628319     0.628319    0.0010223
-0.418879     0.628319    0.00258275
-0.20944     0.628319    0.00254964
0     0.628319    0.00177566
0.20944     0.628319    0.00256002
0.418879     0.628319    0.00268191
0.628319     0.628319    0.00100216
0.837758     0.628319    0.000193913
1.0472     0.628319    0.000461281
1.25664     0.628319    0.000250258
1.46608     0.628319    0.000396978
1.67552     0.628319    0.000979411
1.88496     0.628319    0.000352413
2.0944     0.628319    0.000157383
2.30383     0.628319    0.000226214
2.51327     0.628319    0.00025212
2.72271     0.628319    0.000495943
2.93215     0.628319    0.000859616
3.14159     0.628319    0.00110164

-3.14159     0.837758    4.58404e-05
-2.93215     0.837758    0.000310456
-2.72271     0.837758    0.0014589
-2.51327     0.837758    0.000925357
-2.30383     0.837758    0.000332674
-2.0944     0.837758    0.000531282
-1.88496     0.837758    0.00081933
-1.67552     0.837758    0.000179886
-1.46608     0.837758    0.000606022
-1.25664     0.837758    0.000131268
-1.0472     0.837758    0.000438025
-0.837758     0.837758    0.000345258
-0.628319     0.837758    0.000489788
-0.418879     0.837758    0.00135711
-0.20944     0.837758    0.00116601
0     0.837758    0.00177243
0.20944     0.837758    0.00120789
0.418879     0.837758    0.00138076
0.628319     0.837758    0.000473588
0.837758     0.837758    0.000334271
1.0472     0.837758    0.000380807
1.25664     0.837758    0.000190283
1.46608     0.837758    0.0006062
1.67552     0.837758    0.000152542
1.88496     0.837758    0.000825013
2.0944     0.837758    0.000517636
2.30383     0.837758    0.000358033
2.51327     0.837758    0.000970677
2.72271     0.837758    0.00140214
2.93215     0.837758    0.000330216
3.14159     0.837758    6.44286e-05

-3.14159     1.0472    0.00126354
-2.93215     1.0472    0.00146986
-2.72271     1.0472    0.000758406
-2.51327     1.0472    0.000215075
-2.30383     1.0472    0.000554865
-2.0944     1.0472    0.000257613
-1.88496     1.0472    7.48297e-05
-1.67552     1.0472    0.000640877
-1.46608     1.0472    0.000396129
-1.25664     1.0472    0.00103288
-1.0472     1.0472    0.00137034
-0.837758     1.0472    0.00158619
-0.628319     1.0472    0.00128623
-0.418879     1.0472    0.000482551
-0.20944     1.0472    0.000161915
0     1.0472    0.000813569
0.20944     1.0472    0.000184436
0.418879     1.0472    0.000470767
0.628319     1.0472    0.00127741
0.837758     1.0472    0.00160959
1.0472     1.0472    0.00137294
1.25664     1.0472    0.00100691
1.46608     1.0472    0.000401003
1.67552     1.0472    0.000671752
1.88496     1.0472    7.50026e-05
2.0944     1.0472    0.00030222
2.30383     1.0472    0.000573177
2.51327     1.0472    0.000244021
2.72271     1.0472    0.000752094
2.93215     1.0472    0.00141516
3.14159     1.0472    0.00124262

-3.14159     1.25664    0.00287053
-2.93215     1.25664    0.00124042
-2.72271     1.25664    3.59073e-05
-2.51327     1.25664    0.000376763
-2.30383     1.25664    0.00166581
-2.0944     1.25664    4.70875e-05
-1.88496     1.25664    0.000101461
-1.67552     1.25664    0.000699369
-1.46608     1.25664    0.000281933
-1.25664     1.25664    0.0014771
-1.0472     1.25664    0.000757734
-0.837758     1.25664    0.000138955
-0.628319     1.25664    0.000987633
-0.418879     1.25664    0.00126937
-0.20944     1.25664    0.00045736
0     1.25664    0.000350338
0.20944     1.25664    0.000438745
0.418879     1.25664    0.00126001
0.628319     1.25664    0.000975683
0.837758     1.25664    0.000163119
1.0472     1.25664    0.000729196
1.25664     1.25664    0.00149215
1.46608     1.25664    0.00026664
1.67552     1.25664    0.000737368
1.88496     1.25664    0.000118207
2.0944     1.25664    9.43656e-05
2.30383     1.25664    0.0016166
2.51327     1.25664    0.000384247
2.72271     1.25664    2.21057e-05
2.93215     1.25664    0.00123702
3.14159     1.25664    0.00294787

-3.14159     1.46608    0.0036354
-2.93215     1.46608    0.00307748
-2.72271     1.46608    0.00300838
-2.51327     1.46608    0.00202023
-2.30383     1.46608    0.000962201
-2.0944     1.46608    0.000726832
-1.88496     1.46608    0.000398758
-1.67552     1.46608    0.000165276
-1.46608     1.46608    0.000174241
-1.25664     1.46608    0.000178528
-1.0472     1.46608    0.000693415
-0.837758     1.46608    0.0015085
-0.628319     1.46608    0.000397421
-0.418879     1.46608    0.00149134
-0.20944     1.46608    0.00018667
0     1.46608    9.84714e-05
0.20944     1.46608    0.000192062
0.418879     1.46608    0.0014995
0.628319     1.46608    0.000391929
0.837758     1.46608    0.0015171
1.0472     1.46608    0.000710448
1.25664     1.46608    0.000169729
1.46608     1.46608    0.000160809
1.67552     1.46608    0.000199426
1.88496     1.46608    0.000373607
2.0944     1.46608    0.000729514
2.30383     1.46608    0.000934936
2.51327     1.46608    0.00206479
2.72271     1.46608    0.00298344
2.93215     1.46608    0.00310988
3.14159     1.46608    0.00358604

-3.14159     1.67552    0.00400922
-2.93215     1.67552    0.00232738
-2.72271     1.67552    0.00341826
-2.51327     1.67552    0.00101849
-2.30383     1.67552    0.000262606
-2.0944     1.67552    0.000580936
-1.88496     1.67552    0.000377981
-1.67552     1.67552    0.000317044
-1.46608     1.67552    0.000870521
-1.25664     1.67552    0.00133738
-1.0472     1.67552    0.000925496
-0.837758     1.67552    0.000977023
-0.628319     1.67552    0.00036518
-0.418879     1.67552    0.0016986
-0.20944     1.67552    0.000386883
0     1.67552    0.000595515
0.20944     1.67552    0.000376379
0.418879     1.67552    0.00168119
0.628319     1.67552    0.00036651
0.837758     1.67552    0.000997399
1.0472     1.67552    0.000935435
1.25664     1.67552    0.0013188
1.46608     1.67552    0.000897431
1.67552     1.67552    0.000264393
1.88496     1.67552    0.000373796
2.0944     1.67552    0.000549114
2.30383     1.67552    0.000284011
2.51327     1.67552    0.00102857
2.72271     1.67552    0.00343362
2.93215     1.67552    0.00230021
3.14159     1.67552    0.00398498

-3.14159     1.88496    0.00413484
-2.93215     1.88496    0.0029143
-2.72271     1.88496    0.0030822
-2.51327     1.88496    0.000756092
-2.30383     1.88496    0.000821609
-2.0944     1.88496    0.00143627
-1.88496     1.88496    0.000733612
-1.67552     1.88496    9.92633e-05
-1.46608     1.88496    0.00157057
-1.25664     1.88496    0.000329804
-1.0472     1.88496    0.000344372
-0.837758     1.88496    0.00142768
-0.628319     1.88496    0.000157874
-0.418879     1.88496    0.000540438
-0.20944     1.88496    0.000495155
0     1.88496    0.000494729
0.20944     1.88496    0.00049297
0.418879     1.88496    0.000522427
0.628319     1.88496    0.000143767
0.837758     1.88496    0.0013854
1.0472     1.88496    0.000380218
1.25664     1.88496    0.000375752
1.46608     1.88496    0.00154802
1.67552     1.88496    0.000151815
1.88496     1.88496    0.000723381
2.0944     1.88496    0.00142216
2.30383     1.88496    0.000836167
2.51327     1.88496    0.000772131
2.72271     1.88496    0.00304437
2.93215     1.88496    0.00293361
3.14159     1.88496    0.00415476

-3.14159     2.0944    0.00373147
-2.93215     2.0944    0.00541297
-2.72271     2.0944    0.0030677
-2.51327     2.0944    0.00190519
-2.30383     2.0944    0.000988935
-2.0944     2.0944    7.7769e-05
-1.88496     2.0944    0.000346526
-1.67552     2.0944    0.00025112
-1.46608     2.0944    0.000264358
-1.25664     2.0944    0.000659149
-1.0472     2.0944    4.63877e-05
-0.837758     2.0944    0.00171431
-0.628319     2.0944    0.00039327
-0.418879     2.0944    0.000120888
-0.20944     2.0944    0.000752025
0     2.0944    0.000481208
0.20944     2.0944    0.000751408
0.418879     2.0944    0.000109301
0.628319     2.0944    0.000395789
0.837758     2.0944    0.00173424
1.0472     2.0944    2.50276e-05
1.25664     2.0944    0.000706231
1.46608     2.0944    0.000320138
1.67552     2.0944    0.000309935
1.88496     2.0944    0.000369204
2.0944     2.0944    4.99566e-05
2.30383     2.0944    0.000968129
2.51327     2.0944    0.00192817
2.72271     2.0944    0.00312388
2.93215     2.0944    0.00530799
3.14159     2.0944    0.00365376

-3.14159     2.30383    0.00324804
-2.93215     2.30383    0.00262716
-2.72271     2.30383    0.00132924
-2.51327     2.30383    0.000757573
-2.30383     2.30383    1.10845e-05
-2.0944     2.30383    0.00187672
-1.88496     2.30383    0.000163277
-1.67552     2.30383    0.000543137
-1.46608     2.30383    0.00140827
-1.25664     2.30383    0.000598544
-1.0472     2.30383    0.000143353
-0.837758     2.30383    0.000704623
-0.628319     2.30383    0.000274195
-0.418879     2.30383    0.000413906
-0.20944     2.30383    0.000126845
0     2.30383    0.000860347
0.20944     2.30383    0.000142049
0.418879     2.30383    0.000378151
0.628319     2.30383    0.000286368
0.837758     2.30383    0.000668032
1.0472     2.30383    0.000143927
1.25664     2.30383    0.000641077
1.46608     2.30383    0.00135457
1.67552     2.30383    0.000568819
1.88496     2.30383    0.000137856
2.0944     2.30383    0.00192681
2.30383     2.30383    3.6535e-05
2.51327     2.30383    0.000746766
2.72271     2.30383    0.00146674
2.93215     2.30383    0.00264859
3.14159     2.30383    0.00330513

-3.14159     2.51327    0.00177306
-2.93215     2.51327    0.000917595
-2.72271     2.51327    0.00116905
-2.51327     2.51327    0.000549512
-2.30383     2.51327    0.000395021
-2.0944     2.51327    0.000179598
-1.88496     2.51327    7.81368e-05
-1.67552     2.51327    0.000526918
-1.46608     2.51327    0.000405871
-1.25664     2.51327    0.0016317
-1.0472     2.51327    4.9908e-05
-0.837758     2.51327    0.000327649
-0.628319     2.51327    0.000512668
-0.418879     2.51327    0.000450919
-0.20944     2.51327    0.000645086
0     2.51327    0.000841393
0.20944     2.51327    0.000667454
0.418879     2.51327    0.00042845
0.628319     2.51327    0.000537285
0.837758     2.51327    0.000231341
1.0472     2.51327    2.85256e-05
1.25664     2.51327    0.00161804
1.46608     2.51327    0.000427799
1.67552     2.51327    0.000567124
1.88496     2.51327    0.000105704
2.0944     2.51327    0.000243019
2.30383     2.51327    0.000391203
2.51327     2.51327    0.000518765
2.72271     2.51327    0.00117824
2.93215     2.51327    0.00105075
3.14159     2.51327    0.00179273

-3.14159     2.72271    0.000365754
-2.93215     2.72271    0.000235021
-2.72271     2.72271    0.000424064
-2.51327     2.72271    0.00162501
-2.30383     2.72271    0.000347938
-2.0944     2.72271    0.000423557
-1.88496     2.72271    0.000669501
-1.67552     2.72271    0.000418031
-1.46608     2.72271    8.28384e-05
-1.25664     2.72271    0.0003131
-1.0472     2.72271    9.52631e-05
-0.837758     2.72271    0.00030007
-0.628319     2.72271    0.00138514
-0.418879     2.72271    0.00063579
-0.20944     2.72271    0.000320583
0     2.72271    0.00180166
0.20944     2.72271    0.000328954
0.418879     2.72271    0.000627924
0.628319     2.72271    0.0013543
0.837758     2.72271    0.000327218
1.0472     2.72271    8.96264e-05
1.25664     2.72271    0.000341694
1.46608     2.72271    0.000124813
1.67552     2.72271    0.000480203
1.88496     2.72271    0.00061461
2.0944     2.72271    0.000391349
2.30383     2.72271    0.000370731
2.51327     2.72271    0.00158687
2.72271     2.72271    0.000378542
2.93215     2.72271    0.0001834
3.14159     2.72271    0.000321315

-3.14159     2.93215    0.000897296
-2.93215     2.93215    0.000296665
-2.72271     2.93215    0.000184756
-2.51327     2.93215    0.00162355
-2.30383     2.93215    0.00112559
-2.0944     2.93215    2.70373e-05
-1.88496     2.93215    0.000459158
-1.67552     2.93215    0.000897285
-1.46608     2.93215    0.000655212
-1.25664     2.93215    0.000172578
-1.0472     2.93215    0.000948297
-0.837758     2.93215    0.00107299
-0.628319     2.93215    0.00121431
-0.418879     2.93215    0.000364587
-0.20944     2.93215    0.000132274
0     2.93215    0.00230315
0.20944     2.93215    0.00013075
0.418879     2.93215    0.000352301
0.628319     2.93215    0.00118081
0.837758     2.93215    0.00117208
1.0472     2.93215    0.000979544
1.25664     2.93215    0.000221249
1.46608     2.93215    0.000628817
1.67552     2.93215    0.00101923
1.88496     2.93215    0.000390148
2.0944     2.93215    1.48427e-05
2.30383     2.93215    0.00117197
2.51327     2.93215    0.0016472
2.72271     2.93215    0.000133317
2.93215     2.93215    0.000246159
3.14159     2.93215    0.000870398

-3.14159     3.14159    0.000873804
-2.93215     3.14159    0.000473087
-2.72271     3.14159    0.000996268
-2.51327     3.14159    0.000972401
-2.30383     3.14159    0.000275724
-2.0944     3.14159    0.00026748
-1.88496     3.14159    0.000631899
-1.67552     3.14159    0.000118381
-1.46608     3.14159    0.000533816
-1.25664     3.14159    0.000497015
-1.0472     3.14159    0.000805056
-0.837758     3.14159    2.08706e-05
-0.628319     3.14159    0.0012235
-0.418879     3.14159    0.00112392
-0.20944     3.14159    0.0021123
0     3.14159    0.0037577
0.20944     3.14159    0.00202937
0.418879     3.14159    0.00113723
0.628319     3.14159    0.00132872
0.837758     3.14159    1.31791e-05
1.0472     3.14159    0.000812786
1.25664     3.14159    0.000449773
1.46608     3.14159    0.000526713
1.67552     3.14159    0.000127069
1.88496     3.14159    0.00059286
2.0944     3.14159    0.000253305
2.30383     3.14159    0.000228437
2.51327     3.14159    0.000954425
2.72271     3.14159    0.000965274
2.93215     3.14159    0.00044031
3.14159     3.14159    0.000830857

