-3.14159     -3.14159    0.000756185
-2.93215     -3.14159    0.00637575
-2.72271     -3.14159    0.0128552
-2.51327     -3.14159    0.0136677
-2.30383     -3.14159    0.00637799
-2.0944     -3.14159    0.000634994
-1.88496     -3.14159    0.0085367
-1.67552     -3.14159    0.00341906
-1.46608     -3.14159    0.000675658
-1.25664     -3.14159    0.0062162
-1.0472     -3.14159    0.00027884
-0.837758     -3.14159    0.00135062
-0.628319     -3.14159    0.0113356
-0.418879     -3.14159    0.00861247
-0.20944     -3.14159    0.0169121
0     -3.14159    0.037987
0.20944     -3.14159    0.0173452
0.418879     -3.14159    0.00862905
0.628319     -3.14159    0.0110511
0.837758     -3.14159    0.00135487
1.0472     -3.14159    0.00026316
1.25664     -3.14159    0.00630976
1.46608     -3.14159    0.000673511
1.67552     -3.14159    0.00352124
1.88496     -3.14159    0.00863856
2.0944     -3.14159    0.000722144
2.30383     -3.14159    0.0064258
2.51327     -3.14159    0.0136911
2.72271     -3.14159    0.0129299
2.93215     -3.14159    0.00647756
3.14159     -3.14159    0.000779569

-3.14159     -2.93215    0.00107311
-2.93215     -2.93215    0.000308694
-2.72271     -2.93215    0.000510838
-2.51327     -2.93215    0.00759162
-2.30383     -2.93215    0.0154076
-2.0944     -2.93215    0.00243642
-1.88496     -2.93215    0.000313327
-1.67552     -2.93215    0.00100899
-1.46608     -2.93215    9.30779e-05
-1.25664     -2.93215    0.000650852
-1.0472     -2.93215    0.00214404
-0.837758     -2.93215    0.00327946
-0.628319     -2.93215    0.00871178
-0.418879     -2.93215    0.00331825
-0.20944     -2.93215    0.00097301
0     -2.93215    0.0228355
0.20944     -2.93215    0.001228
0.418879     -2.93215    0.00335407
0.628319     -2.93215    0.00878904
0.837758     -2.93215    0.00324759
1.0472     -2.93215    0.00219403
1.25664     -2.93215    0.000687526
1.46608     -2.93215    0.000106901
1.67552     -2.93215    0.00096865
1.88496     -2.93215    0.000341729
2.0944     -2.93215    0.00241871
2.30383     -2.93215    0.0154069
2.51327     -2.93215    0.00735654
2.72271     -2.93215    0.000489256
2.93215     -2.93215    0.000313847
3.14159     -2.93215    0.00108736

-3.14159     -2.72271    0.00342155
-2.93215     -2.72271    0.00386325
-2.72271     -2.72271    0.00236143
-2.51327     -2.72271    0.010137
-2.30383     -2.72271    0.00596761
-2.0944     -2.72271    0.00604708
-1.88496     -2.72271    0.000244723
-1.67552     -2.72271    0.000860876
-1.46608     -2.72271    0.000143383
-1.25664     -2.72271    0.00138887
-1.0472     -2.72271    0.00206012
-0.837758     -2.72271    0.00190202
-0.628319     -2.72271    0.00946066
-0.418879     -2.72271    0.00335033
-0.20944     -2.72271    0.00138131
0     -2.72271    0.015355
0.20944     -2.72271    0.00152054
0.418879     -2.72271    0.00335304
0.628319     -2.72271    0.00950154
0.837758     -2.72271    0.00179941
1.0472     -2.72271    0.00205333
1.25664     -2.72271    0.0014083
1.46608     -2.72271    0.000133351
1.67552     -2.72271    0.00079502
1.88496     -2.72271    0.000270074
2.0944     -2.72271    0.00617134
2.30383     -2.72271    0.00594643
2.51327     -2.72271    0.0103654
2.72271     -2.72271    0.00232553
2.93215     -2.72271    0.00406027
3.14159     -2.72271    0.00352642

-3.14159     -2.51327    0.019113
-2.93215     -2.51327    0.0151477
-2.72271     -2.51327    0.0230432
-2.51327     -2.51327    0.00776656
-2.30383     -2.51327    0.00116823
-2.0944     -2.51327    0.00326335
-1.88496     -2.51327    0.00127239
-1.67552     -2.51327    0.000576556
-1.46608     -2.51327    0.000645427
-1.25664     -2.51327    0.0051252
-1.0472     -2.51327    0.000723505
-0.837758     -2.51327    0.00393135
-0.628319     -2.51327    0.00260278
-0.418879     -2.51327    0.00178747
-0.20944     -2.51327    0.00519561
0     -2.51327    0.0107908
0.20944     -2.51327    0.0051069
0.418879     -2.51327    0.00182216
0.628319     -2.51327    0.00256753
0.837758     -2.51327    0.00410197
1.0472     -2.51327    0.000681161
1.25664     -2.51327    0.00511533
1.46608     -2.51327    0.000616599
1.67552     -2.51327    0.00054639
1.88496     -2.51327    0.00125429
2.0944     -2.51327    0.00333207
2.30383     -2.51327    0.00115248
2.51327     -2.51327    0.0076268
2.72271     -2.51327    0.0229262
2.93215     -2.51327    0.0144066
3.14159     -2.51327    0.0190726

-3.14159     -2.30383    0.0325
-2.93215     -2.30383    0.0355957
-2.72271     -2.30383    0.0218324
-2.51327     -2.30383    0.0085983
-2.30383     -2.30383    0.00126497
-2.0944     -2.30383    0.00607378
-1.88496     -2.30383    0.000622468
-1.67552     -2.30383    0.00108001
-1.46608     -2.30383    0.00363889
-1.25664     -2.30383    0.00108812
-1.0472     -2.30383    0.000490764
-0.837758     -2.30383    0.00750896
-0.628319     -2.30383    0.00122981
-0.418879     -2.30383    0.00068535
-0.20944     -2.30383    0.00360422
0     -2.30383    0.00470553
0.20944     -2.30383    0.00361114
0.418879     -2.30383    0.000716426
0.628319     -2.30383    0.00120409
0.837758     -2.30383    0.00753829
1.0472     -2.30383    0.000521059
1.25664     -2.30383    0.00104583
1.46608     -2.30383    0.00364147
1.67552     -2.30383    0.00105708
1.88496     -2.30383    0.000598188
2.0944     -2.30383    0.00605096
2.30383     -2.30383    0.0012974
2.51327     -2.30383    0.00883411
2.72271     -2.30383    0.0214921
2.93215     -2.30383    0.0353938
3.14159     -2.30383    0.0325313

-3.14159     -2.0944    0.0363526
-2.93215     -2.0944    0.0535825
-2.72271     -2.0944    0.0316281
-2.51327     -2.0944    0.0194738
-2.30383     -2.0944    0.00730629
-2.0944     -2.0944    0.00218581
-1.88496     -2.0944    0.00287363
-1.67552     -2.0944    0.00292836
-1.46608     -2.0944    0.00165434
-1.25664     -2.0944    0.0018967
-1.0472     -2.0944    0.00452933
-0.837758     -2.0944    0.013028
-0.628319     -2.0944    0.00196422
-0.418879     -2.0944    0.00160799
-0.20944     -2.0944    0.00810333
0     -2.0944    0.00464171
0.20944     -2.0944    0.00819321
0.418879     -2.0944    0.00162451
0.628319     -2.0944    0.00194125
0.837758     -2.0944    0.0129848
1.0472     -2.0944    0.00459043
1.25664     -2.0944    0.00187619
1.46608     -2.0944    0.00156573
1.67552     -2.0944    0.00282126
1.88496     -2.0944    0.00286565
2.0944     -2.0944    0.00216263
2.30383     -2.0944    0.00725558
2.51327     -2.0944    0.0195691
2.72271     -2.0944    0.0318957
2.93215     -2.0944    0.0540845
3.14159     -2.0944    0.0369464

-3.14159     -1.88496    0.0471325
-2.93215     -1.88496    0.0317421
-2.72271     -1.88496    0.0280033
-2.51327     -1.88496    0.00391293
-2.30383     -1.88496    0.00714377
-2.0944     -1.88496    0.00991219
-1.88496     -1.88496    0.00444105
-1.67552     -1.88496    0.00400038
-1.46608     -1.88496    0.0113036
-1.25664     -1.88496    0.00736776
-1.0472     -1.88496    0.00185058
-0.837758     -1.88496    0.0113478
-0.628319     -1.88496    0.000286443
-0.418879     -1.88496    0.00651111
-0.20944     -1.88496    0.00444091
0     -1.88496    0.00403439
0.20944     -1.88496    0.00439177
0.418879     -1.88496    0.00654565
0.628319     -1.88496    0.000291295
0.837758     -1.88496    0.0113548
1.0472     -1.88496    0.00189429
1.25664     -1.88496    0.00732611
1.46608     -1.88496    0.0113026
1.67552     -1.88496    0.00382959
1.88496     -1.88496    0.00445846
2.0944     -1.88496    0.00992029
2.30383     -1.88496    0.00711255
2.51327     -1.88496    0.00389014
2.72271     -1.88496    0.0284598
2.93215     -1.88496    0.0313873
3.14159     -1.88496    0.047704

-3.14159     -1.67552    0.0438397
-2.93215     -1.67552    0.0275737
-2.72271     -1.67552    0.0348637
-2.51327     -1.67552    0.00705694
-2.30383     -1.67552    0.00321669
-2.0944     -1.67552    0.0025344
-1.88496     -1.67552    0.00091586
-1.67552     -1.67552    0.00079967
-1.46608     -1.67552    0.00683978
-1.25664     -1.67552    0.0103193
-1.0472     -1.67552    0.0110146
-0.837758     -1.67552    0.0110823
-0.628319     -1.67552    0.000611147
-0.418879     -1.67552    0.011414
-0.20944     -1.67552    0.00641736
0     -1.67552    0.00321496
0.20944     -1.67552    0.00646724
0.418879     -1.67552    0.0113487
0.628319     -1.67552    0.0006865
0.837758     -1.67552    0.0110455
1.0472     -1.67552    0.0109328
1.25664     -1.67552    0.0103437
1.46608     -1.67552    0.00678794
1.67552     -1.67552    0.00085371
1.88496     -1.67552    0.000912279
2.0944     -1.67552    0.00257975
2.30383     -1.67552    0.00317067
2.51327     -1.67552    0.00699576
2.72271     -1.67552    0.0351076
2.93215     -1.67552    0.0274281
3.14159     -1.67552    0.0444667

-3.14159     -1.46608    0.0345741
-2.93215     -1.46608    0.0289681
-2.72271     -1.46608    0.0281292
-2.51327     -1.46608    0.0203263
-2.30383     -1.46608    0.00725735
-2.0944     -1.46608    0.00516736
-1.88496     -1.46608    0.00257247
-1.67552     -1.46608    0.00194029
-1.46608     -1.46608    0.000425693
-1.25664     -1.46608    0.000291752
-1.0472     -1.46608    0.00636324
-0.837758     -1.46608    0.00613615
-0.628319     -1.46608    0.00180357
-0.418879     -1.46608    0.0109107
-0.20944     -1.46608    0.00513244
0     -1.46608    0.0017802
0.20944     -1.46608    0.00504015
0.418879     -1.46608    0.0109056
0.628319     -1.46608    0.00175482
0.837758     -1.46608    0.00592063
1.0472     -1.46608    0.00622962
1.25664     -1.46608    0.00031819
1.46608     -1.46608    0.00051886
1.67552     -1.46608    0.0019499
1.88496     -1.46608    0.0026166
2.0944     -1.46608    0.00518345
2.30383     -1.46608    0.00732118
2.51327     -1.46608    0.0201267
2.72271     -1.46608    0.0282506
2.93215     -1.46608    0.0289183
3.14159     -1.46608    0.0350184

-3.14159     -1.25664    0.0299811
-2.93215     -1.25664    0.0104738
-2.72271     -1.25664    0.0025989
-2.51327     -1.25664    0.00193814
-2.30383     -1.25664    0.0151813
-2.0944     -1.25664    0.00377318
-1.88496     -1.25664    0.00280397
-1.67552     -1.25664    0.00655938
-1.46608     -1.25664    0.0055308
-1.25664     -1.25664    0.00956497
-1.0472     -1.25664    0.00237462
-0.837758     -1.25664    0.0014788
-0.628319     -1.25664    0.00946401
-0.418879     -1.25664    0.0108887
-0.20944     -1.25664    0.00159353
0     -1.25664    0.00369652
0.20944     -1.25664    0.00147817
0.418879     -1.25664    0.01102
0.628319     -1.25664    0.00962154
0.837758     -1.25664    0.00146113
1.0472     -1.25664    0.00245069
1.25664     -1.25664    0.00950784
1.46608     -1.25664    0.0056052
1.67552     -1.25664    0.00650086
1.88496     -1.25664    0.00288756
2.0944     -1.25664    0.00376147
2.30383     -1.25664    0.0152901
2.51327     -1.25664    0.00191797
2.72271     -1.25664    0.00265732
2.93215     -1.25664    0.0104835
3.14159     -1.25664    0.0298993

-3.14159     -1.0472    0.0129768
-2.93215     -1.0472    0.00948066
-2.72271     -1.0472    0.00690685
-2.51327     -1.0472    0.000644746
-2.30383     -1.0472    0.00341086
-2.0944     -1.0472    0.00254383
-1.88496     -1.0472    0.00152059
-1.67552     -1.0472    0.00609532
-1.46608     -1.0472    0.00314486
-1.25664     -1.0472    0.0105372
-1.0472     -1.0472    0.0113816
-0.837758     -1.0472    0.0135777
-0.628319     -1.0472    0.00936836
-0.418879     -1.0472    0.000988666
-0.20944     -1.0472    0.00180967
0     -1.0472    0.00407335
0.20944     -1.0472    0.00185731
0.418879     -1.0472    0.00107517
0.628319     -1.0472    0.00946707
0.837758     -1.0472    0.0134287
1.0472     -1.0472    0.0113599
1.25664     -1.0472    0.0105124
1.46608     -1.0472    0.0031131
1.67552     -1.0472    0.00609485
1.88496     -1.0472    0.00153619
2.0944     -1.0472    0.00258107
2.30383     -1.0472    0.00340092
2.51327     -1.0472    0.000626371
2.72271     -1.0472    0.0069486
2.93215     -1.0472    0.00963578
3.14159     -1.0472    0.0130155

-3.14159     -0.837758    0.00113294
-2.93215     -0.837758    0.00152074
-2.72271     -0.837758    0.00984325
-2.51327     -0.837758    0.00447627
-2.30383     -0.837758    0.000956505
-2.0944     -0.837758    0.00264948
-1.88496     -0.837758    0.00824943
-1.67552     -0.837758    0.000642671
-1.46608     -0.837758    0.00343172
-1.25664     -0.837758    0.00398661
-1.0472     -0.837758    0.000725226
-0.837758     -0.837758    0.00116442
-0.628319     -0.837758    0.00124831
-0.418879     -0.837758    0.011983
-0.20944     -0.837758    0.0107447
0     -0.837758    0.0214133
0.20944     -0.837758    0.010743
0.418879     -0.837758    0.0117822
0.628319     -0.837758    0.00132466
0.837758     -0.837758    0.0012267
1.0472     -0.837758    0.000781105
1.25664     -0.837758    0.00394203
1.46608     -0.837758    0.00341434
1.67552     -0.837758    0.000616096
1.88496     -0.837758    0.00821078
2.0944     -0.837758    0.00269785
2.30383     -0.837758    0.000896053
2.51327     -0.837758    0.00440487
2.72271     -0.837758    0.00987709
2.93215     -0.837758    0.00142164
3.14159     -0.837758    0.0012075

-3.14159     -0.628319    0.00149414
-2.93215     -0.628319    0.00310705
-2.72271     -0.628319    0.00329023
-2.51327     -0.628319    0.00327132
-2.30383     -0.628319    0.000879584
-2.0944     -0.628319    0.00370727
-1.88496     -0.628319    0.00517087
-1.67552     -0.628319    0.00880755
-1.46608     -0.628319    0.00719851
-1.25664     -0.628319    0.000510897
-1.0472     -0.628319    1.15292e-05
-0.837758     -0.628319    0.00527641
-0.628319     -0.628319    0.00867371
-0.418879     -0.628319    0.0295472
-0.20944     -0.628319    0.0278004
0     -0.628319    0.0149701
0.20944     -0.628319    0.0275931
0.418879     -0.628319    0.0291806
0.628319     -0.628319    0.00881848
0.837758     -0.628319    0.00524846
1.0472     -0.628319    2.7988e-05
1.25664     -0.628319    0.000523229
1.46608     -0.628319    0.00720018
1.67552     -0.628319    0.00884696
1.88496     -0.628319    0.0051207
2.0944     -0.628319    0.00372375
2.30383     -0.628319    0.000911784
2.51327     -0.628319    0.00330468
2.72271     -0.628319    0.00332766
2.93215     -0.628319    0.00305016
3.14159     -0.628319    0.00152624

-3.14159     -0.418879    0.000334786
-2.93215     -0.418879    0.00113222
-2.72271     -0.418879    0.00311903
-2.51327     -0.418879    0.00365962
-2.30383     -0.418879    0.00978301
-2.0944     -0.418879    0.00597246
-1.88496     -0.418879    0.000725953
-1.67552     -0.418879    0.00981569
-1.46608     -0.418879    0.0105954
-1.25664     -0.418879    0.00176249
-1.0472     -0.418879    0.00273094
-0.837758     -0.418879    0.00739164
-0.628319     -0.418879    0.0184018
-0.418879     -0.418879    0.0276749
-0.20944     -0.418879    0.0311247
0     -0.418879    0.042713
0.20944     -0.418879    0.0308661
0.418879     -0.418879    0.0273555
0.628319     -0.418879    0.0184287
0.837758     -0.418879    0.00744852
1.0472     -0.418879    0.00273006
1.25664     -0.418879    0.00175146
1.46608     -0.418879    0.010555
1.67552     -0.418879    0.00990192
1.88496     -0.418879    0.000719962
2.0944     -0.418879    0.00596193
2.30383     -0.418879    0.00977887
2.51327     -0.418879    0.00354119
2.72271     -0.418879    0.00308178
2.93215     -0.418879    0.00109197
3.14159     -0.418879    0.000323618

-3.14159     -0.20944    0.00158278
-2.93215     -0.20944    0.00123831
-2.72271     -0.20944    0.00327664
-2.51327     -0.20944    0.000394636
-2.30383     -0.20944    0.0100092
-2.0944     -0.20944    0.0104281
-1.88496     -0.20944    0.00746539
-1.67552     -0.20944    0.000933728
-1.46608     -0.20944    0.00907627
-1.25664     -0.20944    0.00988524
-1.0472     -0.20944    0.00122701
-0.837758     -0.20944    0.012224
-0.628319     -0.20944    0.0248037
-0.418879     -0.20944    0.0291349
-0.20944     -0.20944    0.0426556
0     -0.20944    0.0475896
0.20944     -0.20944    0.0429306
0.418879     -0.20944    0.0284873
0.628319     -0.20944    0.025659
0.837758     -0.20944    0.012244
1.0472     -0.20944    0.00112313
1.25664     -0.20944    0.00977316
1.46608     -0.20944    0.00918912
1.67552     -0.20944    0.00103425
1.88496     -0.20944    0.00750754
2.0944     -0.20944    0.0104386
2.30383     -0.20944    0.0100428
2.51327     -0.20944    0.000316258
2.72271     -0.20944    0.00330775
2.93215     -0.20944    0.00120414
3.14159     -0.20944    0.00161694

-3.14159     0    0.000974073
-2.93215     0    0.000594457
-2.72271     0    0.00331017
-2.51327     0    0.00112905
-2.30383     0    0.000737135
-2.0944     0    0.00402942
-1.88496     0    0.0140929
-1.67552     0    0.00656531
-1.46608     0    0.0045158
-1.25664     0    0.0110037
-1.0472     0    0.0039604
-0.837758     0    0.0235299
-0.628319     0    0.0312632
-0.418879     0    0.0315379
-0.20944     0    0.0614807
0     0    5.06588e-15
0.20944     0    0.0614807
0.418879     0    0.0315379
0.628319     0    0.0312632
0.837758     0    0.0235299
1.0472     0    0.0039604
1.25664     0    0.0110037
1.46608     0    0.0045158
1.67552     0    0.00656531
1.88496     0    0.0140929
2.0944     0    0.00402942
2.30383     0    0.000737135
2.51327     0    0.00112905
2.72271     0    0.00331017
2.93215     0    0.000594457
3.14159     0    0.000974073

-3.14159     0.20944    0.00161694
-2.93215     0.20944    0.00120414
-2.72271     0.20944    0.00330775
-2.51327     0.20944    0.000316258
-2.30383     0.20944    0.0100428
-2.0944     0.20944    0.0104386
-1.88496     0.20944    0.00750754
-1.67552     0.20944    0.00103425
-1.46608     0.20944    0.00918912
-1.25664     0.20944    0.00977316
-1.0472     0.20944    0.00112313
-0.837758     0.20944    0.012244
-0.628319     0.20944    0.025659
-0.418879     0.20944    0.0284873
-0.20944     0.20944    0.0429306
0     0.20944    0.0475896
0.20944     0.20944    0.0426556
0.418879     0.20944    0.0291349
0.628319     0.20944    0.0248037
0.837758     0.20944    0.012224
1.0472     0.20944    0.00122701
1.25664     0.20944    0.00988524
1.46608     0.20944    0.00907627
1.67552     0.20944    0.000933728
1.88496     0.20944    0.00746539
2.0944     0.20944    0.0104281
2.30383     0.20944    0.0100092
2.51327     0.20944    0.000394636
2.72271     0.20944    0.00327664
2.93215     0.20944    0.00123831
3.14159     0.20944    0.00158278

-3.14159     0.418879    0.000323618
-2.93215     0.418879    0.00109197
-2.72271     0.418879    0.00308178
-2.51327     0.418879    0.00354119
-2.30383     0.418879    0.00977887
-2.0944     0.418879    0.00596193
-1.88496     0.418879    0.000719962
-1.67552     0.418879    0.00990192
-1.46608     0.418879    0.010555
-1.25664     0.418879    0.00175146
-1.0472     0.418879    0.00273006
-0.837758     0.418879    0.00744852
-0.628319     0.418879    0.0184287
-0.418879     0.418879    0.0273555
-0.20944     0.418879    0.0308661
0     0.418879    0.042713
0.20944     0.418879    0.0311247
0.418879     0.418879    0.0276749
0.628319     0.418879    0.0184018
0.837758     0.418879    0.00739164
1.0472     0.418879    0.00273094
1.25664     0.418879    0.00176249
1.46608     0.418879    0.0105954
1.67552     0.418879    0.00981569
1.88496     0.418879    0.000725953
2.0944     0.418879    0.00597246
2.30383     0.418879    0.00978301
2.51327     0.418879    0.00365962
2.72271     0.418879    0.00311903
2.93215     0.418879    0.00113222
3.14159     0.418879    0.000334786

-3.14159     0.628319    0.00152624
-2.93215     0.628319    0.00305016
-2.72271     0.628319    0.00332766
-2.51327     0.628319    0.00330468
-2.30383     0.628319    0.000911784
-2.0944     0.628319    0.00372375
-1.88496     0.628319    0.0051207
-1.67552     0.628319    0.00884696
-1.46608     0.628319    0.00720018
-1.25664     0.628319    0.000523229
-1.0472     0.628319    2.7988e-05
-0.837758     0.628319    0.00524846
-0.628319     0.628319    0.00881848
-0.418879     0.628319    0.0291806
-0.20944     0.628319    0.0275931
0     0.628319    0.0149701
0.20944     0.628319    0.0278004
0.418879     0.628319    0.0295472
0.628319     0.628319    0.00867371
0.837758     0.628319    0.00527641
1.0472     0.628319    1.15292e-05
1.25664     0.628319    0.000510897
1.46608     0.628319    0.00719851
1.67552     0.628319    0.00880755
1.88496     0.628319    0.00517087
2.0944     0.628319    0.00370727
2.30383     0.628319    0.000879584
2.51327     0.628319    0.00327132
2.72271     0.628319    0.00329023
2.93215     0.628319    0.00310705
3.14159     0.628319    0.00149414

-3.14159     0.837758    0.0012075
-2.93215     0.837758    0.00142164
-2.72271     0.837758    0.00987709
-2.51327     0.837758    0.00440487
-2.30383     0.837758    0.000896053
-2.0944     0.837758    0.00269785
-1.88496     0.837758    0.00821078
-1.67552     0.837758    0.000616096
-1.46608     0.837758    0.00341434
-1.25664     0.837758    0.00394203
-1.0472     0.837758    0.000781105
-0.837758     0.837758    0.0012267
-0.628319     0.837758    0.00132466
-0.418879     0.837758    0.0117822
-0.20944     0.837758    0.010743
0     0.837758    0.0214133
0.20944     0.837758    0.0107447
0.418879     0.837758    0.011983
0.628319     0.837758    0.00124831
0.837758     0.837758    0.00116442
1.0472     0.837758    0.000725226
1.25664     0.837758    0.00398661
1.46608     0.837758    0.00343172
1.67552     0.837758    0.000642671
1.88496     0.837758    0.00824943
2.0944     0.837758    0.00264948
2.30383     0.837758    0.000956505
2.51327     0.837758    0.00447627
2.72271     0.837758    0.00984325
2.93215     0.837758    0.00152074
3.14159     0.837758    0.00113294

-3.14159     1.0472    0.0130155
-2.93215     1.0472    0.00963578
-2.72271     1.0472    0.0069486
-2.51327     1.0472    0.000626371
-2.30383     1.0472    0.00340092
-2.0944     1.0472    0.00258107
-1.88496     1.0472    0.00153619
-1.67552     1.0472    0.00609485
-1.46608     1.0472    0.0031131
-1.25664     1.0472    0.0105124
-1.0472     1.0472    0.0113599
-0.837758     1.0472    0.0134287
-0.628319     1.0472    0.00946707
-0.418879     1.0472    0.00107517
-0.20944     1.0472    0.00185731
0     1.0472    0.00407335
0.20944     1.0472    0.00180967
0.418879     1.0472    0.000988666
0.628319     1.0472    0.00936836
0.837758     1.0472    0.0135777
1.0472     1.0472    0.0113816
1.25664     1.0472    0.0105372
1.46608     1.0472    0.00314486
1.67552     1.0472    0.00609532
1.88496     1.0472    0.00152059
2.0944     1.0472    0.00254383
2.30383     1.0472    0.00341086
2.51327     1.0472    0.000644746
2.72271     1.0472    0.00690685
2.93215     1.0472    0.00948066
3.14159     1.0472    0.0129768

-3.14159     1.25664    0.0298993
-2.93215     1.25664    0.0104835
-2.72271     1.25664    0.00265732
-2.51327     1.25664    0.00191797
-2.30383     1.25664    0.0152901
-2.0944     1.25664    0.00376147
-1.88496     1.25664    0.00288756
-1.67552     1.25664    0.00650086
-1.46608     1.25664    0.0056052
-1.25664     1.25664    0.00950784
-1.0472     1.25664    0.00245069
-0.837758     1.25664    0.00146113
-0.628319     1.25664    0.00962154
-0.418879     1.25664    0.01102
-0.20944     1.25664    0.00147817
0     1.25664    0.00369652
0.20944     1.25664    0.00159353
0.418879     1.25664    0.0108887
0.628319     1.25664    0.00946401
0.837758     1.25664    0.0014788
1.0472     1.25664    0.00237462
1.25664     1.25664    0.00956497
1.46608     1.25664    0.0055308
1.67552     1.25664    0.00655938
1.88496     1.25664    0.00280397
2.0944     1.25664    0.00377318
2.30383     1.25664    0.0151813
2.51327     1.25664    0.00193814
2.72271     1.25664    0.0025989
2.93215     1.25664    0.0104738
3.14159     1.25664    0.0299811

-3.14159     1.46608    0.0350184
-2.93215     1.46608    0.0289183
-2.72271     1.46608    0.0282506
-2.51327     1.46608    0.0201267
-2.30383     1.46608    0.00732118
-2.0944     1.46608    0.00518345
-1.88496     1.46608    0.0026166
-1.67552     1.46608    0.0019499
-1.46608     1.46608    0.00051886
-1.25664     1.46608    0.00031819
-1.0472     1.46608    0.00622962
-0.837758     1.46608    0.00592063
-0.628319     1.46608    0.00175482
-0.418879     1.46608    0.0109056
-0.20944     1.46608    0.00504015
0     1.46608    0.0017802
0.20944     1.46608    0.00513244
0.418879     1.46608    0.0109107
0.628319     1.46608    0.00180357
0.837758     1.46608    0.00613615
1.0472     1.46608    0.00636324
1.25664     1.46608    0.000291752
1.46608     1.46608    0.000425693
1.67552     1.46608    0.00194029
1.88496     1.46608    0.00257247
2.0944     1.46608    0.00516736
2.30383     1.46608    0.00725735
2.51327     1.46608    0.0203263
2.72271     1.46608    0.0281292
2.93215     1.46608    0.0289681
3.14159     1.46608    0.0345741

-3.14159     1.67552    0.0444667
-2.93215     1.67552    0.0274281
-2.72271     1.67552    0.0351076
-2.51327     1.67552    0.00699576
-2.30383     1.67552    0.00317067
-2.0944     1.67552    0.00257975
-1.88496     1.67552    0.000912279
-1.67552     1.67552    0.00085371
-1.46608     1.67552    0.00678794
-1.25664     1.67552    0.0103437
-1.0472     1.67552    0.0109328
-0.837758     1.67552    0.0110455
-0.628319     1.67552    0.0006865
-0.418879     1.67552    0.0113487
-0.20944     1.67552    0.00646724
0     1.67552    0.00321496
0.20944     1.67552    0.00641736
0.418879     1.67552    0.011414
0.628319     1.67552    0.000611147
0.837758     1.67552    0.0110823
1.0472     1.67552    0.0110146
1.25664     1.67552    0.0103193
1.46608     1.67552    0.00683978
1.67552     1.67552    0.00079967
1.88496     1.67552    0.00091586
2.0944     1.67552    0.0025344
2.30383     1.67552    0.00321669
2.51327     1.67552    0.00705694
2.72271     1.67552    0.0348637
2.93215     1.67552    0.0275737
3.14159     1.67552    0.0438397

-3.14159     1.88496    0.047704
-2.93215     1.88496    0.0313873
-2.72271     1.88496    0.0284598
-2.51327     1.88496    0.00389014
-2.30383     1.88496    0.00711255
-2.0944     1.88496    0.00992029
-1.88496     1.88496    0.00445846
-1.67552     1.88496    0.00382959
-1.46608     1.88496    0.0113026
-1.25664     1.88496    0.00732611
-1.0472     1.88496    0.00189429
-0.837758     1.88496    0.0113548
-0.628319     1.88496    0.000291295
-0.418879     1.88496    0.00654565
-0.20944     1.88496    0.00439177
0     1.88496    0.00403439
0.20944     1.88496    0.00444091
0.418879     1.88496    0.00651111
0.628319     1.88496    0.000286443
0.837758     1.88496    0.0113478
1.0472     1.88496    0.00185058
1.25664     1.88496    0.00736776
1.46608     1.88496    0.0113036
1.67552     1.88496    0.00400038
1.88496     1.88496    0.00444105
2.0944     1.88496    0.00991219
2.30383     1.88496    0.00714377
2.51327     1.88496    0.00391293
2.72271     1.88496    0.0280033
2.93215     1.88496    0.0317421
3.14159     1.88496    0.0471325

-3.14159     2.0944    0.0369464
-2.93215     2.0944    0.0540845
-2.72271     2.0944    0.0318957
-2.51327     2.0944    0.0195691
-2.30383     2.0944    0.00725558
-2.0944     2.0944    0.00216263
-1.88496     2.0944    0.00286565
-1.67552     2.0944    0.00282126
-1.46608     2.0944    0.00156573
-1.25664     2.0944    0.00187619
-1.0472     2.0944    0.00459043
-0.837758     2.0944    0.0129848
-0.628319     2.0944    0.00194125
-0.418879     2.0944    0.00162451
-0.20944     2.0944    0.00819321
0     2.0944    0.00464171
0.20944     2.0944    0.00810333
0.418879     2.0944    0.00160799
0.628319     2.0944    0.00196422
0.837758     2.0944    0.013028
1.0472     2.0944    0.00452933
1.25664     2.0944    0.0018967
1.46608     2.0944    0.00165434
1.67552     2.0944    0.00292836
1.88496     2.0944    0.00287363
2.0944     2.0944    0.00218581
2.30383     2.0944    0.00730629
2.51327     2.0944    0.0194738
2.72271     2.0944    0.0316281
2.93215     2.0944    0.0535825
3.14159     2.0944    0.0363526

-3.14159     2.30383    0.0325313
-2.93215     2.30383    0.0353938
-2.72271     2.30383    0.0214921
-2.51327     2.30383    0.00883411
-2.30383     2.30383    0.0012974
-2.0944     2.30383    0.00605096
-1.88496     2.30383    0.000598188
-1.67552     2.30383    0.00105708
-1.46608     2.30383    0.00364147
-1.25664     2.30383    0.00104583
-1.0472     2.30383    0.000521059
-0.837758     2.30383    0.00753829
-0.628319     2.30383    0.00120409
-0.418879     2.30383    0.000716426
-0.20944     2.30383    0.00361114
0     2.30383    0.00470553
0.20944     2.30383    0.00360422
0.418879     2.30383    0.00068535
0.628319     2.30383    0.00122981
0.837758     2.30383    0.00750896
1.0472     2.30383    0.000490764
1.25664     2.30383    0.00108812
1.46608     2.30383    0.00363889
1.67552     2.30383    0.00108001
1.88496     2.30383    0.000622468
2.0944     2.30383    0.00607378
2.30383     2.30383    0.00126497
2.51327     2.30383    0.0085983
2.72271     2.30383    0.0218324
2.93215     2.30383    0.0355957
3.14159     2.30383    0.0325

-3.14159     2.51327    0.0190726
-2.93215     2.51327    0.0144066
-2.72271     2.51327    0.0229262
-2.51327     2.51327    0.0076268
-2.30383     2.51327    0.00115248
-2.0944     2.51327    0.00333207
-1.88496     2.51327    0.00125429
-1.67552     2.51327    0.00054639
-1.46608     2.51327    0.000616599
-1.25664     2.51327    0.00511533
-1.0472     2.51327    0.000681161
-0.837758     2.51327    0.00410197
-0.628319     2.51327    0.00256753
-0.418879     2.51327    0.00182216
-0.20944     2.51327    0.0051069
0     2.51327    0.0107908
0.20944     2.51327    0.00519561
0.418879     2.51327    0.00178747
0.628319     2.51327    0.00260278
0.837758     2.51327    0.00393135
1.0472     2.51327    0.000723505
1.25664     2.51327    0.0051252
1.46608     2.51327    0.000645427
1.67552     2.51327    0.000576556
1.88496     2.51327    0.00127239
2.0944     2.51327    0.00326335
2.30383     2.51327    0.00116823
2.51327     2.51327    0.00776656
2.72271     2.51327    0.0230432
2.93215     2.51327    0.0151477
3.14159     2.51327    0.019113

-3.14159     2.72271    0.00352642
-2.93215     2.72271    0.00406027
-2.72271     2.72271    0.00232553
-2.51327     2.72271    0.0103654
-2.30383     2.72271    0.00594643
-2.0944     2.72271    0.00617134
-1.88496     2.72271    0.000270074
-1.67552     2.72271    0.00079502
-1.46608     2.72271    0.000133351
-1.25664     2.72271    0.0014083
-1.0472     2.72271    0.00205333
-0.837758     2.72271    0.00179941
-0.628319     2.72271    0.00950154
-0.418879     2.72271    0.00335304
-0.20944     2.72271    0.00152054
0     2.72271    0.015355
0.20944     2.72271    0.00138131
0.418879     2.72271    0.00335033
0.628319     2.72271    0.00946066
0.837758     2.72271    0.00190202
1.0472     2.72271    0.00206012
1.25664     2.72271    0.00138887
1.46608     2.72271    0.000143383
1.67552     2.72271    0.000860876
1.88496     2.72271    0.000244723
2.0944     2.72271    0.00604708
2.30383     2.72271    0.00596761
2.51327     2.72271    0.010137
2.72271     2.72271    0.00236143
2.93215     2.72271    0.00386325
3.14159     2.72271    0.00342155

-3.14159     2.93215    0.00108736
-2.93215     2.93215    0.000313847
-2.72271     2.93215    0.000489256
-2.51327     2.93215    0.00735654
-2.30383     2.93215    0.0154069
-2.0944     2.93215    0.00241871
-1.88496     2.93215    0.000341729
-1.67552     2.93215    0.00096865
-1.46608     2.93215    0.000106901
-1.25664     2.93215    0.000687526
-1.0472     2.93215    0.00219403
-0.837758     2.93215    0.00324759
-0.628319     2.93215    0.00878904
-0.418879     2.93215    0.00335407
-0.20944     2.93215    0.001228
0     2.93215    0.0228355
0.20944     2.93215    0.00097301
0.418879     2.93215    0.00331825
0.628319     2.93215    0.00871178
0.837758     2.93215    0.00327946
1.0472     2.93215    0.00214404
1.25664     2.93215    0.000650852
1.46608     2.93215    9.30779e-05
1.67552     2.93215    0.00100899
1.88496     2.93215    0.000313327
2.0944     2.93215    0.00243642
2.30383     2.93215    0.0154076
2.51327     2.93215    0.00759162
2.72271     2.93215    0.000510838
2.93215     2.93215    0.000308694
3.14159     2.93215    0.00107311

-3.14159     3.14159    0.000779569
-2.93215     3.14159    0.00647756
-2.72271     3.14159    0.0129299
-2.51327     3.14159    0.0136911
-2.30383     3.14159    0.0064258
-2.0944     3.14159    0.000722144
-1.88496     3.14159    0.00863856
-1.67552     3.14159    0.00352124
-1.46608     3.14159    0.000673511
-1.25664     3.14159    0.00630976
-1.0472     3.14159    0.00026316
-0.837758     3.14159    0.00135487
-0.628319     3.14159    0.0110511
-0.418879     3.14159    0.00862905
-0.20944     3.14159    0.0173452
0     3.14159    0.037987
0.20944     3.14159    0.0169121
0.418879     3.14159    0.00861247
0.628319     3.14159    0.0113356
0.837758     3.14159    0.00135062
1.0472     3.14159    0.00027884
1.25664     3.14159    0.0062162
1.46608     3.14159    0.000675658
1.67552     3.14159    0.00341906
1.88496     3.14159    0.0085367
2.0944     3.14159    0.000634994
2.30383     3.14159    0.00637799
2.51327     3.14159    0.0136677
2.72271     3.14159    0.0128552
2.93215     3.14159    0.00637575
3.14159     3.14159    0.000756185

