-3.14159     -3.14159    0.0206743
-2.93215     -3.14159    0.0146852
-2.72271     -3.14159    0.0241159
-2.51327     -3.14159    0.0482048
-2.30383     -3.14159    0.024361
-2.0944     -3.14159    0.00191164
-1.88496     -3.14159    0.0120891
-1.67552     -3.14159    0.00394021
-1.46608     -3.14159    0.0155972
-1.25664     -3.14159    0.0143357
-1.0472     -3.14159    0.017711
-0.837758     -3.14159    0.00729109
-0.628319     -3.14159    0.00815698
-0.418879     -3.14159    0.00204752
-0.20944     -3.14159    0.00684466
0     -3.14159    0.00624781
0.20944     -3.14159    0.00649402
0.418879     -3.14159    0.00229445
0.628319     -3.14159    0.00839152
0.837758     -3.14159    0.00728413
1.0472     -3.14159    0.0179815
1.25664     -3.14159    0.014269
1.46608     -3.14159    0.0153491
1.67552     -3.14159    0.00376608
1.88496     -3.14159    0.0121001
2.0944     -3.14159    0.00191695
2.30383     -3.14159    0.0237619
2.51327     -3.14159    0.0478984
2.72271     -3.14159    0.0239818
2.93215     -3.14159    0.0147178
3.14159     -3.14159    0.0209864

-3.14159     -2.93215    0.0194014
-2.93215     -2.93215    0.00161887
-2.72271     -2.93215    0.0169199
-2.51327     -2.93215    0.00245953
-2.30383     -2.93215    0.0497499
-2.0944     -2.93215    0.00161812
-1.88496     -2.93215    0.00887649
-1.67552     -2.93215    0.00309611
-1.46608     -2.93215    0.00865164
-1.25664     -2.93215    0.00619047
-1.0472     -2.93215    0.0190287
-0.837758     -2.93215    0.00677195
-0.628319     -2.93215    0.0141319
-0.418879     -2.93215    0.0147779
-0.20944     -2.93215    0.0269945
0     -2.93215    0.00279774
0.20944     -2.93215    0.0267187
0.418879     -2.93215    0.0146343
0.628319     -2.93215    0.0139683
0.837758     -2.93215    0.0067652
1.0472     -2.93215    0.0191229
1.25664     -2.93215    0.00612464
1.46608     -2.93215    0.00845245
1.67552     -2.93215    0.00297328
1.88496     -2.93215    0.00899764
2.0944     -2.93215    0.00153834
2.30383     -2.93215    0.0490006
2.51327     -2.93215    0.00236082
2.72271     -2.93215    0.0168447
2.93215     -2.93215    0.00141115
3.14159     -2.93215    0.0197994

-3.14159     -2.72271    0.00510343
-2.93215     -2.72271    0.00775128
-2.72271     -2.72271    0.00352712
-2.51327     -2.72271    0.0204005
-2.30383     -2.72271    0.0187624
-2.0944     -2.72271    0.019069
-1.88496     -2.72271    0.00556329
-1.67552     -2.72271    0.00989254
-1.46608     -2.72271    0.00120085
-1.25664     -2.72271    0.00859143
-1.0472     -2.72271    0.00964436
-0.837758     -2.72271    0.00801479
-0.628319     -2.72271    0.00222869
-0.418879     -2.72271    0.0174091
-0.20944     -2.72271    0.0143435
0     -2.72271    0.00285428
0.20944     -2.72271    0.0143407
0.418879     -2.72271    0.0177068
0.628319     -2.72271    0.00253349
0.837758     -2.72271    0.00807422
1.0472     -2.72271    0.00951736
1.25664     -2.72271    0.00871312
1.46608     -2.72271    0.00128587
1.67552     -2.72271    0.0100431
1.88496     -2.72271    0.00544102
2.0944     -2.72271    0.0188043
2.30383     -2.72271    0.0191477
2.51327     -2.72271    0.0203736
2.72271     -2.72271    0.0033797
2.93215     -2.72271    0.00785682
3.14159     -2.72271    0.00492119

-3.14159     -2.51327    0.00300834
-2.93215     -2.51327    0.0258149
-2.72271     -2.51327    0.0262616
-2.51327     -2.51327    0.0246521
-2.30383     -2.51327    0.00597742
-2.0944     -2.51327    0.0119837
-1.88496     -2.51327    0.00392395
-1.67552     -2.51327    0.0103377
-1.46608     -2.51327    0.0333435
-1.25664     -2.51327    0.00283322
-1.0472     -2.51327    0.00429789
-0.837758     -2.51327    0.00339623
-0.628319     -2.51327    0.00842635
-0.418879     -2.51327    0.00254712
-0.20944     -2.51327    0.00930632
0     -2.51327    0.0052441
0.20944     -2.51327    0.00934868
0.418879     -2.51327    0.00256528
0.628319     -2.51327    0.00829106
0.837758     -2.51327    0.00340427
1.0472     -2.51327    0.00458851
1.25664     -2.51327    0.00279535
1.46608     -2.51327    0.0331304
1.67552     -2.51327    0.0104912
1.88496     -2.51327    0.0040948
2.0944     -2.51327    0.0117694
2.30383     -2.51327    0.00613207
2.51327     -2.51327    0.024794
2.72271     -2.51327    0.0261685
2.93215     -2.51327    0.0261193
3.14159     -2.51327    0.00299928

-3.14159     -2.30383    0.0162918
-2.93215     -2.30383    0.0271488
-2.72271     -2.30383    0.0237234
-2.51327     -2.30383    0.00181927
-2.30383     -2.30383    0.00756888
-2.0944     -2.30383    0.0236338
-1.88496     -2.30383    0.00420182
-1.67552     -2.30383    0.00396612
-1.46608     -2.30383    0.00579663
-1.25664     -2.30383    0.00186551
-1.0472     -2.30383    0.00572124
-0.837758     -2.30383    0.00730765
-0.628319     -2.30383    0.0155211
-0.418879     -2.30383    0.0266495
-0.20944     -2.30383    0.000829499
0     -2.30383    0.0161943
0.20944     -2.30383    0.000915889
0.418879     -2.30383    0.026413
0.628319     -2.30383    0.0155869
0.837758     -2.30383    0.00729531
1.0472     -2.30383    0.00571481
1.25664     -2.30383    0.00179509
1.46608     -2.30383    0.00576609
1.67552     -2.30383    0.00399187
1.88496     -2.30383    0.00405128
2.0944     -2.30383    0.0233856
2.30383     -2.30383    0.00770215
2.51327     -2.30383    0.00151164
2.72271     -2.30383    0.0236758
2.93215     -2.30383    0.026885
3.14159     -2.30383    0.0164584

-3.14159     -2.0944    0.0260151
-2.93215     -2.0944    0.0508925
-2.72271     -2.0944    0.0151983
-2.51327     -2.0944    0.00307841
-2.30383     -2.0944    0.0157607
-2.0944     -2.0944    0.00674721
-1.88496     -2.0944    0.00758478
-1.67552     -2.0944    0.00443528
-1.46608     -2.0944    0.00657419
-1.25664     -2.0944    0.0104768
-1.0472     -2.0944    0.0152732
-0.837758     -2.0944    0.0122132
-0.628319     -2.0944    0.0137175
-0.418879     -2.0944    0.0299593
-0.20944     -2.0944    0.0106983
0     -2.0944    0.00202869
0.20944     -2.0944    0.0106616
0.418879     -2.0944    0.0299438
0.628319     -2.0944    0.0138646
0.837758     -2.0944    0.0122715
1.0472     -2.0944    0.0152674
1.25664     -2.0944    0.0103891
1.46608     -2.0944    0.00659298
1.67552     -2.0944    0.00453928
1.88496     -2.0944    0.00744557
2.0944     -2.0944    0.00658
2.30383     -2.0944    0.0159882
2.51327     -2.0944    0.00312592
2.72271     -2.0944    0.0150671
2.93215     -2.0944    0.0506395
3.14159     -2.0944    0.0262546

-3.14159     -1.88496    0.0173867
-2.93215     -1.88496    0.0101122
-2.72271     -1.88496    0.0225276
-2.51327     -1.88496    0.00367203
-2.30383     -1.88496    0.00394739
-2.0944     -1.88496    0.00534501
-1.88496     -1.88496    0.00362599
-1.67552     -1.88496    0.00184825
-1.46608     -1.88496    0.0133775
-1.25664     -1.88496    0.0108148
-1.0472     -1.88496    0.00888334
-0.837758     -1.88496    0.0118327
-0.628319     -1.88496    0.0247713
-0.418879     -1.88496    0.00268422
-0.20944     -1.88496    0.00238574
0     -1.88496    0.00247719
0.20944     -1.88496    0.00238323
0.418879     -1.88496    0.00243344
0.628319     -1.88496    0.0244377
0.837758     -1.88496    0.0121907
1.0472     -1.88496    0.00900056
1.25664     -1.88496    0.0107314
1.46608     -1.88496    0.0132641
1.67552     -1.88496    0.00184379
1.88496     -1.88496    0.00367253
2.0944     -1.88496    0.00515231
2.30383     -1.88496    0.00396731
2.51327     -1.88496    0.00367438
2.72271     -1.88496    0.0223114
2.93215     -1.88496    0.0100988
3.14159     -1.88496    0.0169103

-3.14159     -1.67552    0.0200883
-2.93215     -1.67552    0.011705
-2.72271     -1.67552    0.00275205
-2.51327     -1.67552    0.0123785
-2.30383     -1.67552    0.0305412
-2.0944     -1.67552    0.00842131
-1.88496     -1.67552    0.00967664
-1.67552     -1.67552    0.0184857
-1.46608     -1.67552    0.00238529
-1.25664     -1.67552    0.00613467
-1.0472     -1.67552    0.0296774
-0.837758     -1.67552    0.0344649
-0.628319     -1.67552    0.0282702
-0.418879     -1.67552    0.00523995
-0.20944     -1.67552    0.00863625
0     -1.67552    0.0339307
0.20944     -1.67552    0.00854564
0.418879     -1.67552    0.00520221
0.628319     -1.67552    0.0283744
0.837758     -1.67552    0.034859
1.0472     -1.67552    0.0302186
1.25664     -1.67552    0.00603316
1.46608     -1.67552    0.00241065
1.67552     -1.67552    0.0183434
1.88496     -1.67552    0.00965097
2.0944     -1.67552    0.00836017
2.30383     -1.67552    0.0304397
2.51327     -1.67552    0.0125806
2.72271     -1.67552    0.00263448
2.93215     -1.67552    0.012001
3.14159     -1.67552    0.0198236

-3.14159     -1.46608    0.0259921
-2.93215     -1.46608    0.0176362
-2.72271     -1.46608    0.0106512
-2.51327     -1.46608    0.00187866
-2.30383     -1.46608    0.0102585
-2.0944     -1.46608    0.00917566
-1.88496     -1.46608    0.000852377
-1.67552     -1.46608    0.0388995
-1.46608     -1.46608    0.0200823
-1.25664     -1.46608    0.027783
-1.0472     -1.46608    0.0127237
-0.837758     -1.46608    0.00218546
-0.628319     -1.46608    0.00633839
-0.418879     -1.46608    0.00985084
-0.20944     -1.46608    0.0261156
0     -1.46608    0.00144548
0.20944     -1.46608    0.0261911
0.418879     -1.46608    0.00975004
0.628319     -1.46608    0.00613958
0.837758     -1.46608    0.00217818
1.0472     -1.46608    0.0129961
1.25664     -1.46608    0.0278591
1.46608     -1.46608    0.0200735
1.67552     -1.46608    0.0389954
1.88496     -1.46608    0.000570739
2.0944     -1.46608    0.00905594
2.30383     -1.46608    0.010786
2.51327     -1.46608    0.00187203
2.72271     -1.46608    0.0108782
2.93215     -1.46608    0.017472
3.14159     -1.46608    0.026329

-3.14159     -1.25664    0.00889824
-2.93215     -1.25664    0.00469209
-2.72271     -1.25664    0.0158741
-2.51327     -1.25664    0.0205192
-2.30383     -1.25664    0.00442457
-2.0944     -1.25664    0.00321551
-1.88496     -1.25664    0.00371395
-1.67552     -1.25664    0.00209527
-1.46608     -1.25664    0.00919482
-1.25664     -1.25664    0.0151411
-1.0472     -1.25664    0.0192339
-0.837758     -1.25664    0.00334129
-0.628319     -1.25664    0.0104399
-0.418879     -1.25664    0.0179196
-0.20944     -1.25664    0.0111939
0     -1.25664    0.002977
0.20944     -1.25664    0.0114011
0.418879     -1.25664    0.0177262
0.628319     -1.25664    0.0104071
0.837758     -1.25664    0.00360201
1.0472     -1.25664    0.0193115
1.25664     -1.25664    0.014962
1.46608     -1.25664    0.00895362
1.67552     -1.25664    0.00217444
1.88496     -1.25664    0.0036475
2.0944     -1.25664    0.00322572
2.30383     -1.25664    0.00416614
2.51327     -1.25664    0.0201713
2.72271     -1.25664    0.0159057
2.93215     -1.25664    0.0045979
3.14159     -1.25664    0.00893333

-3.14159     -1.0472    0.00473359
-2.93215     -1.0472    0.0112538
-2.72271     -1.0472    0.0163126
-2.51327     -1.0472    0.0171007
-2.30383     -1.0472    0.00878139
-2.0944     -1.0472    0.00385403
-1.88496     -1.0472    0.0117313
-1.67552     -1.0472    0.0142738
-1.46608     -1.0472    0.0104058
-1.25664     -1.0472    0.0220082
-1.0472     -1.0472    0.0172699
-0.837758     -1.0472    0.0241209
-0.628319     -1.0472    0.00324647
-0.418879     -1.0472    0.0130789
-0.20944     -1.0472    0.016713
0     -1.0472    0.00602174
0.20944     -1.0472    0.0164137
0.418879     -1.0472    0.013091
0.628319     -1.0472    0.00287751
0.837758     -1.0472    0.023901
1.0472     -1.0472    0.0172562
1.25664     -1.0472    0.0220215
1.46608     -1.0472    0.010372
1.67552     -1.0472    0.0142807
1.88496     -1.0472    0.0117411
2.0944     -1.0472    0.00378637
2.30383     -1.0472    0.00871496
2.51327     -1.0472    0.0171964
2.72271     -1.0472    0.0160786
2.93215     -1.0472    0.0108477
3.14159     -1.0472    0.00462543

-3.14159     -0.837758    0.0075187
-2.93215     -0.837758    0.0111484
-2.72271     -0.837758    0.00125007
-2.51327     -0.837758    0.00552292
-2.30383     -0.837758    0.00644822
-2.0944     -0.837758    0.019588
-1.88496     -0.837758    0.0127406
-1.67552     -0.837758    0.00458617
-1.46608     -0.837758    0.0331357
-1.25664     -0.837758    0.0114125
-1.0472     -0.837758    0.00328926
-0.837758     -0.837758    0.0171889
-0.628319     -0.837758    0.0162849
-0.418879     -0.837758    0.00514365
-0.20944     -0.837758    0.00517418
0     -0.837758    0.0293802
0.20944     -0.837758    0.00499599
0.418879     -0.837758    0.00551062
0.628319     -0.837758    0.0160994
0.837758     -0.837758    0.0172083
1.0472     -0.837758    0.00308347
1.25664     -0.837758    0.0113598
1.46608     -0.837758    0.0330691
1.67552     -0.837758    0.0046707
1.88496     -0.837758    0.0123201
2.0944     -0.837758    0.0198567
2.30383     -0.837758    0.0066865
2.51327     -0.837758    0.00564234
2.72271     -0.837758    0.00139872
2.93215     -0.837758    0.0108576
3.14159     -0.837758    0.00746978

-3.14159     -0.628319    0.0242431
-2.93215     -0.628319    0.00983187
-2.72271     -0.628319    0.00722269
-2.51327     -0.628319    0.00823067
-2.30383     -0.628319    0.0173946
-2.0944     -0.628319    0.0379763
-1.88496     -0.628319    0.002857
-1.67552     -0.628319    0.00307882
-1.46608     -0.628319    0.0183068
-1.25664     -0.628319    0.00183655
-1.0472     -0.628319    0.00130223
-0.837758     -0.628319    0.00461543
-0.628319     -0.628319    0.00125264
-0.418879     -0.628319    0.00699178
-0.20944     -0.628319    0.00101705
0     -0.628319    0.00934404
0.20944     -0.628319    0.00168177
0.418879     -0.628319    0.00713417
0.628319     -0.628319    0.00115518
0.837758     -0.628319    0.00468181
1.0472     -0.628319    0.00151219
1.25664     -0.628319    0.00178649
1.46608     -0.628319    0.0182464
1.67552     -0.628319    0.00293659
1.88496     -0.628319    0.00295306
2.0944     -0.628319    0.0382153
2.30383     -0.628319    0.0170842
2.51327     -0.628319    0.0079161
2.72271     -0.628319    0.00704843
2.93215     -0.628319    0.0098151
3.14159     -0.628319    0.0247499

-3.14159     -0.418879    0.0124014
-2.93215     -0.418879    0.0132775
-2.72271     -0.418879    0.000274384
-2.51327     -0.418879    0.00061847
-2.30383     -0.418879    0.00881833
-2.0944     -0.418879    0.00301204
-1.88496     -0.418879    0.0314432
-1.67552     -0.418879    0.0112957
-1.46608     -0.418879    0.0199446
-1.25664     -0.418879    0.00798251
-1.0472     -0.418879    0.0124652
-0.837758     -0.418879    0.0185085
-0.628319     -0.418879    0.0227995
-0.418879     -0.418879    0.00403983
-0.20944     -0.418879    0.0122352
0     -0.418879    0.0042626
0.20944     -0.418879    0.0125225
0.418879     -0.418879    0.00397601
0.628319     -0.418879    0.0228231
0.837758     -0.418879    0.0184849
1.0472     -0.418879    0.0127754
1.25664     -0.418879    0.00803059
1.46608     -0.418879    0.0201166
1.67552     -0.418879    0.0120132
1.88496     -0.418879    0.0313598
2.0944     -0.418879    0.00307395
2.30383     -0.418879    0.00885455
2.51327     -0.418879    0.000972635
2.72271     -0.418879    0.00039247
2.93215     -0.418879    0.0131346
3.14159     -0.418879    0.0125192

-3.14159     -0.20944    0.0106054
-2.93215     -0.20944    0.00132939
-2.72271     -0.20944    0.0042003
-2.51327     -0.20944    0.00735318
-2.30383     -0.20944    0.0157953
-2.0944     -0.20944    0.0068497
-1.88496     -0.20944    0.00813825
-1.67552     -0.20944    0.0170994
-1.46608     -0.20944    0.00166873
-1.25664     -0.20944    0.0109592
-1.0472     -0.20944    0.0262331
-0.837758     -0.20944    0.0035758
-0.628319     -0.20944    0.00722805
-0.418879     -0.20944    0.00499692
-0.20944     -0.20944    0.0162002
0     -0.20944    0.0073246
0.20944     -0.20944    0.0153414
0.418879     -0.20944    0.00438952
0.628319     -0.20944    0.00698302
0.837758     -0.20944    0.00349451
1.0472     -0.20944    0.0260293
1.25664     -0.20944    0.0111356
1.46608     -0.20944    0.0015795
1.67552     -0.20944    0.0171987
1.88496     -0.20944    0.00750514
2.0944     -0.20944    0.00699359
2.30383     -0.20944    0.0158305
2.51327     -0.20944    0.00740786
2.72271     -0.20944    0.0039633
2.93215     -0.20944    0.0014044
3.14159     -0.20944    0.0107341

-3.14159     0    0.0106926
-2.93215     0    0.0325115
-2.72271     0    0.00518068
-2.51327     0    0.00959914
-2.30383     0    0.00482966
-2.0944     0    0.000743441
-1.88496     0    0.052662
-1.67552     0    0.00536115
-1.46608     0    0.012199
-1.25664     0    0.00637003
-1.0472     0    0.0063267
-0.837758     0    0.00541843
-0.628319     0    0.00586902
-0.418879     0    0.016952
-0.20944     0    0.00190983
0     0    2.42888e-15
0.20944     0    0.00190983
0.418879     0    0.016952
0.628319     0    0.00586902
0.837758     0    0.00541843
1.0472     0    0.0063267
1.25664     0    0.00637003
1.46608     0    0.012199
1.67552     0    0.00536115
1.88496     0    0.052662
2.0944     0    0.000743441
2.30383     0    0.00482966
2.51327     0    0.00959914
2.72271     0    0.00518068
2.93215     0    0.0325115
3.14159     0    0.0106926

-3.14159     0.20944    0.0107341
-2.93215     0.20944    0.0014044
-2.72271     0.20944    0.0039633
-2.51327     0.20944    0.00740786
-2.30383     0.20944    0.0158305
-2.0944     0.20944    0.00699359
-1.88496     0.20944    0.00750514
-1.67552     0.20944    0.0171987
-1.46608     0.20944    0.0015795
-1.25664     0.20944    0.0111356
-1.0472     0.20944    0.0260293
-0.837758     0.20944    0.00349451
-0.628319     0.20944    0.00698302
-0.418879     0.20944    0.00438952
-0.20944     0.20944    0.0153414
0     0.20944    0.0073246
0.20944     0.20944    0.0162002
0.418879     0.20944    0.00499692
0.628319     0.20944    0.00722805
0.837758     0.20944    0.0035758
1.0472     0.20944    0.0262331
1.25664     0.20944    0.0109592
1.46608     0.20944    0.00166873
1.67552     0.20944    0.0170994
1.88496     0.20944    0.00813825
2.0944     0.20944    0.0068497
2.30383     0.20944    0.0157953
2.51327     0.20944    0.00735318
2.72271     0.20944    0.0042003
2.93215     0.20944    0.00132939
3.14159     0.20944    0.0106054

-3.14159     0.418879    0.0125192
-2.93215     0.418879    0.0131346
-2.72271     0.418879    0.00039247
-2.51327     0.418879    0.000972635
-2.30383     0.418879    0.00885455
-2.0944     0.418879    0.00307395
-1.88496     0.418879    0.0313598
-1.67552     0.418879    0.0120132
-1.46608     0.418879    0.0201166
-1.25664     0.418879    0.00803059
-1.0472     0.418879    0.0127754
-0.837758     0.418879    0.0184849
-0.628319     0.418879    0.0228231
-0.418879     0.418879    0.00397601
-0.20944     0.418879    0.0125225
0     0.418879    0.0042626
0.20944     0.418879    0.0122352
0.418879     0.418879    0.00403983
0.628319     0.418879    0.0227995
0.837758     0.418879    0.0185085
1.0472     0.418879    0.0124652
1.25664     0.418879    0.00798251
1.46608     0.418879    0.0199446
1.67552     0.418879    0.0112957
1.88496     0.418879    0.0314432
2.0944     0.418879    0.00301204
2.30383     0.418879    0.00881833
2.51327     0.418879    0.00061847
2.72271     0.418879    0.000274384
2.93215     0.418879    0.0132775
3.14159     0.418879    0.0124014

-3.14159     0.628319    0.0247499
-2.93215     0.628319    0.0098151
-2.72271     0.628319    0.00704843
-2.51327     0.628319    0.0079161
-2.30383     0.628319    0.0170842
-2.0944     0.628319    0.0382153
-1.88496     0.628319    0.00295306
-1.67552     0.628319    0.00293659
-1.46608     0.628319    0.0182464
-1.25664     0.628319    0.00178649
-1.0472     0.628319    0.00151219
-0.837758     0.628319    0.00468181
-0.628319     0.628319    0.00115518
-0.418879     0.628319    0.00713417
-0.20944     0.628319    0.00168177
0     0.628319    0.00934404
0.20944     0.628319    0.00101705
0.418879     0.628319    0.00699178
0.628319     0.628319    0.00125264
0.837758     0.628319    0.00461543
1.0472     0.628319    0.00130223
1.25664     0.628319    0.00183655
1.46608     0.628319    0.0183068
1.67552     0.628319    0.00307882
1.88496     0.628319    0.002857
2.0944     0.628319    0.0379763
2.30383     0.628319    0.0173946
2.51327     0.628319    0.00823067
2.72271     0.628319    0.00722269
2.93215     0.628319    0.00983187
3.14159     0.628319    0.0242431

-3.14159     0.837758    0.00746978
-2.93215     0.837758    0.0108576
-2.72271     0.837758    0.00139872
-2.51327     0.837758    0.00564234
-2.30383     0.837758    0.0066865
-2.0944     0.837758    0.0198567
-1.88496     0.837758    0.0123201
-1.67552     0.837758    0.0046707
-1.46608     0.837758    0.0330691
-1.25664     0.837758    0.0113598
-1.0472     0.837758    0.00308347
-0.837758     0.837758    0.0172083
-0.628319     0.837758    0.0160994
-0.418879     0.837758    0.00551062
-0.20944     0.837758    0.00499599
0     0.837758    0.0293802
0.20944     0.837758    0.00517418
0.418879     0.837758    0.00514365
0.628319     0.837758    0.0162849
0.837758     0.837758    0.0171889
1.0472     0.837758    0.00328926
1.25664     0.837758    0.0114125
1.46608     0.837758    0.0331357
1.67552     0.837758    0.00458617
1.88496     0.837758    0.0127406
2.0944     0.837758    0.019588
2.30383     0.837758    0.00644822
2.51327     0.837758    0.00552292
2.72271     0.837758    0.00125007
2.93215     0.837758    0.0111484
3.14159     0.837758    0.0075187

-3.14159     1.0472    0.00462543
-2.93215     1.0472    0.0108477
-2.72271     1.0472    0.0160786
-2.51327     1.0472    0.0171964
-2.30383     1.0472    0.00871496
-2.0944     1.0472    0.00378637
-1.88496     1.0472    0.0117411
-1.67552     1.0472    0.0142807
-1.46608     1.0472    0.010372
-1.25664     1.0472    0.0220215
-1.0472     1.0472    0.0172562
-0.837758     1.0472    0.023901
-0.628319     1.0472    0.00287751
-0.418879     1.0472    0.013091
-0.20944     1.0472    0.0164137
0     1.0472    0.00602174
0.20944     1.0472    0.016713
0.418879     1.0472    0.0130789
0.628319     1.0472    0.00324647
0.837758     1.0472    0.0241209
1.0472     1.0472    0.0172699
1.25664     1.0472    0.0220082
1.46608     1.0472    0.0104058
1.67552     1.0472    0.0142738
1.88496     1.0472    0.0117313
2.0944     1.0472    0.00385403
2.30383     1.0472    0.00878139
2.51327     1.0472    0.0171007
2.72271     1.0472    0.0163126
2.93215     1.0472    0.0112538
3.14159     1.0472    0.00473359

-3.14159     1.25664    0.00893333
-2.93215     1.25664    0.0045979
-2.72271     1.25664    0.0159057
-2.51327     1.25664    0.0201713
-2.30383     1.25664    0.00416614
-2.0944     1.25664    0.00322572
-1.88496     1.25664    0.0036475
-1.67552     1.25664    0.00217444
-1.46608     1.25664    0.00895362
-1.25664     1.25664    0.014962
-1.0472     1.25664    0.0193115
-0.837758     1.25664    0.00360201
-0.628319     1.25664    0.0104071
-0.418879     1.25664    0.0177262
-0.20944     1.25664    0.0114011
0     1.25664    0.002977
0.20944     1.25664    0.0111939
0.418879     1.25664    0.0179196
0.628319     1.25664    0.0104399
0.837758     1.25664    0.00334129
1.0472     1.25664    0.0192339
1.25664     1.25664    0.0151411
1.46608     1.25664    0.00919482
1.67552     1.25664    0.00209527
1.88496     1.25664    0.00371395
2.0944     1.25664    0.00321551
2.30383     1.25664    0.00442457
2.51327     1.25664    0.0205192
2.72271     1.25664    0.0158741
2.93215     1.25664    0.00469209
3.14159     1.25664    0.00889824

-3.14159     1.46608    0.026329
-2.93215     1.46608    0.017472
-2.72271     1.46608    0.0108782
-2.51327     1.46608    0.00187203
-2.30383     1.46608    0.010786
-2.0944     1.46608    0.00905594
-1.88496     1.46608    0.000570739
-1.67552     1.46608    0.0389954
-1.46608     1.46608    0.0200735
-1.25664     1.46608    0.0278591
-1.0472     1.46608    0.0129961
-0.837758     1.46608    0.00217818
-0.628319     1.46608    0.00613958
-0.418879     1.46608    0.00975004
-0.20944     1.46608    0.0261911
0     1.46608    0.00144548
0.20944     1.46608    0.0261156
0.418879     1.46608    0.00985084
0.628319     1.46608    0.00633839
0.837758     1.46608    0.00218546
1.0472     1.46608    0.0127237
1.25664     1.46608    0.027783
1.46608     1.46608    0.0200823
1.67552     1.46608    0.0388995
1.88496     1.46608    0.000852377
2.0944     1.46608    0.00917566
2.30383     1.46608    0.0102585
2.51327     1.46608    0.00187866
2.72271     1.46608    0.0106512
2.93215     1.46608    0.0176362
3.14159     1.46608    0.0259921

-3.14159     1.67552    0.0198236
-2.93215     1.67552    0.012001
-2.72271     1.67552    0.00263448
-2.51327     1.67552    0.0125806
-2.30383     1.67552    0.0304397
-2.0944     1.67552    0.00836017
-1.88496     1.67552    0.00965097
-1.67552     1.67552    0.0183434
-1.46608     1.67552    0.00241065
-1.25664     1.67552    0.00603316
-1.0472     1.67552    0.0302186
-0.837758     1.67552    0.034859
-0.628319     1.67552    0.0283744
-0.418879     1.67552    0.00520221
-0.20944     1.67552    0.00854564
0     1.67552    0.0339307
0.20944     1.67552    0.00863625
0.418879     1.67552    0.00523995
0.628319     1.67552    0.0282702
0.837758     1.67552    0.0344649
1.0472     1.67552    0.0296774
1.25664     1.67552    0.00613467
1.46608     1.67552    0.00238529
1.67552     1.67552    0.0184857
1.88496     1.67552    0.00967664
2.0944     1.67552    0.00842131
2.30383     1.67552    0.0305412
2.51327     1.67552    0.0123785
2.72271     1.67552    0.00275205
2.93215     1.67552    0.011705
3.14159     1.67552    0.0200883

-3.14159     1.88496    0.0169103
-2.93215     1.88496    0.0100988
-2.72271     1.88496    0.0223114
-2.51327     1.88496    0.00367438
-2.30383     1.88496    0.00396731
-2.0944     1.88496    0.00515231
-1.88496     1.88496    0.00367253
-1.67552     1.88496    0.00184379
-1.46608     1.88496    0.0132641
-1.25664     1.88496    0.0107314
-1.0472     1.88496    0.00900056
-0.837758     1.88496    0.0121907
-0.628319     1.88496    0.0244377
-0.418879     1.88496    0.00243344
-0.20944     1.88496    0.00238323
0     1.88496    0.00247719
0.20944     1.88496    0.00238574
0.418879     1.88496    0.00268422
0.628319     1.88496    0.0247713
0.837758     1.88496    0.0118327
1.0472     1.88496    0.00888334
1.25664     1.88496    0.0108148
1.46608     1.88496    0.0133775
1.67552     1.88496    0.00184825
1.88496     1.88496    0.00362599
2.0944     1.88496    0.00534501
2.30383     1.88496    0.00394739
2.51327     1.88496    0.00367203
2.72271     1.88496    0.0225276
2.93215     1.88496    0.0101122
3.14159     1.88496    0.0173867

-3.14159     2.0944    0.0262546
-2.93215     2.0944    0.0506395
-2.72271     2.0944    0.0150671
-2.51327     2.0944    0.00312592
-2.30383     2.0944    0.0159882
-2.0944     2.0944    0.00658
-1.88496     2.0944    0.00744557
-1.67552     2.0944    0.00453928
-1.46608     2.0944    0.00659298
-1.25664     2.0944    0.0103891
-1.0472     2.0944    0.0152674
-0.837758     2.0944    0.0122715
-0.628319     2.0944    0.0138646
-0.418879     2.0944    0.0299438
-0.20944     2.0944    0.0106616
0     2.0944    0.00202869
0.20944     2.0944    0.0106983
0.418879     2.0944    0.0299593
0.628319     2.0944    0.0137175
0.837758     2.0944    0.0122132
1.0472     2.0944    0.0152732
1.25664     2.0944    0.0104768
1.46608     2.0944    0.00657419
1.67552     2.0944    0.00443528
1.88496     2.0944    0.00758478
2.0944     2.0944    0.00674721
2.30383     2.0944    0.0157607
2.51327     2.0944    0.00307841
2.72271     2.0944    0.0151983
2.93215     2.0944    0.0508925
3.14159     2.0944    0.0260151

-3.14159     2.30383    0.0164584
-2.93215     2.30383    0.026885
-2.72271     2.30383    0.0236758
-2.51327     2.30383    0.00151164
-2.30383     2.30383    0.00770215
-2.0944     2.30383    0.0233856
-1.88496     2.30383    0.00405128
-1.67552     2.30383    0.00399187
-1.46608     2.30383    0.00576609
-1.25664     2.30383    0.00179509
-1.0472     2.30383    0.00571481
-0.837758     2.30383    0.00729531
-0.628319     2.30383    0.0155869
-0.418879     2.30383    0.026413
-0.20944     2.30383    0.000915889
0     2.30383    0.0161943
0.20944     2.30383    0.000829499
0.418879     2.30383    0.0266495
0.628319     2.30383    0.0155211
0.837758     2.30383    0.00730765
1.0472     2.30383    0.00572124
1.25664     2.30383    0.00186551
1.46608     2.30383    0.00579663
1.67552     2.30383    0.00396612
1.88496     2.30383    0.00420182
2.0944     2.30383    0.0236338
2.30383     2.30383    0.00756888
2.51327     2.30383    0.00181927
2.72271     2.30383    0.0237234
2.93215     2.30383    0.0271488
3.14159     2.30383    0.0162918

-3.14159     2.51327    0.00299928
-2.93215     2.51327    0.0261193
-2.72271     2.51327    0.0261685
-2.51327     2.51327    0.024794
-2.30383     2.51327    0.00613207
-2.0944     2.51327    0.0117694
-1.88496     2.51327    0.0040948
-1.67552     2.51327    0.0104912
-1.46608     2.51327    0.0331304
-1.25664     2.51327    0.00279535
-1.0472     2.51327    0.00458851
-0.837758     2.51327    0.00340427
-0.628319     2.51327    0.00829106
-0.418879     2.51327    0.00256528
-0.20944     2.51327    0.00934868
0     2.51327    0.0052441
0.20944     2.51327    0.00930632
0.418879     2.51327    0.00254712
0.628319     2.51327    0.00842635
0.837758     2.51327    0.00339623
1.0472     2.51327    0.00429789
1.25664     2.51327    0.00283322
1.46608     2.51327    0.0333435
1.67552     2.51327    0.0103377
1.88496     2.51327    0.00392395
2.0944     2.51327    0.0119837
2.30383     2.51327    0.00597742
2.51327     2.51327    0.0246521
2.72271     2.51327    0.0262616
2.93215     2.51327    0.0258149
3.14159     2.51327    0.00300834

-3.14159     2.72271    0.00492119
-2.93215     2.72271    0.00785682
-2.72271     2.72271    0.0033797
-2.51327     2.72271    0.0203736
-2.30383     2.72271    0.0191477
-2.0944     2.72271    0.0188043
-1.88496     2.72271    0.00544102
-1.67552     2.72271    0.0100431
-1.46608     2.72271    0.00128587
-1.25664     2.72271    0.00871312
-1.0472     2.72271    0.00951736
-0.837758     2.72271    0.00807422
-0.628319     2.72271    0.00253349
-0.418879     2.72271    0.0177068
-0.20944     2.72271    0.0143407
0     2.72271    0.00285428
0.20944     2.72271    0.0143435
0.418879     2.72271    0.0174091
0.628319     2.72271    0.00222869
0.837758     2.72271    0.00801479
1.0472     2.72271    0.00964436
1.25664     2.72271    0.00859143
1.46608     2.72271    0.00120085
1.67552     2.72271    0.00989254
1.88496     2.72271    0.00556329
2.0944     2.72271    0.019069
2.30383     2.72271    0.0187624
2.51327     2.72271    0.0204005
2.72271     2.72271    0.00352712
2.93215     2.72271    0.00775128
3.14159     2.72271    0.00510343

-3.14159     2.93215    0.0197994
-2.93215     2.93215    0.00141115
-2.72271     2.93215    0.0168447
-2.51327     2.93215    0.00236082
-2.30383     2.93215    0.0490006
-2.0944     2.93215    0.00153834
-1.88496     2.93215    0.00899764
-1.67552     2.93215    0.00297328
-1.46608     2.93215    0.00845245
-1.25664     2.93215    0.00612464
-1.0472     2.93215    0.0191229
-0.837758     2.93215    0.0067652
-0.628319     2.93215    0.0139683
-0.418879     2.93215    0.0146343
-0.20944     2.93215    0.0267187
0     2.93215    0.00279774
0.20944     2.93215    0.0269945
0.418879     2.93215    0.0147779
0.628319     2.93215    0.0141319
0.837758     2.93215    0.00677195
1.0472     2.93215    0.0190287
1.25664     2.93215    0.00619047
1.46608     2.93215    0.00865164
1.67552     2.93215    0.00309611
1.88496     2.93215    0.00887649
2.0944     2.93215    0.00161812
2.30383     2.93215    0.0497499
2.51327     2.93215    0.00245953
2.72271     2.93215    0.0169199
2.93215     2.93215    0.00161887
3.14159     2.93215    0.0194014

-3.14159     3.14159    0.0209864
-2.93215     3.14159    0.0147178
-2.72271     3.14159    0.0239818
-2.51327     3.14159    0.0478984
-2.30383     3.14159    0.0237619
-2.0944     3.14159    0.00191695
-1.88496     3.14159    0.0121001
-1.67552     3.14159    0.00376608
-1.46608     3.14159    0.0153491
-1.25664     3.14159    0.014269
-1.0472     3.14159    0.0179815
-0.837758     3.14159    0.00728413
-0.628319     3.14159    0.00839152
-0.418879     3.14159    0.00229445
-0.20944     3.14159    0.00649402
0     3.14159    0.00624781
0.20944     3.14159    0.00684466
0.418879     3.14159    0.00204752
0.628319     3.14159    0.00815698
0.837758     3.14159    0.00729109
1.0472     3.14159    0.017711
1.25664     3.14159    0.0143357
1.46608     3.14159    0.0155972
1.67552     3.14159    0.00394021
1.88496     3.14159    0.0120891
2.0944     3.14159    0.00191164
2.30383     3.14159    0.024361
2.51327     3.14159    0.0482048
2.72271     3.14159    0.0241159
2.93215     3.14159    0.0146852
3.14159     3.14159    0.0206743

