-3.14159     -3.14159    3.31227e-05
-2.93215     -3.14159    6.84304e-05
-2.72271     -3.14159    0.000116155
-2.51327     -3.14159    0.000153881
-2.30383     -3.14159    0.000159169
-2.0944     -3.14159    0.000139575
-1.88496     -3.14159    0.000124231
-1.67552     -3.14159    0.000117732
-1.46608     -3.14159    0.000110609
-1.25664     -3.14159    6.84704e-05
-1.0472     -3.14159    3.32436e-05
-0.837758     -3.14159    5.3441e-06
-0.628319     -3.14159    1.00991e-05
-0.418879     -3.14159    2.06628e-05
-0.20944     -3.14159    2.50156e-05
0     -3.14159    2.75987e-05
0.20944     -3.14159    2.49856e-05
0.418879     -3.14159    2.0664e-05
0.628319     -3.14159    1.01017e-05
0.837758     -3.14159    5.34126e-06
1.0472     -3.14159    3.32392e-05
1.25664     -3.14159    6.84638e-05
1.46608     -3.14159    0.000110604
1.67552     -3.14159    0.000117728
1.88496     -3.14159    0.000124228
2.0944     -3.14159    0.000139573
2.30383     -3.14159    0.000159167
2.51327     -3.14159    0.00015388
2.72271     -3.14159    0.000116155
2.93215     -3.14159    6.84293e-05
3.14159     -3.14159    3.3122e-05

-3.14159     -2.93215    1.23412e-05
-2.93215     -2.93215    5.19479e-05
-2.72271     -2.93215    9.36026e-05
-2.51327     -2.93215    0.000122399
-2.30383     -2.93215    0.000137725
-2.0944     -2.93215    0.00013272
-1.88496     -2.93215    0.00011214
-1.67552     -2.93215    9.88288e-05
-1.46608     -2.93215    8.88471e-05
-1.25664     -2.93215    5.08911e-05
-1.0472     -2.93215    1.24836e-05
-0.837758     -2.93215    1.21131e-05
-0.628319     -2.93215    2.82712e-05
-0.418879     -2.93215    3.43559e-05
-0.20944     -2.93215    3.53911e-05
0     -2.93215    3.47553e-05
0.20944     -2.93215    3.54338e-05
0.418879     -2.93215    3.43554e-05
0.628319     -2.93215    2.82737e-05
0.837758     -2.93215    1.21164e-05
1.0472     -2.93215    1.24795e-05
1.25664     -2.93215    5.08868e-05
1.46608     -2.93215    8.8839e-05
1.67552     -2.93215    9.8822e-05
1.88496     -2.93215    0.000112134
2.0944     -2.93215    0.000132716
2.30383     -2.93215    0.000137722
2.51327     -2.93215    0.000122397
2.72271     -2.93215    9.36004e-05
2.93215     -2.93215    5.19457e-05
3.14159     -2.93215    1.23392e-05

-3.14159     -2.72271    5.03448e-06
-2.93215     -2.72271    5.30028e-05
-2.72271     -2.72271    8.98256e-05
-2.51327     -2.72271    9.48105e-05
-2.30383     -2.72271    8.76989e-05
-2.0944     -2.72271    8.63361e-05
-1.88496     -2.72271    8.72337e-05
-1.67552     -2.72271    8.44507e-05
-1.46608     -2.72271    7.83915e-05
-1.25664     -2.72271    5.1222e-05
-1.0472     -2.72271    3.91591e-06
-0.837758     -2.72271    2.12736e-05
-0.628319     -2.72271    3.72636e-05
-0.418879     -2.72271    3.61539e-05
-0.20944     -2.72271    3.27674e-05
0     -2.72271    2.98097e-05
0.20944     -2.72271    3.27279e-05
0.418879     -2.72271    3.61618e-05
0.628319     -2.72271    3.72668e-05
0.837758     -2.72271    2.12783e-05
1.0472     -2.72271    3.91124e-06
1.25664     -2.72271    5.1214e-05
1.46608     -2.72271    7.83831e-05
1.67552     -2.72271    8.4443e-05
1.88496     -2.72271    8.72275e-05
2.0944     -2.72271    8.63302e-05
2.30383     -2.72271    8.76943e-05
2.51327     -2.72271    9.48075e-05
2.72271     -2.72271    8.98233e-05
2.93215     -2.72271    5.30004e-05
3.14159     -2.72271    5.03109e-06

-3.14159     -2.51327    1.04252e-05
-2.93215     -2.51327    5.60339e-05
-2.72271     -2.51327    8.0103e-05
-2.51327     -2.51327    7.25579e-05
-2.30383     -2.51327    4.66185e-05
-2.0944     -2.51327    3.49899e-05
-1.88496     -2.51327    4.43393e-05
-1.67552     -2.51327    6.78318e-05
-1.46608     -2.51327    7.26425e-05
-1.25664     -2.51327    5.69464e-05
-1.0472     -2.51327    3.2646e-06
-0.837758     -2.51327    2.25185e-05
-0.628319     -2.51327    3.59526e-05
-0.418879     -2.51327    3.10078e-05
-0.20944     -2.51327    2.54447e-05
0     -2.51327    2.63795e-05
0.20944     -2.51327    2.54713e-05
0.418879     -2.51327    3.10035e-05
0.628319     -2.51327    3.59548e-05
0.837758     -2.51327    2.25201e-05
1.0472     -2.51327    3.25893e-06
1.25664     -2.51327    5.69399e-05
1.46608     -2.51327    7.26345e-05
1.67552     -2.51327    6.7825e-05
1.88496     -2.51327    4.43334e-05
2.0944     -2.51327    3.49833e-05
2.30383     -2.51327    4.6613e-05
2.51327     -2.51327    7.25542e-05
2.72271     -2.51327    8.01004e-05
2.93215     -2.51327    5.6031e-05
3.14159     -2.51327    1.04211e-05

-3.14159     -2.30383    2.51823e-05
-2.93215     -2.30383    5.98452e-05
-2.72271     -2.30383    5.92787e-05
-2.51327     -2.30383    2.95697e-05
-2.30383     -2.30383    6.72442e-06
-2.0944     -2.30383    4.22494e-06
-1.88496     -2.30383    6.20054e-06
-1.67552     -2.30383    2.94927e-05
-1.46608     -2.30383    5.76202e-05
-1.25664     -2.30383    5.28903e-05
-1.0472     -2.30383    8.13935e-06
-0.837758     -2.30383    2.07372e-05
-0.628319     -2.30383    2.90341e-05
-0.418879     -2.30383    2.79077e-05
-0.20944     -2.30383    1.73647e-05
0     -2.30383    1.09405e-05
0.20944     -2.30383    1.73744e-05
0.418879     -2.30383    2.79165e-05
0.628319     -2.30383    2.90363e-05
0.837758     -2.30383    2.07416e-05
1.0472     -2.30383    8.13823e-06
1.25664     -2.30383    5.28828e-05
1.46608     -2.30383    5.76143e-05
1.67552     -2.30383    2.94866e-05
1.88496     -2.30383    6.1944e-06
2.0944     -2.30383    4.21838e-06
2.30383     -2.30383    6.71809e-06
2.51327     -2.30383    2.95643e-05
2.72271     -2.30383    5.92749e-05
2.93215     -2.30383    5.98419e-05
3.14159     -2.30383    2.5178e-05

-3.14159     -2.0944    4.22291e-05
-2.93215     -2.0944    5.28461e-05
-2.72271     -2.0944    3.13566e-05
-2.51327     -2.0944    1.18359e-06
-2.30383     -2.0944    1.87954e-05
-2.0944     -2.0944    2.37991e-05
-1.88496     -2.0944    1.88746e-05
-1.67552     -2.0944    9.47911e-06
-1.46608     -2.0944    1.64477e-05
-1.25664     -2.0944    3.43877e-05
-1.0472     -2.0944    1.21436e-05
-0.837758     -2.0944    1.61037e-05
-0.628319     -2.0944    2.15772e-05
-0.418879     -2.0944    2.17565e-05
-0.20944     -2.0944    1.12872e-05
0     -2.0944    1.51308e-05
0.20944     -2.0944    1.1234e-05
0.418879     -2.0944    2.17518e-05
0.628319     -2.0944    2.15794e-05
0.837758     -2.0944    1.61029e-05
1.0472     -2.0944    1.21391e-05
1.25664     -2.0944    3.4384e-05
1.46608     -2.0944    1.64452e-05
1.67552     -2.0944    9.48564e-06
1.88496     -2.0944    1.88805e-05
2.0944     -2.0944    2.38044e-05
2.30383     -2.0944    1.88022e-05
2.51327     -2.0944    1.19018e-06
2.72271     -2.0944    3.13515e-05
2.93215     -2.0944    5.28424e-05
3.14159     -2.0944    4.22252e-05

-3.14159     -1.88496    5.11062e-05
-2.93215     -1.88496    4.15752e-05
-2.72271     -1.88496    2.48536e-06
-2.51327     -1.88496    2.55138e-05
-2.30383     -1.88496    3.24207e-05
-2.0944     -1.88496    3.70951e-05
-1.88496     -1.88496    3.46741e-05
-1.67552     -1.88496    2.33465e-05
-1.46608     -1.88496    1.52774e-05
-1.25664     -1.88496    5.1908e-06
-1.0472     -1.88496    8.58101e-06
-0.837758     -1.88496    9.42455e-06
-0.628319     -1.88496    1.69535e-05
-0.418879     -1.88496    1.40649e-05
-0.20944     -1.88496    3.19908e-06
0     -1.88496    6.6297e-06
0.20944     -1.88496    3.30708e-06
0.418879     -1.88496    1.40701e-05
0.628319     -1.88496    1.69528e-05
0.837758     -1.88496    9.42598e-06
1.0472     -1.88496    8.57623e-06
1.25664     -1.88496    5.18579e-06
1.46608     -1.88496    1.52838e-05
1.67552     -1.88496    2.33526e-05
1.88496     -1.88496    3.46798e-05
2.0944     -1.88496    3.71007e-05
2.30383     -1.88496    3.24278e-05
2.51327     -1.88496    2.55212e-05
2.72271     -1.88496    2.47894e-06
2.93215     -1.88496    4.15708e-05
3.14159     -1.88496    5.11026e-05

-3.14159     -1.67552    4.94514e-05
-2.93215     -1.67552    1.9879e-05
-2.72271     -1.67552    1.94595e-05
-2.51327     -1.67552    3.35087e-05
-2.30383     -1.67552    3.59242e-05
-2.0944     -1.67552    3.45582e-05
-1.88496     -1.67552    3.43363e-05
-1.67552     -1.67552    2.91245e-05
-1.46608     -1.67552    1.97458e-05
-1.25664     -1.67552    1.16142e-05
-1.0472     -1.67552    3.81644e-06
-0.837758     -1.67552    2.37031e-06
-0.628319     -1.67552    9.77089e-06
-0.418879     -1.67552    8.18953e-06
-0.20944     -1.67552    8.66799e-06
0     -1.67552    6.28748e-06
0.20944     -1.67552    8.82339e-06
0.418879     -1.67552    8.19282e-06
0.628319     -1.67552    9.77656e-06
0.837758     -1.67552    2.37035e-06
1.0472     -1.67552    3.81809e-06
1.25664     -1.67552    1.16229e-05
1.46608     -1.67552    1.97508e-05
1.67552     -1.67552    2.91291e-05
1.88496     -1.67552    3.43407e-05
2.0944     -1.67552    3.45629e-05
2.30383     -1.67552    3.59312e-05
2.51327     -1.67552    3.35162e-05
2.72271     -1.67552    1.94665e-05
2.93215     -1.67552    1.98736e-05
3.14159     -1.67552    4.94477e-05

-3.14159     -1.46608    3.72532e-05
-2.93215     -1.46608    4.51972e-06
-2.72271     -1.46608    3.21372e-05
-2.51327     -1.46608    3.31352e-05
-2.30383     -1.46608    3.20717e-05
-2.0944     -1.46608    2.70787e-05
-1.88496     -1.46608    2.30446e-05
-1.67552     -1.46608    2.58902e-05
-1.46608     -1.46608    2.05121e-05
-1.25664     -1.46608    1.5232e-05
-1.0472     -1.46608    1.77465e-06
-0.837758     -1.46608    1.09313e-05
-0.628319     -1.46608    3.39966e-06
-0.418879     -1.46608    4.08672e-06
-0.20944     -1.46608    2.25502e-05
0     -1.46608    2.52875e-05
0.20944     -1.46608    2.23551e-05
0.418879     -1.46608    4.08077e-06
0.628319     -1.46608    3.39962e-06
0.837758     -1.46608    1.0934e-05
1.0472     -1.46608    1.77678e-06
1.25664     -1.46608    1.52343e-05
1.46608     -1.46608    2.05166e-05
1.67552     -1.46608    2.58944e-05
1.88496     -1.46608    2.30482e-05
2.0944     -1.46608    2.70814e-05
2.30383     -1.46608    3.20774e-05
2.51327     -1.46608    3.31422e-05
2.72271     -1.46608    3.21443e-05
2.93215     -1.46608    4.52564e-06
3.14159     -1.46608    3.72491e-05

-3.14159     -1.25664    1.96959e-05
-2.93215     -1.25664    1.81356e-05
-2.72271     -1.25664    3.34154e-05
-2.51327     -1.25664    3.47779e-05
-2.30383     -1.25664    2.90306e-05
-2.0944     -1.25664    1.87615e-05
-1.88496     -1.25664    1.51785e-05
-1.67552     -1.25664    1.28114e-05
-1.46608     -1.25664    1.01148e-05
-1.25664     -1.25664    1.22487e-05
-1.0472     -1.25664    2.19446e-06
-0.837758     -1.25664    7.822e-06
-0.628319     -1.25664    9.64352e-06
-0.418879     -1.25664    1.41173e-05
-0.20944     -1.25664    3.04199e-05
0     -1.25664    5.50252e-05
0.20944     -1.25664    3.06171e-05
0.418879     -1.25664    1.41238e-05
0.628319     -1.25664    9.64932e-06
0.837758     -1.25664    7.82349e-06
1.0472     -1.25664    2.19241e-06
1.25664     -1.25664    1.22527e-05
1.46608     -1.25664    1.01192e-05
1.67552     -1.25664    1.28131e-05
1.88496     -1.25664    1.518e-05
2.0944     -1.25664    1.87637e-05
2.30383     -1.25664    2.90344e-05
2.51327     -1.25664    3.47831e-05
2.72271     -1.25664    3.34209e-05
2.93215     -1.25664    1.8141e-05
3.14159     -1.25664    1.96916e-05

-3.14159     -1.0472    7.51957e-06
-2.93215     -1.0472    2.36436e-05
-2.72271     -1.0472    3.59097e-05
-2.51327     -1.0472    3.30153e-05
-2.30383     -1.0472    2.6432e-05
-2.0944     -1.0472    1.46928e-05
-1.88496     -1.0472    1.17243e-05
-1.67552     -1.0472    2.9099e-06
-1.46608     -1.0472    1.79146e-06
-1.25664     -1.0472    7.7349e-06
-1.0472     -1.0472    7.66701e-06
-0.837758     -1.0472    1.41877e-05
-0.628319     -1.0472    1.47325e-05
-0.418879     -1.0472    2.36432e-05
-0.20944     -1.0472    3.57498e-05
0     -1.0472    4.82371e-05
0.20944     -1.0472    3.56045e-05
0.418879     -1.0472    2.36513e-05
0.628319     -1.0472    1.47494e-05
0.837758     -1.0472    1.42008e-05
1.0472     -1.0472    7.66187e-06
1.25664     -1.0472    7.72561e-06
1.46608     -1.0472    1.78961e-06
1.67552     -1.0472    2.9079e-06
1.88496     -1.0472    1.17235e-05
2.0944     -1.0472    1.46932e-05
2.30383     -1.0472    2.64346e-05
2.51327     -1.0472    3.30184e-05
2.72271     -1.0472    3.59139e-05
2.93215     -1.0472    2.36482e-05
3.14159     -1.0472    7.51568e-06

-3.14159     -0.837758    5.8457e-06
-2.93215     -0.837758    1.68654e-05
-2.72271     -0.837758    3.54385e-05
-2.51327     -0.837758    3.86408e-05
-2.30383     -0.837758    2.92058e-05
-2.0944     -0.837758    2.31913e-05
-1.88496     -0.837758    1.00809e-05
-1.67552     -0.837758    1.48161e-06
-1.46608     -0.837758    7.48868e-06
-1.25664     -0.837758    2.46427e-05
-1.0472     -0.837758    2.97194e-05
-0.837758     -0.837758    2.15587e-05
-0.628319     -0.837758    2.75274e-05
-0.418879     -0.837758    3.4148e-05
-0.20944     -0.837758    4.88314e-05
0     -0.837758    8.71521e-05
0.20944     -0.837758    4.88712e-05
0.418879     -0.837758    3.41611e-05
0.628319     -0.837758    2.75571e-05
0.837758     -0.837758    2.15727e-05
1.0472     -0.837758    2.97122e-05
1.25664     -0.837758    2.4637e-05
1.46608     -0.837758    7.48612e-06
1.67552     -0.837758    1.48484e-06
1.88496     -0.837758    1.00803e-05
2.0944     -0.837758    2.31933e-05
2.30383     -0.837758    2.92085e-05
2.51327     -0.837758    3.86438e-05
2.72271     -0.837758    3.54414e-05
2.93215     -0.837758    1.68683e-05
3.14159     -0.837758    5.84268e-06

-3.14159     -0.628319    1.76613e-05
-2.93215     -0.628319    1.00859e-05
-2.72271     -0.628319    2.41346e-05
-2.51327     -0.628319    3.09537e-05
-2.30383     -0.628319    2.91548e-05
-2.0944     -0.628319    2.35078e-05
-1.88496     -0.628319    1.45717e-05
-1.67552     -0.628319    2.95288e-06
-1.46608     -0.628319    1.56453e-05
-1.25664     -0.628319    3.06929e-05
-1.0472     -0.628319    5.0989e-05
-0.837758     -0.628319    5.00645e-05
-0.628319     -0.628319    4.55213e-05
-0.418879     -0.628319    5.81116e-05
-0.20944     -0.628319    7.17053e-05
0     -0.628319    5.62754e-05
0.20944     -0.628319    7.18748e-05
0.418879     -0.628319    5.82118e-05
0.628319     -0.628319    4.55462e-05
0.837758     -0.628319    5.00649e-05
1.0472     -0.628319    5.09908e-05
1.25664     -0.628319    3.06922e-05
1.46608     -0.628319    1.5645e-05
1.67552     -0.628319    2.95158e-06
1.88496     -0.628319    1.45714e-05
2.0944     -0.628319    2.35091e-05
2.30383     -0.628319    2.91581e-05
2.51327     -0.628319    3.09574e-05
2.72271     -0.628319    2.41368e-05
2.93215     -0.628319    1.00878e-05
3.14159     -0.628319    1.76597e-05

-3.14159     -0.418879    4.20019e-05
-2.93215     -0.418879    1.72004e-05
-2.72271     -0.418879    5.86568e-06
-2.51327     -0.418879    1.67288e-05
-2.30383     -0.418879    2.2694e-05
-2.0944     -0.418879    1.95651e-05
-1.88496     -0.418879    1.72381e-05
-1.67552     -0.418879    1.01452e-05
-1.46608     -0.418879    7.8907e-06
-1.25664     -0.418879    2.55627e-05
-1.0472     -0.418879    3.99822e-05
-0.837758     -0.418879    6.24211e-05
-0.628319     -0.418879    6.87293e-05
-0.418879     -0.418879    8.07426e-05
-0.20944     -0.418879    0.000108369
0     -0.418879    0.000139716
0.20944     -0.418879    0.000107982
0.418879     -0.418879    8.08983e-05
0.628319     -0.418879    6.87823e-05
0.837758     -0.418879    6.24226e-05
1.0472     -0.418879    3.9978e-05
1.25664     -0.418879    2.5559e-05
1.46608     -0.418879    7.88943e-06
1.67552     -0.418879    1.01457e-05
1.88496     -0.418879    1.72388e-05
2.0944     -0.418879    1.95681e-05
2.30383     -0.418879    2.26978e-05
2.51327     -0.418879    1.67319e-05
2.72271     -0.418879    5.86828e-06
2.93215     -0.418879    1.71995e-05
3.14159     -0.418879    4.20017e-05

-3.14159     -0.20944    7.12885e-05
-2.93215     -0.20944    5.84416e-05
-2.72271     -0.20944    3.7251e-05
-2.51327     -0.20944    1.48806e-05
-2.30383     -0.20944    1.81345e-07
-2.0944     -0.20944    7.9901e-06
-1.88496     -0.20944    5.20816e-06
-1.67552     -0.20944    6.94137e-07
-1.46608     -0.20944    4.44413e-06
-1.25664     -0.20944    1.51822e-05
-1.0472     -0.20944    2.60431e-05
-0.837758     -0.20944    4.64229e-05
-0.628319     -0.20944    7.71336e-05
-0.418879     -0.20944    0.000101965
-0.20944     -0.20944    0.000147711
0     -0.20944    0.00013987
0.20944     -0.20944    0.000150176
0.418879     -0.20944    0.00010214
0.628319     -0.20944    7.71975e-05
0.837758     -0.20944    4.64326e-05
1.0472     -0.20944    2.60501e-05
1.25664     -0.20944    1.51763e-05
1.46608     -0.20944    4.44467e-06
1.67552     -0.20944    6.91655e-07
1.88496     -0.20944    5.20877e-06
2.0944     -0.20944    7.99144e-06
2.30383     -0.20944    1.79167e-07
2.51327     -0.20944    1.48788e-05
2.72271     -0.20944    3.72505e-05
2.93215     -0.20944    5.84416e-05
3.14159     -0.20944    7.12894e-05

-3.14159     0    8.59594e-05
-2.93215     0    7.33012e-05
-2.72271     0    6.86347e-05
-2.51327     0    4.35409e-05
-2.30383     0    1.94256e-05
-2.0944     0    6.89545e-06
-1.88496     0    4.9819e-06
-1.67552     0    1.08116e-05
-1.46608     0    1.18738e-05
-1.25664     0    1.30882e-05
-1.0472     0    2.86609e-05
-0.837758     0    4.53868e-05
-0.628319     0    7.31578e-05
-0.418879     0    0.000119678
-0.20944     0    0.000166948
0     0    5.66237e-16
0.20944     0    0.000166948
0.418879     0    0.000119678
0.628319     0    7.31578e-05
0.837758     0    4.53868e-05
1.0472     0    2.86609e-05
1.25664     0    1.30882e-05
1.46608     0    1.18738e-05
1.67552     0    1.08116e-05
1.88496     0    4.9819e-06
2.0944     0    6.89545e-06
2.30383     0    1.94256e-05
2.51327     0    4.35409e-05
2.72271     0    6.86347e-05
2.93215     0    7.33012e-05
3.14159     0    8.59594e-05

-3.14159     0.20944    7.12894e-05
-2.93215     0.20944    5.84416e-05
-2.72271     0.20944    3.72505e-05
-2.51327     0.20944    1.48788e-05
-2.30383     0.20944    1.79167e-07
-2.0944     0.20944    7.99144e-06
-1.88496     0.20944    5.20877e-06
-1.67552     0.20944    6.91655e-07
-1.46608     0.20944    4.44467e-06
-1.25664     0.20944    1.51763e-05
-1.0472     0.20944    2.60501e-05
-0.837758     0.20944    4.64326e-05
-0.628319     0.20944    7.71975e-05
-0.418879     0.20944    0.00010214
-0.20944     0.20944    0.000150176
0     0.20944    0.00013987
0.20944     0.20944    0.000147711
0.418879     0.20944    0.000101965
0.628319     0.20944    7.71336e-05
0.837758     0.20944    4.64229e-05
1.0472     0.20944    2.60431e-05
1.25664     0.20944    1.51822e-05
1.46608     0.20944    4.44413e-06
1.67552     0.20944    6.94137e-07
1.88496     0.20944    5.20816e-06
2.0944     0.20944    7.9901e-06
2.30383     0.20944    1.81345e-07
2.51327     0.20944    1.48806e-05
2.72271     0.20944    3.7251e-05
2.93215     0.20944    5.84416e-05
3.14159     0.20944    7.12885e-05

-3.14159     0.418879    4.20017e-05
-2.93215     0.418879    1.71995e-05
-2.72271     0.418879    5.86828e-06
-2.51327     0.418879    1.67319e-05
-2.30383     0.418879    2.26978e-05
-2.0944     0.418879    1.95681e-05
-1.88496     0.418879    1.72388e-05
-1.67552     0.418879    1.01457e-05
-1.46608     0.418879    7.88943e-06
-1.25664     0.418879    2.5559e-05
-1.0472     0.418879    3.9978e-05
-0.837758     0.418879    6.24226e-05
-0.628319     0.418879    6.87823e-05
-0.418879     0.418879    8.08983e-05
-0.20944     0.418879    0.000107982
0     0.418879    0.000139716
0.20944     0.418879    0.000108369
0.418879     0.418879    8.07426e-05
0.628319     0.418879    6.87293e-05
0.837758     0.418879    6.24211e-05
1.0472     0.418879    3.99822e-05
1.25664     0.418879    2.55627e-05
1.46608     0.418879    7.8907e-06
1.67552     0.418879    1.01452e-05
1.88496     0.418879    1.72381e-05
2.0944     0.418879    1.95651e-05
2.30383     0.418879    2.2694e-05
2.51327     0.418879    1.67288e-05
2.72271     0.418879    5.86568e-06
2.93215     0.418879    1.72004e-05
3.14159     0.418879    4.20019e-05

-3.14159     0.628319    1.76597e-05
-2.93215     0.628319    1.00878e-05
-2.72271     0.628319    2.41368e-05
-2.51327     0.628319    3.09574e-05
-2.30383     0.628319    2.91581e-05
-2.0944     0.628319    2.35091e-05
-1.88496     0.628319    1.45714e-05
-1.67552     0.628319    2.95158e-06
-1.46608     0.628319    1.5645e-05
-1.25664     0.628319    3.06922e-05
-1.0472     0.628319    5.09908e-05
-0.837758     0.628319    5.00649e-05
-0.628319     0.628319    4.55462e-05
-0.418879     0.628319    5.82118e-05
-0.20944     0.628319    7.18748e-05
0     0.628319    5.62754e-05
0.20944     0.628319    7.17053e-05
0.418879     0.628319    5.81116e-05
0.628319     0.628319    4.55213e-05
0.837758     0.628319    5.00645e-05
1.0472     0.628319    5.0989e-05
1.25664     0.628319    3.06929e-05
1.46608     0.628319    1.56453e-05
1.67552     0.628319    2.95288e-06
1.88496     0.628319    1.45717e-05
2.0944     0.628319    2.35078e-05
2.30383     0.628319    2.91548e-05
2.51327     0.628319    3.09537e-05
2.72271     0.628319    2.41346e-05
2.93215     0.628319    1.00859e-05
3.14159     0.628319    1.76613e-05

-3.14159     0.837758    5.84268e-06
-2.93215     0.837758    1.68683e-05
-2.72271     0.837758    3.54414e-05
-2.51327     0.837758    3.86438e-05
-2.30383     0.837758    2.92085e-05
-2.0944     0.837758    2.31933e-05
-1.88496     0.837758    1.00803e-05
-1.67552     0.837758    1.48484e-06
-1.46608     0.837758    7.48612e-06
-1.25664     0.837758    2.4637e-05
-1.0472     0.837758    2.97122e-05
-0.837758     0.837758    2.15727e-05
-0.628319     0.837758    2.75571e-05
-0.418879     0.837758    3.41611e-05
-0.20944     0.837758    4.88712e-05
0     0.837758    8.71521e-05
0.20944     0.837758    4.88314e-05
0.418879     0.837758    3.4148e-05
0.628319     0.837758    2.75274e-05
0.837758     0.837758    2.15587e-05
1.0472     0.837758    2.97194e-05
1.25664     0.837758    2.46427e-05
1.46608     0.837758    7.48868e-06
1.67552     0.837758    1.48161e-06
1.88496     0.837758    1.00809e-05
2.0944     0.837758    2.31913e-05
2.30383     0.837758    2.92058e-05
2.51327     0.837758    3.86408e-05
2.72271     0.837758    3.54385e-05
2.93215     0.837758    1.68654e-05
3.14159     0.837758    5.8457e-06

-3.14159     1.0472    7.51568e-06
-2.93215     1.0472    2.36482e-05
-2.72271     1.0472    3.59139e-05
-2.51327     1.0472    3.30184e-05
-2.30383     1.0472    2.64346e-05
-2.0944     1.0472    1.46932e-05
-1.88496     1.0472    1.17235e-05
-1.67552     1.0472    2.9079e-06
-1.46608     1.0472    1.78961e-06
-1.25664     1.0472    7.72561e-06
-1.0472     1.0472    7.66187e-06
-0.837758     1.0472    1.42008e-05
-0.628319     1.0472    1.47494e-05
-0.418879     1.0472    2.36513e-05
-0.20944     1.0472    3.56045e-05
0     1.0472    4.82371e-05
0.20944     1.0472    3.57498e-05
0.418879     1.0472    2.36432e-05
0.628319     1.0472    1.47325e-05
0.837758     1.0472    1.41877e-05
1.0472     1.0472    7.66701e-06
1.25664     1.0472    7.7349e-06
1.46608     1.0472    1.79146e-06
1.67552     1.0472    2.9099e-06
1.88496     1.0472    1.17243e-05
2.0944     1.0472    1.46928e-05
2.30383     1.0472    2.6432e-05
2.51327     1.0472    3.30153e-05
2.72271     1.0472    3.59097e-05
2.93215     1.0472    2.36436e-05
3.14159     1.0472    7.51957e-06

-3.14159     1.25664    1.96916e-05
-2.93215     1.25664    1.8141e-05
-2.72271     1.25664    3.34209e-05
-2.51327     1.25664    3.47831e-05
-2.30383     1.25664    2.90344e-05
-2.0944     1.25664    1.87637e-05
-1.88496     1.25664    1.518e-05
-1.67552     1.25664    1.28131e-05
-1.46608     1.25664    1.01192e-05
-1.25664     1.25664    1.22527e-05
-1.0472     1.25664    2.19241e-06
-0.837758     1.25664    7.82349e-06
-0.628319     1.25664    9.64932e-06
-0.418879     1.25664    1.41238e-05
-0.20944     1.25664    3.06171e-05
0     1.25664    5.50252e-05
0.20944     1.25664    3.04199e-05
0.418879     1.25664    1.41173e-05
0.628319     1.25664    9.64352e-06
0.837758     1.25664    7.822e-06
1.0472     1.25664    2.19446e-06
1.25664     1.25664    1.22487e-05
1.46608     1.25664    1.01148e-05
1.67552     1.25664    1.28114e-05
1.88496     1.25664    1.51785e-05
2.0944     1.25664    1.87615e-05
2.30383     1.25664    2.90306e-05
2.51327     1.25664    3.47779e-05
2.72271     1.25664    3.34154e-05
2.93215     1.25664    1.81356e-05
3.14159     1.25664    1.96959e-05

-3.14159     1.46608    3.72491e-05
-2.93215     1.46608    4.52564e-06
-2.72271     1.46608    3.21443e-05
-2.51327     1.46608    3.31422e-05
-2.30383     1.46608    3.20774e-05
-2.0944     1.46608    2.70814e-05
-1.88496     1.46608    2.30482e-05
-1.67552     1.46608    2.58944e-05
-1.46608     1.46608    2.05166e-05
-1.25664     1.46608    1.52343e-05
-1.0472     1.46608    1.77678e-06
-0.837758     1.46608    1.0934e-05
-0.628319     1.46608    3.39962e-06
-0.418879     1.46608    4.08077e-06
-0.20944     1.46608    2.23551e-05
0     1.46608    2.52875e-05
0.20944     1.46608    2.25502e-05
0.418879     1.46608    4.08672e-06
0.628319     1.46608    3.39966e-06
0.837758     1.46608    1.09313e-05
1.0472     1.46608    1.77465e-06
1.25664     1.46608    1.5232e-05
1.46608     1.46608    2.05121e-05
1.67552     1.46608    2.58902e-05
1.88496     1.46608    2.30446e-05
2.0944     1.46608    2.70787e-05
2.30383     1.46608    3.20717e-05
2.51327     1.46608    3.31352e-05
2.72271     1.46608    3.21372e-05
2.93215     1.46608    4.51972e-06
3.14159     1.46608    3.72532e-05

-3.14159     1.67552    4.94477e-05
-2.93215     1.67552    1.98736e-05
-2.72271     1.67552    1.94665e-05
-2.51327     1.67552    3.35162e-05
-2.30383     1.67552    3.59312e-05
-2.0944     1.67552    3.45629e-05
-1.88496     1.67552    3.43407e-05
-1.67552     1.67552    2.91291e-05
-1.46608     1.67552    1.97508e-05
-1.25664     1.67552    1.16229e-05
-1.0472     1.67552    3.81809e-06
-0.837758     1.67552    2.37035e-06
-0.628319     1.67552    9.77656e-06
-0.418879     1.67552    8.19282e-06
-0.20944     1.67552    8.82339e-06
0     1.67552    6.28748e-06
0.20944     1.67552    8.66799e-06
0.418879     1.67552    8.18953e-06
0.628319     1.67552    9.77089e-06
0.837758     1.67552    2.37031e-06
1.0472     1.67552    3.81644e-06
1.25664     1.67552    1.16142e-05
1.46608     1.67552    1.97458e-05
1.67552     1.67552    2.91245e-05
1.88496     1.67552    3.43363e-05
2.0944     1.67552    3.45582e-05
2.30383     1.67552    3.59242e-05
2.51327     1.67552    3.35087e-05
2.72271     1.67552    1.94595e-05
2.93215     1.67552    1.9879e-05
3.14159     1.67552    4.94514e-05

-3.14159     1.88496    5.11026e-05
-2.93215     1.88496    4.15708e-05
-2.72271     1.88496    2.47894e-06
-2.51327     1.88496    2.55212e-05
-2.30383     1.88496    3.24278e-05
-2.0944     1.88496    3.71007e-05
-1.88496     1.88496    3.46798e-05
-1.67552     1.88496    2.33526e-05
-1.46608     1.88496    1.52838e-05
-1.25664     1.88496    5.18579e-06
-1.0472     1.88496    8.57623e-06
-0.837758     1.88496    9.42598e-06
-0.628319     1.88496    1.69528e-05
-0.418879     1.88496    1.40701e-05
-0.20944     1.88496    3.30708e-06
0     1.88496    6.6297e-06
0.20944     1.88496    3.19908e-06
0.418879     1.88496    1.40649e-05
0.628319     1.88496    1.69535e-05
0.837758     1.88496    9.42455e-06
1.0472     1.88496    8.58101e-06
1.25664     1.88496    5.1908e-06
1.46608     1.88496    1.52774e-05
1.67552     1.88496    2.33465e-05
1.88496     1.88496    3.46741e-05
2.0944     1.88496    3.70951e-05
2.30383     1.88496    3.24207e-05
2.51327     1.88496    2.55138e-05
2.72271     1.88496    2.48536e-06
2.93215     1.88496    4.15752e-05
3.14159     1.88496    5.11062e-05

-3.14159     2.0944    4.22252e-05
-2.93215     2.0944    5.28424e-05
-2.72271     2.0944    3.13515e-05
-2.51327     2.0944    1.19018e-06
-2.30383     2.0944    1.88022e-05
-2.0944     2.0944    2.38044e-05
-1.88496     2.0944    1.88805e-05
-1.67552     2.0944    9.48564e-06
-1.46608     2.0944    1.64452e-05
-1.25664     2.0944    3.4384e-05
-1.0472     2.0944    1.21391e-05
-0.837758     2.0944    1.61029e-05
-0.628319     2.0944    2.15794e-05
-0.418879     2.0944    2.17518e-05
-0.20944     2.0944    1.1234e-05
0     2.0944    1.51308e-05
0.20944     2.0944    1.12872e-05
0.418879     2.0944    2.17565e-05
0.628319     2.0944    2.15772e-05
0.837758     2.0944    1.61037e-05
1.0472     2.0944    1.21436e-05
1.25664     2.0944    3.43877e-05
1.46608     2.0944    1.64477e-05
1.67552     2.0944    9.47911e-06
1.88496     2.0944    1.88746e-05
2.0944     2.0944    2.37991e-05
2.30383     2.0944    1.87954e-05
2.51327     2.0944    1.18359e-06
2.72271     2.0944    3.13566e-05
2.93215     2.0944    5.28461e-05
3.14159     2.0944    4.22291e-05

-3.14159     2.30383    2.5178e-05
-2.93215     2.30383    5.98419e-05
-2.72271     2.30383    5.92749e-05
-2.51327     2.30383    2.95643e-05
-2.30383     2.30383    6.71809e-06
-2.0944     2.30383    4.21838e-06
-1.88496     2.30383    6.1944e-06
-1.67552     2.30383    2.94866e-05
-1.46608     2.30383    5.76143e-05
-1.25664     2.30383    5.28828e-05
-1.0472     2.30383    8.13823e-06
-0.837758     2.30383    2.07416e-05
-0.628319     2.30383    2.90363e-05
-0.418879     2.30383    2.79165e-05
-0.20944     2.30383    1.73744e-05
0     2.30383    1.09405e-05
0.20944     2.30383    1.73647e-05
0.418879     2.30383    2.79077e-05
0.628319     2.30383    2.90341e-05
0.837758     2.30383    2.07372e-05
1.0472     2.30383    8.13935e-06
1.25664     2.30383    5.28903e-05
1.46608     2.30383    5.76202e-05
1.67552     2.30383    2.94927e-05
1.88496     2.30383    6.20054e-06
2.0944     2.30383    4.22494e-06
2.30383     2.30383    6.72442e-06
2.51327     2.30383    2.95697e-05
2.72271     2.30383    5.92787e-05
2.93215     2.30383    5.98452e-05
3.14159     2.30383    2.51823e-05

-3.14159     2.51327    1.04211e-05
-2.93215     2.51327    5.6031e-05
-2.72271     2.51327    8.01004e-05
-2.51327     2.51327    7.25542e-05
-2.30383     2.51327    4.6613e-05
-2.0944     2.51327    3.49833e-05
-1.88496     2.51327    4.43334e-05
-1.67552     2.51327    6.7825e-05
-1.46608     2.51327    7.26345e-05
-1.25664     2.51327    5.69399e-05
-1.0472     2.51327    3.25893e-06
-0.837758     2.51327    2.25201e-05
-0.628319     2.51327    3.59548e-05
-0.418879     2.51327    3.10035e-05
-0.20944     2.51327    2.54713e-05
0     2.51327    2.63795e-05
0.20944     2.51327    2.54447e-05
0.418879     2.51327    3.10078e-05
0.628319     2.51327    3.59526e-05
0.837758     2.51327    2.25185e-05
1.0472     2.51327    3.2646e-06
1.25664     2.51327    5.69464e-05
1.46608     2.51327    7.26425e-05
1.67552     2.51327    6.78318e-05
1.88496     2.51327    4.43393e-05
2.0944     2.51327    3.49899e-05
2.30383     2.51327    4.66185e-05
2.51327     2.51327    7.25579e-05
2.72271     2.51327    8.0103e-05
2.93215     2.51327    5.60339e-05
3.14159     2.51327    1.04252e-05

-3.14159     2.72271    5.03109e-06
-2.93215     2.72271    5.30004e-05
-2.72271     2.72271    8.98233e-05
-2.51327     2.72271    9.48075e-05
-2.30383     2.72271    8.76943e-05
-2.0944     2.72271    8.63302e-05
-1.88496     2.72271    8.72275e-05
-1.67552     2.72271    8.4443e-05
-1.46608     2.72271    7.83831e-05
-1.25664     2.72271    5.1214e-05
-1.0472     2.72271    3.91124e-06
-0.837758     2.72271    2.12783e-05
-0.628319     2.72271    3.72668e-05
-0.418879     2.72271    3.61618e-05
-0.20944     2.72271    3.27279e-05
0     2.72271    2.98097e-05
0.20944     2.72271    3.27674e-05
0.418879     2.72271    3.61539e-05
0.628319     2.72271    3.72636e-05
0.837758     2.72271    2.12736e-05
1.0472     2.72271    3.91591e-06
1.25664     2.72271    5.1222e-05
1.46608     2.72271    7.83915e-05
1.67552     2.72271    8.44507e-05
1.88496     2.72271    8.72337e-05
2.0944     2.72271    8.63361e-05
2.30383     2.72271    8.76989e-05
2.51327     2.72271    9.48105e-05
2.72271     2.72271    8.98256e-05
2.93215     2.72271    5.30028e-05
3.14159     2.72271    5.03448e-06

-3.14159     2.93215    1.23392e-05
-2.93215     2.93215    5.19457e-05
-2.72271     2.93215    9.36004e-05
-2.51327     2.93215    0.000122397
-2.30383     2.93215    0.000137722
-2.0944     2.93215    0.000132716
-1.88496     2.93215    0.000112134
-1.67552     2.93215    9.8822e-05
-1.46608     2.93215    8.8839e-05
-1.25664     2.93215    5.08868e-05
-1.0472     2.93215    1.24795e-05
-0.837758     2.93215    1.21164e-05
-0.628319     2.93215    2.82737e-05
-0.418879     2.93215    3.43554e-05
-0.20944     2.93215    3.54338e-05
0     2.93215    3.47553e-05
0.20944     2.93215    3.53911e-05
0.418879     2.93215    3.43559e-05
0.628319     2.93215    2.82712e-05
0.837758     2.93215    1.21131e-05
1.0472     2.93215    1.24836e-05
1.25664     2.93215    5.08911e-05
1.46608     2.93215    8.88471e-05
1.67552     2.93215    9.88288e-05
1.88496     2.93215    0.00011214
2.0944     2.93215    0.00013272
2.30383     2.93215    0.000137725
2.51327     2.93215    0.000122399
2.72271     2.93215    9.36026e-05
2.93215     2.93215    5.19479e-05
3.14159     2.93215    1.23412e-05

-3.14159     3.14159    3.3122e-05
-2.93215     3.14159    6.84293e-05
-2.72271     3.14159    0.000116155
-2.51327     3.14159    0.00015388
-2.30383     3.14159    0.000159167
-2.0944     3.14159    0.000139573
-1.88496     3.14159    0.000124228
-1.67552     3.14159    0.000117728
-1.46608     3.14159    0.000110604
-1.25664     3.14159    6.84638e-05
-1.0472     3.14159    3.32392e-05
-0.837758     3.14159    5.34126e-06
-0.628319     3.14159    1.01017e-05
-0.418879     3.14159    2.0664e-05
-0.20944     3.14159    2.49856e-05
0     3.14159    2.75987e-05
0.20944     3.14159    2.50156e-05
0.418879     3.14159    2.06628e-05
0.628319     3.14159    1.00991e-05
0.837758     3.14159    5.3441e-06
1.0472     3.14159    3.32436e-05
1.25664     3.14159    6.84704e-05
1.46608     3.14159    0.000110609
1.67552     3.14159    0.000117732
1.88496     3.14159    0.000124231
2.0944     3.14159    0.000139575
2.30383     3.14159    0.000159169
2.51327     3.14159    0.000153881
2.72271     3.14159    0.000116155
2.93215     3.14159    6.84304e-05
3.14159     3.14159    3.31227e-05

