-3.14159     -3.14159    4.9994e-06
-2.93215     -3.14159    6.92628e-06
-2.72271     -3.14159    8.54663e-06
-2.51327     -3.14159    9.4501e-06
-2.30383     -3.14159    9.68503e-06
-2.0944     -3.14159    9.61386e-06
-1.88496     -3.14159    9.52757e-06
-1.67552     -3.14159    9.34957e-06
-1.46608     -3.14159    8.61856e-06
-1.25664     -3.14159    6.93061e-06
-1.0472     -3.14159    4.73096e-06
-0.837758     -3.14159    2.74408e-06
-0.628319     -3.14159    1.26704e-06
-0.418879     -3.14159    3.1796e-07
-0.20944     -3.14159    1.87762e-07
0     -3.14159    3.3926e-07
0.20944     -3.14159    1.94582e-07
0.418879     -3.14159    3.17941e-07
0.628319     -3.14159    1.26704e-06
0.837758     -3.14159    2.74426e-06
1.0472     -3.14159    4.73079e-06
1.25664     -3.14159    6.93053e-06
1.46608     -3.14159    8.61854e-06
1.67552     -3.14159    9.3494e-06
1.88496     -3.14159    9.52794e-06
2.0944     -3.14159    9.61426e-06
2.30383     -3.14159    9.68407e-06
2.51327     -3.14159    9.44967e-06
2.72271     -3.14159    8.54654e-06
2.93215     -3.14159    6.92631e-06
3.14159     -3.14159    4.99939e-06

-3.14159     -2.93215    3.51817e-06
-2.93215     -2.93215    5.61052e-06
-2.72271     -2.93215    7.42123e-06
-2.51327     -2.93215    8.53842e-06
-2.30383     -2.93215    9.04556e-06
-2.0944     -2.93215    9.16891e-06
-1.88496     -2.93215    9.04831e-06
-1.67552     -2.93215    8.69565e-06
-1.46608     -2.93215    7.82372e-06
-1.25664     -2.93215    6.04833e-06
-1.0472     -2.93215    3.72199e-06
-0.837758     -2.93215    1.67967e-06
-0.628319     -2.93215    2.79403e-07
-0.418879     -2.93215    5.37339e-07
-0.20944     -2.93215    9.37432e-07
0     -2.93215    1.04082e-06
0.20944     -2.93215    9.27953e-07
0.418879     -2.93215    5.37428e-07
0.628319     -2.93215    2.79409e-07
0.837758     -2.93215    1.67968e-06
1.0472     -2.93215    3.72217e-06
1.25664     -2.93215    6.04837e-06
1.46608     -2.93215    7.82379e-06
1.67552     -2.93215    8.69552e-06
1.88496     -2.93215    9.04846e-06
2.0944     -2.93215    9.16898e-06
2.30383     -2.93215    9.04521e-06
2.51327     -2.93215    8.53849e-06
2.72271     -2.93215    7.42117e-06
2.93215     -2.93215    5.61043e-06
3.14159     -2.93215    3.51808e-06

-3.14159     -2.72271    2.53926e-06
-2.93215     -2.72271    4.56992e-06
-2.72271     -2.72271    6.18802e-06
-2.51327     -2.72271    7.04883e-06
-2.30383     -2.72271    7.39763e-06
-2.0944     -2.72271    7.59329e-06
-1.88496     -2.72271    7.72215e-06
-1.67552     -2.72271    7.62798e-06
-1.46608     -2.72271    6.97818e-06
-1.25664     -2.72271    5.39328e-06
-1.0472     -2.72271    3.1304e-06
-0.837758     -2.72271    1.12031e-06
-0.628319     -2.72271    1.75647e-07
-0.418879     -2.72271    8.55053e-07
-0.20944     -2.72271    1.15978e-06
0     -2.72271    1.28896e-06
0.20944     -2.72271    1.16911e-06
0.418879     -2.72271    8.55114e-07
0.628319     -2.72271    1.75663e-07
0.837758     -2.72271    1.1204e-06
1.0472     -2.72271    3.13038e-06
1.25664     -2.72271    5.39323e-06
1.46608     -2.72271    6.97823e-06
1.67552     -2.72271    7.62804e-06
1.88496     -2.72271    7.72224e-06
2.0944     -2.72271    7.59309e-06
2.30383     -2.72271    7.39755e-06
2.51327     -2.72271    7.04871e-06
2.72271     -2.72271    6.18807e-06
2.93215     -2.72271    4.56988e-06
3.14159     -2.72271    2.53919e-06

-3.14159     -2.51327    2.04788e-06
-2.93215     -2.51327    3.81847e-06
-2.72271     -2.51327    4.92695e-06
-2.51327     -2.51327    5.21941e-06
-2.30383     -2.51327    5.14487e-06
-2.0944     -2.51327    5.239e-06
-1.88496     -2.51327    5.6559e-06
-1.67552     -2.51327    6.08658e-06
-1.46608     -2.51327    5.9705e-06
-1.25664     -2.51327    4.842e-06
-1.0472     -2.51327    2.83233e-06
-0.837758     -2.51327    9.09727e-07
-0.628319     -2.51327    3.09926e-07
-0.418879     -2.51327    9.05578e-07
-0.20944     -2.51327    1.14889e-06
0     -2.51327    1.14986e-06
0.20944     -2.51327    1.1432e-06
0.418879     -2.51327    9.05551e-07
0.628319     -2.51327    3.09946e-07
0.837758     -2.51327    9.09591e-07
1.0472     -2.51327    2.83239e-06
1.25664     -2.51327    4.84203e-06
1.46608     -2.51327    5.97055e-06
1.67552     -2.51327    6.08646e-06
1.88496     -2.51327    5.6559e-06
2.0944     -2.51327    5.2389e-06
2.30383     -2.51327    5.14481e-06
2.51327     -2.51327    5.21945e-06
2.72271     -2.51327    4.92695e-06
2.93215     -2.51327    3.81837e-06
3.14159     -2.51327    2.04779e-06

-3.14159     -2.30383    1.93483e-06
-2.93215     -2.30383    3.20887e-06
-2.72271     -2.30383    3.57694e-06
-2.51327     -2.30383    3.23226e-06
-2.30383     -2.30383    2.8247e-06
-2.0944     -2.30383    2.82132e-06
-1.88496     -2.30383    3.32529e-06
-1.67552     -2.30383    4.11061e-06
-1.46608     -2.30383    4.60346e-06
-1.25664     -2.30383    4.13682e-06
-1.0472     -2.30383    2.61461e-06
-0.837758     -2.30383    8.69314e-07
-0.628319     -2.30383    3.02229e-07
-0.418879     -2.30383    8.69094e-07
-0.20944     -2.30383    1.08406e-06
0     -2.30383    1.23409e-06
0.20944     -2.30383    1.08237e-06
0.418879     -2.30383    8.69176e-07
0.628319     -2.30383    3.02189e-07
0.837758     -2.30383    8.69329e-07
1.0472     -2.30383    2.61455e-06
1.25664     -2.30383    4.13678e-06
1.46608     -2.30383    4.60346e-06
1.67552     -2.30383    4.1108e-06
1.88496     -2.30383    3.32537e-06
2.0944     -2.30383    2.8213e-06
2.30383     -2.30383    2.82469e-06
2.51327     -2.30383    3.23231e-06
2.72271     -2.30383    3.57691e-06
2.93215     -2.30383    3.20886e-06
3.14159     -2.30383    1.93476e-06

-3.14159     -2.0944    2.03147e-06
-2.93215     -2.0944    2.58507e-06
-2.72271     -2.0944    2.18513e-06
-2.51327     -2.0944    1.41563e-06
-2.30383     -2.0944    9.17118e-07
-2.0944     -2.0944    8.96551e-07
-1.88496     -2.0944    1.32976e-06
-1.67552     -2.0944    2.10836e-06
-1.46608     -2.0944    2.92351e-06
-1.25664     -2.0944    3.11601e-06
-1.0472     -2.0944    2.26365e-06
-0.837758     -2.0944    8.5604e-07
-0.628319     -2.0944    2.54539e-07
-0.418879     -2.0944    8.27222e-07
-0.20944     -2.0944    1.04338e-06
0     -2.0944    1.01251e-06
0.20944     -2.0944    1.05543e-06
0.418879     -2.0944    8.27245e-07
0.628319     -2.0944    2.54631e-07
0.837758     -2.0944    8.56062e-07
1.0472     -2.0944    2.26354e-06
1.25664     -2.0944    3.11592e-06
1.46608     -2.0944    2.92359e-06
1.67552     -2.0944    2.10838e-06
1.88496     -2.0944    1.32978e-06
2.0944     -2.0944    8.96519e-07
2.30383     -2.0944    9.1706e-07
2.51327     -2.0944    1.41545e-06
2.72271     -2.0944    2.18517e-06
2.93215     -2.0944    2.58519e-06
3.14159     -2.0944    2.03158e-06

-3.14159     -1.88496    2.1354e-06
-2.93215     -1.88496    1.88292e-06
-2.72271     -1.88496    9.25287e-07
-2.51327     -1.88496    5.95988e-08
-2.30383     -1.88496    3.32044e-07
-2.0944     -1.88496    3.15691e-07
-1.88496     -1.88496    3.39185e-09
-1.67552     -1.88496    5.70579e-07
-1.46608     -1.88496    1.32054e-06
-1.25664     -1.88496    1.86987e-06
-1.0472     -1.88496    1.66442e-06
-0.837758     -1.88496    7.39953e-07
-0.628319     -1.88496    2.2826e-07
-0.418879     -1.88496    8.11398e-07
-0.20944     -1.88496    1.06141e-06
0     -1.88496    1.19547e-06
0.20944     -1.88496    1.03654e-06
0.418879     -1.88496    8.11526e-07
0.628319     -1.88496    2.2837e-07
0.837758     -1.88496    7.39879e-07
1.0472     -1.88496    1.66472e-06
1.25664     -1.88496    1.86989e-06
1.46608     -1.88496    1.32073e-06
1.67552     -1.88496    5.70663e-07
1.88496     -1.88496    3.42327e-09
2.0944     -1.88496    3.15561e-07
2.30383     -1.88496    3.31988e-07
2.51327     -1.88496    5.96292e-08
2.72271     -1.88496    9.25278e-07
2.93215     -1.88496    1.88267e-06
3.14159     -1.88496    2.13546e-06

-3.14159     -1.67552    2.11204e-06
-2.93215     -1.67552    1.16036e-06
-2.72271     -1.67552    1.29075e-08
-2.51327     -1.67552    7.40544e-07
-2.30383     -1.67552    9.76015e-07
-2.0944     -1.67552    9.2047e-07
-1.88496     -1.67552    7.08973e-07
-1.67552     -1.67552    3.57399e-07
-1.46608     -1.67552    1.51639e-07
-1.25664     -1.67552    6.94356e-07
-1.0472     -1.67552    8.83038e-07
-0.837758     -1.67552    4.50843e-07
-0.628319     -1.67552    2.76505e-07
-0.418879     -1.67552    8.29974e-07
-0.20944     -1.67552    1.0836e-06
0     -1.67552    1.1391e-06
0.20944     -1.67552    1.12056e-06
0.418879     -1.67552    8.29741e-07
0.628319     -1.67552    2.76561e-07
0.837758     -1.67552    4.50933e-07
1.0472     -1.67552    8.8271e-07
1.25664     -1.67552    6.94454e-07
1.46608     -1.67552    1.51354e-07
1.67552     -1.67552    3.57435e-07
1.88496     -1.67552    7.08927e-07
2.0944     -1.67552    9.20493e-07
2.30383     -1.67552    9.76017e-07
2.51327     -1.67552    7.40563e-07
2.72271     -1.67552    1.27601e-08
2.93215     -1.67552    1.16015e-06
3.14159     -1.67552    2.11214e-06

-3.14159     -1.46608    1.99044e-06
-2.93215     -1.46608    5.93431e-07
-2.72271     -1.46608    5.49332e-07
-2.51327     -1.46608    1.09441e-06
-2.30383     -1.46608    1.21789e-06
-2.0944     -1.46608    1.14743e-06
-1.88496     -1.46608    1.00746e-06
-1.67552     -1.46608    8.20947e-07
-1.46608     -1.46608    5.48165e-07
-1.25664     -1.46608    1.84225e-07
-1.0472     -1.46608    9.44921e-08
-0.837758     -1.46608    8.28794e-09
-0.628319     -1.46608    4.28344e-07
-0.418879     -1.46608    8.91355e-07
-0.20944     -1.46608    1.1752e-06
0     -1.46608    1.20746e-06
0.20944     -1.46608    1.13079e-06
0.418879     -1.46608    8.91196e-07
0.628319     -1.46608    4.28888e-07
0.837758     -1.46608    8.58332e-09
1.0472     -1.46608    9.50649e-08
1.25664     -1.46608    1.84303e-07
1.46608     -1.46608    5.47883e-07
1.67552     -1.46608    8.21135e-07
1.88496     -1.46608    1.00735e-06
2.0944     -1.46608    1.14759e-06
2.30383     -1.46608    1.2178e-06
2.51327     -1.46608    1.09444e-06
2.72271     -1.46608    5.49188e-07
2.93215     -1.46608    5.93234e-07
3.14159     -1.46608    1.99051e-06

-3.14159     -1.25664    1.93847e-06
-2.93215     -1.25664    3.38312e-07
-2.72271     -1.25664    7.1185e-07
-2.51327     -1.25664    1.1511e-06
-2.30383     -1.25664    1.23461e-06
-2.0944     -1.25664    1.18258e-06
-1.88496     -1.25664    1.10074e-06
-1.67552     -1.25664    1.0201e-06
-1.46608     -1.25664    9.10926e-07
-1.25664     -1.25664    7.39214e-07
-1.0472     -1.25664    5.35568e-07
-0.837758     -1.25664    4.81444e-07
-0.628319     -1.25664    6.80797e-07
-0.418879     -1.25664    1.00043e-06
-0.20944     -1.25664    1.22061e-06
0     -1.25664    1.4413e-06
0.20944     -1.25664    1.26353e-06
0.418879     -1.25664    1.00059e-06
0.628319     -1.25664    6.80907e-07
0.837758     -1.25664    4.81402e-07
1.0472     -1.25664    5.35889e-07
1.25664     -1.25664    7.39274e-07
1.46608     -1.25664    9.11099e-07
1.67552     -1.25664    1.01987e-06
1.88496     -1.25664    1.10065e-06
2.0944     -1.25664    1.18275e-06
2.30383     -1.25664    1.23466e-06
2.51327     -1.25664    1.1511e-06
2.72271     -1.25664    7.12003e-07
2.93215     -1.25664    3.38152e-07
3.14159     -1.25664    1.93837e-06

-3.14159     -1.0472    2.15856e-06
-2.93215     -1.0472    4.68006e-07
-2.72271     -1.0472    5.54046e-07
-2.51327     -1.0472    9.98096e-07
-2.30383     -1.0472    1.12443e-06
-2.0944     -1.0472    1.12294e-06
-1.88496     -1.0472    1.10454e-06
-1.67552     -1.0472    1.09506e-06
-1.46608     -1.0472    1.09188e-06
-1.25664     -1.0472    1.04933e-06
-1.0472     -1.0472    9.67391e-07
-0.837758     -1.0472    8.97748e-07
-0.628319     -1.0472    9.62731e-07
-0.418879     -1.0472    1.14466e-06
-0.20944     -1.0472    1.33645e-06
0     -1.0472    1.12896e-06
0.20944     -1.0472    1.30177e-06
0.418879     -1.0472    1.14306e-06
0.628319     -1.0472    9.64827e-07
0.837758     -1.0472    8.97549e-07
1.0472     -1.0472    9.67959e-07
1.25664     -1.0472    1.04994e-06
1.46608     -1.0472    1.09212e-06
1.67552     -1.0472    1.09539e-06
1.88496     -1.0472    1.10463e-06
2.0944     -1.0472    1.12325e-06
2.30383     -1.0472    1.12469e-06
2.51327     -1.0472    9.98163e-07
2.72271     -1.0472    5.54122e-07
2.93215     -1.0472    4.68017e-07
3.14159     -1.0472    2.15849e-06

-3.14159     -0.837758    2.79476e-06
-2.93215     -0.837758    1.05082e-06
-2.72271     -0.837758    6.21748e-08
-2.51327     -0.837758    6.30595e-07
-2.30383     -0.837758    8.78885e-07
-2.0944     -0.837758    9.82263e-07
-1.88496     -0.837758    1.03931e-06
-1.67552     -0.837758    1.10053e-06
-1.46608     -0.837758    1.17007e-06
-1.25664     -0.837758    1.21154e-06
-1.0472     -0.837758    1.2153e-06
-0.837758     -0.837758    1.20328e-06
-0.628319     -0.837758    1.21594e-06
-0.418879     -0.837758    1.32317e-06
-0.20944     -0.837758    1.44027e-06
0     -0.837758    1.86205e-06
0.20944     -0.837758    1.4512e-06
0.418879     -0.837758    1.32162e-06
0.628319     -0.837758    1.21872e-06
0.837758     -0.837758    1.20245e-06
1.0472     -0.837758    1.21556e-06
1.25664     -0.837758    1.21029e-06
1.46608     -0.837758    1.16938e-06
1.67552     -0.837758    1.10049e-06
1.88496     -0.837758    1.03955e-06
2.0944     -0.837758    9.82435e-07
2.30383     -0.837758    8.78909e-07
2.51327     -0.837758    6.30663e-07
2.72271     -0.837758    6.21328e-08
2.93215     -0.837758    1.05077e-06
3.14159     -0.837758    2.79467e-06

-3.14159     -0.628319    3.94745e-06
-2.93215     -0.628319    2.15611e-06
-2.72271     -0.628319    8.86403e-07
-2.51327     -0.628319    8.35476e-08
-2.30383     -0.628319    3.81492e-07
-2.0944     -0.628319    6.59274e-07
-1.88496     -0.628319    8.46825e-07
-1.67552     -0.628319    1.00176e-06
-1.46608     -0.628319    1.13738e-06
-1.25664     -0.628319    1.25386e-06
-1.0472     -0.628319    1.31356e-06
-0.837758     -0.628319    1.35551e-06
-0.628319     -0.628319    1.42024e-06
-0.418879     -0.628319    1.52404e-06
-0.20944     -0.628319    1.65514e-06
0     -0.628319    1.253e-06
0.20944     -0.628319    1.68591e-06
0.418879     -0.628319    1.52343e-06
0.628319     -0.628319    1.41824e-06
0.837758     -0.628319    1.35858e-06
1.0472     -0.628319    1.31449e-06
1.25664     -0.628319    1.25238e-06
1.46608     -0.628319    1.13706e-06
1.67552     -0.628319    1.00128e-06
1.88496     -0.628319    8.46915e-07
2.0944     -0.628319    6.59442e-07
2.30383     -0.628319    3.81465e-07
2.51327     -0.628319    8.35972e-08
2.72271     -0.628319    8.86416e-07
2.93215     -0.628319    2.1562e-06
3.14159     -0.628319    3.94738e-06

-3.14159     -0.418879    5.52007e-06
-2.93215     -0.418879    3.80886e-06
-2.72271     -0.418879    2.39375e-06
-2.51327     -0.418879    1.31826e-06
-2.30383     -0.418879    5.43835e-07
-2.0944     -0.418879    1.73661e-09
-1.88496     -0.418879    4.02955e-07
-1.67552     -0.418879    7.14488e-07
-1.46608     -0.418879    9.68175e-07
-1.25664     -0.418879    1.16914e-06
-1.0472     -0.418879    1.31935e-06
-0.837758     -0.418879    1.41582e-06
-0.628319     -0.418879    1.56352e-06
-0.418879     -0.418879    1.79282e-06
-0.20944     -0.418879    2.07835e-06
0     -0.418879    2.80791e-06
0.20944     -0.418879    1.9671e-06
0.418879     -0.418879    1.78664e-06
0.628319     -0.418879    1.56302e-06
0.837758     -0.418879    1.42039e-06
1.0472     -0.418879    1.31797e-06
1.25664     -0.418879    1.17034e-06
1.46608     -0.418879    9.67874e-07
1.67552     -0.418879    7.14793e-07
1.88496     -0.418879    4.02886e-07
2.0944     -0.418879    1.72141e-09
2.30383     -0.418879    5.43801e-07
2.51327     -0.418879    1.31834e-06
2.72271     -0.418879    2.39379e-06
2.93215     -0.418879    3.8089e-06
3.14159     -0.418879    5.52009e-06

-3.14159     -0.20944    6.88275e-06
-2.93215     -0.20944    5.43933e-06
-2.72271     -0.20944    4.05848e-06
-2.51327     -0.20944    2.82065e-06
-2.30383     -0.20944    1.76835e-06
-2.0944     -0.20944    9.20451e-07
-1.88496     -0.20944    2.56179e-07
-1.67552     -0.20944    2.69592e-07
-1.46608     -0.20944    6.85098e-07
-1.25664     -0.20944    1.0045e-06
-1.0472     -0.20944    1.24449e-06
-0.837758     -0.20944    1.43781e-06
-0.628319     -0.20944    1.67188e-06
-0.418879     -0.20944    2.04389e-06
-0.20944     -0.20944    2.28573e-06
0     -0.20944    2.78559e-06
0.20944     -0.20944    2.81962e-06
0.418879     -0.20944    2.03408e-06
0.628319     -0.20944    1.676e-06
0.837758     -0.20944    1.43706e-06
1.0472     -0.20944    1.24431e-06
1.25664     -0.20944    1.00355e-06
1.46608     -0.20944    6.85701e-07
1.67552     -0.20944    2.69696e-07
1.88496     -0.20944    2.55876e-07
2.0944     -0.20944    9.20489e-07
2.30383     -0.20944    1.76832e-06
2.51327     -0.20944    2.82045e-06
2.72271     -0.20944    4.05852e-06
2.93215     -0.20944    5.43932e-06
3.14159     -0.20944    6.88277e-06

-3.14159     0    7.39359e-06
-2.93215     0    6.11239e-06
-2.72271     0    4.82649e-06
-2.51327     0    3.55475e-06
-2.30383     0    2.39799e-06
-2.0944     0    1.4121e-06
-1.88496     0    6.09345e-07
-1.67552     0    2.66428e-08
-1.46608     0    5.2618e-07
-1.25664     0    9.10185e-07
-1.0472     0    1.18707e-06
-0.837758     0    1.42642e-06
-0.628319     0    1.72453e-06
-0.418879     0    2.12614e-06
-0.20944     0    2.85597e-06
0     0    1.63513e-16
0.20944     0    2.85597e-06
0.418879     0    2.12614e-06
0.628319     0    1.72453e-06
0.837758     0    1.42642e-06
1.0472     0    1.18707e-06
1.25664     0    9.10185e-07
1.46608     0    5.2618e-07
1.67552     0    2.66428e-08
1.88496     0    6.09345e-07
2.0944     0    1.4121e-06
2.30383     0    2.39799e-06
2.51327     0    3.55475e-06
2.72271     0    4.82649e-06
2.93215     0    6.11239e-06
3.14159     0    7.39359e-06

-3.14159     0.20944    6.88277e-06
-2.93215     0.20944    5.43932e-06
-2.72271     0.20944    4.05852e-06
-2.51327     0.20944    2.82045e-06
-2.30383     0.20944    1.76832e-06
-2.0944     0.20944    9.20489e-07
-1.88496     0.20944    2.55876e-07
-1.67552     0.20944    2.69696e-07
-1.46608     0.20944    6.85701e-07
-1.25664     0.20944    1.00355e-06
-1.0472     0.20944    1.24431e-06
-0.837758     0.20944    1.43706e-06
-0.628319     0.20944    1.676e-06
-0.418879     0.20944    2.03408e-06
-0.20944     0.20944    2.81962e-06
0     0.20944    2.78559e-06
0.20944     0.20944    2.28573e-06
0.418879     0.20944    2.04389e-06
0.628319     0.20944    1.67188e-06
0.837758     0.20944    1.43781e-06
1.0472     0.20944    1.24449e-06
1.25664     0.20944    1.0045e-06
1.46608     0.20944    6.85098e-07
1.67552     0.20944    2.69592e-07
1.88496     0.20944    2.56179e-07
2.0944     0.20944    9.20451e-07
2.30383     0.20944    1.76835e-06
2.51327     0.20944    2.82065e-06
2.72271     0.20944    4.05848e-06
2.93215     0.20944    5.43933e-06
3.14159     0.20944    6.88275e-06

-3.14159     0.418879    5.52009e-06
-2.93215     0.418879    3.8089e-06
-2.72271     0.418879    2.39379e-06
-2.51327     0.418879    1.31834e-06
-2.30383     0.418879    5.43801e-07
-2.0944     0.418879    1.72141e-09
-1.88496     0.418879    4.02886e-07
-1.67552     0.418879    7.14793e-07
-1.46608     0.418879    9.67874e-07
-1.25664     0.418879    1.17034e-06
-1.0472     0.418879    1.31797e-06
-0.837758     0.418879    1.42039e-06
-0.628319     0.418879    1.56302e-06
-0.418879     0.418879    1.78664e-06
-0.20944     0.418879    1.9671e-06
0     0.418879    2.80791e-06
0.20944     0.418879    2.07835e-06
0.418879     0.418879    1.79282e-06
0.628319     0.418879    1.56352e-06
0.837758     0.418879    1.41582e-06
1.0472     0.418879    1.31935e-06
1.25664     0.418879    1.16914e-06
1.46608     0.418879    9.68175e-07
1.67552     0.418879    7.14488e-07
1.88496     0.418879    4.02955e-07
2.0944     0.418879    1.73661e-09
2.30383     0.418879    5.43835e-07
2.51327     0.418879    1.31826e-06
2.72271     0.418879    2.39375e-06
2.93215     0.418879    3.80886e-06
3.14159     0.418879    5.52007e-06

-3.14159     0.628319    3.94738e-06
-2.93215     0.628319    2.1562e-06
-2.72271     0.628319    8.86416e-07
-2.51327     0.628319    8.35972e-08
-2.30383     0.628319    3.81465e-07
-2.0944     0.628319    6.59442e-07
-1.88496     0.628319    8.46915e-07
-1.67552     0.628319    1.00128e-06
-1.46608     0.628319    1.13706e-06
-1.25664     0.628319    1.25238e-06
-1.0472     0.628319    1.31449e-06
-0.837758     0.628319    1.35858e-06
-0.628319     0.628319    1.41824e-06
-0.418879     0.628319    1.52343e-06
-0.20944     0.628319    1.68591e-06
0     0.628319    1.253e-06
0.20944     0.628319    1.65514e-06
0.418879     0.628319    1.52404e-06
0.628319     0.628319    1.42024e-06
0.837758     0.628319    1.35551e-06
1.0472     0.628319    1.31356e-06
1.25664     0.628319    1.25386e-06
1.46608     0.628319    1.13738e-06
1.67552     0.628319    1.00176e-06
1.88496     0.628319    8.46825e-07
2.0944     0.628319    6.59274e-07
2.30383     0.628319    3.81492e-07
2.51327     0.628319    8.35476e-08
2.72271     0.628319    8.86403e-07
2.93215     0.628319    2.15611e-06
3.14159     0.628319    3.94745e-06

-3.14159     0.837758    2.79467e-06
-2.93215     0.837758    1.05077e-06
-2.72271     0.837758    6.21328e-08
-2.51327     0.837758    6.30663e-07
-2.30383     0.837758    8.78909e-07
-2.0944     0.837758    9.82435e-07
-1.88496     0.837758    1.03955e-06
-1.67552     0.837758    1.10049e-06
-1.46608     0.837758    1.16938e-06
-1.25664     0.837758    1.21029e-06
-1.0472     0.837758    1.21556e-06
-0.837758     0.837758    1.20245e-06
-0.628319     0.837758    1.21872e-06
-0.418879     0.837758    1.32162e-06
-0.20944     0.837758    1.4512e-06
0     0.837758    1.86205e-06
0.20944     0.837758    1.44027e-06
0.418879     0.837758    1.32317e-06
0.628319     0.837758    1.21594e-06
0.837758     0.837758    1.20328e-06
1.0472     0.837758    1.2153e-06
1.25664     0.837758    1.21154e-06
1.46608     0.837758    1.17007e-06
1.67552     0.837758    1.10053e-06
1.88496     0.837758    1.03931e-06
2.0944     0.837758    9.82263e-07
2.30383     0.837758    8.78885e-07
2.51327     0.837758    6.30595e-07
2.72271     0.837758    6.21748e-08
2.93215     0.837758    1.05082e-06
3.14159     0.837758    2.79476e-06

-3.14159     1.0472    2.15849e-06
-2.93215     1.0472    4.68017e-07
-2.72271     1.0472    5.54122e-07
-2.51327     1.0472    9.98163e-07
-2.30383     1.0472    1.12469e-06
-2.0944     1.0472    1.12325e-06
-1.88496     1.0472    1.10463e-06
-1.67552     1.0472    1.09539e-06
-1.46608     1.0472    1.09212e-06
-1.25664     1.0472    1.04994e-06
-1.0472     1.0472    9.67959e-07
-0.837758     1.0472    8.97549e-07
-0.628319     1.0472    9.64827e-07
-0.418879     1.0472    1.14306e-06
-0.20944     1.0472    1.30177e-06
0     1.0472    1.12896e-06
0.20944     1.0472    1.33645e-06
0.418879     1.0472    1.14466e-06
0.628319     1.0472    9.62731e-07
0.837758     1.0472    8.97748e-07
1.0472     1.0472    9.67391e-07
1.25664     1.0472    1.04933e-06
1.46608     1.0472    1.09188e-06
1.67552     1.0472    1.09506e-06
1.88496     1.0472    1.10454e-06
2.0944     1.0472    1.12294e-06
2.30383     1.0472    1.12443e-06
2.51327     1.0472    9.98096e-07
2.72271     1.0472    5.54046e-07
2.93215     1.0472    4.68006e-07
3.14159     1.0472    2.15856e-06

-3.14159     1.25664    1.93837e-06
-2.93215     1.25664    3.38152e-07
-2.72271     1.25664    7.12003e-07
-2.51327     1.25664    1.1511e-06
-2.30383     1.25664    1.23466e-06
-2.0944     1.25664    1.18275e-06
-1.88496     1.25664    1.10065e-06
-1.67552     1.25664    1.01987e-06
-1.46608     1.25664    9.11099e-07
-1.25664     1.25664    7.39274e-07
-1.0472     1.25664    5.35889e-07
-0.837758     1.25664    4.81402e-07
-0.628319     1.25664    6.80907e-07
-0.418879     1.25664    1.00059e-06
-0.20944     1.25664    1.26353e-06
0     1.25664    1.4413e-06
0.20944     1.25664    1.22061e-06
0.418879     1.25664    1.00043e-06
0.628319     1.25664    6.80797e-07
0.837758     1.25664    4.81444e-07
1.0472     1.25664    5.35568e-07
1.25664     1.25664    7.39214e-07
1.46608     1.25664    9.10926e-07
1.67552     1.25664    1.0201e-06
1.88496     1.25664    1.10074e-06
2.0944     1.25664    1.18258e-06
2.30383     1.25664    1.23461e-06
2.51327     1.25664    1.1511e-06
2.72271     1.25664    7.1185e-07
2.93215     1.25664    3.38312e-07
3.14159     1.25664    1.93847e-06

-3.14159     1.46608    1.99051e-06
-2.93215     1.46608    5.93234e-07
-2.72271     1.46608    5.49188e-07
-2.51327     1.46608    1.09444e-06
-2.30383     1.46608    1.2178e-06
-2.0944     1.46608    1.14759e-06
-1.88496     1.46608    1.00735e-06
-1.67552     1.46608    8.21135e-07
-1.46608     1.46608    5.47883e-07
-1.25664     1.46608    1.84303e-07
-1.0472     1.46608    9.50649e-08
-0.837758     1.46608    8.58332e-09
-0.628319     1.46608    4.28888e-07
-0.418879     1.46608    8.91196e-07
-0.20944     1.46608    1.13079e-06
0     1.46608    1.20746e-06
0.20944     1.46608    1.1752e-06
0.418879     1.46608    8.91355e-07
0.628319     1.46608    4.28344e-07
0.837758     1.46608    8.28794e-09
1.0472     1.46608    9.44921e-08
1.25664     1.46608    1.84225e-07
1.46608     1.46608    5.48165e-07
1.67552     1.46608    8.20947e-07
1.88496     1.46608    1.00746e-06
2.0944     1.46608    1.14743e-06
2.30383     1.46608    1.21789e-06
2.51327     1.46608    1.09441e-06
2.72271     1.46608    5.49332e-07
2.93215     1.46608    5.93431e-07
3.14159     1.46608    1.99044e-06

-3.14159     1.67552    2.11214e-06
-2.93215     1.67552    1.16015e-06
-2.72271     1.67552    1.27601e-08
-2.51327     1.67552    7.40563e-07
-2.30383     1.67552    9.76017e-07
-2.0944     1.67552    9.20493e-07
-1.88496     1.67552    7.08927e-07
-1.67552     1.67552    3.57435e-07
-1.46608     1.67552    1.51354e-07
-1.25664     1.67552    6.94454e-07
-1.0472     1.67552    8.8271e-07
-0.837758     1.67552    4.50933e-07
-0.628319     1.67552    2.76561e-07
-0.418879     1.67552    8.29741e-07
-0.20944     1.67552    1.12056e-06
0     1.67552    1.1391e-06
0.20944     1.67552    1.0836e-06
0.418879     1.67552    8.29974e-07
0.628319     1.67552    2.76505e-07
0.837758     1.67552    4.50843e-07
1.0472     1.67552    8.83038e-07
1.25664     1.67552    6.94356e-07
1.46608     1.67552    1.51639e-07
1.67552     1.67552    3.57399e-07
1.88496     1.67552    7.08973e-07
2.0944     1.67552    9.2047e-07
2.30383     1.67552    9.76015e-07
2.51327     1.67552    7.40544e-07
2.72271     1.67552    1.29075e-08
2.93215     1.67552    1.16036e-06
3.14159     1.67552    2.11204e-06

-3.14159     1.88496    2.13546e-06
-2.93215     1.88496    1.88267e-06
-2.72271     1.88496    9.25278e-07
-2.51327     1.88496    5.96292e-08
-2.30383     1.88496    3.31988e-07
-2.0944     1.88496    3.15561e-07
-1.88496     1.88496    3.42327e-09
-1.67552     1.88496    5.70663e-07
-1.46608     1.88496    1.32073e-06
-1.25664     1.88496    1.86989e-06
-1.0472     1.88496    1.66472e-06
-0.837758     1.88496    7.39879e-07
-0.628319     1.88496    2.2837e-07
-0.418879     1.88496    8.11526e-07
-0.20944     1.88496    1.03654e-06
0     1.88496    1.19547e-06
0.20944     1.88496    1.06141e-06
0.418879     1.88496    8.11398e-07
0.628319     1.88496    2.2826e-07
0.837758     1.88496    7.39953e-07
1.0472     1.88496    1.66442e-06
1.25664     1.88496    1.86987e-06
1.46608     1.88496    1.32054e-06
1.67552     1.88496    5.70579e-07
1.88496     1.88496    3.39185e-09
2.0944     1.88496    3.15691e-07
2.30383     1.88496    3.32044e-07
2.51327     1.88496    5.95988e-08
2.72271     1.88496    9.25287e-07
2.93215     1.88496    1.88292e-06
3.14159     1.88496    2.1354e-06

-3.14159     2.0944    2.03158e-06
-2.93215     2.0944    2.58519e-06
-2.72271     2.0944    2.18517e-06
-2.51327     2.0944    1.41545e-06
-2.30383     2.0944    9.1706e-07
-2.0944     2.0944    8.96519e-07
-1.88496     2.0944    1.32978e-06
-1.67552     2.0944    2.10838e-06
-1.46608     2.0944    2.92359e-06
-1.25664     2.0944    3.11592e-06
-1.0472     2.0944    2.26354e-06
-0.837758     2.0944    8.56062e-07
-0.628319     2.0944    2.54631e-07
-0.418879     2.0944    8.27245e-07
-0.20944     2.0944    1.05543e-06
0     2.0944    1.01251e-06
0.20944     2.0944    1.04338e-06
0.418879     2.0944    8.27222e-07
0.628319     2.0944    2.54539e-07
0.837758     2.0944    8.5604e-07
1.0472     2.0944    2.26365e-06
1.25664     2.0944    3.11601e-06
1.46608     2.0944    2.92351e-06
1.67552     2.0944    2.10836e-06
1.88496     2.0944    1.32976e-06
2.0944     2.0944    8.96551e-07
2.30383     2.0944    9.17118e-07
2.51327     2.0944    1.41563e-06
2.72271     2.0944    2.18513e-06
2.93215     2.0944    2.58507e-06
3.14159     2.0944    2.03147e-06

-3.14159     2.30383    1.93476e-06
-2.93215     2.30383    3.20886e-06
-2.72271     2.30383    3.57691e-06
-2.51327     2.30383    3.23231e-06
-2.30383     2.30383    2.82469e-06
-2.0944     2.30383    2.8213e-06
-1.88496     2.30383    3.32537e-06
-1.67552     2.30383    4.1108e-06
-1.46608     2.30383    4.60346e-06
-1.25664     2.30383    4.13678e-06
-1.0472     2.30383    2.61455e-06
-0.837758     2.30383    8.69329e-07
-0.628319     2.30383    3.02189e-07
-0.418879     2.30383    8.69176e-07
-0.20944     2.30383    1.08237e-06
0     2.30383    1.23409e-06
0.20944     2.30383    1.08406e-06
0.418879     2.30383    8.69094e-07
0.628319     2.30383    3.02229e-07
0.837758     2.30383    8.69314e-07
1.0472     2.30383    2.61461e-06
1.25664     2.30383    4.13682e-06
1.46608     2.30383    4.60346e-06
1.67552     2.30383    4.11061e-06
1.88496     2.30383    3.32529e-06
2.0944     2.30383    2.82132e-06
2.30383     2.30383    2.8247e-06
2.51327     2.30383    3.23226e-06
2.72271     2.30383    3.57694e-06
2.93215     2.30383    3.20887e-06
3.14159     2.30383    1.93483e-06

-3.14159     2.51327    2.04779e-06
-2.93215     2.51327    3.81837e-06
-2.72271     2.51327    4.92695e-06
-2.51327     2.51327    5.21945e-06
-2.30383     2.51327    5.14481e-06
-2.0944     2.51327    5.2389e-06
-1.88496     2.51327    5.6559e-06
-1.67552     2.51327    6.08646e-06
-1.46608     2.51327    5.97055e-06
-1.25664     2.51327    4.84203e-06
-1.0472     2.51327    2.83239e-06
-0.837758     2.51327    9.09591e-07
-0.628319     2.51327    3.09946e-07
-0.418879     2.51327    9.05551e-07
-0.20944     2.51327    1.1432e-06
0     2.51327    1.14986e-06
0.20944     2.51327    1.14889e-06
0.418879     2.51327    9.05578e-07
0.628319     2.51327    3.09926e-07
0.837758     2.51327    9.09727e-07
1.0472     2.51327    2.83233e-06
1.25664     2.51327    4.842e-06
1.46608     2.51327    5.9705e-06
1.67552     2.51327    6.08658e-06
1.88496     2.51327    5.6559e-06
2.0944     2.51327    5.239e-06
2.30383     2.51327    5.14487e-06
2.51327     2.51327    5.21941e-06
2.72271     2.51327    4.92695e-06
2.93215     2.51327    3.81847e-06
3.14159     2.51327    2.04788e-06

-3.14159     2.72271    2.53919e-06
-2.93215     2.72271    4.56988e-06
-2.72271     2.72271    6.18807e-06
-2.51327     2.72271    7.04871e-06
-2.30383     2.72271    7.39755e-06
-2.0944     2.72271    7.59309e-06
-1.88496     2.72271    7.72224e-06
-1.67552     2.72271    7.62804e-06
-1.46608     2.72271    6.97823e-06
-1.25664     2.72271    5.39323e-06
-1.0472     2.72271    3.13038e-06
-0.837758     2.72271    1.1204e-06
-0.628319     2.72271    1.75663e-07
-0.418879     2.72271    8.55114e-07
-0.20944     2.72271    1.16911e-06
0     2.72271    1.28896e-06
0.20944     2.72271    1.15978e-06
0.418879     2.72271    8.55053e-07
0.628319     2.72271    1.75647e-07
0.837758     2.72271    1.12031e-06
1.0472     2.72271    3.1304e-06
1.25664     2.72271    5.39328e-06
1.46608     2.72271    6.97818e-06
1.67552     2.72271    7.62798e-06
1.88496     2.72271    7.72215e-06
2.0944     2.72271    7.59329e-06
2.30383     2.72271    7.39763e-06
2.51327     2.72271    7.04883e-06
2.72271     2.72271    6.18802e-06
2.93215     2.72271    4.56992e-06
3.14159     2.72271    2.53926e-06

-3.14159     2.93215    3.51808e-06
-2.93215     2.93215    5.61043e-06
-2.72271     2.93215    7.42117e-06
-2.51327     2.93215    8.53849e-06
-2.30383     2.93215    9.04521e-06
-2.0944     2.93215    9.16898e-06
-1.88496     2.93215    9.04846e-06
-1.67552     2.93215    8.69552e-06
-1.46608     2.93215    7.82379e-06
-1.25664     2.93215    6.04837e-06
-1.0472     2.93215    3.72217e-06
-0.837758     2.93215    1.67968e-06
-0.628319     2.93215    2.79409e-07
-0.418879     2.93215    5.37428e-07
-0.20944     2.93215    9.27953e-07
0     2.93215    1.04082e-06
0.20944     2.93215    9.37432e-07
0.418879     2.93215    5.37339e-07
0.628319     2.93215    2.79403e-07
0.837758     2.93215    1.67967e-06
1.0472     2.93215    3.72199e-06
1.25664     2.93215    6.04833e-06
1.46608     2.93215    7.82372e-06
1.67552     2.93215    8.69565e-06
1.88496     2.93215    9.04831e-06
2.0944     2.93215    9.16891e-06
2.30383     2.93215    9.04556e-06
2.51327     2.93215    8.53842e-06
2.72271     2.93215    7.42123e-06
2.93215     2.93215    5.61052e-06
3.14159     2.93215    3.51817e-06

-3.14159     3.14159    4.99939e-06
-2.93215     3.14159    6.92631e-06
-2.72271     3.14159    8.54654e-06
-2.51327     3.14159    9.44967e-06
-2.30383     3.14159    9.68407e-06
-2.0944     3.14159    9.61426e-06
-1.88496     3.14159    9.52794e-06
-1.67552     3.14159    9.3494e-06
-1.46608     3.14159    8.61854e-06
-1.25664     3.14159    6.93053e-06
-1.0472     3.14159    4.73079e-06
-0.837758     3.14159    2.74426e-06
-0.628319     3.14159    1.26704e-06
-0.418879     3.14159    3.17941e-07
-0.20944     3.14159    1.94582e-07
0     3.14159    3.3926e-07
0.20944     3.14159    1.87762e-07
0.418879     3.14159    3.1796e-07
0.628319     3.14159    1.26704e-06
0.837758     3.14159    2.74408e-06
1.0472     3.14159    4.73096e-06
1.25664     3.14159    6.93061e-06
1.46608     3.14159    8.61856e-06
1.67552     3.14159    9.34957e-06
1.88496     3.14159    9.52757e-06
2.0944     3.14159    9.61386e-06
2.30383     3.14159    9.68503e-06
2.51327     3.14159    9.4501e-06
2.72271     3.14159    8.54663e-06
2.93215     3.14159    6.92628e-06
3.14159     3.14159    4.9994e-06

