-3.14159     -3.14159    0.0232811
-2.93215     -3.14159    0.00470804
-2.72271     -3.14159    0.00224777
-2.51327     -3.14159    0.000253784
-2.30383     -3.14159    0.00408623
-2.0944     -3.14159    0.00495898
-1.88496     -3.14159    0.00723242
-1.67552     -3.14159    0.00817404
-1.46608     -3.14159    0.0141987
-1.25664     -3.14159    0.00450097
-1.0472     -3.14159    0.0251893
-0.837758     -3.14159    0.00122837
-0.628319     -3.14159    0.0195354
-0.418879     -3.14159    0.00529265
-0.20944     -3.14159    0.00957373
0     -3.14159    0.000236845
0.20944     -3.14159    0.00968031
0.418879     -3.14159    0.00532113
0.628319     -3.14159    0.019451
0.837758     -3.14159    0.00127933
1.0472     -3.14159    0.0251667
1.25664     -3.14159    0.00453868
1.46608     -3.14159    0.0142129
1.67552     -3.14159    0.00826962
1.88496     -3.14159    0.00752422
2.0944     -3.14159    0.00502952
2.30383     -3.14159    0.00403108
2.51327     -3.14159    0.000205684
2.72271     -3.14159    0.00227681
2.93215     -3.14159    0.00479033
3.14159     -3.14159    0.022963

-3.14159     -2.93215    0.0294994
-2.93215     -2.93215    0.00559457
-2.72271     -2.93215    0.0122419
-2.51327     -2.93215    0.0196038
-2.30383     -2.93215    2.52993e-05
-2.0944     -2.93215    0.00217619
-1.88496     -2.93215    0.014517
-1.67552     -2.93215    0.0083092
-1.46608     -2.93215    0.0150816
-1.25664     -2.93215    0.00433968
-1.0472     -2.93215    0.0217256
-0.837758     -2.93215    0.00339219
-0.628319     -2.93215    0.0142499
-0.418879     -2.93215    0.00979257
-0.20944     -2.93215    0.00327719
0     -2.93215    0.00303367
0.20944     -2.93215    0.00323528
0.418879     -2.93215    0.00979699
0.628319     -2.93215    0.0141849
0.837758     -2.93215    0.00337525
1.0472     -2.93215    0.021722
1.25664     -2.93215    0.00429776
1.46608     -2.93215    0.0150586
1.67552     -2.93215    0.00884113
1.88496     -2.93215    0.0142015
2.0944     -2.93215    0.00222984
2.30383     -2.93215    0.000144522
2.51327     -2.93215    0.0195321
2.72271     -2.93215    0.0122613
2.93215     -2.93215    0.00557906
3.14159     -2.93215    0.0290157

-3.14159     -2.72271    0.00915396
-2.93215     -2.72271    0.00618915
-2.72271     -2.72271    0.0050163
-2.51327     -2.72271    0.0125796
-2.30383     -2.72271    0.00824337
-2.0944     -2.72271    0.00811133
-1.88496     -2.72271    0.0189757
-1.67552     -2.72271    0.00403803
-1.46608     -2.72271    0.00673658
-1.25664     -2.72271    0.00584997
-1.0472     -2.72271    0.0108135
-0.837758     -2.72271    0.0167562
-0.628319     -2.72271    0.0123605
-0.418879     -2.72271    0.00375689
-0.20944     -2.72271    0.000133731
0     -2.72271    0.0177517
0.20944     -2.72271    0.000168465
0.418879     -2.72271    0.00372514
0.628319     -2.72271    0.0123332
0.837758     -2.72271    0.0166826
1.0472     -2.72271    0.0107413
1.25664     -2.72271    0.0057007
1.46608     -2.72271    0.0067732
1.67552     -2.72271    0.00387399
1.88496     -2.72271    0.018537
2.0944     -2.72271    0.00810857
2.30383     -2.72271    0.00845498
2.51327     -2.72271    0.0125849
2.72271     -2.72271    0.00481769
2.93215     -2.72271    0.00628208
3.14159     -2.72271    0.00912169

-3.14159     -2.51327    0.0122212
-2.93215     -2.51327    0.00648846
-2.72271     -2.51327    0.0221989
-2.51327     -2.51327    0.00148865
-2.30383     -2.51327    0.00193949
-2.0944     -2.51327    0.0220341
-1.88496     -2.51327    0.00180443
-1.67552     -2.51327    0.00211074
-1.46608     -2.51327    0.0221798
-1.25664     -2.51327    0.0209866
-1.0472     -2.51327    0.013402
-0.837758     -2.51327    0.00851234
-0.628319     -2.51327    0.00616075
-0.418879     -2.51327    0.0163681
-0.20944     -2.51327    0.0069624
0     -2.51327    0.0148321
0.20944     -2.51327    0.00692154
0.418879     -2.51327    0.0163634
0.628319     -2.51327    0.00620741
0.837758     -2.51327    0.00805847
1.0472     -2.51327    0.0135616
1.25664     -2.51327    0.0211128
1.46608     -2.51327    0.022246
1.67552     -2.51327    0.00208797
1.88496     -2.51327    0.00171811
2.0944     -2.51327    0.0224527
2.30383     -2.51327    0.00193685
2.51327     -2.51327    0.00132069
2.72271     -2.51327    0.0221187
2.93215     -2.51327    0.0065111
3.14159     -2.51327    0.0123203

-3.14159     -2.30383    0.00200162
-2.93215     -2.30383    0.00193439
-2.72271     -2.30383    8.83333e-05
-2.51327     -2.30383    0.0174061
-2.30383     -2.30383    0.00159691
-2.0944     -2.30383    0.0239291
-1.88496     -2.30383    0.00594804
-1.67552     -2.30383    0.00593026
-1.46608     -2.30383    0.0290877
-1.25664     -2.30383    0.0162494
-1.0472     -2.30383    0.0268531
-0.837758     -2.30383    0.0140473
-0.628319     -2.30383    0.000914077
-0.418879     -2.30383    0.00543368
-0.20944     -2.30383    0.0104405
0     -2.30383    0.0141192
0.20944     -2.30383    0.010513
0.418879     -2.30383    0.00538984
0.628319     -2.30383    0.000913412
0.837758     -2.30383    0.0139791
1.0472     -2.30383    0.0267732
1.25664     -2.30383    0.0161304
1.46608     -2.30383    0.0292778
1.67552     -2.30383    0.00582906
1.88496     -2.30383    0.00587894
2.0944     -2.30383    0.0242371
2.30383     -2.30383    0.00163493
2.51327     -2.30383    0.0174417
2.72271     -2.30383    5.20934e-05
2.93215     -2.30383    0.00191616
3.14159     -2.30383    0.00191

-3.14159     -2.0944    0.000478133
-2.93215     -2.0944    0.00539358
-2.72271     -2.0944    0.00213015
-2.51327     -2.0944    0.00930881
-2.30383     -2.0944    0.0187144
-2.0944     -2.0944    0.0186904
-1.88496     -2.0944    0.0137825
-1.67552     -2.0944    0.0148936
-1.46608     -2.0944    0.0210728
-1.25664     -2.0944    0.00666753
-1.0472     -2.0944    0.000743637
-0.837758     -2.0944    0.0132604
-0.628319     -2.0944    0.00478758
-0.418879     -2.0944    0.00157301
-0.20944     -2.0944    0.00808851
0     -2.0944    0.0244093
0.20944     -2.0944    0.00809982
0.418879     -2.0944    0.00144795
0.628319     -2.0944    0.00479061
0.837758     -2.0944    0.0132215
1.0472     -2.0944    0.000834086
1.25664     -2.0944    0.0066783
1.46608     -2.0944    0.0210518
1.67552     -2.0944    0.0149235
1.88496     -2.0944    0.0137624
2.0944     -2.0944    0.0190142
2.30383     -2.0944    0.0186812
2.51327     -2.0944    0.00917465
2.72271     -2.0944    0.00201356
2.93215     -2.0944    0.00522491
3.14159     -2.0944    0.000664309

-3.14159     -1.88496    0.025786
-2.93215     -1.88496    0.00748117
-2.72271     -1.88496    0.00708299
-2.51327     -1.88496    0.00568344
-2.30383     -1.88496    0.00373113
-2.0944     -1.88496    0.0087936
-1.88496     -1.88496    0.00989382
-1.67552     -1.88496    0.00601869
-1.46608     -1.88496    0.0232833
-1.25664     -1.88496    0.00845795
-1.0472     -1.88496    0.0169896
-0.837758     -1.88496    0.0117773
-0.628319     -1.88496    0.00349274
-0.418879     -1.88496    0.0073689
-0.20944     -1.88496    0.00511264
0     -1.88496    0.00671344
0.20944     -1.88496    0.00508019
0.418879     -1.88496    0.00740626
0.628319     -1.88496    0.00354029
0.837758     -1.88496    0.0119037
1.0472     -1.88496    0.0168871
1.25664     -1.88496    0.00841082
1.46608     -1.88496    0.0233407
1.67552     -1.88496    0.00618787
1.88496     -1.88496    0.00989047
2.0944     -1.88496    0.00892941
2.30383     -1.88496    0.00376873
2.51327     -1.88496    0.00567894
2.72271     -1.88496    0.00698757
2.93215     -1.88496    0.00735277
3.14159     -1.88496    0.0256637

-3.14159     -1.67552    0.0179976
-2.93215     -1.67552    0.000576907
-2.72271     -1.67552    0.00309952
-2.51327     -1.67552    0.00280869
-2.30383     -1.67552    0.00807199
-2.0944     -1.67552    0.0120417
-1.88496     -1.67552    0.00903548
-1.67552     -1.67552    0.000650041
-1.46608     -1.67552    0.00526498
-1.25664     -1.67552    0.0126567
-1.0472     -1.67552    0.00627953
-0.837758     -1.67552    0.0127239
-0.628319     -1.67552    0.00651198
-0.418879     -1.67552    0.00988333
-0.20944     -1.67552    0.0100325
0     -1.67552    0.00640826
0.20944     -1.67552    0.00992486
0.418879     -1.67552    0.0099171
0.628319     -1.67552    0.00652491
0.837758     -1.67552    0.0126898
1.0472     -1.67552    0.00624646
1.25664     -1.67552    0.0126876
1.46608     -1.67552    0.00532244
1.67552     -1.67552    0.000574691
1.88496     -1.67552    0.00895824
2.0944     -1.67552    0.0121022
2.30383     -1.67552    0.00816307
2.51327     -1.67552    0.00278129
2.72271     -1.67552    0.00298897
2.93215     -1.67552    0.00071042
3.14159     -1.67552    0.0179604

-3.14159     -1.46608    0.00293526
-2.93215     -1.46608    0.00844673
-2.72271     -1.46608    0.00146906
-2.51327     -1.46608    0.00178382
-2.30383     -1.46608    0.00964595
-2.0944     -1.46608    0.00901324
-1.88496     -1.46608    0.00678272
-1.67552     -1.46608    0.00390423
-1.46608     -1.46608    0.00172495
-1.25664     -1.46608    0.00243637
-1.0472     -1.46608    0.0148742
-0.837758     -1.46608    0.0105919
-0.628319     -1.46608    0.0155336
-0.418879     -1.46608    0.0129439
-0.20944     -1.46608    0.00339821
0     -1.46608    0.0100014
0.20944     -1.46608    0.00356397
0.418879     -1.46608    0.0129685
0.628319     -1.46608    0.0156788
0.837758     -1.46608    0.0100358
1.0472     -1.46608    0.0148818
1.25664     -1.46608    0.00246141
1.46608     -1.46608    0.00166707
1.67552     -1.46608    0.00390743
1.88496     -1.46608    0.00655824
2.0944     -1.46608    0.0088617
2.30383     -1.46608    0.00949516
2.51327     -1.46608    0.0017926
2.72271     -1.46608    0.00154388
2.93215     -1.46608    0.00836544
3.14159     -1.46608    0.00270507

-3.14159     -1.25664    0.00271169
-2.93215     -1.25664    0.00385944
-2.72271     -1.25664    0.000466784
-2.51327     -1.25664    0.00313329
-2.30383     -1.25664    0.0205048
-2.0944     -1.25664    0.00584665
-1.88496     -1.25664    0.0207271
-1.67552     -1.25664    0.00540512
-1.46608     -1.25664    0.0102292
-1.25664     -1.25664    0.00368257
-1.0472     -1.25664    0.0151325
-0.837758     -1.25664    0.00688407
-0.628319     -1.25664    0.00425699
-0.418879     -1.25664    0.000881037
-0.20944     -1.25664    0.00177451
0     -1.25664    0.0132066
0.20944     -1.25664    0.00172902
0.418879     -1.25664    0.000831567
0.628319     -1.25664    0.00413858
0.837758     -1.25664    0.00693617
1.0472     -1.25664    0.0151268
1.25664     -1.25664    0.00372026
1.46608     -1.25664    0.010361
1.67552     -1.25664    0.00544798
1.88496     -1.25664    0.0209971
2.0944     -1.25664    0.00622496
2.30383     -1.25664    0.020455
2.51327     -1.25664    0.00311749
2.72271     -1.25664    0.000521767
2.93215     -1.25664    0.00383284
3.14159     -1.25664    0.00273532

-3.14159     -1.0472    0.0164276
-2.93215     -1.0472    0.0155131
-2.72271     -1.0472    0.0097932
-2.51327     -1.0472    0.00388853
-2.30383     -1.0472    0.014497
-2.0944     -1.0472    0.0137579
-1.88496     -1.0472    0.0235933
-1.67552     -1.0472    0.00152657
-1.46608     -1.0472    0.00653401
-1.25664     -1.0472    0.00795268
-1.0472     -1.0472    0.0104813
-0.837758     -1.0472    0.00444006
-0.628319     -1.0472    0.0241305
-0.418879     -1.0472    0.0192963
-0.20944     -1.0472    0.00238565
0     -1.0472    0.0164186
0.20944     -1.0472    0.0025611
0.418879     -1.0472    0.0192565
0.628319     -1.0472    0.0239353
0.837758     -1.0472    0.00453309
1.0472     -1.0472    0.0105037
1.25664     -1.0472    0.0079754
1.46608     -1.0472    0.006544
1.67552     -1.0472    0.00155173
1.88496     -1.0472    0.0236348
2.0944     -1.0472    0.0137977
2.30383     -1.0472    0.0144757
2.51327     -1.0472    0.00382592
2.72271     -1.0472    0.00982301
2.93215     -1.0472    0.0154997
3.14159     -1.0472    0.0164577

-3.14159     -0.837758    0.0027752
-2.93215     -0.837758    0.0137276
-2.72271     -0.837758    0.0128418
-2.51327     -0.837758    0.0154698
-2.30383     -0.837758    0.0100074
-2.0944     -0.837758    0.005174
-1.88496     -0.837758    0.00560016
-1.67552     -0.837758    0.004245
-1.46608     -0.837758    0.00446677
-1.25664     -0.837758    0.0155185
-1.0472     -0.837758    0.00205458
-0.837758     -0.837758    0.00110162
-0.628319     -0.837758    0.0210244
-0.418879     -0.837758    0.0133022
-0.20944     -0.837758    0.00208731
0     -0.837758    0.0219977
0.20944     -0.837758    0.00208666
0.418879     -0.837758    0.0134498
0.628319     -0.837758    0.0211146
0.837758     -0.837758    0.00112981
1.0472     -0.837758    0.00197341
1.25664     -0.837758    0.0155176
1.46608     -0.837758    0.00453214
1.67552     -0.837758    0.00424443
1.88496     -0.837758    0.00548051
2.0944     -0.837758    0.00517308
2.30383     -0.837758    0.0101234
2.51327     -0.837758    0.0154291
2.72271     -0.837758    0.0128348
2.93215     -0.837758    0.0139699
3.14159     -0.837758    0.00268916

-3.14159     -0.628319    0.0346901
-2.93215     -0.628319    0.00371414
-2.72271     -0.628319    0.0154345
-2.51327     -0.628319    0.00194064
-2.30383     -0.628319    0.00237822
-2.0944     -0.628319    0.00553346
-1.88496     -0.628319    0.0060335
-1.67552     -0.628319    0.0056189
-1.46608     -0.628319    0.0047698
-1.25664     -0.628319    0.00419174
-1.0472     -0.628319    0.0160447
-0.837758     -0.628319    0.00576659
-0.628319     -0.628319    0.00159386
-0.418879     -0.628319    0.0103201
-0.20944     -0.628319    0.0145001
0     -0.628319    0.0141786
0.20944     -0.628319    0.0144086
0.418879     -0.628319    0.0102848
0.628319     -0.628319    0.00162558
0.837758     -0.628319    0.00581302
1.0472     -0.628319    0.0162214
1.25664     -0.628319    0.00409128
1.46608     -0.628319    0.00481408
1.67552     -0.628319    0.00566275
1.88496     -0.628319    0.00601026
2.0944     -0.628319    0.00552296
2.30383     -0.628319    0.00241842
2.51327     -0.628319    0.0019368
2.72271     -0.628319    0.015234
2.93215     -0.628319    0.00397038
3.14159     -0.628319    0.0341275

-3.14159     -0.418879    0.0121378
-2.93215     -0.418879    0.00803362
-2.72271     -0.418879    0.0132645
-2.51327     -0.418879    0.0182913
-2.30383     -0.418879    0.0149321
-2.0944     -0.418879    0.00889038
-1.88496     -0.418879    0.00637979
-1.67552     -0.418879    0.0132616
-1.46608     -0.418879    0.00927231
-1.25664     -0.418879    0.00328398
-1.0472     -0.418879    0.0117131
-0.837758     -0.418879    0.000521411
-0.628319     -0.418879    0.023117
-0.418879     -0.418879    0.0137803
-0.20944     -0.418879    0.000938596
0     -0.418879    0.00812436
0.20944     -0.418879    0.000994725
0.418879     -0.418879    0.0138475
0.628319     -0.418879    0.0228985
0.837758     -0.418879    0.00062548
1.0472     -0.418879    0.0116939
1.25664     -0.418879    0.00316633
1.46608     -0.418879    0.00923802
1.67552     -0.418879    0.013309
1.88496     -0.418879    0.00642674
2.0944     -0.418879    0.00885692
2.30383     -0.418879    0.0150507
2.51327     -0.418879    0.0185274
2.72271     -0.418879    0.0133888
2.93215     -0.418879    0.00800864
3.14159     -0.418879    0.012006

-3.14159     -0.20944    0.00625834
-2.93215     -0.20944    0.00173961
-2.72271     -0.20944    0.0078429
-2.51327     -0.20944    0.0241045
-2.30383     -0.20944    0.00185801
-2.0944     -0.20944    0.00910108
-1.88496     -0.20944    0.0070857
-1.67552     -0.20944    0.0143105
-1.46608     -0.20944    0.0101564
-1.25664     -0.20944    0.00598351
-1.0472     -0.20944    0.0156104
-0.837758     -0.20944    0.00209204
-0.628319     -0.20944    0.00563757
-0.418879     -0.20944    0.00260094
-0.20944     -0.20944    0.00615612
0     -0.20944    0.00272698
0.20944     -0.20944    0.00674563
0.418879     -0.20944    0.00237116
0.628319     -0.20944    0.00549686
0.837758     -0.20944    0.00219972
1.0472     -0.20944    0.0155596
1.25664     -0.20944    0.00598807
1.46608     -0.20944    0.0100709
1.67552     -0.20944    0.0143267
1.88496     -0.20944    0.00718878
2.0944     -0.20944    0.00923184
2.30383     -0.20944    0.00161352
2.51327     -0.20944    0.0241506
2.72271     -0.20944    0.00799775
2.93215     -0.20944    0.00167882
3.14159     -0.20944    0.00628366

-3.14159     0    0.000827725
-2.93215     0    0.0170239
-2.72271     0    0.0421584
-2.51327     0    0.00440858
-2.30383     0    0.0137321
-2.0944     0    0.00997807
-1.88496     0    0.0164232
-1.67552     0    0.00964484
-1.46608     0    0.00339186
-1.25664     0    0.0188372
-1.0472     0    0.0250065
-0.837758     0    0.00100838
-0.628319     0    0.0290154
-0.418879     0    0.00712957
-0.20944     0    0.0116879
0     0    1.7156e-14
0.20944     0    0.0116879
0.418879     0    0.00712957
0.628319     0    0.0290154
0.837758     0    0.00100838
1.0472     0    0.0250065
1.25664     0    0.0188372
1.46608     0    0.00339186
1.67552     0    0.00964484
1.88496     0    0.0164232
2.0944     0    0.00997807
2.30383     0    0.0137321
2.51327     0    0.00440858
2.72271     0    0.0421584
2.93215     0    0.0170239
3.14159     0    0.000827725

-3.14159     0.20944    0.00628366
-2.93215     0.20944    0.00167882
-2.72271     0.20944    0.00799775
-2.51327     0.20944    0.0241506
-2.30383     0.20944    0.00161352
-2.0944     0.20944    0.00923184
-1.88496     0.20944    0.00718878
-1.67552     0.20944    0.0143267
-1.46608     0.20944    0.0100709
-1.25664     0.20944    0.00598807
-1.0472     0.20944    0.0155596
-0.837758     0.20944    0.00219972
-0.628319     0.20944    0.00549686
-0.418879     0.20944    0.00237116
-0.20944     0.20944    0.00674563
0     0.20944    0.00272698
0.20944     0.20944    0.00615612
0.418879     0.20944    0.00260094
0.628319     0.20944    0.00563757
0.837758     0.20944    0.00209204
1.0472     0.20944    0.0156104
1.25664     0.20944    0.00598351
1.46608     0.20944    0.0101564
1.67552     0.20944    0.0143105
1.88496     0.20944    0.0070857
2.0944     0.20944    0.00910108
2.30383     0.20944    0.00185801
2.51327     0.20944    0.0241045
2.72271     0.20944    0.0078429
2.93215     0.20944    0.00173961
3.14159     0.20944    0.00625834

-3.14159     0.418879    0.012006
-2.93215     0.418879    0.00800864
-2.72271     0.418879    0.0133888
-2.51327     0.418879    0.0185274
-2.30383     0.418879    0.0150507
-2.0944     0.418879    0.00885692
-1.88496     0.418879    0.00642674
-1.67552     0.418879    0.013309
-1.46608     0.418879    0.00923802
-1.25664     0.418879    0.00316633
-1.0472     0.418879    0.0116939
-0.837758     0.418879    0.00062548
-0.628319     0.418879    0.0228985
-0.418879     0.418879    0.0138475
-0.20944     0.418879    0.000994725
0     0.418879    0.00812436
0.20944     0.418879    0.000938596
0.418879     0.418879    0.0137803
0.628319     0.418879    0.023117
0.837758     0.418879    0.000521411
1.0472     0.418879    0.0117131
1.25664     0.418879    0.00328398
1.46608     0.418879    0.00927231
1.67552     0.418879    0.0132616
1.88496     0.418879    0.00637979
2.0944     0.418879    0.00889038
2.30383     0.418879    0.0149321
2.51327     0.418879    0.0182913
2.72271     0.418879    0.0132645
2.93215     0.418879    0.00803362
3.14159     0.418879    0.0121378

-3.14159     0.628319    0.0341275
-2.93215     0.628319    0.00397038
-2.72271     0.628319    0.015234
-2.51327     0.628319    0.0019368
-2.30383     0.628319    0.00241842
-2.0944     0.628319    0.00552296
-1.88496     0.628319    0.00601026
-1.67552     0.628319    0.00566275
-1.46608     0.628319    0.00481408
-1.25664     0.628319    0.00409128
-1.0472     0.628319    0.0162214
-0.837758     0.628319    0.00581302
-0.628319     0.628319    0.00162558
-0.418879     0.628319    0.0102848
-0.20944     0.628319    0.0144086
0     0.628319    0.0141786
0.20944     0.628319    0.0145001
0.418879     0.628319    0.0103201
0.628319     0.628319    0.00159386
0.837758     0.628319    0.00576659
1.0472     0.628319    0.0160447
1.25664     0.628319    0.00419174
1.46608     0.628319    0.0047698
1.67552     0.628319    0.0056189
1.88496     0.628319    0.0060335
2.0944     0.628319    0.00553346
2.30383     0.628319    0.00237822
2.51327     0.628319    0.00194064
2.72271     0.628319    0.0154345
2.93215     0.628319    0.00371414
3.14159     0.628319    0.0346901

-3.14159     0.837758    0.00268916
-2.93215     0.837758    0.0139699
-2.72271     0.837758    0.0128348
-2.51327     0.837758    0.0154291
-2.30383     0.837758    0.0101234
-2.0944     0.837758    0.00517308
-1.88496     0.837758    0.00548051
-1.67552     0.837758    0.00424443
-1.46608     0.837758    0.00453214
-1.25664     0.837758    0.0155176
-1.0472     0.837758    0.00197341
-0.837758     0.837758    0.00112981
-0.628319     0.837758    0.0211146
-0.418879     0.837758    0.0134498
-0.20944     0.837758    0.00208666
0     0.837758    0.0219977
0.20944     0.837758    0.00208731
0.418879     0.837758    0.0133022
0.628319     0.837758    0.0210244
0.837758     0.837758    0.00110162
1.0472     0.837758    0.00205458
1.25664     0.837758    0.0155185
1.46608     0.837758    0.00446677
1.67552     0.837758    0.004245
1.88496     0.837758    0.00560016
2.0944     0.837758    0.005174
2.30383     0.837758    0.0100074
2.51327     0.837758    0.0154698
2.72271     0.837758    0.0128418
2.93215     0.837758    0.0137276
3.14159     0.837758    0.0027752

-3.14159     1.0472    0.0164577
-2.93215     1.0472    0.0154997
-2.72271     1.0472    0.00982301
-2.51327     1.0472    0.00382592
-2.30383     1.0472    0.0144757
-2.0944     1.0472    0.0137977
-1.88496     1.0472    0.0236348
-1.67552     1.0472    0.00155173
-1.46608     1.0472    0.006544
-1.25664     1.0472    0.0079754
-1.0472     1.0472    0.0105037
-0.837758     1.0472    0.00453309
-0.628319     1.0472    0.0239353
-0.418879     1.0472    0.0192565
-0.20944     1.0472    0.0025611
0     1.0472    0.0164186
0.20944     1.0472    0.00238565
0.418879     1.0472    0.0192963
0.628319     1.0472    0.0241305
0.837758     1.0472    0.00444006
1.0472     1.0472    0.0104813
1.25664     1.0472    0.00795268
1.46608     1.0472    0.00653401
1.67552     1.0472    0.00152657
1.88496     1.0472    0.0235933
2.0944     1.0472    0.0137579
2.30383     1.0472    0.014497
2.51327     1.0472    0.00388853
2.72271     1.0472    0.0097932
2.93215     1.0472    0.0155131
3.14159     1.0472    0.0164276

-3.14159     1.25664    0.00273532
-2.93215     1.25664    0.00383284
-2.72271     1.25664    0.000521767
-2.51327     1.25664    0.00311749
-2.30383     1.25664    0.020455
-2.0944     1.25664    0.00622496
-1.88496     1.25664    0.0209971
-1.67552     1.25664    0.00544798
-1.46608     1.25664    0.010361
-1.25664     1.25664    0.00372026
-1.0472     1.25664    0.0151268
-0.837758     1.25664    0.00693617
-0.628319     1.25664    0.00413858
-0.418879     1.25664    0.000831567
-0.20944     1.25664    0.00172902
0     1.25664    0.0132066
0.20944     1.25664    0.00177451
0.418879     1.25664    0.000881037
0.628319     1.25664    0.00425699
0.837758     1.25664    0.00688407
1.0472     1.25664    0.0151325
1.25664     1.25664    0.00368257
1.46608     1.25664    0.0102292
1.67552     1.25664    0.00540512
1.88496     1.25664    0.0207271
2.0944     1.25664    0.00584665
2.30383     1.25664    0.0205048
2.51327     1.25664    0.00313329
2.72271     1.25664    0.000466784
2.93215     1.25664    0.00385944
3.14159     1.25664    0.00271169

-3.14159     1.46608    0.00270507
-2.93215     1.46608    0.00836544
-2.72271     1.46608    0.00154388
-2.51327     1.46608    0.0017926
-2.30383     1.46608    0.00949516
-2.0944     1.46608    0.0088617
-1.88496     1.46608    0.00655824
-1.67552     1.46608    0.00390743
-1.46608     1.46608    0.00166707
-1.25664     1.46608    0.00246141
-1.0472     1.46608    0.0148818
-0.837758     1.46608    0.0100358
-0.628319     1.46608    0.0156788
-0.418879     1.46608    0.0129685
-0.20944     1.46608    0.00356397
0     1.46608    0.0100014
0.20944     1.46608    0.00339821
0.418879     1.46608    0.0129439
0.628319     1.46608    0.0155336
0.837758     1.46608    0.0105919
1.0472     1.46608    0.0148742
1.25664     1.46608    0.00243637
1.46608     1.46608    0.00172495
1.67552     1.46608    0.00390423
1.88496     1.46608    0.00678272
2.0944     1.46608    0.00901324
2.30383     1.46608    0.00964595
2.51327     1.46608    0.00178382
2.72271     1.46608    0.00146906
2.93215     1.46608    0.00844673
3.14159     1.46608    0.00293526

-3.14159     1.67552    0.0179604
-2.93215     1.67552    0.00071042
-2.72271     1.67552    0.00298897
-2.51327     1.67552    0.00278129
-2.30383     1.67552    0.00816307
-2.0944     1.67552    0.0121022
-1.88496     1.67552    0.00895824
-1.67552     1.67552    0.000574691
-1.46608     1.67552    0.00532244
-1.25664     1.67552    0.0126876
-1.0472     1.67552    0.00624646
-0.837758     1.67552    0.0126898
-0.628319     1.67552    0.00652491
-0.418879     1.67552    0.0099171
-0.20944     1.67552    0.00992486
0     1.67552    0.00640826
0.20944     1.67552    0.0100325
0.418879     1.67552    0.00988333
0.628319     1.67552    0.00651198
0.837758     1.67552    0.0127239
1.0472     1.67552    0.00627953
1.25664     1.67552    0.0126567
1.46608     1.67552    0.00526498
1.67552     1.67552    0.000650041
1.88496     1.67552    0.00903548
2.0944     1.67552    0.0120417
2.30383     1.67552    0.00807199
2.51327     1.67552    0.00280869
2.72271     1.67552    0.00309952
2.93215     1.67552    0.000576907
3.14159     1.67552    0.0179976

-3.14159     1.88496    0.0256637
-2.93215     1.88496    0.00735277
-2.72271     1.88496    0.00698757
-2.51327     1.88496    0.00567894
-2.30383     1.88496    0.00376873
-2.0944     1.88496    0.00892941
-1.88496     1.88496    0.00989047
-1.67552     1.88496    0.00618787
-1.46608     1.88496    0.0233407
-1.25664     1.88496    0.00841082
-1.0472     1.88496    0.0168871
-0.837758     1.88496    0.0119037
-0.628319     1.88496    0.00354029
-0.418879     1.88496    0.00740626
-0.20944     1.88496    0.00508019
0     1.88496    0.00671344
0.20944     1.88496    0.00511264
0.418879     1.88496    0.0073689
0.628319     1.88496    0.00349274
0.837758     1.88496    0.0117773
1.0472     1.88496    0.0169896
1.25664     1.88496    0.00845795
1.46608     1.88496    0.0232833
1.67552     1.88496    0.00601869
1.88496     1.88496    0.00989382
2.0944     1.88496    0.0087936
2.30383     1.88496    0.00373113
2.51327     1.88496    0.00568344
2.72271     1.88496    0.00708299
2.93215     1.88496    0.00748117
3.14159     1.88496    0.025786

-3.14159     2.0944    0.000664309
-2.93215     2.0944    0.00522491
-2.72271     2.0944    0.00201356
-2.51327     2.0944    0.00917465
-2.30383     2.0944    0.0186812
-2.0944     2.0944    0.0190142
-1.88496     2.0944    0.0137624
-1.67552     2.0944    0.0149235
-1.46608     2.0944    0.0210518
-1.25664     2.0944    0.0066783
-1.0472     2.0944    0.000834086
-0.837758     2.0944    0.0132215
-0.628319     2.0944    0.00479061
-0.418879     2.0944    0.00144795
-0.20944     2.0944    0.00809982
0     2.0944    0.0244093
0.20944     2.0944    0.00808851
0.418879     2.0944    0.00157301
0.628319     2.0944    0.00478758
0.837758     2.0944    0.0132604
1.0472     2.0944    0.000743637
1.25664     2.0944    0.00666753
1.46608     2.0944    0.0210728
1.67552     2.0944    0.0148936
1.88496     2.0944    0.0137825
2.0944     2.0944    0.0186904
2.30383     2.0944    0.0187144
2.51327     2.0944    0.00930881
2.72271     2.0944    0.00213015
2.93215     2.0944    0.00539358
3.14159     2.0944    0.000478133

-3.14159     2.30383    0.00191
-2.93215     2.30383    0.00191616
-2.72271     2.30383    5.20934e-05
-2.51327     2.30383    0.0174417
-2.30383     2.30383    0.00163493
-2.0944     2.30383    0.0242371
-1.88496     2.30383    0.00587894
-1.67552     2.30383    0.00582906
-1.46608     2.30383    0.0292778
-1.25664     2.30383    0.0161304
-1.0472     2.30383    0.0267732
-0.837758     2.30383    0.0139791
-0.628319     2.30383    0.000913412
-0.418879     2.30383    0.00538984
-0.20944     2.30383    0.010513
0     2.30383    0.0141192
0.20944     2.30383    0.0104405
0.418879     2.30383    0.00543368
0.628319     2.30383    0.000914077
0.837758     2.30383    0.0140473
1.0472     2.30383    0.0268531
1.25664     2.30383    0.0162494
1.46608     2.30383    0.0290877
1.67552     2.30383    0.00593026
1.88496     2.30383    0.00594804
2.0944     2.30383    0.0239291
2.30383     2.30383    0.00159691
2.51327     2.30383    0.0174061
2.72271     2.30383    8.83333e-05
2.93215     2.30383    0.00193439
3.14159     2.30383    0.00200162

-3.14159     2.51327    0.0123203
-2.93215     2.51327    0.0065111
-2.72271     2.51327    0.0221187
-2.51327     2.51327    0.00132069
-2.30383     2.51327    0.00193685
-2.0944     2.51327    0.0224527
-1.88496     2.51327    0.00171811
-1.67552     2.51327    0.00208797
-1.46608     2.51327    0.022246
-1.25664     2.51327    0.0211128
-1.0472     2.51327    0.0135616
-0.837758     2.51327    0.00805847
-0.628319     2.51327    0.00620741
-0.418879     2.51327    0.0163634
-0.20944     2.51327    0.00692154
0     2.51327    0.0148321
0.20944     2.51327    0.0069624
0.418879     2.51327    0.0163681
0.628319     2.51327    0.00616075
0.837758     2.51327    0.00851234
1.0472     2.51327    0.013402
1.25664     2.51327    0.0209866
1.46608     2.51327    0.0221798
1.67552     2.51327    0.00211074
1.88496     2.51327    0.00180443
2.0944     2.51327    0.0220341
2.30383     2.51327    0.00193949
2.51327     2.51327    0.00148865
2.72271     2.51327    0.0221989
2.93215     2.51327    0.00648846
3.14159     2.51327    0.0122212

-3.14159     2.72271    0.00912169
-2.93215     2.72271    0.00628208
-2.72271     2.72271    0.00481769
-2.51327     2.72271    0.0125849
-2.30383     2.72271    0.00845498
-2.0944     2.72271    0.00810857
-1.88496     2.72271    0.018537
-1.67552     2.72271    0.00387399
-1.46608     2.72271    0.0067732
-1.25664     2.72271    0.0057007
-1.0472     2.72271    0.0107413
-0.837758     2.72271    0.0166826
-0.628319     2.72271    0.0123332
-0.418879     2.72271    0.00372514
-0.20944     2.72271    0.000168465
0     2.72271    0.0177517
0.20944     2.72271    0.000133731
0.418879     2.72271    0.00375689
0.628319     2.72271    0.0123605
0.837758     2.72271    0.0167562
1.0472     2.72271    0.0108135
1.25664     2.72271    0.00584997
1.46608     2.72271    0.00673658
1.67552     2.72271    0.00403803
1.88496     2.72271    0.0189757
2.0944     2.72271    0.00811133
2.30383     2.72271    0.00824337
2.51327     2.72271    0.0125796
2.72271     2.72271    0.0050163
2.93215     2.72271    0.00618915
3.14159     2.72271    0.00915396

-3.14159     2.93215    0.0290157
-2.93215     2.93215    0.00557906
-2.72271     2.93215    0.0122613
-2.51327     2.93215    0.0195321
-2.30383     2.93215    0.000144522
-2.0944     2.93215    0.00222984
-1.88496     2.93215    0.0142015
-1.67552     2.93215    0.00884113
-1.46608     2.93215    0.0150586
-1.25664     2.93215    0.00429776
-1.0472     2.93215    0.021722
-0.837758     2.93215    0.00337525
-0.628319     2.93215    0.0141849
-0.418879     2.93215    0.00979699
-0.20944     2.93215    0.00323528
0     2.93215    0.00303367
0.20944     2.93215    0.00327719
0.418879     2.93215    0.00979257
0.628319     2.93215    0.0142499
0.837758     2.93215    0.00339219
1.0472     2.93215    0.0217256
1.25664     2.93215    0.00433968
1.46608     2.93215    0.0150816
1.67552     2.93215    0.0083092
1.88496     2.93215    0.014517
2.0944     2.93215    0.00217619
2.30383     2.93215    2.52993e-05
2.51327     2.93215    0.0196038
2.72271     2.93215    0.0122419
2.93215     2.93215    0.00559457
3.14159     2.93215    0.0294994

-3.14159     3.14159    0.022963
-2.93215     3.14159    0.00479033
-2.72271     3.14159    0.00227681
-2.51327     3.14159    0.000205684
-2.30383     3.14159    0.00403108
-2.0944     3.14159    0.00502952
-1.88496     3.14159    0.00752422
-1.67552     3.14159    0.00826962
-1.46608     3.14159    0.0142129
-1.25664     3.14159    0.00453868
-1.0472     3.14159    0.0251667
-0.837758     3.14159    0.00127933
-0.628319     3.14159    0.019451
-0.418879     3.14159    0.00532113
-0.20944     3.14159    0.00968031
0     3.14159    0.000236845
0.20944     3.14159    0.00957373
0.418879     3.14159    0.00529265
0.628319     3.14159    0.0195354
0.837758     3.14159    0.00122837
1.0472     3.14159    0.0251893
1.25664     3.14159    0.00450097
1.46608     3.14159    0.0141987
1.67552     3.14159    0.00817404
1.88496     3.14159    0.00723242
2.0944     3.14159    0.00495898
2.30383     3.14159    0.00408623
2.51327     3.14159    0.000253784
2.72271     3.14159    0.00224777
2.93215     3.14159    0.00470804
3.14159     3.14159    0.0232811

