-3.14159     -3.14159    0.00718011
-2.93215     -3.14159    0.000174029
-2.72271     -3.14159    0.00040947
-2.51327     -3.14159    0.000266811
-2.30383     -3.14159    0.00099089
-2.0944     -3.14159    0.000327124
-1.88496     -3.14159    0.000999171
-1.67552     -3.14159    0.00154561
-1.46608     -3.14159    0.00386809
-1.25664     -3.14159    6.26769e-05
-1.0472     -3.14159    0.00769559
-0.837758     -3.14159    0.00123659
-0.628319     -3.14159    0.00203854
-0.418879     -3.14159    0.000756378
-0.20944     -3.14159    0.00207312
0     -3.14159    0.000921304
0.20944     -3.14159    0.00200817
0.418879     -3.14159    0.000734099
0.628319     -3.14159    0.00207728
0.837758     -3.14159    0.001238
1.0472     -3.14159    0.00774779
1.25664     -3.14159    1.53966e-05
1.46608     -3.14159    0.00386104
1.67552     -3.14159    0.00146166
1.88496     -3.14159    0.000781204
2.0944     -3.14159    0.000298128
2.30383     -3.14159    0.00104661
2.51327     -3.14159    0.000304681
2.72271     -3.14159    0.000385739
2.93215     -3.14159    0.000150758
3.14159     -3.14159    0.00739874

-3.14159     -2.93215    0.00782328
-2.93215     -2.93215    0.000367715
-2.72271     -2.93215    0.000704191
-2.51327     -2.93215    0.00241894
-2.30383     -2.93215    9.49383e-05
-2.0944     -2.93215    0.000647295
-1.88496     -2.93215    0.00351609
-1.67552     -2.93215    0.00561055
-1.46608     -2.93215    0.00454667
-1.25664     -2.93215    0.00161937
-1.0472     -2.93215    0.00714147
-0.837758     -2.93215    0.00496369
-0.628319     -2.93215    0.00175468
-0.418879     -2.93215    0.00213207
-0.20944     -2.93215    0.000719631
0     -2.93215    0.00115952
0.20944     -2.93215    0.000699174
0.418879     -2.93215    0.00213152
0.628319     -2.93215    0.00172765
0.837758     -2.93215    0.00508016
1.0472     -2.93215    0.00718083
1.25664     -2.93215    0.00165386
1.46608     -2.93215    0.0046112
1.67552     -2.93215    0.00541529
1.88496     -2.93215    0.00357637
2.0944     -2.93215    0.000602775
2.30383     -2.93215    0.000163189
2.51327     -2.93215    0.0024583
2.72271     -2.93215    0.000705893
2.93215     -2.93215    0.000308038
3.14159     -2.93215    0.00816894

-3.14159     -2.72271    0.000603854
-2.93215     -2.72271    0.000330368
-2.72271     -2.72271    0.00236998
-2.51327     -2.72271    0.00144029
-2.30383     -2.72271    0.000750916
-2.0944     -2.72271    0.000674916
-1.88496     -2.72271    0.00491057
-1.67552     -2.72271    0.000793077
-1.46608     -2.72271    0.0011299
-1.25664     -2.72271    0.00114813
-1.0472     -2.72271    0.000694294
-0.837758     -2.72271    0.00150597
-0.628319     -2.72271    0.00224739
-0.418879     -2.72271    0.000581381
-0.20944     -2.72271    0.000309308
0     -2.72271    0.001294
0.20944     -2.72271    0.00032981
0.418879     -2.72271    0.000592094
0.628319     -2.72271    0.00222545
0.837758     -2.72271    0.00155766
1.0472     -2.72271    0.000708644
1.25664     -2.72271    0.00109305
1.46608     -2.72271    0.00109191
1.67552     -2.72271    0.000711825
1.88496     -2.72271    0.00503859
2.0944     -2.72271    0.000726074
2.30383     -2.72271    0.000616419
2.51327     -2.72271    0.00145265
2.72271     -2.72271    0.00243102
2.93215     -2.72271    0.000290548
3.14159     -2.72271    0.000611567

-3.14159     -2.51327    0.000493352
-2.93215     -2.51327    0.00183698
-2.72271     -2.51327    0.00572419
-2.51327     -2.51327    0.000587234
-2.30383     -2.51327    0.000986243
-2.0944     -2.51327    0.00582905
-1.88496     -2.51327    0.00076353
-1.67552     -2.51327    0.00166592
-1.46608     -2.51327    0.00402871
-1.25664     -2.51327    0.00813621
-1.0472     -2.51327    0.000734338
-0.837758     -2.51327    0.00189186
-0.628319     -2.51327    0.00107932
-0.418879     -2.51327    0.00223976
-0.20944     -2.51327    0.00117402
0     -2.51327    0.00343859
0.20944     -2.51327    0.00119207
0.418879     -2.51327    0.00225244
0.628319     -2.51327    0.00102519
0.837758     -2.51327    0.00171387
1.0472     -2.51327    0.000676447
1.25664     -2.51327    0.00805999
1.46608     -2.51327    0.00396102
1.67552     -2.51327    0.00183587
1.88496     -2.51327    0.000838204
2.0944     -2.51327    0.00558171
2.30383     -2.51327    0.000988367
2.51327     -2.51327    0.000604017
2.72271     -2.51327    0.00572307
2.93215     -2.51327    0.00182144
3.14159     -2.51327    0.000442161

-3.14159     -2.30383    0.000190142
-2.93215     -2.30383    0.00427614
-2.72271     -2.30383    0.0040854
-2.51327     -2.30383    0.000690668
-2.30383     -2.30383    0.00128286
-2.0944     -2.30383    0.0108193
-1.88496     -2.30383    0.000518811
-1.67552     -2.30383    0.0017196
-1.46608     -2.30383    0.00795633
-1.25664     -2.30383    0.00349395
-1.0472     -2.30383    0.00293779
-0.837758     -2.30383    0.00115179
-0.628319     -2.30383    0.00014908
-0.418879     -2.30383    0.00156297
-0.20944     -2.30383    0.00326582
0     -2.30383    0.00533469
0.20944     -2.30383    0.00327873
0.418879     -2.30383    0.00159003
0.628319     -2.30383    0.000138573
0.837758     -2.30383    0.00134017
1.0472     -2.30383    0.00297726
1.25664     -2.30383    0.00354951
1.46608     -2.30383    0.00772087
1.67552     -2.30383    0.00167222
1.88496     -2.30383    0.00044
2.0944     -2.30383    0.0105924
2.30383     -2.30383    0.00128785
2.51327     -2.30383    0.000705095
2.72271     -2.30383    0.00409173
2.93215     -2.30383    0.00416623
3.14159     -2.30383    0.000255049

-3.14159     -2.0944    0.000346876
-2.93215     -2.0944    0.00193745
-2.72271     -2.0944    0.000477995
-2.51327     -2.0944    0.000650472
-2.30383     -2.0944    0.00200373
-2.0944     -2.0944    0.000919321
-1.88496     -2.0944    0.00130977
-1.67552     -2.0944    0.000586625
-1.46608     -2.0944    0.00150645
-1.25664     -2.0944    0.00154899
-1.0472     -2.0944    0.00288448
-0.837758     -2.0944    0.00315658
-0.628319     -2.0944    0.000579044
-0.418879     -2.0944    0.000652028
-0.20944     -2.0944    0.00182309
0     -2.0944    0.00359404
0.20944     -2.0944    0.00181741
0.418879     -2.0944    0.000631604
0.628319     -2.0944    0.000572247
0.837758     -2.0944    0.00312747
1.0472     -2.0944    0.00285929
1.25664     -2.0944    0.00160061
1.46608     -2.0944    0.0015641
1.67552     -2.0944    0.000590797
1.88496     -2.0944    0.00133598
2.0944     -2.0944    0.000721927
2.30383     -2.0944    0.00203721
2.51327     -2.0944    0.000661413
2.72271     -2.0944    0.000431006
2.93215     -2.0944    0.00204322
3.14159     -2.0944    0.000255769

-3.14159     -1.88496    0.00449218
-2.93215     -1.88496    0.0028995
-2.72271     -1.88496    0.00195787
-2.51327     -1.88496    0.000879495
-2.30383     -1.88496    0.00110955
-2.0944     -1.88496    0.00179755
-1.88496     -1.88496    0.00165527
-1.67552     -1.88496    0.00311648
-1.46608     -1.88496    0.00359692
-1.25664     -1.88496    0.00362318
-1.0472     -1.88496    0.00479169
-0.837758     -1.88496    0.00179036
-0.628319     -1.88496    0.000933027
-0.418879     -1.88496    0.00249276
-0.20944     -1.88496    0.000381069
0     -1.88496    0.000482494
0.20944     -1.88496    0.000350871
0.418879     -1.88496    0.00250616
0.628319     -1.88496    0.000904686
0.837758     -1.88496    0.00171728
1.0472     -1.88496    0.0048496
1.25664     -1.88496    0.0036904
1.46608     -1.88496    0.00356503
1.67552     -1.88496    0.00338168
1.88496     -1.88496    0.00163465
2.0944     -1.88496    0.00173607
2.30383     -1.88496    0.00111907
2.51327     -1.88496    0.000869614
2.72271     -1.88496    0.00203606
2.93215     -1.88496    0.0029604
3.14159     -1.88496    0.00441846

-3.14159     -1.67552    0.00331669
-2.93215     -1.67552    0.00399176
-2.72271     -1.67552    0.000951319
-2.51327     -1.67552    0.000513493
-2.30383     -1.67552    0.00169049
-2.0944     -1.67552    0.00176675
-1.88496     -1.67552    0.00156708
-1.67552     -1.67552    0.000332508
-1.46608     -1.67552    0.000752021
-1.25664     -1.67552    0.0019165
-1.0472     -1.67552    0.000439103
-0.837758     -1.67552    0.000750086
-0.628319     -1.67552    0.000983132
-0.418879     -1.67552    0.00249961
-0.20944     -1.67552    0.00309615
0     -1.67552    0.000560305
0.20944     -1.67552    0.00317816
0.418879     -1.67552    0.00249309
0.628319     -1.67552    0.000933691
0.837758     -1.67552    0.00071508
1.0472     -1.67552    0.000447715
1.25664     -1.67552    0.00192191
1.46608     -1.67552    0.000781773
1.67552     -1.67552    0.000342033
1.88496     -1.67552    0.00166752
2.0944     -1.67552    0.00170304
2.30383     -1.67552    0.00167214
2.51327     -1.67552    0.000518336
2.72271     -1.67552    0.00102996
2.93215     -1.67552    0.00398076
3.14159     -1.67552    0.00324754

-3.14159     -1.46608    0.000409925
-2.93215     -1.46608    0.001745
-2.72271     -1.46608    0.0012542
-2.51327     -1.46608    0.000756673
-2.30383     -1.46608    0.000531953
-2.0944     -1.46608    0.00170206
-1.88496     -1.46608    0.000484838
-1.67552     -1.46608    0.00100794
-1.46608     -1.46608    0.000489169
-1.25664     -1.46608    0.000814528
-1.0472     -1.46608    0.00125017
-0.837758     -1.46608    0.00455685
-0.628319     -1.46608    0.00234511
-0.418879     -1.46608    0.00260241
-0.20944     -1.46608    0.00224272
0     -1.46608    0.00208033
0.20944     -1.46608    0.00232979
0.418879     -1.46608    0.00259954
0.628319     -1.46608    0.00218826
0.837758     -1.46608    0.0044527
1.0472     -1.46608    0.00118595
1.25664     -1.46608    0.000807037
1.46608     -1.46608    0.000442744
1.67552     -1.46608    0.00100019
1.88496     -1.46608    0.000601674
2.0944     -1.46608    0.0017156
2.30383     -1.46608    0.000613947
2.51327     -1.46608    0.00072934
2.72271     -1.46608    0.00121555
2.93215     -1.46608    0.00187201
3.14159     -1.46608    0.000530268

-3.14159     -1.25664    0.000182957
-2.93215     -1.25664    0.00050481
-2.72271     -1.25664    0.000585465
-2.51327     -1.25664    0.000175026
-2.30383     -1.25664    0.00171139
-2.0944     -1.25664    0.00387814
-1.88496     -1.25664    0.00513787
-1.67552     -1.25664    0.00135279
-1.46608     -1.25664    0.00337371
-1.25664     -1.25664    0.00174088
-1.0472     -1.25664    0.00305638
-0.837758     -1.25664    0.00100976
-0.628319     -1.25664    0.000155201
-0.418879     -1.25664    0.000535833
-0.20944     -1.25664    0.0025354
0     -1.25664    0.00325426
0.20944     -1.25664    0.00250249
0.418879     -1.25664    0.000579582
0.628319     -1.25664    3.25022e-05
0.837758     -1.25664    0.000971126
1.0472     -1.25664    0.003094
1.25664     -1.25664    0.00174098
1.46608     -1.25664    0.00331358
1.67552     -1.25664    0.00134995
1.88496     -1.25664    0.00500061
2.0944     -1.25664    0.00367184
2.30383     -1.25664    0.00179276
2.51327     -1.25664    0.00020582
2.72271     -1.25664    0.000572693
2.93215     -1.25664    0.000440418
3.14159     -1.25664    0.000137487

-3.14159     -1.0472    0.00120174
-2.93215     -1.0472    0.00280486
-2.72271     -1.0472    0.00180507
-2.51327     -1.0472    0.000165337
-2.30383     -1.0472    0.00226063
-2.0944     -1.0472    0.00517016
-1.88496     -1.0472    0.00400801
-1.67552     -1.0472    0.000609377
-1.46608     -1.0472    0.000567535
-1.25664     -1.0472    0.0012858
-1.0472     -1.0472    0.00168473
-0.837758     -1.0472    0.00176567
-0.628319     -1.0472    0.00272959
-0.418879     -1.0472    0.00216024
-0.20944     -1.0472    0.00151221
0     -1.0472    0.00669103
0.20944     -1.0472    0.00141016
0.418879     -1.0472    0.00220219
0.628319     -1.0472    0.00286759
0.837758     -1.0472    0.00157475
1.0472     -1.0472    0.00163131
1.25664     -1.0472    0.00118304
1.46608     -1.0472    0.00058884
1.67552     -1.0472    0.000522869
1.88496     -1.0472    0.0040048
2.0944     -1.0472    0.00513323
2.30383     -1.0472    0.00233396
2.51327     -1.0472    0.000265796
2.72271     -1.0472    0.00181988
2.93215     -1.0472    0.00281196
3.14159     -1.0472    0.00118074

-3.14159     -0.837758    0.00150851
-2.93215     -0.837758    0.00222097
-2.72271     -0.837758    0.00226469
-2.51327     -0.837758    0.0033259
-2.30383     -0.837758    0.00163266
-2.0944     -0.837758    0.000790003
-1.88496     -0.837758    0.00108306
-1.67552     -0.837758    0.00104691
-1.46608     -0.837758    0.000471956
-1.25664     -0.837758    0.00375491
-1.0472     -0.837758    0.00229101
-0.837758     -0.837758    0.00107826
-0.628319     -0.837758    0.00236811
-0.418879     -0.837758    0.00162256
-0.20944     -0.837758    0.000757231
0     -0.837758    0.000492978
0.20944     -0.837758    0.00073271
0.418879     -0.837758    0.00155121
0.628319     -0.837758    0.00230469
0.837758     -0.837758    0.00104249
1.0472     -0.837758    0.0023973
1.25664     -0.837758    0.00376402
1.46608     -0.837758    0.000458613
1.67552     -0.837758    0.00104531
1.88496     -0.837758    0.00112196
2.0944     -0.837758    0.000831671
2.30383     -0.837758    0.00158756
2.51327     -0.837758    0.00337653
2.72271     -0.837758    0.00228914
2.93215     -0.837758    0.00235172
3.14159     -0.837758    0.00157779

-3.14159     -0.628319    0.00960877
-2.93215     -0.628319    0.00335752
-2.72271     -0.628319    0.00177241
-2.51327     -0.628319    0.0019229
-2.30383     -0.628319    0.00040132
-2.0944     -0.628319    0.000810952
-1.88496     -0.628319    0.00257199
-1.67552     -0.628319    0.00100181
-1.46608     -0.628319    0.00322816
-1.25664     -0.628319    0.00170422
-1.0472     -0.628319    0.00421288
-0.837758     -0.628319    0.00409226
-0.628319     -0.628319    0.000781107
-0.418879     -0.628319    0.00274485
-0.20944     -0.628319    0.00390544
0     -0.628319    0.00232529
0.20944     -0.628319    0.00397037
0.418879     -0.628319    0.00280244
0.628319     -0.628319    0.000772777
0.837758     -0.628319    0.00404477
1.0472     -0.628319    0.00409648
1.25664     -0.628319    0.00182832
1.46608     -0.628319    0.00322902
1.67552     -0.628319    0.000943219
1.88496     -0.628319    0.00256338
2.0944     -0.628319    0.0007852
2.30383     -0.628319    0.00038465
2.51327     -0.628319    0.00187528
2.72271     -0.628319    0.00188165
2.93215     -0.628319    0.00350121
3.14159     -0.628319    0.010011

-3.14159     -0.418879    0.00389922
-2.93215     -0.418879    0.000524013
-2.72271     -0.418879    0.00103791
-2.51327     -0.418879    0.00108978
-2.30383     -0.418879    0.00242129
-2.0944     -0.418879    0.00134139
-1.88496     -0.418879    0.00157276
-1.67552     -0.418879    0.00344893
-1.46608     -0.418879    0.00124054
-1.25664     -0.418879    0.00209761
-1.0472     -0.418879    0.00294342
-0.837758     -0.418879    0.00456756
-0.628319     -0.418879    0.00241488
-0.418879     -0.418879    0.00340644
-0.20944     -0.418879    0.00029202
0     -0.418879    0.000563735
0.20944     -0.418879    0.000191827
0.418879     -0.418879    0.00344645
0.628319     -0.418879    0.00246166
0.837758     -0.418879    0.00453226
1.0472     -0.418879    0.00298267
1.25664     -0.418879    0.00216266
1.46608     -0.418879    0.00122921
1.67552     -0.418879    0.00342235
1.88496     -0.418879    0.00157769
2.0944     -0.418879    0.00139594
2.30383     -0.418879    0.00240463
2.51327     -0.418879    0.00124325
2.72271     -0.418879    0.00090686
2.93215     -0.418879    0.000424387
3.14159     -0.418879    0.00398079

-3.14159     -0.20944    0.00161289
-2.93215     -0.20944    0.00302215
-2.72271     -0.20944    0.00404829
-2.51327     -0.20944    0.00286407
-2.30383     -0.20944    0.0013508
-2.0944     -0.20944    0.0012286
-1.88496     -0.20944    0.00058447
-1.67552     -0.20944    0.00144109
-1.46608     -0.20944    0.00202368
-1.25664     -0.20944    0.00127553
-1.0472     -0.20944    0.0011201
-0.837758     -0.20944    0.000457124
-0.628319     -0.20944    0.000709354
-0.418879     -0.20944    0.000446757
-0.20944     -0.20944    0.00256099
0     -0.20944    0.00101614
0.20944     -0.20944    0.00236861
0.418879     -0.20944    0.000449616
0.628319     -0.20944    0.000595559
0.837758     -0.20944    0.000496853
1.0472     -0.20944    0.00114976
1.25664     -0.20944    0.00128435
1.46608     -0.20944    0.00207061
1.67552     -0.20944    0.00140352
1.88496     -0.20944    0.000547435
2.0944     -0.20944    0.00114668
2.30383     -0.20944    0.00128698
2.51327     -0.20944    0.00274909
2.72271     -0.20944    0.0038884
2.93215     -0.20944    0.00318628
3.14159     -0.20944    0.00159098

-3.14159     0    0.00157121
-2.93215     0    0.00280561
-2.72271     0    0.0105463
-2.51327     0    0.000215472
-2.30383     0    0.00600586
-2.0944     0    0.0029505
-1.88496     0    0.00106641
-1.67552     0    0.00428321
-1.46608     0    0.00092782
-1.25664     0    0.00229122
-1.0472     0    0.00317163
-0.837758     0    0.000568649
-0.628319     0    0.00636606
-0.418879     0    0.00173954
-0.20944     0    0.000703132
0     0    1.45298e-14
0.20944     0    0.000703132
0.418879     0    0.00173954
0.628319     0    0.00636606
0.837758     0    0.000568649
1.0472     0    0.00317163
1.25664     0    0.00229122
1.46608     0    0.00092782
1.67552     0    0.00428321
1.88496     0    0.00106641
2.0944     0    0.0029505
2.30383     0    0.00600586
2.51327     0    0.000215472
2.72271     0    0.0105463
2.93215     0    0.00280561
3.14159     0    0.00157121

-3.14159     0.20944    0.00159098
-2.93215     0.20944    0.00318628
-2.72271     0.20944    0.0038884
-2.51327     0.20944    0.00274909
-2.30383     0.20944    0.00128698
-2.0944     0.20944    0.00114668
-1.88496     0.20944    0.000547435
-1.67552     0.20944    0.00140352
-1.46608     0.20944    0.00207061
-1.25664     0.20944    0.00128435
-1.0472     0.20944    0.00114976
-0.837758     0.20944    0.000496853
-0.628319     0.20944    0.000595559
-0.418879     0.20944    0.000449616
-0.20944     0.20944    0.00236861
0     0.20944    0.00101614
0.20944     0.20944    0.00256099
0.418879     0.20944    0.000446757
0.628319     0.20944    0.000709354
0.837758     0.20944    0.000457124
1.0472     0.20944    0.0011201
1.25664     0.20944    0.00127553
1.46608     0.20944    0.00202368
1.67552     0.20944    0.00144109
1.88496     0.20944    0.00058447
2.0944     0.20944    0.0012286
2.30383     0.20944    0.0013508
2.51327     0.20944    0.00286407
2.72271     0.20944    0.00404829
2.93215     0.20944    0.00302215
3.14159     0.20944    0.00161289

-3.14159     0.418879    0.00398079
-2.93215     0.418879    0.000424387
-2.72271     0.418879    0.00090686
-2.51327     0.418879    0.00124325
-2.30383     0.418879    0.00240463
-2.0944     0.418879    0.00139594
-1.88496     0.418879    0.00157769
-1.67552     0.418879    0.00342235
-1.46608     0.418879    0.00122921
-1.25664     0.418879    0.00216266
-1.0472     0.418879    0.00298267
-0.837758     0.418879    0.00453226
-0.628319     0.418879    0.00246166
-0.418879     0.418879    0.00344645
-0.20944     0.418879    0.000191827
0     0.418879    0.000563735
0.20944     0.418879    0.00029202
0.418879     0.418879    0.00340644
0.628319     0.418879    0.00241488
0.837758     0.418879    0.00456756
1.0472     0.418879    0.00294342
1.25664     0.418879    0.00209761
1.46608     0.418879    0.00124054
1.67552     0.418879    0.00344893
1.88496     0.418879    0.00157276
2.0944     0.418879    0.00134139
2.30383     0.418879    0.00242129
2.51327     0.418879    0.00108978
2.72271     0.418879    0.00103791
2.93215     0.418879    0.000524013
3.14159     0.418879    0.00389922

-3.14159     0.628319    0.010011
-2.93215     0.628319    0.00350121
-2.72271     0.628319    0.00188165
-2.51327     0.628319    0.00187528
-2.30383     0.628319    0.00038465
-2.0944     0.628319    0.0007852
-1.88496     0.628319    0.00256338
-1.67552     0.628319    0.000943219
-1.46608     0.628319    0.00322902
-1.25664     0.628319    0.00182832
-1.0472     0.628319    0.00409648
-0.837758     0.628319    0.00404477
-0.628319     0.628319    0.000772777
-0.418879     0.628319    0.00280244
-0.20944     0.628319    0.00397037
0     0.628319    0.00232529
0.20944     0.628319    0.00390544
0.418879     0.628319    0.00274485
0.628319     0.628319    0.000781107
0.837758     0.628319    0.00409226
1.0472     0.628319    0.00421288
1.25664     0.628319    0.00170422
1.46608     0.628319    0.00322816
1.67552     0.628319    0.00100181
1.88496     0.628319    0.00257199
2.0944     0.628319    0.000810952
2.30383     0.628319    0.00040132
2.51327     0.628319    0.0019229
2.72271     0.628319    0.00177241
2.93215     0.628319    0.00335752
3.14159     0.628319    0.00960877

-3.14159     0.837758    0.00157779
-2.93215     0.837758    0.00235172
-2.72271     0.837758    0.00228914
-2.51327     0.837758    0.00337653
-2.30383     0.837758    0.00158756
-2.0944     0.837758    0.000831671
-1.88496     0.837758    0.00112196
-1.67552     0.837758    0.00104531
-1.46608     0.837758    0.000458613
-1.25664     0.837758    0.00376402
-1.0472     0.837758    0.0023973
-0.837758     0.837758    0.00104249
-0.628319     0.837758    0.00230469
-0.418879     0.837758    0.00155121
-0.20944     0.837758    0.00073271
0     0.837758    0.000492978
0.20944     0.837758    0.000757231
0.418879     0.837758    0.00162256
0.628319     0.837758    0.00236811
0.837758     0.837758    0.00107826
1.0472     0.837758    0.00229101
1.25664     0.837758    0.00375491
1.46608     0.837758    0.000471956
1.67552     0.837758    0.00104691
1.88496     0.837758    0.00108306
2.0944     0.837758    0.000790003
2.30383     0.837758    0.00163266
2.51327     0.837758    0.0033259
2.72271     0.837758    0.00226469
2.93215     0.837758    0.00222097
3.14159     0.837758    0.00150851

-3.14159     1.0472    0.00118074
-2.93215     1.0472    0.00281196
-2.72271     1.0472    0.00181988
-2.51327     1.0472    0.000265796
-2.30383     1.0472    0.00233396
-2.0944     1.0472    0.00513323
-1.88496     1.0472    0.0040048
-1.67552     1.0472    0.000522869
-1.46608     1.0472    0.00058884
-1.25664     1.0472    0.00118304
-1.0472     1.0472    0.00163131
-0.837758     1.0472    0.00157475
-0.628319     1.0472    0.00286759
-0.418879     1.0472    0.00220219
-0.20944     1.0472    0.00141016
0     1.0472    0.00669103
0.20944     1.0472    0.00151221
0.418879     1.0472    0.00216024
0.628319     1.0472    0.00272959
0.837758     1.0472    0.00176567
1.0472     1.0472    0.00168473
1.25664     1.0472    0.0012858
1.46608     1.0472    0.000567535
1.67552     1.0472    0.000609377
1.88496     1.0472    0.00400801
2.0944     1.0472    0.00517016
2.30383     1.0472    0.00226063
2.51327     1.0472    0.000165337
2.72271     1.0472    0.00180507
2.93215     1.0472    0.00280486
3.14159     1.0472    0.00120174

-3.14159     1.25664    0.000137487
-2.93215     1.25664    0.000440418
-2.72271     1.25664    0.000572693
-2.51327     1.25664    0.00020582
-2.30383     1.25664    0.00179276
-2.0944     1.25664    0.00367184
-1.88496     1.25664    0.00500061
-1.67552     1.25664    0.00134995
-1.46608     1.25664    0.00331358
-1.25664     1.25664    0.00174098
-1.0472     1.25664    0.003094
-0.837758     1.25664    0.000971126
-0.628319     1.25664    3.25022e-05
-0.418879     1.25664    0.000579582
-0.20944     1.25664    0.00250249
0     1.25664    0.00325426
0.20944     1.25664    0.0025354
0.418879     1.25664    0.000535833
0.628319     1.25664    0.000155201
0.837758     1.25664    0.00100976
1.0472     1.25664    0.00305638
1.25664     1.25664    0.00174088
1.46608     1.25664    0.00337371
1.67552     1.25664    0.00135279
1.88496     1.25664    0.00513787
2.0944     1.25664    0.00387814
2.30383     1.25664    0.00171139
2.51327     1.25664    0.000175026
2.72271     1.25664    0.000585465
2.93215     1.25664    0.00050481
3.14159     1.25664    0.000182957

-3.14159     1.46608    0.000530268
-2.93215     1.46608    0.00187201
-2.72271     1.46608    0.00121555
-2.51327     1.46608    0.00072934
-2.30383     1.46608    0.000613947
-2.0944     1.46608    0.0017156
-1.88496     1.46608    0.000601674
-1.67552     1.46608    0.00100019
-1.46608     1.46608    0.000442744
-1.25664     1.46608    0.000807037
-1.0472     1.46608    0.00118595
-0.837758     1.46608    0.0044527
-0.628319     1.46608    0.00218826
-0.418879     1.46608    0.00259954
-0.20944     1.46608    0.00232979
0     1.46608    0.00208033
0.20944     1.46608    0.00224272
0.418879     1.46608    0.00260241
0.628319     1.46608    0.00234511
0.837758     1.46608    0.00455685
1.0472     1.46608    0.00125017
1.25664     1.46608    0.000814528
1.46608     1.46608    0.000489169
1.67552     1.46608    0.00100794
1.88496     1.46608    0.000484838
2.0944     1.46608    0.00170206
2.30383     1.46608    0.000531953
2.51327     1.46608    0.000756673
2.72271     1.46608    0.0012542
2.93215     1.46608    0.001745
3.14159     1.46608    0.000409925

-3.14159     1.67552    0.00324754
-2.93215     1.67552    0.00398076
-2.72271     1.67552    0.00102996
-2.51327     1.67552    0.000518336
-2.30383     1.67552    0.00167214
-2.0944     1.67552    0.00170304
-1.88496     1.67552    0.00166752
-1.67552     1.67552    0.000342033
-1.46608     1.67552    0.000781773
-1.25664     1.67552    0.00192191
-1.0472     1.67552    0.000447715
-0.837758     1.67552    0.00071508
-0.628319     1.67552    0.000933691
-0.418879     1.67552    0.00249309
-0.20944     1.67552    0.00317816
0     1.67552    0.000560305
0.20944     1.67552    0.00309615
0.418879     1.67552    0.00249961
0.628319     1.67552    0.000983132
0.837758     1.67552    0.000750086
1.0472     1.67552    0.000439103
1.25664     1.67552    0.0019165
1.46608     1.67552    0.000752021
1.67552     1.67552    0.000332508
1.88496     1.67552    0.00156708
2.0944     1.67552    0.00176675
2.30383     1.67552    0.00169049
2.51327     1.67552    0.000513493
2.72271     1.67552    0.000951319
2.93215     1.67552    0.00399176
3.14159     1.67552    0.00331669

-3.14159     1.88496    0.00441846
-2.93215     1.88496    0.0029604
-2.72271     1.88496    0.00203606
-2.51327     1.88496    0.000869614
-2.30383     1.88496    0.00111907
-2.0944     1.88496    0.00173607
-1.88496     1.88496    0.00163465
-1.67552     1.88496    0.00338168
-1.46608     1.88496    0.00356503
-1.25664     1.88496    0.0036904
-1.0472     1.88496    0.0048496
-0.837758     1.88496    0.00171728
-0.628319     1.88496    0.000904686
-0.418879     1.88496    0.00250616
-0.20944     1.88496    0.000350871
0     1.88496    0.000482494
0.20944     1.88496    0.000381069
0.418879     1.88496    0.00249276
0.628319     1.88496    0.000933027
0.837758     1.88496    0.00179036
1.0472     1.88496    0.00479169
1.25664     1.88496    0.00362318
1.46608     1.88496    0.00359692
1.67552     1.88496    0.00311648
1.88496     1.88496    0.00165527
2.0944     1.88496    0.00179755
2.30383     1.88496    0.00110955
2.51327     1.88496    0.000879495
2.72271     1.88496    0.00195787
2.93215     1.88496    0.0028995
3.14159     1.88496    0.00449218

-3.14159     2.0944    0.000255769
-2.93215     2.0944    0.00204322
-2.72271     2.0944    0.000431006
-2.51327     2.0944    0.000661413
-2.30383     2.0944    0.00203721
-2.0944     2.0944    0.000721927
-1.88496     2.0944    0.00133598
-1.67552     2.0944    0.000590797
-1.46608     2.0944    0.0015641
-1.25664     2.0944    0.00160061
-1.0472     2.0944    0.00285929
-0.837758     2.0944    0.00312747
-0.628319     2.0944    0.000572247
-0.418879     2.0944    0.000631604
-0.20944     2.0944    0.00181741
0     2.0944    0.00359404
0.20944     2.0944    0.00182309
0.418879     2.0944    0.000652028
0.628319     2.0944    0.000579044
0.837758     2.0944    0.00315658
1.0472     2.0944    0.00288448
1.25664     2.0944    0.00154899
1.46608     2.0944    0.00150645
1.67552     2.0944    0.000586625
1.88496     2.0944    0.00130977
2.0944     2.0944    0.000919321
2.30383     2.0944    0.00200373
2.51327     2.0944    0.000650472
2.72271     2.0944    0.000477995
2.93215     2.0944    0.00193745
3.14159     2.0944    0.000346876

-3.14159     2.30383    0.000255049
-2.93215     2.30383    0.00416623
-2.72271     2.30383    0.00409173
-2.51327     2.30383    0.000705095
-2.30383     2.30383    0.00128785
-2.0944     2.30383    0.0105924
-1.88496     2.30383    0.00044
-1.67552     2.30383    0.00167222
-1.46608     2.30383    0.00772087
-1.25664     2.30383    0.00354951
-1.0472     2.30383    0.00297726
-0.837758     2.30383    0.00134017
-0.628319     2.30383    0.000138573
-0.418879     2.30383    0.00159003
-0.20944     2.30383    0.00327873
0     2.30383    0.00533469
0.20944     2.30383    0.00326582
0.418879     2.30383    0.00156297
0.628319     2.30383    0.00014908
0.837758     2.30383    0.00115179
1.0472     2.30383    0.00293779
1.25664     2.30383    0.00349395
1.46608     2.30383    0.00795633
1.67552     2.30383    0.0017196
1.88496     2.30383    0.000518811
2.0944     2.30383    0.0108193
2.30383     2.30383    0.00128286
2.51327     2.30383    0.000690668
2.72271     2.30383    0.0040854
2.93215     2.30383    0.00427614
3.14159     2.30383    0.000190142

-3.14159     2.51327    0.000442161
-2.93215     2.51327    0.00182144
-2.72271     2.51327    0.00572307
-2.51327     2.51327    0.000604017
-2.30383     2.51327    0.000988367
-2.0944     2.51327    0.00558171
-1.88496     2.51327    0.000838204
-1.67552     2.51327    0.00183587
-1.46608     2.51327    0.00396102
-1.25664     2.51327    0.00805999
-1.0472     2.51327    0.000676447
-0.837758     2.51327    0.00171387
-0.628319     2.51327    0.00102519
-0.418879     2.51327    0.00225244
-0.20944     2.51327    0.00119207
0     2.51327    0.00343859
0.20944     2.51327    0.00117402
0.418879     2.51327    0.00223976
0.628319     2.51327    0.00107932
0.837758     2.51327    0.00189186
1.0472     2.51327    0.000734338
1.25664     2.51327    0.00813621
1.46608     2.51327    0.00402871
1.67552     2.51327    0.00166592
1.88496     2.51327    0.00076353
2.0944     2.51327    0.00582905
2.30383     2.51327    0.000986243
2.51327     2.51327    0.000587234
2.72271     2.51327    0.00572419
2.93215     2.51327    0.00183698
3.14159     2.51327    0.000493352

-3.14159     2.72271    0.000611567
-2.93215     2.72271    0.000290548
-2.72271     2.72271    0.00243102
-2.51327     2.72271    0.00145265
-2.30383     2.72271    0.000616419
-2.0944     2.72271    0.000726074
-1.88496     2.72271    0.00503859
-1.67552     2.72271    0.000711825
-1.46608     2.72271    0.00109191
-1.25664     2.72271    0.00109305
-1.0472     2.72271    0.000708644
-0.837758     2.72271    0.00155766
-0.628319     2.72271    0.00222545
-0.418879     2.72271    0.000592094
-0.20944     2.72271    0.00032981
0     2.72271    0.001294
0.20944     2.72271    0.000309308
0.418879     2.72271    0.000581381
0.628319     2.72271    0.00224739
0.837758     2.72271    0.00150597
1.0472     2.72271    0.000694294
1.25664     2.72271    0.00114813
1.46608     2.72271    0.0011299
1.67552     2.72271    0.000793077
1.88496     2.72271    0.00491057
2.0944     2.72271    0.000674916
2.30383     2.72271    0.000750916
2.51327     2.72271    0.00144029
2.72271     2.72271    0.00236998
2.93215     2.72271    0.000330368
3.14159     2.72271    0.000603854

-3.14159     2.93215    0.00816894
-2.93215     2.93215    0.000308038
-2.72271     2.93215    0.000705893
-2.51327     2.93215    0.0024583
-2.30383     2.93215    0.000163189
-2.0944     2.93215    0.000602775
-1.88496     2.93215    0.00357637
-1.67552     2.93215    0.00541529
-1.46608     2.93215    0.0046112
-1.25664     2.93215    0.00165386
-1.0472     2.93215    0.00718083
-0.837758     2.93215    0.00508016
-0.628319     2.93215    0.00172765
-0.418879     2.93215    0.00213152
-0.20944     2.93215    0.000699174
0     2.93215    0.00115952
0.20944     2.93215    0.000719631
0.418879     2.93215    0.00213207
0.628319     2.93215    0.00175468
0.837758     2.93215    0.00496369
1.0472     2.93215    0.00714147
1.25664     2.93215    0.00161937
1.46608     2.93215    0.00454667
1.67552     2.93215    0.00561055
1.88496     2.93215    0.00351609
2.0944     2.93215    0.000647295
2.30383     2.93215    9.49383e-05
2.51327     2.93215    0.00241894
2.72271     2.93215    0.000704191
2.93215     2.93215    0.000367715
3.14159     2.93215    0.00782328

-3.14159     3.14159    0.00739874
-2.93215     3.14159    0.000150758
-2.72271     3.14159    0.000385739
-2.51327     3.14159    0.000304681
-2.30383     3.14159    0.00104661
-2.0944     3.14159    0.000298128
-1.88496     3.14159    0.000781204
-1.67552     3.14159    0.00146166
-1.46608     3.14159    0.00386104
-1.25664     3.14159    1.53966e-05
-1.0472     3.14159    0.00774779
-0.837758     3.14159    0.001238
-0.628319     3.14159    0.00207728
-0.418879     3.14159    0.000734099
-0.20944     3.14159    0.00200817
0     3.14159    0.000921304
0.20944     3.14159    0.00207312
0.418879     3.14159    0.000756378
0.628319     3.14159    0.00203854
0.837758     3.14159    0.00123659
1.0472     3.14159    0.00769559
1.25664     3.14159    6.26769e-05
1.46608     3.14159    0.00386809
1.67552     3.14159    0.00154561
1.88496     3.14159    0.000999171
2.0944     3.14159    0.000327124
2.30383     3.14159    0.00099089
2.51327     3.14159    0.000266811
2.72271     3.14159    0.00040947
2.93215     3.14159    0.000174029
3.14159     3.14159    0.00718011

