-3.14159     -3.14159    3.96781e-05
-2.93215     -3.14159    2.04859e-05
-2.72271     -3.14159    4.89092e-07
-2.51327     -3.14159    1.84583e-05
-2.30383     -3.14159    1.08527e-05
-2.0944     -3.14159    7.86366e-06
-1.88496     -3.14159    1.9765e-05
-1.67552     -3.14159    1.71491e-05
-1.46608     -3.14159    3.47954e-06
-1.25664     -3.14159    2.03562e-05
-1.0472     -3.14159    4.83393e-05
-0.837758     -3.14159    5.44581e-05
-0.628319     -3.14159    6.29111e-05
-0.418879     -3.14159    6.69714e-05
-0.20944     -3.14159    7.17153e-05
0     -3.14159    7.73225e-05
0.20944     -3.14159    7.17416e-05
0.418879     -3.14159    6.6969e-05
0.628319     -3.14159    6.29151e-05
0.837758     -3.14159    5.44427e-05
1.0472     -3.14159    4.83404e-05
1.25664     -3.14159    2.03618e-05
1.46608     -3.14159    3.48011e-06
1.67552     -3.14159    1.71463e-05
1.88496     -3.14159    1.97613e-05
2.0944     -3.14159    7.85871e-06
2.30383     -3.14159    1.08594e-05
2.51327     -3.14159    1.846e-05
2.72271     -3.14159    4.89031e-07
2.93215     -3.14159    2.04864e-05
3.14159     -3.14159    3.96855e-05

-3.14159     -2.93215    5.75092e-05
-2.93215     -2.93215    3.39005e-05
-2.72271     -2.93215    1.3069e-05
-2.51327     -2.93215    5.24113e-06
-2.30383     -2.93215    1.16665e-05
-2.0944     -2.93215    8.7427e-06
-1.88496     -2.93215    1.4581e-05
-1.67552     -2.93215    2.14264e-05
-1.46608     -2.93215    1.05025e-05
-1.25664     -2.93215    2.10315e-05
-1.0472     -2.93215    5.21858e-05
-0.837758     -2.93215    6.32073e-05
-0.628319     -2.93215    7.15776e-05
-0.418879     -2.93215    8.04434e-05
-0.20944     -2.93215    8.27132e-05
0     -2.93215    7.98125e-05
0.20944     -2.93215    8.26767e-05
0.418879     -2.93215    8.04565e-05
0.628319     -2.93215    7.15721e-05
0.837758     -2.93215    6.32002e-05
1.0472     -2.93215    5.2192e-05
1.25664     -2.93215    2.10284e-05
1.46608     -2.93215    1.05045e-05
1.67552     -2.93215    2.14255e-05
1.88496     -2.93215    1.45811e-05
2.0944     -2.93215    8.75062e-06
2.30383     -2.93215    1.1663e-05
2.51327     -2.93215    5.25617e-06
2.72271     -2.93215    1.30724e-05
2.93215     -2.93215    3.38991e-05
3.14159     -2.93215    5.75103e-05

-3.14159     -2.72271    5.29784e-05
-2.93215     -2.72271    2.83414e-05
-2.72271     -2.72271    8.60101e-06
-2.51327     -2.72271    1.25471e-05
-2.30383     -2.72271    1.76367e-05
-2.0944     -2.72271    8.76464e-06
-1.88496     -2.72271    9.68726e-06
-1.67552     -2.72271    1.41681e-05
-1.46608     -2.72271    1.28195e-05
-1.25664     -2.72271    9.65165e-06
-1.0472     -2.72271    4.05476e-05
-0.837758     -2.72271    5.60052e-05
-0.628319     -2.72271    6.75623e-05
-0.418879     -2.72271    7.23927e-05
-0.20944     -2.72271    7.80334e-05
0     -2.72271    8.25968e-05
0.20944     -2.72271    7.80603e-05
0.418879     -2.72271    7.23692e-05
0.628319     -2.72271    6.75569e-05
0.837758     -2.72271    5.60135e-05
1.0472     -2.72271    4.05418e-05
1.25664     -2.72271    9.64795e-06
1.46608     -2.72271    1.28195e-05
1.67552     -2.72271    1.41664e-05
1.88496     -2.72271    9.68569e-06
2.0944     -2.72271    8.7636e-06
2.30383     -2.72271    1.76406e-05
2.51327     -2.72271    1.25478e-05
2.72271     -2.72271    8.59712e-06
2.93215     -2.72271    2.83399e-05
3.14159     -2.72271    5.29779e-05

-3.14159     -2.51327    4.96845e-05
-2.93215     -2.51327    2.0539e-05
-2.72271     -2.51327    1.01101e-05
-2.51327     -2.51327    1.39244e-05
-2.30383     -2.51327    3.59946e-05
-2.0944     -2.51327    4.50922e-05
-1.88496     -2.51327    2.22277e-05
-1.67552     -2.51327    5.7133e-06
-1.46608     -2.51327    1.64795e-05
-1.25664     -2.51327    8.11303e-06
-1.0472     -2.51327    3.76617e-05
-0.837758     -2.51327    5.59735e-05
-0.628319     -2.51327    6.3737e-05
-0.418879     -2.51327    6.2777e-05
-0.20944     -2.51327    6.83769e-05
0     -2.51327    7.32864e-05
0.20944     -2.51327    6.83485e-05
0.418879     -2.51327    6.28173e-05
0.628319     -2.51327    6.37424e-05
0.837758     -2.51327    5.59633e-05
1.0472     -2.51327    3.76663e-05
1.25664     -2.51327    8.11256e-06
1.46608     -2.51327    1.64784e-05
1.67552     -2.51327    5.70881e-06
1.88496     -2.51327    2.22227e-05
2.0944     -2.51327    4.50849e-05
2.30383     -2.51327    3.59931e-05
2.51327     -2.51327    1.39229e-05
2.72271     -2.51327    1.01087e-05
2.93215     -2.51327    2.05395e-05
3.14159     -2.51327    4.96888e-05

-3.14159     -2.30383    3.62625e-05
-2.93215     -2.30383    1.34261e-05
-2.72271     -2.30383    1.65118e-05
-2.51327     -2.30383    4.10349e-05
-2.30383     -2.30383    5.37274e-05
-2.0944     -2.30383    5.91996e-05
-1.88496     -2.30383    4.27493e-05
-1.67552     -2.30383    1.91322e-05
-1.46608     -2.30383    8.66584e-06
-1.25664     -2.30383    7.10109e-06
-1.0472     -2.30383    2.90552e-05
-0.837758     -2.30383    5.50546e-05
-0.628319     -2.30383    6.28387e-05
-0.418879     -2.30383    6.65725e-05
-0.20944     -2.30383    6.60286e-05
0     -2.30383    6.58763e-05
0.20944     -2.30383    6.60379e-05
0.418879     -2.30383    6.6526e-05
0.628319     -2.30383    6.28403e-05
0.837758     -2.30383    5.50528e-05
1.0472     -2.30383    2.90599e-05
1.25664     -2.30383    7.09902e-06
1.46608     -2.30383    8.66313e-06
1.67552     -2.30383    1.91326e-05
1.88496     -2.30383    4.27459e-05
2.0944     -2.30383    5.92015e-05
2.30383     -2.30383    5.37317e-05
2.51327     -2.30383    4.10296e-05
2.72271     -2.30383    1.6517e-05
2.93215     -2.30383    1.3428e-05
3.14159     -2.30383    3.62616e-05

-3.14159     -2.0944    2.17666e-05
-2.93215     -2.0944    1.47562e-05
-2.72271     -2.0944    3.21181e-05
-2.51327     -2.0944    5.45651e-05
-2.30383     -2.0944    6.74039e-05
-2.0944     -2.0944    6.54648e-05
-1.88496     -2.0944    5.29863e-05
-1.67552     -2.0944    4.83344e-05
-1.46608     -2.0944    2.38064e-05
-1.25664     -2.0944    7.95321e-06
-1.0472     -2.0944    1.94288e-05
-0.837758     -2.0944    3.81739e-05
-0.628319     -2.0944    5.17602e-05
-0.418879     -2.0944    6.06375e-05
-0.20944     -2.0944    5.70277e-05
0     -2.0944    5.91586e-05
0.20944     -2.0944    5.70899e-05
0.418879     -2.0944    6.06778e-05
0.628319     -2.0944    5.1762e-05
0.837758     -2.0944    3.8176e-05
1.0472     -2.0944    1.94306e-05
1.25664     -2.0944    7.95249e-06
1.46608     -2.0944    2.3804e-05
1.67552     -2.0944    4.83282e-05
1.88496     -2.0944    5.29794e-05
2.0944     -2.0944    6.54703e-05
2.30383     -2.0944    6.74072e-05
2.51327     -2.0944    5.4567e-05
2.72271     -2.0944    3.21144e-05
2.93215     -2.0944    1.47622e-05
3.14159     -2.0944    2.17639e-05

-3.14159     -1.88496    1.40035e-05
-2.93215     -1.88496    2.22996e-05
-2.72271     -1.88496    5.17663e-05
-2.51327     -1.88496    7.1137e-05
-2.30383     -1.88496    7.84234e-05
-2.0944     -1.88496    6.97265e-05
-1.88496     -1.88496    6.16037e-05
-1.67552     -1.88496    5.85885e-05
-1.46608     -1.88496    4.3428e-05
-1.25664     -1.88496    2.25004e-05
-1.0472     -1.88496    1.8821e-05
-0.837758     -1.88496    2.79077e-05
-0.628319     -1.88496    4.22196e-05
-0.418879     -1.88496    4.80578e-05
-0.20944     -1.88496    4.50532e-05
0     -1.88496    4.37508e-05
0.20944     -1.88496    4.49304e-05
0.418879     -1.88496    4.8025e-05
0.628319     -1.88496    4.22148e-05
0.837758     -1.88496    2.79249e-05
1.0472     -1.88496    1.88304e-05
1.25664     -1.88496    2.25039e-05
1.46608     -1.88496    4.34206e-05
1.67552     -1.88496    5.85943e-05
1.88496     -1.88496    6.16026e-05
2.0944     -1.88496    6.97323e-05
2.30383     -1.88496    7.84265e-05
2.51327     -1.88496    7.11367e-05
2.72271     -1.88496    5.17644e-05
2.93215     -1.88496    2.2298e-05
3.14159     -1.88496    1.40001e-05

-3.14159     -1.67552    1.56553e-05
-2.93215     -1.67552    4.14093e-05
-2.72271     -1.67552    7.06529e-05
-2.51327     -1.67552    7.95444e-05
-2.30383     -1.67552    8.13525e-05
-2.0944     -1.67552    6.78703e-05
-1.88496     -1.67552    6.48212e-05
-1.67552     -1.67552    6.31732e-05
-1.46608     -1.67552    4.65775e-05
-1.25664     -1.67552    3.02239e-05
-1.0472     -1.67552    1.57232e-05
-0.837758     -1.67552    1.44691e-05
-0.628319     -1.67552    3.1403e-05
-0.418879     -1.67552    3.7221e-05
-0.20944     -1.67552    2.92312e-05
0     -1.67552    3.19267e-05
0.20944     -1.67552    2.93724e-05
0.418879     -1.67552    3.72141e-05
0.628319     -1.67552    3.14175e-05
0.837758     -1.67552    1.44369e-05
1.0472     -1.67552    1.57081e-05
1.25664     -1.67552    3.0214e-05
1.46608     -1.67552    4.6576e-05
1.67552     -1.67552    6.31797e-05
1.88496     -1.67552    6.48273e-05
2.0944     -1.67552    6.78766e-05
2.30383     -1.67552    8.13529e-05
2.51327     -1.67552    7.95415e-05
2.72271     -1.67552    7.06536e-05
2.93215     -1.67552    4.14008e-05
3.14159     -1.67552    1.56523e-05

-3.14159     -1.46608    2.57255e-05
-2.93215     -1.46608    5.78691e-05
-2.72271     -1.46608    7.98144e-05
-2.51327     -1.46608    7.96335e-05
-2.30383     -1.46608    8.15389e-05
-2.0944     -1.46608    6.88891e-05
-1.88496     -1.46608    6.41842e-05
-1.67552     -1.46608    6.51118e-05
-1.46608     -1.46608    5.24071e-05
-1.25664     -1.46608    3.87348e-05
-1.0472     -1.46608    1.86066e-05
-0.837758     -1.46608    9.40721e-06
-0.628319     -1.46608    1.83892e-05
-0.418879     -1.46608    2.53714e-05
-0.20944     -1.46608    1.35801e-05
0     -1.46608    1.37515e-05
0.20944     -1.46608    1.34018e-05
0.418879     -1.46608    2.5408e-05
0.628319     -1.46608    1.84142e-05
0.837758     -1.46608    9.43793e-06
1.0472     -1.46608    1.86269e-05
1.25664     -1.46608    3.87489e-05
1.46608     -1.46608    5.23948e-05
1.67552     -1.46608    6.50928e-05
1.88496     -1.46608    6.41817e-05
2.0944     -1.46608    6.88897e-05
2.30383     -1.46608    8.15395e-05
2.51327     -1.46608    7.96299e-05
2.72271     -1.46608    7.98199e-05
2.93215     -1.46608    5.78558e-05
3.14159     -1.46608    2.57229e-05

-3.14159     -1.25664    4.15461e-05
-2.93215     -1.25664    6.45497e-05
-2.72271     -1.25664    7.95813e-05
-2.51327     -1.25664    8.20814e-05
-2.30383     -1.25664    7.93902e-05
-2.0944     -1.25664    6.87843e-05
-1.88496     -1.25664    6.64903e-05
-1.67552     -1.25664    5.67635e-05
-1.46608     -1.25664    4.74995e-05
-1.25664     -1.25664    4.09945e-05
-1.0472     -1.25664    2.56919e-05
-0.837758     -1.25664    1.72135e-05
-0.628319     -1.25664    1.86223e-05
-0.418879     -1.25664    2.05476e-05
-0.20944     -1.25664    1.19752e-05
0     -1.25664    2.57511e-06
0.20944     -1.25664    1.21018e-05
0.418879     -1.25664    2.04942e-05
0.628319     -1.25664    1.85874e-05
0.837758     -1.25664    1.7218e-05
1.0472     -1.25664    2.56585e-05
1.25664     -1.25664    4.10028e-05
1.46608     -1.25664    4.74862e-05
1.67552     -1.25664    5.67598e-05
1.88496     -1.25664    6.64844e-05
2.0944     -1.25664    6.87978e-05
2.30383     -1.25664    7.94006e-05
2.51327     -1.25664    8.20895e-05
2.72271     -1.25664    7.95842e-05
2.93215     -1.25664    6.45507e-05
3.14159     -1.25664    4.15473e-05

-3.14159     -1.0472    5.13349e-05
-2.93215     -1.0472    7.13232e-05
-2.72271     -1.0472    8.02144e-05
-2.51327     -1.0472    7.22647e-05
-2.30383     -1.0472    6.67554e-05
-2.0944     -1.0472    6.57805e-05
-1.88496     -1.0472    6.21797e-05
-1.67552     -1.0472    4.92946e-05
-1.46608     -1.0472    3.95327e-05
-1.25664     -1.0472    2.50061e-05
-1.0472     -1.0472    2.33546e-05
-0.837758     -1.0472    1.82599e-05
-0.628319     -1.0472    1.81181e-05
-0.418879     -1.0472    1.96364e-05
-0.20944     -1.0472    1.44869e-05
0     -1.0472    5.45345e-06
0.20944     -1.0472    1.44312e-05
0.418879     -1.0472    1.98495e-05
0.628319     -1.0472    1.8103e-05
0.837758     -1.0472    1.82275e-05
1.0472     -1.0472    2.33816e-05
1.25664     -1.0472    2.50082e-05
1.46608     -1.0472    3.95513e-05
1.67552     -1.0472    4.93131e-05
1.88496     -1.0472    6.21815e-05
2.0944     -1.0472    6.57924e-05
2.30383     -1.0472    6.67611e-05
2.51327     -1.0472    7.22743e-05
2.72271     -1.0472    8.02116e-05
2.93215     -1.0472    7.13312e-05
3.14159     -1.0472    5.13387e-05

-3.14159     -0.837758    5.44686e-05
-2.93215     -0.837758    6.45541e-05
-2.72271     -0.837758    6.87844e-05
-2.51327     -0.837758    6.43283e-05
-2.30383     -0.837758    6.42326e-05
-2.0944     -0.837758    6.65988e-05
-1.88496     -0.837758    5.45434e-05
-1.67552     -0.837758    4.28487e-05
-1.46608     -0.837758    3.27154e-05
-1.25664     -0.837758    1.57496e-05
-1.0472     -0.837758    1.05239e-05
-0.837758     -0.837758    2.20694e-05
-0.628319     -0.837758    1.87742e-05
-0.418879     -0.837758    1.7556e-05
-0.20944     -0.837758    1.64561e-05
0     -0.837758    2.75315e-06
0.20944     -0.837758    1.64949e-05
0.418879     -0.837758    1.71917e-05
0.628319     -0.837758    1.87644e-05
0.837758     -0.837758    2.20769e-05
1.0472     -0.837758    1.05478e-05
1.25664     -0.837758    1.57808e-05
1.46608     -0.837758    3.27177e-05
1.67552     -0.837758    4.28576e-05
1.88496     -0.837758    5.45363e-05
2.0944     -0.837758    6.66033e-05
2.30383     -0.837758    6.42233e-05
2.51327     -0.837758    6.43256e-05
2.72271     -0.837758    6.87925e-05
2.93215     -0.837758    6.45486e-05
3.14159     -0.837758    5.44669e-05

-3.14159     -0.628319    5.57686e-05
-2.93215     -0.628319    6.03196e-05
-2.72271     -0.628319    5.55393e-05
-2.51327     -0.628319    6.31766e-05
-2.30383     -0.628319    6.35213e-05
-2.0944     -0.628319    6.00373e-05
-1.88496     -0.628319    5.1181e-05
-1.67552     -0.628319    3.9672e-05
-1.46608     -0.628319    2.07471e-05
-1.25664     -0.628319    1.01716e-05
-1.0472     -0.628319    8.44031e-08
-0.837758     -0.628319    2.80986e-06
-0.628319     -0.628319    1.76522e-05
-0.418879     -0.628319    1.91171e-05
-0.20944     -0.628319    1.80654e-05
0     -0.628319    3.05938e-06
0.20944     -0.628319    1.80747e-05
0.418879     -0.628319    1.92125e-05
0.628319     -0.628319    1.7673e-05
0.837758     -0.628319    2.73189e-06
1.0472     -0.628319    1.03355e-07
1.25664     -0.628319    1.01441e-05
1.46608     -0.628319    2.07408e-05
1.67552     -0.628319    3.96767e-05
1.88496     -0.628319    5.11558e-05
2.0944     -0.628319    6.00447e-05
2.30383     -0.628319    6.35169e-05
2.51327     -0.628319    6.31879e-05
2.72271     -0.628319    5.55469e-05
2.93215     -0.628319    6.03149e-05
3.14159     -0.628319    5.57727e-05

-3.14159     -0.418879    2.83919e-05
-2.93215     -0.418879    3.07269e-05
-2.72271     -0.418879    4.36055e-05
-2.51327     -0.418879    5.22665e-05
-2.30383     -0.418879    5.04716e-05
-2.0944     -0.418879    4.42438e-05
-1.88496     -0.418879    4.37816e-05
-1.67552     -0.418879    3.60603e-05
-1.46608     -0.418879    2.32668e-05
-1.25664     -0.418879    1.39076e-05
-1.0472     -0.418879    1.00989e-05
-0.837758     -0.418879    9.105e-07
-0.628319     -0.418879    1.70429e-06
-0.418879     -0.418879    1.58932e-05
-0.20944     -0.418879    1.77082e-05
0     -0.418879    2.39782e-05
0.20944     -0.418879    1.71954e-05
0.418879     -0.418879    1.66937e-05
0.628319     -0.418879    1.81634e-06
0.837758     -0.418879    7.92118e-07
1.0472     -0.418879    1.02037e-05
1.25664     -0.418879    1.39036e-05
1.46608     -0.418879    2.32703e-05
1.67552     -0.418879    3.60694e-05
1.88496     -0.418879    4.37706e-05
2.0944     -0.418879    4.42437e-05
2.30383     -0.418879    5.04753e-05
2.51327     -0.418879    5.22675e-05
2.72271     -0.418879    4.36031e-05
2.93215     -0.418879    3.07159e-05
3.14159     -0.418879    2.83985e-05

-3.14159     -0.20944    8.76716e-06
-2.93215     -0.20944    7.68622e-06
-2.72271     -0.20944    1.84586e-05
-2.51327     -0.20944    2.38527e-05
-2.30383     -0.20944    2.79899e-05
-2.0944     -0.20944    2.73321e-05
-1.88496     -0.20944    2.40121e-05
-1.67552     -0.20944    2.10277e-05
-1.46608     -0.20944    2.22057e-05
-1.25664     -0.20944    2.06593e-05
-1.0472     -0.20944    1.95692e-05
-0.837758     -0.20944    1.78578e-05
-0.628319     -0.20944    7.99523e-06
-0.418879     -0.20944    1.58126e-05
-0.20944     -0.20944    2.5832e-05
0     -0.20944    2.57934e-05
0.20944     -0.20944    2.76898e-05
0.418879     -0.20944    1.51516e-05
0.628319     -0.20944    8.01939e-06
0.837758     -0.20944    1.79405e-05
1.0472     -0.20944    1.94739e-05
1.25664     -0.20944    2.07418e-05
1.46608     -0.20944    2.21844e-05
1.67552     -0.20944    2.10318e-05
1.88496     -0.20944    2.40248e-05
2.0944     -0.20944    2.73312e-05
2.30383     -0.20944    2.79807e-05
2.51327     -0.20944    2.38543e-05
2.72271     -0.20944    1.8448e-05
2.93215     -0.20944    7.67943e-06
3.14159     -0.20944    8.76763e-06

-3.14159     0    1.41586e-05
-2.93215     0    1.6972e-05
-2.72271     0    2.98745e-06
-2.51327     0    5.73858e-06
-2.30383     0    1.35097e-05
-2.0944     0    1.80608e-05
-1.88496     0    1.07927e-05
-1.67552     0    9.97652e-06
-1.46608     0    1.39945e-05
-1.25664     0    1.86229e-05
-1.0472     0    1.72626e-05
-0.837758     0    1.81047e-05
-0.628319     0    2.43498e-05
-0.418879     0    2.00089e-05
-0.20944     0    3.56423e-05
0     0    2.63477e-16
0.20944     0    3.56423e-05
0.418879     0    2.00089e-05
0.628319     0    2.43498e-05
0.837758     0    1.81047e-05
1.0472     0    1.72626e-05
1.25664     0    1.86229e-05
1.46608     0    1.39945e-05
1.67552     0    9.97652e-06
1.88496     0    1.07927e-05
2.0944     0    1.80608e-05
2.30383     0    1.35097e-05
2.51327     0    5.73858e-06
2.72271     0    2.98745e-06
2.93215     0    1.6972e-05
3.14159     0    1.41586e-05

-3.14159     0.20944    8.76763e-06
-2.93215     0.20944    7.67943e-06
-2.72271     0.20944    1.8448e-05
-2.51327     0.20944    2.38543e-05
-2.30383     0.20944    2.79807e-05
-2.0944     0.20944    2.73312e-05
-1.88496     0.20944    2.40248e-05
-1.67552     0.20944    2.10318e-05
-1.46608     0.20944    2.21844e-05
-1.25664     0.20944    2.07418e-05
-1.0472     0.20944    1.94739e-05
-0.837758     0.20944    1.79405e-05
-0.628319     0.20944    8.01939e-06
-0.418879     0.20944    1.51516e-05
-0.20944     0.20944    2.76898e-05
0     0.20944    2.57934e-05
0.20944     0.20944    2.5832e-05
0.418879     0.20944    1.58126e-05
0.628319     0.20944    7.99523e-06
0.837758     0.20944    1.78578e-05
1.0472     0.20944    1.95692e-05
1.25664     0.20944    2.06593e-05
1.46608     0.20944    2.22057e-05
1.67552     0.20944    2.10277e-05
1.88496     0.20944    2.40121e-05
2.0944     0.20944    2.73321e-05
2.30383     0.20944    2.79899e-05
2.51327     0.20944    2.38527e-05
2.72271     0.20944    1.84586e-05
2.93215     0.20944    7.68622e-06
3.14159     0.20944    8.76716e-06

-3.14159     0.418879    2.83985e-05
-2.93215     0.418879    3.07159e-05
-2.72271     0.418879    4.36031e-05
-2.51327     0.418879    5.22675e-05
-2.30383     0.418879    5.04753e-05
-2.0944     0.418879    4.42437e-05
-1.88496     0.418879    4.37706e-05
-1.67552     0.418879    3.60694e-05
-1.46608     0.418879    2.32703e-05
-1.25664     0.418879    1.39036e-05
-1.0472     0.418879    1.02037e-05
-0.837758     0.418879    7.92118e-07
-0.628319     0.418879    1.81634e-06
-0.418879     0.418879    1.66937e-05
-0.20944     0.418879    1.71954e-05
0     0.418879    2.39782e-05
0.20944     0.418879    1.77082e-05
0.418879     0.418879    1.58932e-05
0.628319     0.418879    1.70429e-06
0.837758     0.418879    9.105e-07
1.0472     0.418879    1.00989e-05
1.25664     0.418879    1.39076e-05
1.46608     0.418879    2.32668e-05
1.67552     0.418879    3.60603e-05
1.88496     0.418879    4.37816e-05
2.0944     0.418879    4.42438e-05
2.30383     0.418879    5.04716e-05
2.51327     0.418879    5.22665e-05
2.72271     0.418879    4.36055e-05
2.93215     0.418879    3.07269e-05
3.14159     0.418879    2.83919e-05

-3.14159     0.628319    5.57727e-05
-2.93215     0.628319    6.03149e-05
-2.72271     0.628319    5.55469e-05
-2.51327     0.628319    6.31879e-05
-2.30383     0.628319    6.35169e-05
-2.0944     0.628319    6.00447e-05
-1.88496     0.628319    5.11558e-05
-1.67552     0.628319    3.96767e-05
-1.46608     0.628319    2.07408e-05
-1.25664     0.628319    1.01441e-05
-1.0472     0.628319    1.03355e-07
-0.837758     0.628319    2.73189e-06
-0.628319     0.628319    1.7673e-05
-0.418879     0.628319    1.92125e-05
-0.20944     0.628319    1.80747e-05
0     0.628319    3.05938e-06
0.20944     0.628319    1.80654e-05
0.418879     0.628319    1.91171e-05
0.628319     0.628319    1.76522e-05
0.837758     0.628319    2.80986e-06
1.0472     0.628319    8.44031e-08
1.25664     0.628319    1.01716e-05
1.46608     0.628319    2.07471e-05
1.67552     0.628319    3.9672e-05
1.88496     0.628319    5.1181e-05
2.0944     0.628319    6.00373e-05
2.30383     0.628319    6.35213e-05
2.51327     0.628319    6.31766e-05
2.72271     0.628319    5.55393e-05
2.93215     0.628319    6.03196e-05
3.14159     0.628319    5.57686e-05

-3.14159     0.837758    5.44669e-05
-2.93215     0.837758    6.45486e-05
-2.72271     0.837758    6.87925e-05
-2.51327     0.837758    6.43256e-05
-2.30383     0.837758    6.42233e-05
-2.0944     0.837758    6.66033e-05
-1.88496     0.837758    5.45363e-05
-1.67552     0.837758    4.28576e-05
-1.46608     0.837758    3.27177e-05
-1.25664     0.837758    1.57808e-05
-1.0472     0.837758    1.05478e-05
-0.837758     0.837758    2.20769e-05
-0.628319     0.837758    1.87644e-05
-0.418879     0.837758    1.71917e-05
-0.20944     0.837758    1.64949e-05
0     0.837758    2.75315e-06
0.20944     0.837758    1.64561e-05
0.418879     0.837758    1.7556e-05
0.628319     0.837758    1.87742e-05
0.837758     0.837758    2.20694e-05
1.0472     0.837758    1.05239e-05
1.25664     0.837758    1.57496e-05
1.46608     0.837758    3.27154e-05
1.67552     0.837758    4.28487e-05
1.88496     0.837758    5.45434e-05
2.0944     0.837758    6.65988e-05
2.30383     0.837758    6.42326e-05
2.51327     0.837758    6.43283e-05
2.72271     0.837758    6.87844e-05
2.93215     0.837758    6.45541e-05
3.14159     0.837758    5.44686e-05

-3.14159     1.0472    5.13387e-05
-2.93215     1.0472    7.13312e-05
-2.72271     1.0472    8.02116e-05
-2.51327     1.0472    7.22743e-05
-2.30383     1.0472    6.67611e-05
-2.0944     1.0472    6.57924e-05
-1.88496     1.0472    6.21815e-05
-1.67552     1.0472    4.93131e-05
-1.46608     1.0472    3.95513e-05
-1.25664     1.0472    2.50082e-05
-1.0472     1.0472    2.33816e-05
-0.837758     1.0472    1.82275e-05
-0.628319     1.0472    1.8103e-05
-0.418879     1.0472    1.98495e-05
-0.20944     1.0472    1.44312e-05
0     1.0472    5.45345e-06
0.20944     1.0472    1.44869e-05
0.418879     1.0472    1.96364e-05
0.628319     1.0472    1.81181e-05
0.837758     1.0472    1.82599e-05
1.0472     1.0472    2.33546e-05
1.25664     1.0472    2.50061e-05
1.46608     1.0472    3.95327e-05
1.67552     1.0472    4.92946e-05
1.88496     1.0472    6.21797e-05
2.0944     1.0472    6.57805e-05
2.30383     1.0472    6.67554e-05
2.51327     1.0472    7.22647e-05
2.72271     1.0472    8.02144e-05
2.93215     1.0472    7.13232e-05
3.14159     1.0472    5.13349e-05

-3.14159     1.25664    4.15473e-05
-2.93215     1.25664    6.45507e-05
-2.72271     1.25664    7.95842e-05
-2.51327     1.25664    8.20895e-05
-2.30383     1.25664    7.94006e-05
-2.0944     1.25664    6.87978e-05
-1.88496     1.25664    6.64844e-05
-1.67552     1.25664    5.67598e-05
-1.46608     1.25664    4.74862e-05
-1.25664     1.25664    4.10028e-05
-1.0472     1.25664    2.56585e-05
-0.837758     1.25664    1.7218e-05
-0.628319     1.25664    1.85874e-05
-0.418879     1.25664    2.04942e-05
-0.20944     1.25664    1.21018e-05
0     1.25664    2.57511e-06
0.20944     1.25664    1.19752e-05
0.418879     1.25664    2.05476e-05
0.628319     1.25664    1.86223e-05
0.837758     1.25664    1.72135e-05
1.0472     1.25664    2.56919e-05
1.25664     1.25664    4.09945e-05
1.46608     1.25664    4.74995e-05
1.67552     1.25664    5.67635e-05
1.88496     1.25664    6.64903e-05
2.0944     1.25664    6.87843e-05
2.30383     1.25664    7.93902e-05
2.51327     1.25664    8.20814e-05
2.72271     1.25664    7.95813e-05
2.93215     1.25664    6.45497e-05
3.14159     1.25664    4.15461e-05

-3.14159     1.46608    2.57229e-05
-2.93215     1.46608    5.78558e-05
-2.72271     1.46608    7.98199e-05
-2.51327     1.46608    7.96299e-05
-2.30383     1.46608    8.15395e-05
-2.0944     1.46608    6.88897e-05
-1.88496     1.46608    6.41817e-05
-1.67552     1.46608    6.50928e-05
-1.46608     1.46608    5.23948e-05
-1.25664     1.46608    3.87489e-05
-1.0472     1.46608    1.86269e-05
-0.837758     1.46608    9.43793e-06
-0.628319     1.46608    1.84142e-05
-0.418879     1.46608    2.5408e-05
-0.20944     1.46608    1.34018e-05
0     1.46608    1.37515e-05
0.20944     1.46608    1.35801e-05
0.418879     1.46608    2.53714e-05
0.628319     1.46608    1.83892e-05
0.837758     1.46608    9.40721e-06
1.0472     1.46608    1.86066e-05
1.25664     1.46608    3.87348e-05
1.46608     1.46608    5.24071e-05
1.67552     1.46608    6.51118e-05
1.88496     1.46608    6.41842e-05
2.0944     1.46608    6.88891e-05
2.30383     1.46608    8.15389e-05
2.51327     1.46608    7.96335e-05
2.72271     1.46608    7.98144e-05
2.93215     1.46608    5.78691e-05
3.14159     1.46608    2.57255e-05

-3.14159     1.67552    1.56523e-05
-2.93215     1.67552    4.14008e-05
-2.72271     1.67552    7.06536e-05
-2.51327     1.67552    7.95415e-05
-2.30383     1.67552    8.13529e-05
-2.0944     1.67552    6.78766e-05
-1.88496     1.67552    6.48273e-05
-1.67552     1.67552    6.31797e-05
-1.46608     1.67552    4.6576e-05
-1.25664     1.67552    3.0214e-05
-1.0472     1.67552    1.57081e-05
-0.837758     1.67552    1.44369e-05
-0.628319     1.67552    3.14175e-05
-0.418879     1.67552    3.72141e-05
-0.20944     1.67552    2.93724e-05
0     1.67552    3.19267e-05
0.20944     1.67552    2.92312e-05
0.418879     1.67552    3.7221e-05
0.628319     1.67552    3.1403e-05
0.837758     1.67552    1.44691e-05
1.0472     1.67552    1.57232e-05
1.25664     1.67552    3.02239e-05
1.46608     1.67552    4.65775e-05
1.67552     1.67552    6.31732e-05
1.88496     1.67552    6.48212e-05
2.0944     1.67552    6.78703e-05
2.30383     1.67552    8.13525e-05
2.51327     1.67552    7.95444e-05
2.72271     1.67552    7.06529e-05
2.93215     1.67552    4.14093e-05
3.14159     1.67552    1.56553e-05

-3.14159     1.88496    1.40001e-05
-2.93215     1.88496    2.2298e-05
-2.72271     1.88496    5.17644e-05
-2.51327     1.88496    7.11367e-05
-2.30383     1.88496    7.84265e-05
-2.0944     1.88496    6.97323e-05
-1.88496     1.88496    6.16026e-05
-1.67552     1.88496    5.85943e-05
-1.46608     1.88496    4.34206e-05
-1.25664     1.88496    2.25039e-05
-1.0472     1.88496    1.88304e-05
-0.837758     1.88496    2.79249e-05
-0.628319     1.88496    4.22148e-05
-0.418879     1.88496    4.8025e-05
-0.20944     1.88496    4.49304e-05
0     1.88496    4.37508e-05
0.20944     1.88496    4.50532e-05
0.418879     1.88496    4.80578e-05
0.628319     1.88496    4.22196e-05
0.837758     1.88496    2.79077e-05
1.0472     1.88496    1.8821e-05
1.25664     1.88496    2.25004e-05
1.46608     1.88496    4.3428e-05
1.67552     1.88496    5.85885e-05
1.88496     1.88496    6.16037e-05
2.0944     1.88496    6.97265e-05
2.30383     1.88496    7.84234e-05
2.51327     1.88496    7.1137e-05
2.72271     1.88496    5.17663e-05
2.93215     1.88496    2.22996e-05
3.14159     1.88496    1.40035e-05

-3.14159     2.0944    2.17639e-05
-2.93215     2.0944    1.47622e-05
-2.72271     2.0944    3.21144e-05
-2.51327     2.0944    5.4567e-05
-2.30383     2.0944    6.74072e-05
-2.0944     2.0944    6.54703e-05
-1.88496     2.0944    5.29794e-05
-1.67552     2.0944    4.83282e-05
-1.46608     2.0944    2.3804e-05
-1.25664     2.0944    7.95249e-06
-1.0472     2.0944    1.94306e-05
-0.837758     2.0944    3.8176e-05
-0.628319     2.0944    5.1762e-05
-0.418879     2.0944    6.06778e-05
-0.20944     2.0944    5.70899e-05
0     2.0944    5.91586e-05
0.20944     2.0944    5.70277e-05
0.418879     2.0944    6.06375e-05
0.628319     2.0944    5.17602e-05
0.837758     2.0944    3.81739e-05
1.0472     2.0944    1.94288e-05
1.25664     2.0944    7.95321e-06
1.46608     2.0944    2.38064e-05
1.67552     2.0944    4.83344e-05
1.88496     2.0944    5.29863e-05
2.0944     2.0944    6.54648e-05
2.30383     2.0944    6.74039e-05
2.51327     2.0944    5.45651e-05
2.72271     2.0944    3.21181e-05
2.93215     2.0944    1.47562e-05
3.14159     2.0944    2.17666e-05

-3.14159     2.30383    3.62616e-05
-2.93215     2.30383    1.3428e-05
-2.72271     2.30383    1.6517e-05
-2.51327     2.30383    4.10296e-05
-2.30383     2.30383    5.37317e-05
-2.0944     2.30383    5.92015e-05
-1.88496     2.30383    4.27459e-05
-1.67552     2.30383    1.91326e-05
-1.46608     2.30383    8.66313e-06
-1.25664     2.30383    7.09902e-06
-1.0472     2.30383    2.90599e-05
-0.837758     2.30383    5.50528e-05
-0.628319     2.30383    6.28403e-05
-0.418879     2.30383    6.6526e-05
-0.20944     2.30383    6.60379e-05
0     2.30383    6.58763e-05
0.20944     2.30383    6.60286e-05
0.418879     2.30383    6.65725e-05
0.628319     2.30383    6.28387e-05
0.837758     2.30383    5.50546e-05
1.0472     2.30383    2.90552e-05
1.25664     2.30383    7.10109e-06
1.46608     2.30383    8.66584e-06
1.67552     2.30383    1.91322e-05
1.88496     2.30383    4.27493e-05
2.0944     2.30383    5.91996e-05
2.30383     2.30383    5.37274e-05
2.51327     2.30383    4.10349e-05
2.72271     2.30383    1.65118e-05
2.93215     2.30383    1.34261e-05
3.14159     2.30383    3.62625e-05

-3.14159     2.51327    4.96888e-05
-2.93215     2.51327    2.05395e-05
-2.72271     2.51327    1.01087e-05
-2.51327     2.51327    1.39229e-05
-2.30383     2.51327    3.59931e-05
-2.0944     2.51327    4.50849e-05
-1.88496     2.51327    2.22227e-05
-1.67552     2.51327    5.70881e-06
-1.46608     2.51327    1.64784e-05
-1.25664     2.51327    8.11256e-06
-1.0472     2.51327    3.76663e-05
-0.837758     2.51327    5.59633e-05
-0.628319     2.51327    6.37424e-05
-0.418879     2.51327    6.28173e-05
-0.20944     2.51327    6.83485e-05
0     2.51327    7.32864e-05
0.20944     2.51327    6.83769e-05
0.418879     2.51327    6.2777e-05
0.628319     2.51327    6.3737e-05
0.837758     2.51327    5.59735e-05
1.0472     2.51327    3.76617e-05
1.25664     2.51327    8.11303e-06
1.46608     2.51327    1.64795e-05
1.67552     2.51327    5.7133e-06
1.88496     2.51327    2.22277e-05
2.0944     2.51327    4.50922e-05
2.30383     2.51327    3.59946e-05
2.51327     2.51327    1.39244e-05
2.72271     2.51327    1.01101e-05
2.93215     2.51327    2.0539e-05
3.14159     2.51327    4.96845e-05

-3.14159     2.72271    5.29779e-05
-2.93215     2.72271    2.83399e-05
-2.72271     2.72271    8.59712e-06
-2.51327     2.72271    1.25478e-05
-2.30383     2.72271    1.76406e-05
-2.0944     2.72271    8.7636e-06
-1.88496     2.72271    9.68569e-06
-1.67552     2.72271    1.41664e-05
-1.46608     2.72271    1.28195e-05
-1.25664     2.72271    9.64795e-06
-1.0472     2.72271    4.05418e-05
-0.837758     2.72271    5.60135e-05
-0.628319     2.72271    6.75569e-05
-0.418879     2.72271    7.23692e-05
-0.20944     2.72271    7.80603e-05
0     2.72271    8.25968e-05
0.20944     2.72271    7.80334e-05
0.418879     2.72271    7.23927e-05
0.628319     2.72271    6.75623e-05
0.837758     2.72271    5.60052e-05
1.0472     2.72271    4.05476e-05
1.25664     2.72271    9.65165e-06
1.46608     2.72271    1.28195e-05
1.67552     2.72271    1.41681e-05
1.88496     2.72271    9.68726e-06
2.0944     2.72271    8.76464e-06
2.30383     2.72271    1.76367e-05
2.51327     2.72271    1.25471e-05
2.72271     2.72271    8.60101e-06
2.93215     2.72271    2.83414e-05
3.14159     2.72271    5.29784e-05

-3.14159     2.93215    5.75103e-05
-2.93215     2.93215    3.38991e-05
-2.72271     2.93215    1.30724e-05
-2.51327     2.93215    5.25617e-06
-2.30383     2.93215    1.1663e-05
-2.0944     2.93215    8.75062e-06
-1.88496     2.93215    1.45811e-05
-1.67552     2.93215    2.14255e-05
-1.46608     2.93215    1.05045e-05
-1.25664     2.93215    2.10284e-05
-1.0472     2.93215    5.2192e-05
-0.837758     2.93215    6.32002e-05
-0.628319     2.93215    7.15721e-05
-0.418879     2.93215    8.04565e-05
-0.20944     2.93215    8.26767e-05
0     2.93215    7.98125e-05
0.20944     2.93215    8.27132e-05
0.418879     2.93215    8.04434e-05
0.628319     2.93215    7.15776e-05
0.837758     2.93215    6.32073e-05
1.0472     2.93215    5.21858e-05
1.25664     2.93215    2.10315e-05
1.46608     2.93215    1.05025e-05
1.67552     2.93215    2.14264e-05
1.88496     2.93215    1.4581e-05
2.0944     2.93215    8.7427e-06
2.30383     2.93215    1.16665e-05
2.51327     2.93215    5.24113e-06
2.72271     2.93215    1.3069e-05
2.93215     2.93215    3.39005e-05
3.14159     2.93215    5.75092e-05

-3.14159     3.14159    3.96855e-05
-2.93215     3.14159    2.04864e-05
-2.72271     3.14159    4.89031e-07
-2.51327     3.14159    1.846e-05
-2.30383     3.14159    1.08594e-05
-2.0944     3.14159    7.85871e-06
-1.88496     3.14159    1.97613e-05
-1.67552     3.14159    1.71463e-05
-1.46608     3.14159    3.48011e-06
-1.25664     3.14159    2.03618e-05
-1.0472     3.14159    4.83404e-05
-0.837758     3.14159    5.44427e-05
-0.628319     3.14159    6.29151e-05
-0.418879     3.14159    6.6969e-05
-0.20944     3.14159    7.17416e-05
0     3.14159    7.73225e-05
0.20944     3.14159    7.17153e-05
0.418879     3.14159    6.69714e-05
0.628319     3.14159    6.29111e-05
0.837758     3.14159    5.44581e-05
1.0472     3.14159    4.83393e-05
1.25664     3.14159    2.03562e-05
1.46608     3.14159    3.47954e-06
1.67552     3.14159    1.71491e-05
1.88496     3.14159    1.9765e-05
2.0944     3.14159    7.86366e-06
2.30383     3.14159    1.08527e-05
2.51327     3.14159    1.84583e-05
2.72271     3.14159    4.89092e-07
2.93215     3.14159    2.04859e-05
3.14159     3.14159    3.96781e-05

