-3.14159     -3.14159    0.000375425
-2.93215     -3.14159    0.000342857
-2.72271     -3.14159    0.000274306
-2.51327     -3.14159    0.000230204
-2.30383     -3.14159    0.000274929
-2.0944     -3.14159    0.000343206
-1.88496     -3.14159    0.000393038
-1.67552     -3.14159    0.000375951
-1.46608     -3.14159    0.000306935
-1.25664     -3.14159    0.000342041
-1.0472     -3.14159    0.000462672
-0.837758     -3.14159    0.000489857
-0.628319     -3.14159    0.000518095
-0.418879     -3.14159    0.000513838
-0.20944     -3.14159    0.000523676
0     -3.14159    0.00054422
0.20944     -3.14159    0.000523656
0.418879     -3.14159    0.000513786
0.628319     -3.14159    0.000518027
0.837758     -3.14159    0.000489874
1.0472     -3.14159    0.000462685
1.25664     -3.14159    0.000342006
1.46608     -3.14159    0.000306926
1.67552     -3.14159    0.000375973
1.88496     -3.14159    0.000393008
2.0944     -3.14159    0.000343089
2.30383     -3.14159    0.000274822
2.51327     -3.14159    0.000230145
2.72271     -3.14159    0.00027427
2.93215     -3.14159    0.000342868
3.14159     -3.14159    0.000375438

-3.14159     -2.93215    0.000478604
-2.93215     -2.93215    0.000425326
-2.72271     -2.93215    0.00033208
-2.51327     -2.93215    0.000280664
-2.30383     -2.93215    0.000238714
-2.0944     -2.93215    0.000271942
-1.88496     -2.93215    0.000357498
-1.67552     -2.93215    0.000365568
-1.46608     -2.93215    0.000294582
-1.25664     -2.93215    0.000300636
-1.0472     -2.93215    0.000412507
-0.837758     -2.93215    0.000450365
-0.628319     -2.93215    0.000471305
-0.418879     -2.93215    0.000484982
-0.20944     -2.93215    0.000476348
0     -2.93215    0.000464834
0.20944     -2.93215    0.000476318
0.418879     -2.93215    0.000484772
0.628319     -2.93215    0.000471351
0.837758     -2.93215    0.000450371
1.0472     -2.93215    0.000412473
1.25664     -2.93215    0.000300636
1.46608     -2.93215    0.000294549
1.67552     -2.93215    0.000365557
1.88496     -2.93215    0.000357416
2.0944     -2.93215    0.000271829
2.30383     -2.93215    0.000238567
2.51327     -2.93215    0.000280512
2.72271     -2.93215    0.000332038
2.93215     -2.93215    0.000425375
3.14159     -2.93215    0.000478613

-3.14159     -2.72271    0.000493157
-2.93215     -2.72271    0.000435841
-2.72271     -2.72271    0.000355968
-2.51327     -2.72271    0.000343839
-2.30383     -2.72271    0.000341023
-2.0944     -2.72271    0.000307082
-1.88496     -2.72271    0.00029693
-1.67552     -2.72271    0.00029085
-1.46608     -2.72271    0.000257096
-1.25664     -2.72271    0.000203211
-1.0472     -2.72271    0.000308039
-0.837758     -2.72271    0.000354326
-0.628319     -2.72271    0.000383836
-0.418879     -2.72271    0.00038047
-0.20944     -2.72271    0.000382113
0     -2.72271    0.000378561
0.20944     -2.72271    0.000382133
0.418879     -2.72271    0.000380828
0.628319     -2.72271    0.000383814
0.837758     -2.72271    0.000354332
1.0472     -2.72271    0.000308068
1.25664     -2.72271    0.000203118
1.46608     -2.72271    0.000257084
1.67552     -2.72271    0.000290808
1.88496     -2.72271    0.000296868
2.0944     -2.72271    0.000306998
2.30383     -2.72271    0.000340927
2.51327     -2.72271    0.000343733
2.72271     -2.72271    0.000355997
2.93215     -2.72271    0.00043578
3.14159     -2.72271    0.000493127

-3.14159     -2.51327    0.00050561
-2.93215     -2.51327    0.000412739
-2.72271     -2.51327    0.000364167
-2.51327     -2.51327    0.000389732
-2.30383     -2.51327    0.000441485
-2.0944     -2.51327    0.000423523
-1.88496     -2.51327    0.000291232
-1.67552     -2.51327    0.000199587
-1.46608     -2.51327    0.0002255
-1.25664     -2.51327    0.000151627
-1.0472     -2.51327    0.000244606
-0.837758     -2.51327    0.00029763
-0.628319     -2.51327    0.000305853
-0.418879     -2.51327    0.000284643
-0.20944     -2.51327    0.000284277
0     -2.51327    0.000329895
0.20944     -2.51327    0.000284311
0.418879     -2.51327    0.000284114
0.628319     -2.51327    0.000305847
0.837758     -2.51327    0.000297578
1.0472     -2.51327    0.000244551
1.25664     -2.51327    0.000151652
1.46608     -2.51327    0.000225478
1.67552     -2.51327    0.000199598
1.88496     -2.51327    0.000291247
2.0944     -2.51327    0.000423551
2.30383     -2.51327    0.00044145
2.51327     -2.51327    0.000389674
2.72271     -2.51327    0.000364117
2.93215     -2.51327    0.000412701
3.14159     -2.51327    0.000505518

-3.14159     -2.30383    0.00046579
-2.93215     -2.30383    0.000380851
-2.72271     -2.30383    0.000396305
-2.51327     -2.30383    0.000478376
-2.30383     -2.30383    0.000489183
-2.0944     -2.30383    0.000451921
-1.88496     -2.30383    0.000332283
-1.67552     -2.30383    0.000201006
-1.46608     -2.30383    0.000134951
-1.25664     -2.30383    9.98299e-05
-1.0472     -2.30383    0.000147769
-0.837758     -2.30383    0.000235936
-0.628319     -2.30383    0.000242362
-0.418879     -2.30383    0.000241569
-0.20944     -2.30383    0.000225769
0     -2.30383    0.0001833
0.20944     -2.30383    0.000225713
0.418879     -2.30383    0.000242103
0.628319     -2.30383    0.000242367
0.837758     -2.30383    0.000235928
1.0472     -2.30383    0.000147752
1.25664     -2.30383    9.97335e-05
1.46608     -2.30383    0.000134952
1.67552     -2.30383    0.000201044
1.88496     -2.30383    0.000332359
2.0944     -2.30383    0.000451978
2.30383     -2.30383    0.000489173
2.51327     -2.30383    0.000478316
2.72271     -2.30383    0.000396237
2.93215     -2.30383    0.000380783
3.14159     -2.30383    0.000465686

-3.14159     -2.0944    0.000404819
-2.93215     -2.0944    0.000377007
-2.72271     -2.0944    0.000453361
-2.51327     -2.0944    0.000510428
-2.30383     -2.0944    0.000498669
-2.0944     -2.0944    0.00043013
-1.88496     -2.0944    0.000332909
-1.67552     -2.0944    0.000278612
-1.46608     -2.0944    0.000134785
-1.25664     -2.0944    4.38964e-05
-1.0472     -2.0944    4.88293e-05
-0.837758     -2.0944    0.000100387
-0.628319     -2.0944    0.000138861
-0.418879     -2.0944    0.000156783
-0.20944     -2.0944    0.000132835
0     -2.0944    0.00019402
0.20944     -2.0944    0.000132783
0.418879     -2.0944    0.000156371
0.628319     -2.0944    0.000138816
0.837758     -2.0944    0.00010038
1.0472     -2.0944    4.88086e-05
1.25664     -2.0944    4.39159e-05
1.46608     -2.0944    0.000134842
1.67552     -2.0944    0.000278767
1.88496     -2.0944    0.000333052
2.0944     -2.0944    0.000430234
2.30383     -2.0944    0.000498705
2.51327     -2.0944    0.000510377
2.72271     -2.0944    0.000453314
2.93215     -2.0944    0.00037693
3.14159     -2.0944    0.00040479

-3.14159     -1.88496    0.000366809
-2.93215     -1.88496    0.00040555
-2.72271     -1.88496    0.000506078
-2.51327     -1.88496    0.000515262
-2.30383     -1.88496    0.000488341
-2.0944     -1.88496    0.000399052
-1.88496     -1.88496    0.000319934
-1.67552     -1.88496    0.000270675
-1.46608     -1.88496    0.00016392
-1.25664     -1.88496    3.45973e-05
-1.0472     -1.88496    1.59751e-05
-0.837758     -1.88496    9.27048e-06
-0.628319     -1.88496    3.86961e-05
-0.418879     -1.88496    5.01856e-05
-0.20944     -1.88496    3.28786e-05
0     -1.88496    3.47222e-05
0.20944     -1.88496    3.29298e-05
0.418879     -1.88496    5.05002e-05
0.628319     -1.88496    3.87734e-05
0.837758     -1.88496    9.35287e-06
1.0472     -1.88496    1.61226e-05
1.25664     -1.88496    3.45573e-05
1.46608     -1.88496    0.000163968
1.67552     -1.88496    0.000270769
1.88496     -1.88496    0.000320059
2.0944     -1.88496    0.000399129
2.30383     -1.88496    0.000488386
2.51327     -1.88496    0.00051526
2.72271     -1.88496    0.000505986
2.93215     -1.88496    0.000405512
3.14159     -1.88496    0.000366749

-3.14159     -1.67552    0.000375039
-2.93215     -1.67552    0.000479487
-2.72271     -1.67552    0.000543865
-2.51327     -1.67552    0.000497296
-2.30383     -1.67552    0.00043798
-2.0944     -1.67552    0.000339181
-1.88496     -1.67552    0.000289693
-1.67552     -1.67552    0.000237874
-1.46608     -1.67552    0.000130595
-1.25664     -1.67552    1.23413e-05
-1.0472     -1.67552    9.17776e-05
-0.837758     -1.67552    0.000126317
-0.628319     -1.67552    6.61826e-05
-0.418879     -1.67552    5.67206e-05
-0.20944     -1.67552    9.2427e-05
0     -1.67552    7.07524e-05
0.20944     -1.67552    9.23332e-05
0.418879     -1.67552    5.67694e-05
0.628319     -1.67552    6.64691e-05
0.837758     -1.67552    0.000126366
1.0472     -1.67552    9.17684e-05
1.25664     -1.67552    1.23516e-05
1.46608     -1.67552    0.000130657
1.67552     -1.67552    0.000237931
1.88496     -1.67552    0.000289773
2.0944     -1.67552    0.000339243
2.30383     -1.67552    0.000438046
2.51327     -1.67552    0.000497322
2.72271     -1.67552    0.00054382
2.93215     -1.67552    0.000479439
3.14159     -1.67552    0.000374996

-3.14159     -1.46608    0.000422933
-2.93215     -1.46608    0.000522344
-2.72271     -1.46608    0.000528849
-2.51327     -1.46608    0.000448331
-2.30383     -1.46608    0.000396359
-2.0944     -1.46608    0.000295593
-1.88496     -1.46608    0.000242788
-1.67552     -1.46608    0.00020025
-1.46608     -1.46608    0.000106753
-1.25664     -1.46608    6.69339e-06
-1.0472     -1.46608    0.00012449
-0.837758     -1.46608    0.000201202
-0.628319     -1.46608    0.000179709
-0.418879     -1.46608    0.000172385
-0.20944     -1.46608    0.000223837
0     -1.46608    0.000205278
0.20944     -1.46608    0.000223613
0.418879     -1.46608    0.000172417
0.628319     -1.46608    0.000179615
0.837758     -1.46608    0.000201303
1.0472     -1.46608    0.000124558
1.25664     -1.46608    6.67419e-06
1.46608     -1.46608    0.000106801
1.67552     -1.46608    0.000200443
1.88496     -1.46608    0.000242873
2.0944     -1.46608    0.000295715
2.30383     -1.46608    0.000396445
2.51327     -1.46608    0.000448387
2.72271     -1.46608    0.000528779
2.93215     -1.46608    0.000522318
3.14159     -1.46608    0.000422886

-3.14159     -1.25664    0.000484398
-2.93215     -1.25664    0.000511787
-2.72271     -1.25664    0.000490048
-2.51327     -1.25664    0.000421454
-2.30383     -1.25664    0.000350447
-2.0944     -1.25664    0.000257729
-1.88496     -1.25664    0.000214195
-1.67552     -1.25664    0.000128949
-1.46608     -1.25664    4.9845e-05
-1.25664     -1.25664    2.65161e-05
-1.0472     -1.25664    0.000134523
-0.837758     -1.25664    0.000214838
-0.628319     -1.25664    0.000241057
-0.418879     -1.25664    0.00026315
-0.20944     -1.25664    0.000310151
0     -1.25664    0.000399237
0.20944     -1.25664    0.000310406
0.418879     -1.25664    0.00026304
0.628319     -1.25664    0.000241236
0.837758     -1.25664    0.000214867
1.0472     -1.25664    0.000134289
1.25664     -1.25664    2.64894e-05
1.46608     -1.25664    4.99748e-05
1.67552     -1.25664    0.000129137
1.88496     -1.25664    0.000214277
2.0944     -1.25664    0.000257781
2.30383     -1.25664    0.000350516
2.51327     -1.25664    0.000421544
2.72271     -1.25664    0.000490025
2.93215     -1.25664    0.000511733
3.14159     -1.25664    0.000484282

-3.14159     -1.0472    0.000504806
-2.93215     -1.0472    0.000514863
-2.72271     -1.0472    0.000469026
-2.51327     -1.0472    0.000368919
-2.30383     -1.0472    0.000282487
-2.0944     -1.0472    0.000228668
-1.88496     -1.0472    0.00016954
-1.67552     -1.0472    7.12175e-05
-1.46608     -1.0472    1.56971e-05
-1.25664     -1.0472    0.000130082
-1.0472     -1.0472    0.000196251
-0.837758     -1.0472    0.000261959
-0.628319     -1.0472    0.000312041
-0.418879     -1.0472    0.000343759
-0.20944     -1.0472    0.000392045
0     -1.0472    0.000349394
0.20944     -1.0472    0.00039218
0.418879     -1.0472    0.000344813
0.628319     -1.0472    0.000311779
0.837758     -1.0472    0.000261881
1.0472     -1.0472    0.000196385
1.25664     -1.0472    0.000129945
1.46608     -1.0472    1.56555e-05
1.67552     -1.0472    7.1211e-05
1.88496     -1.0472    0.000169631
2.0944     -1.0472    0.00022877
2.30383     -1.0472    0.000282571
2.51327     -1.0472    0.000369038
2.72271     -1.0472    0.000469106
2.93215     -1.0472    0.000514828
3.14159     -1.0472    0.000504736

-3.14159     -0.837758    0.000489439
-2.93215     -0.837758    0.000460851
-2.72271     -0.837758    0.000406475
-2.51327     -0.837758    0.000318174
-2.30383     -0.837758    0.000265104
-2.0944     -0.837758    0.000213813
-1.88496     -0.837758    0.000111799
-1.67552     -0.837758    2.15355e-05
-1.46608     -0.837758    7.87744e-05
-1.25664     -0.837758    0.000199388
-1.0472     -0.837758    0.000287032
-0.837758     -0.837758    0.000315553
-0.628319     -0.837758    0.000389608
-0.418879     -0.837758    0.00046021
-0.20944     -0.837758    0.000512548
0     -0.837758    0.000761738
0.20944     -0.837758    0.00051195
0.418879     -0.837758    0.000458758
0.628319     -0.837758    0.000389915
0.837758     -0.837758    0.000315428
1.0472     -0.837758    0.000287053
1.25664     -0.837758    0.000199452
1.46608     -0.837758    7.87976e-05
1.67552     -0.837758    2.14536e-05
1.88496     -0.837758    0.000111935
2.0944     -0.837758    0.000213966
2.30383     -0.837758    0.000265234
2.51327     -0.837758    0.000318278
2.72271     -0.837758    0.000406542
2.93215     -0.837758    0.000460898
3.14159     -0.837758    0.000489423

-3.14159     -0.628319    0.000460262
-2.93215     -0.628319    0.000417074
-2.72271     -0.628319    0.000336367
-2.51327     -0.628319    0.000310881
-2.30383     -0.628319    0.000245109
-2.0944     -0.628319    0.000170517
-1.88496     -0.628319    7.82907e-05
-1.67552     -0.628319    2.35824e-05
-1.46608     -0.628319    0.000156298
-1.25664     -0.628319    0.000259191
-1.0472     -0.628319    0.000358737
-0.837758     -0.628319    0.000439206
-0.628319     -0.628319    0.00048825
-0.418879     -0.628319    0.000573018
-0.20944     -0.628319    0.000681446
0     -0.628319    0.000576904
0.20944     -0.628319    0.000683873
0.418879     -0.628319    0.000574403
0.628319     -0.628319    0.00048896
0.837758     -0.628319    0.000439012
1.0472     -0.628319    0.000358695
1.25664     -0.628319    0.000259093
1.46608     -0.628319    0.000156364
1.67552     -0.628319    2.35877e-05
1.88496     -0.628319    7.8417e-05
2.0944     -0.628319    0.000170566
2.30383     -0.628319    0.000245199
2.51327     -0.628319    0.000310885
2.72271     -0.628319    0.000336401
2.93215     -0.628319    0.00041714
3.14159     -0.628319    0.000460278

-3.14159     -0.418879    0.000324524
-2.93215     -0.418879    0.00027696
-2.72271     -0.418879    0.000276577
-2.51327     -0.418879    0.000250594
-2.30383     -0.418879    0.000179917
-2.0944     -0.418879    9.11181e-05
-1.88496     -0.418879    3.04526e-05
-1.67552     -0.418879    6.1411e-05
-1.46608     -0.418879    0.000178154
-1.25664     -0.418879    0.000283773
-1.0472     -0.418879    0.00037449
-0.837758     -0.418879    0.000514923
-0.628319     -0.418879    0.000657595
-0.418879     -0.418879    0.000779673
-0.20944     -0.418879    0.000927189
0     -0.418879    0.00131156
0.20944     -0.418879    0.000925385
0.418879     -0.418879    0.000781174
0.628319     -0.418879    0.000656207
0.837758     -0.418879    0.000514928
1.0472     -0.418879    0.000375212
1.25664     -0.418879    0.000283908
1.46608     -0.418879    0.000178331
1.67552     -0.418879    6.1535e-05
1.88496     -0.418879    3.04901e-05
2.0944     -0.418879    9.11499e-05
2.30383     -0.418879    0.000179911
2.51327     -0.418879    0.000250613
2.72271     -0.418879    0.000276563
2.93215     -0.418879    0.000277012
3.14159     -0.418879    0.000324533

-3.14159     -0.20944    0.000247994
-2.93215     -0.20944    0.000183357
-2.72271     -0.20944    0.000173109
-2.51327     -0.20944    0.0001253
-2.30383     -0.20944    7.72071e-05
-2.0944     -0.20944    1.86263e-06
-1.88496     -0.20944    7.43446e-05
-1.67552     -0.20944    0.000141941
-1.46608     -0.20944    0.000202926
-1.25664     -0.20944    0.000280536
-1.0472     -0.20944    0.000379375
-0.837758     -0.20944    0.000505897
-0.628319     -0.20944    0.000720121
-0.418879     -0.20944    0.000980406
-0.20944     -0.20944    0.00132412
0     -0.20944    0.00125746
0.20944     -0.20944    0.00131323
0.418879     -0.20944    0.000976745
0.628319     -0.20944    0.000720507
0.837758     -0.20944    0.000505892
1.0472     -0.20944    0.000378673
1.25664     -0.20944    0.000280841
1.46608     -0.20944    0.000202746
1.67552     -0.20944    0.000141935
1.88496     -0.20944    7.43378e-05
2.0944     -0.20944    1.91091e-06
2.30383     -0.20944    7.72181e-05
2.51327     -0.20944    0.000125355
2.72271     -0.20944    0.000173125
2.93215     -0.20944    0.000183363
3.14159     -0.20944    0.000248011

-3.14159     0    0.000278505
-2.93215     0    0.000233834
-2.72271     0    0.0001096
-2.51327     0    6.0088e-05
-2.30383     0    1.10364e-05
-2.0944     0    4.14531e-05
-1.88496     0    0.000141023
-1.67552     0    0.000202664
-1.46608     0    0.000237319
-1.25664     0    0.000295367
-1.0472     0    0.000392452
-0.837758     0    0.000518049
-0.628319     0    0.000689852
-0.418879     0    0.00101992
-0.20944     0    0.00156167
0     0    2.14797e-16
0.20944     0    0.00156167
0.418879     0    0.00101992
0.628319     0    0.000689852
0.837758     0    0.000518049
1.0472     0    0.000392452
1.25664     0    0.000295367
1.46608     0    0.000237319
1.67552     0    0.000202664
1.88496     0    0.000141023
2.0944     0    4.14531e-05
2.30383     0    1.10364e-05
2.51327     0    6.0088e-05
2.72271     0    0.0001096
2.93215     0    0.000233834
3.14159     0    0.000278505

-3.14159     0.20944    0.000248011
-2.93215     0.20944    0.000183363
-2.72271     0.20944    0.000173125
-2.51327     0.20944    0.000125355
-2.30383     0.20944    7.72181e-05
-2.0944     0.20944    1.91091e-06
-1.88496     0.20944    7.43378e-05
-1.67552     0.20944    0.000141935
-1.46608     0.20944    0.000202746
-1.25664     0.20944    0.000280841
-1.0472     0.20944    0.000378673
-0.837758     0.20944    0.000505892
-0.628319     0.20944    0.000720507
-0.418879     0.20944    0.000976745
-0.20944     0.20944    0.00131323
0     0.20944    0.00125746
0.20944     0.20944    0.00132412
0.418879     0.20944    0.000980406
0.628319     0.20944    0.000720121
0.837758     0.20944    0.000505897
1.0472     0.20944    0.000379375
1.25664     0.20944    0.000280536
1.46608     0.20944    0.000202926
1.67552     0.20944    0.000141941
1.88496     0.20944    7.43446e-05
2.0944     0.20944    1.86263e-06
2.30383     0.20944    7.72071e-05
2.51327     0.20944    0.0001253
2.72271     0.20944    0.000173109
2.93215     0.20944    0.000183357
3.14159     0.20944    0.000247994

-3.14159     0.418879    0.000324533
-2.93215     0.418879    0.000277012
-2.72271     0.418879    0.000276563
-2.51327     0.418879    0.000250613
-2.30383     0.418879    0.000179911
-2.0944     0.418879    9.11499e-05
-1.88496     0.418879    3.04901e-05
-1.67552     0.418879    6.1535e-05
-1.46608     0.418879    0.000178331
-1.25664     0.418879    0.000283908
-1.0472     0.418879    0.000375212
-0.837758     0.418879    0.000514928
-0.628319     0.418879    0.000656207
-0.418879     0.418879    0.000781174
-0.20944     0.418879    0.000925385
0     0.418879    0.00131156
0.20944     0.418879    0.000927189
0.418879     0.418879    0.000779673
0.628319     0.418879    0.000657595
0.837758     0.418879    0.000514923
1.0472     0.418879    0.00037449
1.25664     0.418879    0.000283773
1.46608     0.418879    0.000178154
1.67552     0.418879    6.1411e-05
1.88496     0.418879    3.04526e-05
2.0944     0.418879    9.11181e-05
2.30383     0.418879    0.000179917
2.51327     0.418879    0.000250594
2.72271     0.418879    0.000276577
2.93215     0.418879    0.00027696
3.14159     0.418879    0.000324524

-3.14159     0.628319    0.000460278
-2.93215     0.628319    0.00041714
-2.72271     0.628319    0.000336401
-2.51327     0.628319    0.000310885
-2.30383     0.628319    0.000245199
-2.0944     0.628319    0.000170566
-1.88496     0.628319    7.8417e-05
-1.67552     0.628319    2.35877e-05
-1.46608     0.628319    0.000156364
-1.25664     0.628319    0.000259093
-1.0472     0.628319    0.000358695
-0.837758     0.628319    0.000439012
-0.628319     0.628319    0.00048896
-0.418879     0.628319    0.000574403
-0.20944     0.628319    0.000683873
0     0.628319    0.000576904
0.20944     0.628319    0.000681446
0.418879     0.628319    0.000573018
0.628319     0.628319    0.00048825
0.837758     0.628319    0.000439206
1.0472     0.628319    0.000358737
1.25664     0.628319    0.000259191
1.46608     0.628319    0.000156298
1.67552     0.628319    2.35824e-05
1.88496     0.628319    7.82907e-05
2.0944     0.628319    0.000170517
2.30383     0.628319    0.000245109
2.51327     0.628319    0.000310881
2.72271     0.628319    0.000336367
2.93215     0.628319    0.000417074
3.14159     0.628319    0.000460262

-3.14159     0.837758    0.000489423
-2.93215     0.837758    0.000460898
-2.72271     0.837758    0.000406542
-2.51327     0.837758    0.000318278
-2.30383     0.837758    0.000265234
-2.0944     0.837758    0.000213966
-1.88496     0.837758    0.000111935
-1.67552     0.837758    2.14536e-05
-1.46608     0.837758    7.87976e-05
-1.25664     0.837758    0.000199452
-1.0472     0.837758    0.000287053
-0.837758     0.837758    0.000315428
-0.628319     0.837758    0.000389915
-0.418879     0.837758    0.000458758
-0.20944     0.837758    0.00051195
0     0.837758    0.000761738
0.20944     0.837758    0.000512548
0.418879     0.837758    0.00046021
0.628319     0.837758    0.000389608
0.837758     0.837758    0.000315553
1.0472     0.837758    0.000287032
1.25664     0.837758    0.000199388
1.46608     0.837758    7.87744e-05
1.67552     0.837758    2.15355e-05
1.88496     0.837758    0.000111799
2.0944     0.837758    0.000213813
2.30383     0.837758    0.000265104
2.51327     0.837758    0.000318174
2.72271     0.837758    0.000406475
2.93215     0.837758    0.000460851
3.14159     0.837758    0.000489439

-3.14159     1.0472    0.000504736
-2.93215     1.0472    0.000514828
-2.72271     1.0472    0.000469106
-2.51327     1.0472    0.000369038
-2.30383     1.0472    0.000282571
-2.0944     1.0472    0.00022877
-1.88496     1.0472    0.000169631
-1.67552     1.0472    7.1211e-05
-1.46608     1.0472    1.56555e-05
-1.25664     1.0472    0.000129945
-1.0472     1.0472    0.000196385
-0.837758     1.0472    0.000261881
-0.628319     1.0472    0.000311779
-0.418879     1.0472    0.000344813
-0.20944     1.0472    0.00039218
0     1.0472    0.000349394
0.20944     1.0472    0.000392045
0.418879     1.0472    0.000343759
0.628319     1.0472    0.000312041
0.837758     1.0472    0.000261959
1.0472     1.0472    0.000196251
1.25664     1.0472    0.000130082
1.46608     1.0472    1.56971e-05
1.67552     1.0472    7.12175e-05
1.88496     1.0472    0.00016954
2.0944     1.0472    0.000228668
2.30383     1.0472    0.000282487
2.51327     1.0472    0.000368919
2.72271     1.0472    0.000469026
2.93215     1.0472    0.000514863
3.14159     1.0472    0.000504806

-3.14159     1.25664    0.000484282
-2.93215     1.25664    0.000511733
-2.72271     1.25664    0.000490025
-2.51327     1.25664    0.000421544
-2.30383     1.25664    0.000350516
-2.0944     1.25664    0.000257781
-1.88496     1.25664    0.000214277
-1.67552     1.25664    0.000129137
-1.46608     1.25664    4.99748e-05
-1.25664     1.25664    2.64894e-05
-1.0472     1.25664    0.000134289
-0.837758     1.25664    0.000214867
-0.628319     1.25664    0.000241236
-0.418879     1.25664    0.00026304
-0.20944     1.25664    0.000310406
0     1.25664    0.000399237
0.20944     1.25664    0.000310151
0.418879     1.25664    0.00026315
0.628319     1.25664    0.000241057
0.837758     1.25664    0.000214838
1.0472     1.25664    0.000134523
1.25664     1.25664    2.65161e-05
1.46608     1.25664    4.9845e-05
1.67552     1.25664    0.000128949
1.88496     1.25664    0.000214195
2.0944     1.25664    0.000257729
2.30383     1.25664    0.000350447
2.51327     1.25664    0.000421454
2.72271     1.25664    0.000490048
2.93215     1.25664    0.000511787
3.14159     1.25664    0.000484398

-3.14159     1.46608    0.000422886
-2.93215     1.46608    0.000522318
-2.72271     1.46608    0.000528779
-2.51327     1.46608    0.000448387
-2.30383     1.46608    0.000396445
-2.0944     1.46608    0.000295715
-1.88496     1.46608    0.000242873
-1.67552     1.46608    0.000200443
-1.46608     1.46608    0.000106801
-1.25664     1.46608    6.67419e-06
-1.0472     1.46608    0.000124558
-0.837758     1.46608    0.000201303
-0.628319     1.46608    0.000179615
-0.418879     1.46608    0.000172417
-0.20944     1.46608    0.000223613
0     1.46608    0.000205278
0.20944     1.46608    0.000223837
0.418879     1.46608    0.000172385
0.628319     1.46608    0.000179709
0.837758     1.46608    0.000201202
1.0472     1.46608    0.00012449
1.25664     1.46608    6.69339e-06
1.46608     1.46608    0.000106753
1.67552     1.46608    0.00020025
1.88496     1.46608    0.000242788
2.0944     1.46608    0.000295593
2.30383     1.46608    0.000396359
2.51327     1.46608    0.000448331
2.72271     1.46608    0.000528849
2.93215     1.46608    0.000522344
3.14159     1.46608    0.000422933

-3.14159     1.67552    0.000374996
-2.93215     1.67552    0.000479439
-2.72271     1.67552    0.00054382
-2.51327     1.67552    0.000497322
-2.30383     1.67552    0.000438046
-2.0944     1.67552    0.000339243
-1.88496     1.67552    0.000289773
-1.67552     1.67552    0.000237931
-1.46608     1.67552    0.000130657
-1.25664     1.67552    1.23516e-05
-1.0472     1.67552    9.17684e-05
-0.837758     1.67552    0.000126366
-0.628319     1.67552    6.64691e-05
-0.418879     1.67552    5.67694e-05
-0.20944     1.67552    9.23332e-05
0     1.67552    7.07524e-05
0.20944     1.67552    9.2427e-05
0.418879     1.67552    5.67206e-05
0.628319     1.67552    6.61826e-05
0.837758     1.67552    0.000126317
1.0472     1.67552    9.17776e-05
1.25664     1.67552    1.23413e-05
1.46608     1.67552    0.000130595
1.67552     1.67552    0.000237874
1.88496     1.67552    0.000289693
2.0944     1.67552    0.000339181
2.30383     1.67552    0.00043798
2.51327     1.67552    0.000497296
2.72271     1.67552    0.000543865
2.93215     1.67552    0.000479487
3.14159     1.67552    0.000375039

-3.14159     1.88496    0.000366749
-2.93215     1.88496    0.000405512
-2.72271     1.88496    0.000505986
-2.51327     1.88496    0.00051526
-2.30383     1.88496    0.000488386
-2.0944     1.88496    0.000399129
-1.88496     1.88496    0.000320059
-1.67552     1.88496    0.000270769
-1.46608     1.88496    0.000163968
-1.25664     1.88496    3.45573e-05
-1.0472     1.88496    1.61226e-05
-0.837758     1.88496    9.35287e-06
-0.628319     1.88496    3.87734e-05
-0.418879     1.88496    5.05002e-05
-0.20944     1.88496    3.29298e-05
0     1.88496    3.47222e-05
0.20944     1.88496    3.28786e-05
0.418879     1.88496    5.01856e-05
0.628319     1.88496    3.86961e-05
0.837758     1.88496    9.27048e-06
1.0472     1.88496    1.59751e-05
1.25664     1.88496    3.45973e-05
1.46608     1.88496    0.00016392
1.67552     1.88496    0.000270675
1.88496     1.88496    0.000319934
2.0944     1.88496    0.000399052
2.30383     1.88496    0.000488341
2.51327     1.88496    0.000515262
2.72271     1.88496    0.000506078
2.93215     1.88496    0.00040555
3.14159     1.88496    0.000366809

-3.14159     2.0944    0.00040479
-2.93215     2.0944    0.00037693
-2.72271     2.0944    0.000453314
-2.51327     2.0944    0.000510377
-2.30383     2.0944    0.000498705
-2.0944     2.0944    0.000430234
-1.88496     2.0944    0.000333052
-1.67552     2.0944    0.000278767
-1.46608     2.0944    0.000134842
-1.25664     2.0944    4.39159e-05
-1.0472     2.0944    4.88086e-05
-0.837758     2.0944    0.00010038
-0.628319     2.0944    0.000138816
-0.418879     2.0944    0.000156371
-0.20944     2.0944    0.000132783
0     2.0944    0.00019402
0.20944     2.0944    0.000132835
0.418879     2.0944    0.000156783
0.628319     2.0944    0.000138861
0.837758     2.0944    0.000100387
1.0472     2.0944    4.88293e-05
1.25664     2.0944    4.38964e-05
1.46608     2.0944    0.000134785
1.67552     2.0944    0.000278612
1.88496     2.0944    0.000332909
2.0944     2.0944    0.00043013
2.30383     2.0944    0.000498669
2.51327     2.0944    0.000510428
2.72271     2.0944    0.000453361
2.93215     2.0944    0.000377007
3.14159     2.0944    0.000404819

-3.14159     2.30383    0.000465686
-2.93215     2.30383    0.000380783
-2.72271     2.30383    0.000396237
-2.51327     2.30383    0.000478316
-2.30383     2.30383    0.000489173
-2.0944     2.30383    0.000451978
-1.88496     2.30383    0.000332359
-1.67552     2.30383    0.000201044
-1.46608     2.30383    0.000134952
-1.25664     2.30383    9.97335e-05
-1.0472     2.30383    0.000147752
-0.837758     2.30383    0.000235928
-0.628319     2.30383    0.000242367
-0.418879     2.30383    0.000242103
-0.20944     2.30383    0.000225713
0     2.30383    0.0001833
0.20944     2.30383    0.000225769
0.418879     2.30383    0.000241569
0.628319     2.30383    0.000242362
0.837758     2.30383    0.000235936
1.0472     2.30383    0.000147769
1.25664     2.30383    9.98299e-05
1.46608     2.30383    0.000134951
1.67552     2.30383    0.000201006
1.88496     2.30383    0.000332283
2.0944     2.30383    0.000451921
2.30383     2.30383    0.000489183
2.51327     2.30383    0.000478376
2.72271     2.30383    0.000396305
2.93215     2.30383    0.000380851
3.14159     2.30383    0.00046579

-3.14159     2.51327    0.000505518
-2.93215     2.51327    0.000412701
-2.72271     2.51327    0.000364117
-2.51327     2.51327    0.000389674
-2.30383     2.51327    0.00044145
-2.0944     2.51327    0.000423551
-1.88496     2.51327    0.000291247
-1.67552     2.51327    0.000199598
-1.46608     2.51327    0.000225478
-1.25664     2.51327    0.000151652
-1.0472     2.51327    0.000244551
-0.837758     2.51327    0.000297578
-0.628319     2.51327    0.000305847
-0.418879     2.51327    0.000284114
-0.20944     2.51327    0.000284311
0     2.51327    0.000329895
0.20944     2.51327    0.000284277
0.418879     2.51327    0.000284643
0.628319     2.51327    0.000305853
0.837758     2.51327    0.00029763
1.0472     2.51327    0.000244606
1.25664     2.51327    0.000151627
1.46608     2.51327    0.0002255
1.67552     2.51327    0.000199587
1.88496     2.51327    0.000291232
2.0944     2.51327    0.000423523
2.30383     2.51327    0.000441485
2.51327     2.51327    0.000389732
2.72271     2.51327    0.000364167
2.93215     2.51327    0.000412739
3.14159     2.51327    0.00050561

-3.14159     2.72271    0.000493127
-2.93215     2.72271    0.00043578
-2.72271     2.72271    0.000355997
-2.51327     2.72271    0.000343733
-2.30383     2.72271    0.000340927
-2.0944     2.72271    0.000306998
-1.88496     2.72271    0.000296868
-1.67552     2.72271    0.000290808
-1.46608     2.72271    0.000257084
-1.25664     2.72271    0.000203118
-1.0472     2.72271    0.000308068
-0.837758     2.72271    0.000354332
-0.628319     2.72271    0.000383814
-0.418879     2.72271    0.000380828
-0.20944     2.72271    0.000382133
0     2.72271    0.000378561
0.20944     2.72271    0.000382113
0.418879     2.72271    0.00038047
0.628319     2.72271    0.000383836
0.837758     2.72271    0.000354326
1.0472     2.72271    0.000308039
1.25664     2.72271    0.000203211
1.46608     2.72271    0.000257096
1.67552     2.72271    0.00029085
1.88496     2.72271    0.00029693
2.0944     2.72271    0.000307082
2.30383     2.72271    0.000341023
2.51327     2.72271    0.000343839
2.72271     2.72271    0.000355968
2.93215     2.72271    0.000435841
3.14159     2.72271    0.000493157

-3.14159     2.93215    0.000478613
-2.93215     2.93215    0.000425375
-2.72271     2.93215    0.000332038
-2.51327     2.93215    0.000280512
-2.30383     2.93215    0.000238567
-2.0944     2.93215    0.000271829
-1.88496     2.93215    0.000357416
-1.67552     2.93215    0.000365557
-1.46608     2.93215    0.000294549
-1.25664     2.93215    0.000300636
-1.0472     2.93215    0.000412473
-0.837758     2.93215    0.000450371
-0.628319     2.93215    0.000471351
-0.418879     2.93215    0.000484772
-0.20944     2.93215    0.000476318
0     2.93215    0.000464834
0.20944     2.93215    0.000476348
0.418879     2.93215    0.000484982
0.628319     2.93215    0.000471305
0.837758     2.93215    0.000450365
1.0472     2.93215    0.000412507
1.25664     2.93215    0.000300636
1.46608     2.93215    0.000294582
1.67552     2.93215    0.000365568
1.88496     2.93215    0.000357498
2.0944     2.93215    0.000271942
2.30383     2.93215    0.000238714
2.51327     2.93215    0.000280664
2.72271     2.93215    0.00033208
2.93215     2.93215    0.000425326
3.14159     2.93215    0.000478604

-3.14159     3.14159    0.000375438
-2.93215     3.14159    0.000342868
-2.72271     3.14159    0.00027427
-2.51327     3.14159    0.000230145
-2.30383     3.14159    0.000274822
-2.0944     3.14159    0.000343089
-1.88496     3.14159    0.000393008
-1.67552     3.14159    0.000375973
-1.46608     3.14159    0.000306926
-1.25664     3.14159    0.000342006
-1.0472     3.14159    0.000462685
-0.837758     3.14159    0.000489874
-0.628319     3.14159    0.000518027
-0.418879     3.14159    0.000513786
-0.20944     3.14159    0.000523656
0     3.14159    0.00054422
0.20944     3.14159    0.000523676
0.418879     3.14159    0.000513838
0.628319     3.14159    0.000518095
0.837758     3.14159    0.000489857
1.0472     3.14159    0.000462672
1.25664     3.14159    0.000342041
1.46608     3.14159    0.000306935
1.67552     3.14159    0.000375951
1.88496     3.14159    0.000393038
2.0944     3.14159    0.000343206
2.30383     3.14159    0.000274929
2.51327     3.14159    0.000230204
2.72271     3.14159    0.000274306
2.93215     3.14159    0.000342857
3.14159     3.14159    0.000375425

