-3.14159     -3.14159    0.000192926
-2.93215     -3.14159    0.00134784
-2.72271     -3.14159    0.00331509
-2.51327     -3.14159    0.00355231
-2.30383     -3.14159    0.00149558
-2.0944     -3.14159    0.000698855
-1.88496     -3.14159    0.00245368
-1.67552     -3.14159    0.001044
-1.46608     -3.14159    0.000147463
-1.25664     -3.14159    0.00132125
-1.0472     -3.14159    9.89182e-05
-0.837758     -3.14159    9.14046e-05
-0.628319     -3.14159    0.00259891
-0.418879     -3.14159    0.00256366
-0.20944     -3.14159    0.0048516
0     -3.14159    0.0104538
0.20944     -3.14159    0.00514815
0.418879     -3.14159    0.00254794
0.628319     -3.14159    0.00232774
0.837758     -3.14159    0.000106323
1.0472     -3.14159    9.87144e-05
1.25664     -3.14159    0.00140018
1.46608     -3.14159    0.000155492
1.67552     -3.14159    0.00113878
1.88496     -3.14159    0.00252432
2.0944     -3.14159    0.000780404
2.30383     -3.14159    0.00153851
2.51327     -3.14159    0.00357772
2.72271     -3.14159    0.00338596
2.93215     -3.14159    0.00143198
3.14159     -3.14159    0.000204434

-3.14159     -2.93215    9.9453e-05
-2.93215     -2.93215    0.00077915
-2.72271     -2.93215    0.00078375
-2.51327     -2.93215    0.00363038
-2.30383     -2.93215    0.00402551
-2.0944     -2.93215    0.000376903
-1.88496     -2.93215    0.000234261
-1.67552     -2.93215    0.000134442
-1.46608     -2.93215    8.92127e-05
-1.25664     -2.93215    0.000227688
-1.0472     -2.93215    0.000587034
-0.837758     -2.93215    0.00135504
-0.628319     -2.93215    0.00226677
-0.418879     -2.93215    0.00129681
-0.20944     -2.93215    0.000223226
0     -2.93215    0.00634668
0.20944     -2.93215    6.28729e-05
0.418879     -2.93215    0.00132075
0.628319     -2.93215    0.00234914
0.837758     -2.93215    0.00132098
1.0472     -2.93215    0.000613628
1.25664     -2.93215    0.000171673
1.46608     -2.93215    7.14262e-05
1.67552     -2.93215    9.78739e-05
1.88496     -2.93215    0.000243426
2.0944     -2.93215    0.00036144
2.30383     -2.93215    0.00399684
2.51327     -2.93215    0.00336705
2.72271     -2.93215    0.000753294
2.93215     -2.93215    0.000786999
3.14159     -2.93215    6.08829e-05

-3.14159     -2.72271    0.000311983
-2.93215     -2.72271    0.000440175
-2.72271     -2.72271    0.000292705
-2.51327     -2.72271    0.00409162
-2.30383     -2.72271    0.000942499
-2.0944     -2.72271    0.00122002
-1.88496     -2.72271    4.58308e-05
-1.67552     -2.72271    0.000777104
-1.46608     -2.72271    0.000558443
-1.25664     -2.72271    0.000164544
-1.0472     -2.72271    0.000182637
-0.837758     -2.72271    0.000262683
-0.628319     -2.72271    0.00269907
-0.418879     -2.72271    0.00111072
-0.20944     -2.72271    0.000555644
0     -2.72271    0.0056783
0.20944     -2.72271    0.000637312
0.418879     -2.72271    0.00110607
0.628319     -2.72271    0.00272834
0.837758     -2.72271    0.000308543
1.0472     -2.72271    0.000187248
1.25664     -2.72271    0.000165061
1.46608     -2.72271    0.000536405
1.67552     -2.72271    0.000704502
1.88496     -2.72271    2.72734e-05
2.0944     -2.72271    0.00132136
2.30383     -2.72271    0.000884122
2.51327     -2.72271    0.00434797
2.72271     -2.72271    0.000298506
2.93215     -2.72271    0.000613422
3.14159     -2.72271    0.000407577

-3.14159     -2.51327    0.0045843
-2.93215     -2.51327    0.00343909
-2.72271     -2.51327    0.00592721
-2.51327     -2.51327    0.00179346
-2.30383     -2.51327    0.000947715
-2.0944     -2.51327    0.00110505
-1.88496     -2.51327    3.66935e-05
-1.67552     -2.51327    0.000474162
-1.46608     -2.51327    0.000396855
-1.25664     -2.51327    0.00164069
-1.0472     -2.51327    0.000637979
-0.837758     -2.51327    0.00096403
-0.628319     -2.51327    0.000799338
-0.418879     -2.51327    0.000222961
-0.20944     -2.51327    0.00137532
0     -2.51327    0.00412113
0.20944     -2.51327    0.00127385
0.418879     -2.51327    0.000253378
0.628319     -2.51327    0.000775795
0.837758     -2.51327    0.00109942
1.0472     -2.51327    0.000658502
1.25664     -2.51327    0.00164001
1.46608     -2.51327    0.000415706
1.67552     -2.51327    0.000469478
1.88496     -2.51327    7.78131e-05
2.0944     -2.51327    0.00116565
2.30383     -2.51327    0.00093466
2.51327     -2.51327    0.00164718
2.72271     -2.51327    0.00583423
2.93215     -2.51327    0.00274761
3.14159     -2.51327    0.00449047

-3.14159     -2.30383    0.0092074
-2.93215     -2.30383    0.00869882
-2.72271     -2.30383    0.0050491
-2.51327     -2.30383    0.0012899
-2.30383     -2.30383    8.3217e-05
-2.0944     -2.30383    0.00168523
-1.88496     -2.30383    0.000488959
-1.67552     -2.30383    0.00100834
-1.46608     -2.30383    0.00097759
-1.25664     -2.30383    0.000517411
-1.0472     -2.30383    0.00120753
-0.837758     -2.30383    0.00214997
-0.628319     -2.30383    0.000583837
-0.418879     -2.30383    0.000213032
-0.20944     -2.30383    0.00138017
0     -2.30383    0.00131307
0.20944     -2.30383    0.00136555
0.418879     -2.30383    0.00028413
0.628319     -2.30383    0.000563501
0.837758     -2.30383    0.00215532
1.0472     -2.30383    0.00116644
1.25664     -2.30383    0.000498579
1.46608     -2.30383    0.000996446
1.67552     -2.30383    0.000971399
1.88496     -2.30383    0.000511314
2.0944     -2.30383    0.00166085
2.30383     -2.30383    0.000109848
2.51327     -2.30383    0.00150641
2.72271     -2.30383    0.00494053
2.93215     -2.30383    0.0086854
3.14159     -2.30383    0.0092271

-3.14159     -2.0944    0.0102719
-2.93215     -2.0944    0.0144258
-2.72271     -2.0944    0.00873107
-2.51327     -2.0944    0.00497393
-2.30383     -2.0944    0.00158668
-2.0944     -2.0944    0.000150376
-1.88496     -2.0944    0.000202481
-1.67552     -2.0944    0.000306176
-1.46608     -2.0944    0.00186682
-1.25664     -2.0944    0.00140068
-1.0472     -2.0944    0.000765698
-0.837758     -2.0944    0.00351643
-0.628319     -2.0944    0.00058765
-0.418879     -2.0944    0.000386476
-0.20944     -2.0944    0.0027645
0     -2.0944    0.00170499
0.20944     -2.0944    0.00282067
0.418879     -2.0944    0.000425586
0.628319     -2.0944    0.000564414
0.837758     -2.0944    0.00350392
1.0472     -2.0944    0.000819681
1.25664     -2.0944    0.0013872
1.46608     -2.0944    0.00177141
1.67552     -2.0944    0.000188557
1.88496     -2.0944    0.000213869
2.0944     -2.0944    8.62138e-05
2.30383     -2.0944    0.00155389
2.51327     -2.0944    0.00495349
2.72271     -2.0944    0.00883952
2.93215     -2.0944    0.0149426
3.14159     -2.0944    0.0108686

-3.14159     -1.88496    0.0137326
-2.93215     -1.88496    0.00930265
-2.72271     -1.88496    0.0082179
-2.51327     -1.88496    0.00140024
-2.30383     -1.88496    0.00232833
-2.0944     -1.88496    0.00299639
-1.88496     -1.88496    0.00117343
-1.67552     -1.88496    0.00143096
-1.46608     -1.88496    0.00270875
-1.25664     -1.88496    0.00200954
-1.0472     -1.88496    0.000576698
-0.837758     -1.88496    0.00311242
-0.628319     -1.88496    0.000372976
-0.418879     -1.88496    0.00213115
-0.20944     -1.88496    0.00161114
0     -1.88496    0.00109676
0.20944     -1.88496    0.00156319
0.418879     -1.88496    0.00219734
0.628319     -1.88496    0.000377578
0.837758     -1.88496    0.00316332
1.0472     -1.88496    0.000625645
1.25664     -1.88496    0.00197089
1.46608     -1.88496    0.00271535
1.67552     -1.88496    0.00128723
1.88496     -1.88496    0.00119033
2.0944     -1.88496    0.00296809
2.30383     -1.88496    0.00230213
2.51327     -1.88496    0.00137643
2.72271     -1.88496    0.00841555
2.93215     -1.88496    0.00898885
3.14159     -1.88496    0.0139694

-3.14159     -1.67552    0.0126409
-2.93215     -1.67552    0.00801264
-2.72271     -1.67552    0.00945921
-2.51327     -1.67552    0.00235558
-2.30383     -1.67552    0.000684712
-2.0944     -1.67552    0.000507686
-1.88496     -1.67552    0.000137644
-1.67552     -1.67552    0.000374778
-1.46608     -1.67552    0.00204397
-1.25664     -1.67552    0.00281653
-1.0472     -1.67552    0.00264747
-0.837758     -1.67552    0.00257425
-0.628319     -1.67552    0.000155237
-0.418879     -1.67552    0.00363778
-0.20944     -1.67552    0.00207048
0     -1.67552    0.00158116
0.20944     -1.67552    0.00212886
0.418879     -1.67552    0.00363127
0.628319     -1.67552    0.000219588
0.837758     -1.67552    0.00247541
1.0472     -1.67552    0.00260491
1.25664     -1.67552    0.00284557
1.46608     -1.67552    0.00198674
1.67552     -1.67552    0.000435565
1.88496     -1.67552    0.000135267
2.0944     -1.67552    0.000540126
2.30383     -1.67552    0.000649846
2.51327     -1.67552    0.00228856
2.72271     -1.67552    0.00958405
2.93215     -1.67552    0.00793799
3.14159     -1.67552    0.0130399

-3.14159     -1.46608    0.00978661
-2.93215     -1.46608    0.00826536
-2.72271     -1.46608    0.00793431
-2.51327     -1.46608    0.00583349
-2.30383     -1.46608    0.00292139
-2.0944     -1.46608    0.00124378
-1.88496     -1.46608    0.000621687
-1.67552     -1.46608    0.000358027
-1.46608     -1.46608    0.000153453
-1.25664     -1.46608    0.000328747
-1.0472     -1.46608    0.00120966
-0.837758     -1.46608    0.0028357
-0.628319     -1.46608    4.24698e-05
-0.418879     -1.46608    0.00311818
-0.20944     -1.46608    0.00102695
0     -1.46608    0.000636542
0.20944     -1.46608    0.00094924
0.418879     -1.46608    0.00308739
0.628319     -1.46608    7.60989e-05
0.837758     -1.46608    0.00273887
1.0472     -1.46608    0.00108909
1.25664     -1.46608    0.000349356
1.46608     -1.46608    0.000248353
1.67552     -1.46608    0.000386241
1.88496     -1.46608    0.000647877
2.0944     -1.46608    0.00128614
2.30383     -1.46608    0.00299186
2.51327     -1.46608    0.00565648
2.72271     -1.46608    0.00794411
2.93215     -1.46608    0.00833684
3.14159     -1.46608    0.010272

-3.14159     -1.25664    0.00831357
-2.93215     -1.25664    0.0031409
-2.72271     -1.25664    0.00029769
-2.51327     -1.25664    0.000794809
-2.30383     -1.25664    0.00558183
-2.0944     -1.25664    0.00167616
-1.88496     -1.25664    0.00129837
-1.67552     -1.25664    0.00244068
-1.46608     -1.25664    0.00179922
-1.25664     -1.25664    0.00340377
-1.0472     -1.25664    0.000491708
-0.837758     -1.25664    0.000180577
-0.628319     -1.25664    0.00249883
-0.418879     -1.25664    0.00331749
-0.20944     -1.25664    0.000876861
0     -1.25664    0.00101283
0.20944     -1.25664    0.000801272
0.418879     -1.25664    0.00340863
0.628319     -1.25664    0.00267379
0.837758     -1.25664    0.000189239
1.0472     -1.25664    0.000547337
1.25664     -1.25664    0.00335656
1.46608     -1.25664    0.00187983
1.67552     -1.25664    0.00235311
1.88496     -1.25664    0.00139418
2.0944     -1.25664    0.00166257
2.30383     -1.25664    0.00568282
2.51327     -1.25664    0.000798326
2.72271     -1.25664    0.000331366
2.93215     -1.25664    0.00317229
3.14159     -1.25664    0.00818499

-3.14159     -1.0472    0.00266597
-2.93215     -1.0472    0.00247573
-2.72271     -1.0472    0.00233259
-2.51327     -1.0472    0.000282461
-2.30383     -1.0472    0.000563886
-2.0944     -1.0472    0.00117814
-1.88496     -1.0472    0.00108062
-1.67552     -1.0472    0.00182683
-1.46608     -1.0472    0.00131956
-1.25664     -1.0472    0.00291188
-1.0472     -1.0472    0.00314841
-0.837758     -1.0472    0.00404419
-0.628319     -1.0472    0.00191505
-0.418879     -1.0472    0.000349995
-0.20944     -1.0472    0.000557371
0     -1.0472    0.00159252
0.20944     -1.0472    0.000609924
0.418879     -1.0472    0.0003016
0.628319     -1.0472    0.00202267
0.837758     -1.0472    0.0039071
1.0472     -1.0472    0.00314589
1.25664     -1.0472    0.00290937
1.46608     -1.0472    0.00130335
1.67552     -1.0472    0.00181258
1.88496     -1.0472    0.00108542
2.0944     -1.0472    0.00123901
2.30383     -1.0472    0.000551851
2.51327     -1.0472    0.000281078
2.72271     -1.0472    0.00235065
2.93215     -1.0472    0.00257277
3.14159     -1.0472    0.0026696

-3.14159     -0.837758    7.32982e-05
-2.93215     -0.837758    0.000127755
-2.72271     -0.837758    0.00286546
-2.51327     -0.837758    0.000963205
-2.30383     -0.837758    8.22439e-05
-2.0944     -0.837758    0.00104525
-1.88496     -0.837758    0.00277121
-1.67552     -0.837758    0.000236645
-1.46608     -0.837758    0.0015546
-1.25664     -0.837758    0.0013243
-1.0472     -0.837758    0.000759777
-0.837758     -0.837758    0.000323292
-0.628319     -0.837758    0.000272781
-0.418879     -0.837758    0.00293779
-0.20944     -0.837758    0.00314752
0     -0.837758    0.00523586
0.20944     -0.837758    0.00313908
0.418879     -0.837758    0.00280404
0.628319     -0.837758    0.00021406
0.837758     -0.837758    0.000393972
1.0472     -0.837758    0.000825878
1.25664     -0.837758    0.0012829
1.46608     -0.837758    0.00155846
1.67552     -0.837758    0.000216693
1.88496     -0.837758    0.00272003
2.0944     -0.837758    0.00109926
2.30383     -0.837758    3.62883e-05
2.51327     -0.837758    0.000925375
2.72271     -0.837758    0.00288416
2.93215     -0.837758    0.000157165
3.14159     -0.837758    0.000142822

-3.14159     -0.628319    3.43954e-05
-2.93215     -0.628319    0.00134266
-2.72271     -0.628319    0.000365291
-2.51327     -0.628319    0.00130152
-2.30383     -0.628319    0.000497917
-2.0944     -0.628319    0.000894923
-1.88496     -0.628319    0.00169003
-1.67552     -0.628319    0.00303749
-1.46608     -0.628319    0.00204762
-1.25664     -0.628319    0.000448169
-1.0472     -0.628319    9.97876e-05
-0.837758     -0.628319    0.00160741
-0.628319     -0.628319    0.00258093
-0.418879     -0.628319    0.00857945
-0.20944     -0.628319    0.00840848
0     -0.628319    0.00363813
0.20944     -0.628319    0.00829455
0.418879     -0.628319    0.00825229
0.628319     -0.628319    0.0027124
0.837758     -0.628319    0.00159984
1.0472     -0.628319    0.000116466
1.25664     -0.628319    0.00044245
1.46608     -0.628319    0.00205113
1.67552     -0.628319    0.00306836
1.88496     -0.628319    0.00165537
2.0944     -0.628319    0.00092761
2.30383     -0.628319    0.000531328
2.51327     -0.628319    0.00129735
2.72271     -0.628319    0.000423273
2.93215     -0.628319    0.00134053
3.14159     -0.628319    4.47059e-05

-3.14159     -0.418879    0.000111697
-2.93215     -0.418879    0.000457858
-2.72271     -0.418879    8.30686e-05
-2.51327     -0.418879    0.000588353
-2.30383     -0.418879    0.00263112
-2.0944     -0.418879    0.00169652
-1.88496     -0.418879    0.000152319
-1.67552     -0.418879    0.0030433
-1.46608     -0.418879    0.00295286
-1.25664     -0.418879    0.000181549
-1.0472     -0.418879    0.00105544
-0.837758     -0.418879    0.00237252
-0.628319     -0.418879    0.00419421
-0.418879     -0.418879    0.00846894
-0.20944     -0.418879    0.00919245
0     -0.418879    0.0129308
0.20944     -0.418879    0.00905265
0.418879     -0.418879    0.00812695
0.628319     -0.418879    0.00418298
0.837758     -0.418879    0.00246303
1.0472     -0.418879    0.00104617
1.25664     -0.418879    0.000189828
1.46608     -0.418879    0.00290815
1.67552     -0.418879    0.00313861
1.88496     -0.418879    0.000140194
2.0944     -0.418879    0.00169697
2.30383     -0.418879    0.00259744
2.51327     -0.418879    0.000520886
2.72271     -0.418879    2.33224e-05
2.93215     -0.418879    0.000462265
3.14159     -0.418879    0.000109732

-3.14159     -0.20944    9.90185e-05
-2.93215     -0.20944    0.000702083
-2.72271     -0.20944    0.00124123
-2.51327     -0.20944    0.00122877
-2.30383     -0.20944    0.00263709
-2.0944     -0.20944    0.00292447
-1.88496     -0.20944    0.00191832
-1.67552     -0.20944    0.000737584
-1.46608     -0.20944    0.00249938
-1.25664     -0.20944    0.00299624
-1.0472     -0.20944    0.000906314
-0.837758     -0.20944    0.00354048
-0.628319     -0.20944    0.00632549
-0.418879     -0.20944    0.00896514
-0.20944     -0.20944    0.0121743
0     -0.20944    0.0138038
0.20944     -0.20944    0.012441
0.418879     -0.20944    0.00849931
0.628319     -0.20944    0.00700906
0.837758     -0.20944    0.00354599
1.0472     -0.20944    0.000826697
1.25664     -0.20944    0.00286345
1.46608     -0.20944    0.00259884
1.67552     -0.20944    0.000805347
1.88496     -0.20944    0.00197221
2.0944     -0.20944    0.0029307
2.30383     -0.20944    0.00265491
2.51327     -0.20944    0.00123112
2.72271     -0.20944    0.00125655
2.93215     -0.20944    0.000684825
3.14159     -0.20944    6.2019e-05

-3.14159     0    0.000834533
-2.93215     0    0.000278596
-2.72271     0    0.000748327
-2.51327     0    0.00104472
-2.30383     0    0.000606974
-2.0944     0    0.0010722
-1.88496     0    0.00305997
-1.67552     0    0.00281578
-1.46608     0    0.000848741
-1.25664     0    0.00275606
-1.0472     0    0.000452515
-0.837758     0    0.00649872
-0.628319     0    0.00994617
-0.418879     0    0.00901363
-0.20944     0    0.0178996
0     0    5.33085e-15
0.20944     0    0.0178996
0.418879     0    0.00901363
0.628319     0    0.00994617
0.837758     0    0.00649872
1.0472     0    0.000452515
1.25664     0    0.00275606
1.46608     0    0.000848741
1.67552     0    0.00281578
1.88496     0    0.00305997
2.0944     0    0.0010722
2.30383     0    0.000606974
2.51327     0    0.00104472
2.72271     0    0.000748327
2.93215     0    0.000278596
3.14159     0    0.000834533

-3.14159     0.20944    6.2019e-05
-2.93215     0.20944    0.000684825
-2.72271     0.20944    0.00125655
-2.51327     0.20944    0.00123112
-2.30383     0.20944    0.00265491
-2.0944     0.20944    0.0029307
-1.88496     0.20944    0.00197221
-1.67552     0.20944    0.000805347
-1.46608     0.20944    0.00259884
-1.25664     0.20944    0.00286345
-1.0472     0.20944    0.000826697
-0.837758     0.20944    0.00354599
-0.628319     0.20944    0.00700906
-0.418879     0.20944    0.00849931
-0.20944     0.20944    0.012441
0     0.20944    0.0138038
0.20944     0.20944    0.0121743
0.418879     0.20944    0.00896514
0.628319     0.20944    0.00632549
0.837758     0.20944    0.00354048
1.0472     0.20944    0.000906314
1.25664     0.20944    0.00299624
1.46608     0.20944    0.00249938
1.67552     0.20944    0.000737584
1.88496     0.20944    0.00191832
2.0944     0.20944    0.00292447
2.30383     0.20944    0.00263709
2.51327     0.20944    0.00122877
2.72271     0.20944    0.00124123
2.93215     0.20944    0.000702083
3.14159     0.20944    9.90185e-05

-3.14159     0.418879    0.000109732
-2.93215     0.418879    0.000462265
-2.72271     0.418879    2.33224e-05
-2.51327     0.418879    0.000520886
-2.30383     0.418879    0.00259744
-2.0944     0.418879    0.00169697
-1.88496     0.418879    0.000140194
-1.67552     0.418879    0.00313861
-1.46608     0.418879    0.00290815
-1.25664     0.418879    0.000189828
-1.0472     0.418879    0.00104617
-0.837758     0.418879    0.00246303
-0.628319     0.418879    0.00418298
-0.418879     0.418879    0.00812695
-0.20944     0.418879    0.00905265
0     0.418879    0.0129308
0.20944     0.418879    0.00919245
0.418879     0.418879    0.00846894
0.628319     0.418879    0.00419421
0.837758     0.418879    0.00237252
1.0472     0.418879    0.00105544
1.25664     0.418879    0.000181549
1.46608     0.418879    0.00295286
1.67552     0.418879    0.0030433
1.88496     0.418879    0.000152319
2.0944     0.418879    0.00169652
2.30383     0.418879    0.00263112
2.51327     0.418879    0.000588353
2.72271     0.418879    8.30686e-05
2.93215     0.418879    0.000457858
3.14159     0.418879    0.000111697

-3.14159     0.628319    4.47059e-05
-2.93215     0.628319    0.00134053
-2.72271     0.628319    0.000423273
-2.51327     0.628319    0.00129735
-2.30383     0.628319    0.000531328
-2.0944     0.628319    0.00092761
-1.88496     0.628319    0.00165537
-1.67552     0.628319    0.00306836
-1.46608     0.628319    0.00205113
-1.25664     0.628319    0.00044245
-1.0472     0.628319    0.000116466
-0.837758     0.628319    0.00159984
-0.628319     0.628319    0.0027124
-0.418879     0.628319    0.00825229
-0.20944     0.628319    0.00829455
0     0.628319    0.00363813
0.20944     0.628319    0.00840848
0.418879     0.628319    0.00857945
0.628319     0.628319    0.00258093
0.837758     0.628319    0.00160741
1.0472     0.628319    9.97876e-05
1.25664     0.628319    0.000448169
1.46608     0.628319    0.00204762
1.67552     0.628319    0.00303749
1.88496     0.628319    0.00169003
2.0944     0.628319    0.000894923
2.30383     0.628319    0.000497917
2.51327     0.628319    0.00130152
2.72271     0.628319    0.000365291
2.93215     0.628319    0.00134266
3.14159     0.628319    3.43954e-05

-3.14159     0.837758    0.000142822
-2.93215     0.837758    0.000157165
-2.72271     0.837758    0.00288416
-2.51327     0.837758    0.000925375
-2.30383     0.837758    3.62883e-05
-2.0944     0.837758    0.00109926
-1.88496     0.837758    0.00272003
-1.67552     0.837758    0.000216693
-1.46608     0.837758    0.00155846
-1.25664     0.837758    0.0012829
-1.0472     0.837758    0.000825878
-0.837758     0.837758    0.000393972
-0.628319     0.837758    0.00021406
-0.418879     0.837758    0.00280404
-0.20944     0.837758    0.00313908
0     0.837758    0.00523586
0.20944     0.837758    0.00314752
0.418879     0.837758    0.00293779
0.628319     0.837758    0.000272781
0.837758     0.837758    0.000323292
1.0472     0.837758    0.000759777
1.25664     0.837758    0.0013243
1.46608     0.837758    0.0015546
1.67552     0.837758    0.000236645
1.88496     0.837758    0.00277121
2.0944     0.837758    0.00104525
2.30383     0.837758    8.22439e-05
2.51327     0.837758    0.000963205
2.72271     0.837758    0.00286546
2.93215     0.837758    0.000127755
3.14159     0.837758    7.32982e-05

-3.14159     1.0472    0.0026696
-2.93215     1.0472    0.00257277
-2.72271     1.0472    0.00235065
-2.51327     1.0472    0.000281078
-2.30383     1.0472    0.000551851
-2.0944     1.0472    0.00123901
-1.88496     1.0472    0.00108542
-1.67552     1.0472    0.00181258
-1.46608     1.0472    0.00130335
-1.25664     1.0472    0.00290937
-1.0472     1.0472    0.00314589
-0.837758     1.0472    0.0039071
-0.628319     1.0472    0.00202267
-0.418879     1.0472    0.0003016
-0.20944     1.0472    0.000609924
0     1.0472    0.00159252
0.20944     1.0472    0.000557371
0.418879     1.0472    0.000349995
0.628319     1.0472    0.00191505
0.837758     1.0472    0.00404419
1.0472     1.0472    0.00314841
1.25664     1.0472    0.00291188
1.46608     1.0472    0.00131956
1.67552     1.0472    0.00182683
1.88496     1.0472    0.00108062
2.0944     1.0472    0.00117814
2.30383     1.0472    0.000563886
2.51327     1.0472    0.000282461
2.72271     1.0472    0.00233259
2.93215     1.0472    0.00247573
3.14159     1.0472    0.00266597

-3.14159     1.25664    0.00818499
-2.93215     1.25664    0.00317229
-2.72271     1.25664    0.000331366
-2.51327     1.25664    0.000798326
-2.30383     1.25664    0.00568282
-2.0944     1.25664    0.00166257
-1.88496     1.25664    0.00139418
-1.67552     1.25664    0.00235311
-1.46608     1.25664    0.00187983
-1.25664     1.25664    0.00335656
-1.0472     1.25664    0.000547337
-0.837758     1.25664    0.000189239
-0.628319     1.25664    0.00267379
-0.418879     1.25664    0.00340863
-0.20944     1.25664    0.000801272
0     1.25664    0.00101283
0.20944     1.25664    0.000876861
0.418879     1.25664    0.00331749
0.628319     1.25664    0.00249883
0.837758     1.25664    0.000180577
1.0472     1.25664    0.000491708
1.25664     1.25664    0.00340377
1.46608     1.25664    0.00179922
1.67552     1.25664    0.00244068
1.88496     1.25664    0.00129837
2.0944     1.25664    0.00167616
2.30383     1.25664    0.00558183
2.51327     1.25664    0.000794809
2.72271     1.25664    0.00029769
2.93215     1.25664    0.0031409
3.14159     1.25664    0.00831357

-3.14159     1.46608    0.010272
-2.93215     1.46608    0.00833684
-2.72271     1.46608    0.00794411
-2.51327     1.46608    0.00565648
-2.30383     1.46608    0.00299186
-2.0944     1.46608    0.00128614
-1.88496     1.46608    0.000647877
-1.67552     1.46608    0.000386241
-1.46608     1.46608    0.000248353
-1.25664     1.46608    0.000349356
-1.0472     1.46608    0.00108909
-0.837758     1.46608    0.00273887
-0.628319     1.46608    7.60989e-05
-0.418879     1.46608    0.00308739
-0.20944     1.46608    0.00094924
0     1.46608    0.000636542
0.20944     1.46608    0.00102695
0.418879     1.46608    0.00311818
0.628319     1.46608    4.24698e-05
0.837758     1.46608    0.0028357
1.0472     1.46608    0.00120966
1.25664     1.46608    0.000328747
1.46608     1.46608    0.000153453
1.67552     1.46608    0.000358027
1.88496     1.46608    0.000621687
2.0944     1.46608    0.00124378
2.30383     1.46608    0.00292139
2.51327     1.46608    0.00583349
2.72271     1.46608    0.00793431
2.93215     1.46608    0.00826536
3.14159     1.46608    0.00978661

-3.14159     1.67552    0.0130399
-2.93215     1.67552    0.00793799
-2.72271     1.67552    0.00958405
-2.51327     1.67552    0.00228856
-2.30383     1.67552    0.000649846
-2.0944     1.67552    0.000540126
-1.88496     1.67552    0.000135267
-1.67552     1.67552    0.000435565
-1.46608     1.67552    0.00198674
-1.25664     1.67552    0.00284557
-1.0472     1.67552    0.00260491
-0.837758     1.67552    0.00247541
-0.628319     1.67552    0.000219588
-0.418879     1.67552    0.00363127
-0.20944     1.67552    0.00212886
0     1.67552    0.00158116
0.20944     1.67552    0.00207048
0.418879     1.67552    0.00363778
0.628319     1.67552    0.000155237
0.837758     1.67552    0.00257425
1.0472     1.67552    0.00264747
1.25664     1.67552    0.00281653
1.46608     1.67552    0.00204397
1.67552     1.67552    0.000374778
1.88496     1.67552    0.000137644
2.0944     1.67552    0.000507686
2.30383     1.67552    0.000684712
2.51327     1.67552    0.00235558
2.72271     1.67552    0.00945921
2.93215     1.67552    0.00801264
3.14159     1.67552    0.0126409

-3.14159     1.88496    0.0139694
-2.93215     1.88496    0.00898885
-2.72271     1.88496    0.00841555
-2.51327     1.88496    0.00137643
-2.30383     1.88496    0.00230213
-2.0944     1.88496    0.00296809
-1.88496     1.88496    0.00119033
-1.67552     1.88496    0.00128723
-1.46608     1.88496    0.00271535
-1.25664     1.88496    0.00197089
-1.0472     1.88496    0.000625645
-0.837758     1.88496    0.00316332
-0.628319     1.88496    0.000377578
-0.418879     1.88496    0.00219734
-0.20944     1.88496    0.00156319
0     1.88496    0.00109676
0.20944     1.88496    0.00161114
0.418879     1.88496    0.00213115
0.628319     1.88496    0.000372976
0.837758     1.88496    0.00311242
1.0472     1.88496    0.000576698
1.25664     1.88496    0.00200954
1.46608     1.88496    0.00270875
1.67552     1.88496    0.00143096
1.88496     1.88496    0.00117343
2.0944     1.88496    0.00299639
2.30383     1.88496    0.00232833
2.51327     1.88496    0.00140024
2.72271     1.88496    0.0082179
2.93215     1.88496    0.00930265
3.14159     1.88496    0.0137326

-3.14159     2.0944    0.0108686
-2.93215     2.0944    0.0149426
-2.72271     2.0944    0.00883952
-2.51327     2.0944    0.00495349
-2.30383     2.0944    0.00155389
-2.0944     2.0944    8.62138e-05
-1.88496     2.0944    0.000213869
-1.67552     2.0944    0.000188557
-1.46608     2.0944    0.00177141
-1.25664     2.0944    0.0013872
-1.0472     2.0944    0.000819681
-0.837758     2.0944    0.00350392
-0.628319     2.0944    0.000564414
-0.418879     2.0944    0.000425586
-0.20944     2.0944    0.00282067
0     2.0944    0.00170499
0.20944     2.0944    0.0027645
0.418879     2.0944    0.000386476
0.628319     2.0944    0.00058765
0.837758     2.0944    0.00351643
1.0472     2.0944    0.000765698
1.25664     2.0944    0.00140068
1.46608     2.0944    0.00186682
1.67552     2.0944    0.000306176
1.88496     2.0944    0.000202481
2.0944     2.0944    0.000150376
2.30383     2.0944    0.00158668
2.51327     2.0944    0.00497393
2.72271     2.0944    0.00873107
2.93215     2.0944    0.0144258
3.14159     2.0944    0.0102719

-3.14159     2.30383    0.0092271
-2.93215     2.30383    0.0086854
-2.72271     2.30383    0.00494053
-2.51327     2.30383    0.00150641
-2.30383     2.30383    0.000109848
-2.0944     2.30383    0.00166085
-1.88496     2.30383    0.000511314
-1.67552     2.30383    0.000971399
-1.46608     2.30383    0.000996446
-1.25664     2.30383    0.000498579
-1.0472     2.30383    0.00116644
-0.837758     2.30383    0.00215532
-0.628319     2.30383    0.000563501
-0.418879     2.30383    0.00028413
-0.20944     2.30383    0.00136555
0     2.30383    0.00131307
0.20944     2.30383    0.00138017
0.418879     2.30383    0.000213032
0.628319     2.30383    0.000583837
0.837758     2.30383    0.00214997
1.0472     2.30383    0.00120753
1.25664     2.30383    0.000517411
1.46608     2.30383    0.00097759
1.67552     2.30383    0.00100834
1.88496     2.30383    0.000488959
2.0944     2.30383    0.00168523
2.30383     2.30383    8.3217e-05
2.51327     2.30383    0.0012899
2.72271     2.30383    0.0050491
2.93215     2.30383    0.00869882
3.14159     2.30383    0.0092074

-3.14159     2.51327    0.00449047
-2.93215     2.51327    0.00274761
-2.72271     2.51327    0.00583423
-2.51327     2.51327    0.00164718
-2.30383     2.51327    0.00093466
-2.0944     2.51327    0.00116565
-1.88496     2.51327    7.78131e-05
-1.67552     2.51327    0.000469478
-1.46608     2.51327    0.000415706
-1.25664     2.51327    0.00164001
-1.0472     2.51327    0.000658502
-0.837758     2.51327    0.00109942
-0.628319     2.51327    0.000775795
-0.418879     2.51327    0.000253378
-0.20944     2.51327    0.00127385
0     2.51327    0.00412113
0.20944     2.51327    0.00137532
0.418879     2.51327    0.000222961
0.628319     2.51327    0.000799338
0.837758     2.51327    0.00096403
1.0472     2.51327    0.000637979
1.25664     2.51327    0.00164069
1.46608     2.51327    0.000396855
1.67552     2.51327    0.000474162
1.88496     2.51327    3.66935e-05
2.0944     2.51327    0.00110505
2.30383     2.51327    0.000947715
2.51327     2.51327    0.00179346
2.72271     2.51327    0.00592721
2.93215     2.51327    0.00343909
3.14159     2.51327    0.0045843

-3.14159     2.72271    0.000407577
-2.93215     2.72271    0.000613422
-2.72271     2.72271    0.000298506
-2.51327     2.72271    0.00434797
-2.30383     2.72271    0.000884122
-2.0944     2.72271    0.00132136
-1.88496     2.72271    2.72734e-05
-1.67552     2.72271    0.000704502
-1.46608     2.72271    0.000536405
-1.25664     2.72271    0.000165061
-1.0472     2.72271    0.000187248
-0.837758     2.72271    0.000308543
-0.628319     2.72271    0.00272834
-0.418879     2.72271    0.00110607
-0.20944     2.72271    0.000637312
0     2.72271    0.0056783
0.20944     2.72271    0.000555644
0.418879     2.72271    0.00111072
0.628319     2.72271    0.00269907
0.837758     2.72271    0.000262683
1.0472     2.72271    0.000182637
1.25664     2.72271    0.000164544
1.46608     2.72271    0.000558443
1.67552     2.72271    0.000777104
1.88496     2.72271    4.58308e-05
2.0944     2.72271    0.00122002
2.30383     2.72271    0.000942499
2.51327     2.72271    0.00409162
2.72271     2.72271    0.000292705
2.93215     2.72271    0.000440175
3.14159     2.72271    0.000311983

-3.14159     2.93215    6.08829e-05
-2.93215     2.93215    0.000786999
-2.72271     2.93215    0.000753294
-2.51327     2.93215    0.00336705
-2.30383     2.93215    0.00399684
-2.0944     2.93215    0.00036144
-1.88496     2.93215    0.000243426
-1.67552     2.93215    9.78739e-05
-1.46608     2.93215    7.14262e-05
-1.25664     2.93215    0.000171673
-1.0472     2.93215    0.000613628
-0.837758     2.93215    0.00132098
-0.628319     2.93215    0.00234914
-0.418879     2.93215    0.00132075
-0.20944     2.93215    6.28729e-05
0     2.93215    0.00634668
0.20944     2.93215    0.000223226
0.418879     2.93215    0.00129681
0.628319     2.93215    0.00226677
0.837758     2.93215    0.00135504
1.0472     2.93215    0.000587034
1.25664     2.93215    0.000227688
1.46608     2.93215    8.92127e-05
1.67552     2.93215    0.000134442
1.88496     2.93215    0.000234261
2.0944     2.93215    0.000376903
2.30383     2.93215    0.00402551
2.51327     2.93215    0.00363038
2.72271     2.93215    0.00078375
2.93215     2.93215    0.00077915
3.14159     2.93215    9.9453e-05

-3.14159     3.14159    0.000204434
-2.93215     3.14159    0.00143198
-2.72271     3.14159    0.00338596
-2.51327     3.14159    0.00357772
-2.30383     3.14159    0.00153851
-2.0944     3.14159    0.000780404
-1.88496     3.14159    0.00252432
-1.67552     3.14159    0.00113878
-1.46608     3.14159    0.000155492
-1.25664     3.14159    0.00140018
-1.0472     3.14159    9.87144e-05
-0.837758     3.14159    0.000106323
-0.628319     3.14159    0.00232774
-0.418879     3.14159    0.00254794
-0.20944     3.14159    0.00514815
0     3.14159    0.0104538
0.20944     3.14159    0.0048516
0.418879     3.14159    0.00256366
0.628319     3.14159    0.00259891
0.837758     3.14159    9.14046e-05
1.0472     3.14159    9.89182e-05
1.25664     3.14159    0.00132125
1.46608     3.14159    0.000147463
1.67552     3.14159    0.001044
1.88496     3.14159    0.00245368
2.0944     3.14159    0.000698855
2.30383     3.14159    0.00149558
2.51327     3.14159    0.00355231
2.72271     3.14159    0.00331509
2.93215     3.14159    0.00134784
3.14159     3.14159    0.000192926

