-3.14159     -3.14159    1.41656e-09
-2.93215     -3.14159    3.1299e-09
-2.72271     -3.14159    2.58195e-10
-2.51327     -3.14159    6.58705e-10
-2.30383     -3.14159    6.34574e-10
-2.0944     -3.14159    2.27505e-10
-1.88496     -3.14159    1.04326e-09
-1.67552     -3.14159    2.65453e-10
-1.46608     -3.14159    1.99793e-09
-1.25664     -3.14159    7.39849e-10
-1.0472     -3.14159    4.0802e-09
-0.837758     -3.14159    1.49925e-09
-0.628319     -3.14159    1.547e-08
-0.418879     -3.14159    2.89816e-09
-0.20944     -3.14159    1.05508e-07
0     -3.14159    9.24976e-10
0.20944     -3.14159    1.0261e-07
0.418879     -3.14159    7.95501e-10
0.628319     -3.14159    1.28935e-08
0.837758     -3.14159    1.48933e-09
1.0472     -3.14159    4.04154e-09
1.25664     -3.14159    5.63979e-10
1.46608     -3.14159    5.83043e-10
1.67552     -3.14159    3.11267e-10
1.88496     -3.14159    9.0701e-10
2.0944     -3.14159    7.71221e-10
2.30383     -3.14159    1.62126e-09
2.51327     -3.14159    1.02061e-09
2.72271     -3.14159    9.56528e-10
2.93215     -3.14159    5.81331e-10
3.14159     -3.14159    6.20108e-10

-3.14159     -2.93215    1.23209e-09
-2.93215     -2.93215    1.68351e-09
-2.72271     -2.93215    7.80026e-10
-2.51327     -2.93215    2.58525e-09
-2.30383     -2.93215    1.0149e-09
-2.0944     -2.93215    3.60017e-10
-1.88496     -2.93215    1.0941e-09
-1.67552     -2.93215    3.32461e-10
-1.46608     -2.93215    9.60392e-10
-1.25664     -2.93215    1.47159e-09
-1.0472     -2.93215    6.78826e-09
-0.837758     -2.93215    3.01163e-09
-0.628319     -2.93215    1.3664e-08
-0.418879     -2.93215    5.90953e-09
-0.20944     -2.93215    1.00629e-07
0     -2.93215    2.54572e-08
0.20944     -2.93215    9.77439e-08
0.418879     -2.93215    8.07686e-09
0.628319     -2.93215    1.27054e-08
0.837758     -2.93215    5.17027e-10
1.0472     -2.93215    2.84957e-09
1.25664     -2.93215    1.66473e-09
1.46608     -2.93215    1.64735e-09
1.67552     -2.93215    8.14834e-10
1.88496     -2.93215    2.29363e-10
2.0944     -2.93215    4.77197e-10
2.30383     -2.93215    1.24016e-09
2.51327     -2.93215    2.98013e-09
2.72271     -2.93215    1.42158e-09
2.93215     -2.93215    1.86626e-09
3.14159     -2.93215    4.42626e-10

-3.14159     -2.72271    6.42519e-10
-2.93215     -2.72271    2.35502e-09
-2.72271     -2.72271    1.45638e-09
-2.51327     -2.72271    1.42065e-09
-2.30383     -2.72271    1.7426e-09
-2.0944     -2.72271    5.36381e-10
-1.88496     -2.72271    4.56818e-10
-1.67552     -2.72271    6.44601e-10
-1.46608     -2.72271    1.28436e-09
-1.25664     -2.72271    1.88219e-09
-1.0472     -2.72271    3.38444e-10
-0.837758     -2.72271    2.03034e-09
-0.628319     -2.72271    1.14565e-08
-0.418879     -2.72271    1.3454e-08
-0.20944     -2.72271    7.59617e-08
0     -2.72271    4.53935e-08
0.20944     -2.72271    7.20848e-08
0.418879     -2.72271    1.12506e-08
0.628319     -2.72271    1.06014e-08
0.837758     -2.72271    3.56735e-09
1.0472     -2.72271    3.41603e-09
1.25664     -2.72271    3.02606e-09
1.46608     -2.72271    1.44273e-09
1.67552     -2.72271    2.62893e-10
1.88496     -2.72271    7.65001e-10
2.0944     -2.72271    2.92689e-10
2.30383     -2.72271    2.43201e-09
2.51327     -2.72271    2.83675e-09
2.72271     -2.72271    3.2219e-09
2.93215     -2.72271    1.12771e-09
3.14159     -2.72271    2.85084e-09

-3.14159     -2.51327    1.53662e-09
-2.93215     -2.51327    1.45699e-09
-2.72271     -2.51327    9.85165e-10
-2.51327     -2.51327    4.87156e-10
-2.30383     -2.51327    1.05904e-09
-2.0944     -2.51327    3.67299e-10
-1.88496     -2.51327    8.63892e-10
-1.67552     -2.51327    1.01225e-09
-1.46608     -2.51327    1.38446e-09
-1.25664     -2.51327    2.57659e-09
-1.0472     -2.51327    4.96414e-09
-0.837758     -2.51327    3.23616e-09
-0.628319     -2.51327    4.58996e-09
-0.418879     -2.51327    2.08197e-08
-0.20944     -2.51327    3.87467e-08
0     -2.51327    6.6927e-08
0.20944     -2.51327    3.49676e-08
0.418879     -2.51327    2.18971e-08
0.628319     -2.51327    4.75989e-09
0.837758     -2.51327    3.57738e-09
1.0472     -2.51327    1.67038e-09
1.25664     -2.51327    2.5198e-09
1.46608     -2.51327    9.56429e-10
1.67552     -2.51327    1.71855e-09
1.88496     -2.51327    5.59486e-10
2.0944     -2.51327    7.35194e-10
2.30383     -2.51327    4.01668e-10
2.51327     -2.51327    2.15442e-09
2.72271     -2.51327    3.6221e-10
2.93215     -2.51327    5.8474e-10
3.14159     -2.51327    1.87963e-09

-3.14159     -2.30383    1.0328e-09
-2.93215     -2.30383    1.15263e-09
-2.72271     -2.30383    1.02583e-09
-2.51327     -2.30383    7.94988e-10
-2.30383     -2.30383    7.83692e-10
-2.0944     -2.30383    1.3371e-09
-1.88496     -2.30383    9.62487e-10
-1.67552     -2.30383    3.33525e-10
-1.46608     -2.30383    1.40301e-09
-1.25664     -2.30383    1.151e-09
-1.0472     -2.30383    1.72244e-09
-0.837758     -2.30383    4.73587e-09
-0.628319     -2.30383    4.00265e-09
-0.418879     -2.30383    1.8318e-08
-0.20944     -2.30383    1.17421e-08
0     -2.30383    6.62122e-08
0.20944     -2.30383    1.22521e-08
0.418879     -2.30383    2.10682e-08
0.628319     -2.30383    2.24286e-09
0.837758     -2.30383    1.48347e-09
1.0472     -2.30383    1.50318e-09
1.25664     -2.30383    2.20178e-09
1.46608     -2.30383    8.97619e-10
1.67552     -2.30383    1.43167e-09
1.88496     -2.30383    1.86488e-09
2.0944     -2.30383    2.38099e-09
2.30383     -2.30383    7.39881e-10
2.51327     -2.30383    1.52025e-10
2.72271     -2.30383    1.97802e-09
2.93215     -2.30383    3.50125e-09
3.14159     -2.30383    1.1788e-09

-3.14159     -2.0944    1.18114e-09
-2.93215     -2.0944    1.00887e-09
-2.72271     -2.0944    1.49112e-09
-2.51327     -2.0944    1.54886e-09
-2.30383     -2.0944    2.40687e-09
-2.0944     -2.0944    6.79362e-10
-1.88496     -2.0944    5.42029e-10
-1.67552     -2.0944    2.68416e-09
-1.46608     -2.0944    1.87642e-09
-1.25664     -2.0944    3.31159e-09
-1.0472     -2.0944    3.42826e-09
-0.837758     -2.0944    4.90666e-09
-0.628319     -2.0944    4.84755e-09
-0.418879     -2.0944    2.46615e-08
-0.20944     -2.0944    6.06379e-08
0     -2.0944    6.22772e-08
0.20944     -2.0944    5.57483e-08
0.418879     -2.0944    2.6199e-08
0.628319     -2.0944    7.05365e-09
0.837758     -2.0944    6.12696e-09
1.0472     -2.0944    2.23507e-09
1.25664     -2.0944    2.93404e-09
1.46608     -2.0944    2.68313e-09
1.67552     -2.0944    2.07866e-09
1.88496     -2.0944    1.38677e-09
2.0944     -2.0944    8.25699e-10
2.30383     -2.0944    1.0897e-09
2.51327     -2.0944    1.52011e-09
2.72271     -2.0944    1.75623e-09
2.93215     -2.0944    1.80595e-09
3.14159     -2.0944    2.29302e-09

-3.14159     -1.88496    5.00453e-10
-2.93215     -1.88496    6.60737e-10
-2.72271     -1.88496    7.22384e-10
-2.51327     -1.88496    8.55604e-10
-2.30383     -1.88496    6.84445e-10
-2.0944     -1.88496    6.48445e-10
-1.88496     -1.88496    1.24134e-10
-1.67552     -1.88496    4.38173e-10
-1.46608     -1.88496    1.1223e-09
-1.25664     -1.88496    3.83093e-09
-1.0472     -1.88496    6.13706e-09
-0.837758     -1.88496    2.16215e-09
-0.628319     -1.88496    1.35062e-08
-0.418879     -1.88496    2.09561e-08
-0.20944     -1.88496    1.15414e-07
0     -1.88496    4.09586e-08
0.20944     -1.88496    1.00576e-07
0.418879     -1.88496    1.92716e-08
0.628319     -1.88496    1.77997e-08
0.837758     -1.88496    4.77821e-09
1.0472     -1.88496    8.15637e-09
1.25664     -1.88496    2.32343e-09
1.46608     -1.88496    7.63066e-10
1.67552     -1.88496    7.64371e-10
1.88496     -1.88496    1.16745e-09
2.0944     -1.88496    1.87356e-09
2.30383     -1.88496    1.00776e-09
2.51327     -1.88496    3.34175e-10
2.72271     -1.88496    1.49263e-09
2.93215     -1.88496    3.49258e-09
3.14159     -1.88496    6.9711e-10

-3.14159     -1.67552    8.67617e-10
-2.93215     -1.67552    1.18066e-09
-2.72271     -1.67552    1.78867e-09
-2.51327     -1.67552    7.34174e-10
-2.30383     -1.67552    2.54974e-09
-2.0944     -1.67552    1.80415e-10
-1.88496     -1.67552    2.01558e-09
-1.67552     -1.67552    1.79374e-09
-1.46608     -1.67552    7.10945e-10
-1.25664     -1.67552    4.9866e-09
-1.0472     -1.67552    1.12337e-08
-0.837758     -1.67552    4.46291e-09
-0.628319     -1.67552    1.46334e-08
-0.418879     -1.67552    1.19649e-08
-0.20944     -1.67552    1.79957e-07
0     -1.67552    1.80543e-08
0.20944     -1.67552    1.48949e-07
0.418879     -1.67552    1.22148e-08
0.628319     -1.67552    2.48102e-08
0.837758     -1.67552    4.44481e-09
1.0472     -1.67552    5.96548e-09
1.25664     -1.67552    3.79376e-09
1.46608     -1.67552    2.29882e-09
1.67552     -1.67552    1.57938e-09
1.88496     -1.67552    7.69928e-10
2.0944     -1.67552    9.7193e-10
2.30383     -1.67552    2.01148e-09
2.51327     -1.67552    2.5197e-09
2.72271     -1.67552    7.39025e-10
2.93215     -1.67552    3.28525e-09
3.14159     -1.67552    1.32134e-09

-3.14159     -1.46608    1.19075e-09
-2.93215     -1.46608    1.52978e-09
-2.72271     -1.46608    4.37198e-09
-2.51327     -1.46608    1.98926e-09
-2.30383     -1.46608    4.148e-10
-2.0944     -1.46608    2.06222e-09
-1.88496     -1.46608    3.578e-09
-1.67552     -1.46608    5.4337e-09
-1.46608     -1.46608    9.71274e-10
-1.25664     -1.46608    4.28356e-09
-1.0472     -1.46608    1.01829e-08
-0.837758     -1.46608    5.62858e-10
-0.628319     -1.46608    2.87224e-08
-0.418879     -1.46608    1.94036e-08
-0.20944     -1.46608    1.89228e-07
0     -1.46608    2.20819e-08
0.20944     -1.46608    1.62791e-07
0.418879     -1.46608    1.37976e-08
0.628319     -1.46608    3.83031e-08
0.837758     -1.46608    7.53219e-09
1.0472     -1.46608    1.21311e-09
1.25664     -1.46608    5.67691e-09
1.46608     -1.46608    5.9633e-09
1.67552     -1.46608    2.65648e-09
1.88496     -1.46608    4.10262e-10
2.0944     -1.46608    4.58251e-09
2.30383     -1.46608    2.58194e-09
2.51327     -1.46608    1.56955e-09
2.72271     -1.46608    1.31754e-09
2.93215     -1.46608    1.99485e-09
3.14159     -1.46608    1.77473e-09

-3.14159     -1.25664    1.03138e-09
-2.93215     -1.25664    1.00464e-09
-2.72271     -1.25664    3.05417e-09
-2.51327     -1.25664    2.68162e-09
-2.30383     -1.25664    8.71915e-10
-2.0944     -1.25664    4.51891e-09
-1.88496     -1.25664    5.92612e-09
-1.67552     -1.25664    4.60669e-09
-1.46608     -1.25664    3.30347e-09
-1.25664     -1.25664    1.04626e-08
-1.0472     -1.25664    1.30365e-08
-0.837758     -1.25664    1.1139e-08
-0.628319     -1.25664    4.40218e-08
-0.418879     -1.25664    1.92844e-08
-0.20944     -1.25664    1.61445e-07
0     -1.25664    6.60238e-08
0.20944     -1.25664    1.50424e-07
0.418879     -1.25664    3.00626e-08
0.628319     -1.25664    2.23368e-08
0.837758     -1.25664    8.55076e-09
1.0472     -1.25664    4.74644e-09
1.25664     -1.25664    2.74614e-09
1.46608     -1.25664    4.5132e-09
1.67552     -1.25664    2.31715e-09
1.88496     -1.25664    1.26163e-09
2.0944     -1.25664    7.37862e-09
2.30383     -1.25664    5.06631e-09
2.51327     -1.25664    7.15429e-10
2.72271     -1.25664    2.5901e-09
2.93215     -1.25664    2.42499e-09
3.14159     -1.25664    2.35277e-09

-3.14159     -1.0472    1.32655e-09
-2.93215     -1.0472    3.4804e-10
-2.72271     -1.0472    1.10675e-09
-2.51327     -1.0472    1.11867e-09
-2.30383     -1.0472    3.39821e-09
-2.0944     -1.0472    2.10554e-09
-1.88496     -1.0472    4.53537e-09
-1.67552     -1.0472    5.17841e-09
-1.46608     -1.0472    4.3785e-09
-1.25664     -1.0472    9.89203e-09
-1.0472     -1.0472    4.52116e-09
-0.837758     -1.0472    2.34276e-08
-0.628319     -1.0472    3.47915e-08
-0.418879     -1.0472    6.32328e-08
-0.20944     -1.0472    1.3158e-07
0     -1.0472    1.69926e-07
0.20944     -1.0472    1.02151e-07
0.418879     -1.0472    2.91204e-08
0.628319     -1.0472    8.75848e-09
0.837758     -1.0472    6.3755e-09
1.0472     -1.0472    1.69318e-08
1.25664     -1.0472    4.13383e-09
1.46608     -1.0472    2.99685e-09
1.67552     -1.0472    9.38363e-10
1.88496     -1.0472    5.69474e-09
2.0944     -1.0472    2.87093e-09
2.30383     -1.0472    1.76254e-09
2.51327     -1.0472    1.90763e-09
2.72271     -1.0472    1.73507e-09
2.93215     -1.0472    1.09904e-09
3.14159     -1.0472    1.16851e-09

-3.14159     -0.837758    1.07048e-09
-2.93215     -0.837758    1.08402e-09
-2.72271     -0.837758    2.35235e-09
-2.51327     -0.837758    1.62185e-09
-2.30383     -0.837758    2.25081e-09
-2.0944     -0.837758    4.42196e-09
-1.88496     -0.837758    1.15749e-09
-1.67552     -0.837758    9.45154e-09
-1.46608     -0.837758    9.80968e-09
-1.25664     -0.837758    9.94613e-09
-1.0472     -0.837758    1.73944e-08
-0.837758     -0.837758    5.37781e-09
-0.628319     -0.837758    5.00049e-08
-0.418879     -0.837758    8.4435e-08
-0.20944     -0.837758    2.31112e-08
0     -0.837758    2.63228e-07
0.20944     -0.837758    9.58717e-08
0.418879     -0.837758    1.05793e-07
0.628319     -0.837758    1.26775e-08
0.837758     -0.837758    4.79539e-09
1.0472     -0.837758    1.59068e-08
1.25664     -0.837758    5.91374e-09
1.46608     -0.837758    2.47301e-09
1.67552     -0.837758    7.23603e-09
1.88496     -0.837758    7.22601e-09
2.0944     -0.837758    5.42879e-10
2.30383     -0.837758    2.16354e-09
2.51327     -0.837758    1.41784e-09
2.72271     -0.837758    3.48932e-10
2.93215     -0.837758    8.88983e-10
3.14159     -0.837758    2.61247e-09

-3.14159     -0.628319    1.46275e-09
-2.93215     -0.628319    6.04583e-10
-2.72271     -0.628319    2.7868e-10
-2.51327     -0.628319    2.38676e-09
-2.30383     -0.628319    2.57667e-09
-2.0944     -0.628319    3.14708e-09
-1.88496     -0.628319    6.25193e-09
-1.67552     -0.628319    3.45831e-09
-1.46608     -0.628319    1.09144e-08
-1.25664     -0.628319    2.89935e-09
-1.0472     -0.628319    4.93854e-09
-0.837758     -0.628319    9.21138e-09
-0.628319     -0.628319    3.03006e-08
-0.418879     -0.628319    1.07824e-07
-0.20944     -0.628319    3.91489e-07
0     -0.628319    3.04003e-07
0.20944     -0.628319    2.0004e-07
0.418879     -0.628319    1.46744e-07
0.628319     -0.628319    4.57568e-08
0.837758     -0.628319    2.45207e-08
1.0472     -0.628319    9.42557e-09
1.25664     -0.628319    1.57808e-08
1.46608     -0.628319    6.66225e-09
1.67552     -0.628319    5.04297e-09
1.88496     -0.628319    6.97e-09
2.0944     -0.628319    3.19426e-09
2.30383     -0.628319    1.99489e-09
2.51327     -0.628319    1.76605e-09
2.72271     -0.628319    2.03399e-09
2.93215     -0.628319    9.71169e-10
3.14159     -0.628319    1.03928e-09

-3.14159     -0.418879    8.14923e-10
-2.93215     -0.418879    9.70155e-10
-2.72271     -0.418879    2.94974e-09
-2.51327     -0.418879    2.01587e-09
-2.30383     -0.418879    4.80252e-09
-2.0944     -0.418879    3.95904e-09
-1.88496     -0.418879    2.71712e-09
-1.67552     -0.418879    7.84404e-09
-1.46608     -0.418879    1.08027e-08
-1.25664     -0.418879    2.63431e-08
-1.0472     -0.418879    3.77467e-08
-0.837758     -0.418879    3.50459e-08
-0.628319     -0.418879    9.54548e-08
-0.418879     -0.418879    2.29583e-07
-0.20944     -0.418879    6.30237e-07
0     -0.418879    2.13196e-07
0.20944     -0.418879    8.25462e-07
0.418879     -0.418879    6.74069e-08
0.628319     -0.418879    7.3386e-08
0.837758     -0.418879    1.32395e-08
1.0472     -0.418879    3.7735e-08
1.25664     -0.418879    2.39002e-09
1.46608     -0.418879    1.39501e-08
1.67552     -0.418879    3.051e-09
1.88496     -0.418879    5.77074e-09
2.0944     -0.418879    4.28953e-09
2.30383     -0.418879    1.55246e-09
2.51327     -0.418879    1.17862e-09
2.72271     -0.418879    1.13161e-09
2.93215     -0.418879    1.89958e-09
3.14159     -0.418879    2.74998e-10

-3.14159     -0.20944    5.45033e-10
-2.93215     -0.20944    1.98986e-10
-2.72271     -0.20944    1.91468e-09
-2.51327     -0.20944    4.04509e-09
-2.30383     -0.20944    2.46158e-09
-2.0944     -0.20944    6.89483e-09
-1.88496     -0.20944    8.52079e-09
-1.67552     -0.20944    5.54924e-09
-1.46608     -0.20944    1.36351e-08
-1.25664     -0.20944    2.60579e-08
-1.0472     -0.20944    2.96462e-08
-0.837758     -0.20944    4.87122e-08
-0.628319     -0.20944    1.54517e-07
-0.418879     -0.20944    3.2387e-07
-0.20944     -0.20944    1.30844e-06
0     -0.20944    1.77516e-06
0.20944     -0.20944    2.26921e-07
0.418879     -0.20944    1.91321e-07
0.628319     -0.20944    1.06386e-07
0.837758     -0.20944    2.38922e-08
1.0472     -0.20944    5.30256e-08
1.25664     -0.20944    9.09744e-09
1.46608     -0.20944    1.83536e-08
1.67552     -0.20944    3.50644e-09
1.88496     -0.20944    2.54578e-09
2.0944     -0.20944    1.81398e-09
2.30383     -0.20944    1.98329e-09
2.51327     -0.20944    2.39995e-09
2.72271     -0.20944    8.46876e-10
2.93215     -0.20944    1.81943e-10
3.14159     -0.20944    8.87988e-10

-3.14159     0    7.38179e-10
-2.93215     0    4.41538e-10
-2.72271     0    1.20886e-09
-2.51327     0    1.46528e-09
-2.30383     0    2.93491e-09
-2.0944     0    5.31028e-09
-1.88496     0    6.68786e-09
-1.67552     0    9.04218e-09
-1.46608     0    9.93957e-09
-1.25664     0    3.00583e-08
-1.0472     0    2.00216e-08
-0.837758     0    4.22019e-08
-0.628319     0    8.89359e-08
-0.418879     0    2.67732e-07
-0.20944     0    1.44089e-06
0     0    1.12009e-16
0.20944     0    1.44089e-06
0.418879     0    2.67732e-07
0.628319     0    8.89359e-08
0.837758     0    4.22019e-08
1.0472     0    2.00216e-08
1.25664     0    3.00583e-08
1.46608     0    9.93957e-09
1.67552     0    9.04218e-09
1.88496     0    6.68786e-09
2.0944     0    5.31028e-09
2.30383     0    2.93491e-09
2.51327     0    1.46528e-09
2.72271     0    1.20886e-09
2.93215     0    4.41538e-10
3.14159     0    7.38179e-10

-3.14159     0.20944    8.87988e-10
-2.93215     0.20944    1.81943e-10
-2.72271     0.20944    8.46876e-10
-2.51327     0.20944    2.39995e-09
-2.30383     0.20944    1.98329e-09
-2.0944     0.20944    1.81398e-09
-1.88496     0.20944    2.54578e-09
-1.67552     0.20944    3.50644e-09
-1.46608     0.20944    1.83536e-08
-1.25664     0.20944    9.09744e-09
-1.0472     0.20944    5.30256e-08
-0.837758     0.20944    2.38922e-08
-0.628319     0.20944    1.06386e-07
-0.418879     0.20944    1.91321e-07
-0.20944     0.20944    2.26921e-07
0     0.20944    1.77516e-06
0.20944     0.20944    1.30844e-06
0.418879     0.20944    3.2387e-07
0.628319     0.20944    1.54517e-07
0.837758     0.20944    4.87122e-08
1.0472     0.20944    2.96462e-08
1.25664     0.20944    2.60579e-08
1.46608     0.20944    1.36351e-08
1.67552     0.20944    5.54924e-09
1.88496     0.20944    8.52079e-09
2.0944     0.20944    6.89483e-09
2.30383     0.20944    2.46158e-09
2.51327     0.20944    4.04509e-09
2.72271     0.20944    1.91468e-09
2.93215     0.20944    1.98986e-10
3.14159     0.20944    5.45033e-10

-3.14159     0.418879    2.74998e-10
-2.93215     0.418879    1.89958e-09
-2.72271     0.418879    1.13161e-09
-2.51327     0.418879    1.17862e-09
-2.30383     0.418879    1.55246e-09
-2.0944     0.418879    4.28953e-09
-1.88496     0.418879    5.77074e-09
-1.67552     0.418879    3.051e-09
-1.46608     0.418879    1.39501e-08
-1.25664     0.418879    2.39002e-09
-1.0472     0.418879    3.7735e-08
-0.837758     0.418879    1.32395e-08
-0.628319     0.418879    7.3386e-08
-0.418879     0.418879    6.74069e-08
-0.20944     0.418879    8.25462e-07
0     0.418879    2.13196e-07
0.20944     0.418879    6.30237e-07
0.418879     0.418879    2.29583e-07
0.628319     0.418879    9.54548e-08
0.837758     0.418879    3.50459e-08
1.0472     0.418879    3.77467e-08
1.25664     0.418879    2.63431e-08
1.46608     0.418879    1.08027e-08
1.67552     0.418879    7.84404e-09
1.88496     0.418879    2.71712e-09
2.0944     0.418879    3.95904e-09
2.30383     0.418879    4.80252e-09
2.51327     0.418879    2.01587e-09
2.72271     0.418879    2.94974e-09
2.93215     0.418879    9.70155e-10
3.14159     0.418879    8.14923e-10

-3.14159     0.628319    1.03928e-09
-2.93215     0.628319    9.71169e-10
-2.72271     0.628319    2.03399e-09
-2.51327     0.628319    1.76605e-09
-2.30383     0.628319    1.99489e-09
-2.0944     0.628319    3.19426e-09
-1.88496     0.628319    6.97e-09
-1.67552     0.628319    5.04297e-09
-1.46608     0.628319    6.66225e-09
-1.25664     0.628319    1.57808e-08
-1.0472     0.628319    9.42557e-09
-0.837758     0.628319    2.45207e-08
-0.628319     0.628319    4.57568e-08
-0.418879     0.628319    1.46744e-07
-0.20944     0.628319    2.0004e-07
0     0.628319    3.04003e-07
0.20944     0.628319    3.91489e-07
0.418879     0.628319    1.07824e-07
0.628319     0.628319    3.03006e-08
0.837758     0.628319    9.21138e-09
1.0472     0.628319    4.93854e-09
1.25664     0.628319    2.89935e-09
1.46608     0.628319    1.09144e-08
1.67552     0.628319    3.45831e-09
1.88496     0.628319    6.25193e-09
2.0944     0.628319    3.14708e-09
2.30383     0.628319    2.57667e-09
2.51327     0.628319    2.38676e-09
2.72271     0.628319    2.7868e-10
2.93215     0.628319    6.04583e-10
3.14159     0.628319    1.46275e-09

-3.14159     0.837758    2.61247e-09
-2.93215     0.837758    8.88983e-10
-2.72271     0.837758    3.48932e-10
-2.51327     0.837758    1.41784e-09
-2.30383     0.837758    2.16354e-09
-2.0944     0.837758    5.42879e-10
-1.88496     0.837758    7.22601e-09
-1.67552     0.837758    7.23603e-09
-1.46608     0.837758    2.47301e-09
-1.25664     0.837758    5.91374e-09
-1.0472     0.837758    1.59068e-08
-0.837758     0.837758    4.79539e-09
-0.628319     0.837758    1.26775e-08
-0.418879     0.837758    1.05793e-07
-0.20944     0.837758    9.58717e-08
0     0.837758    2.63228e-07
0.20944     0.837758    2.31112e-08
0.418879     0.837758    8.4435e-08
0.628319     0.837758    5.00049e-08
0.837758     0.837758    5.37781e-09
1.0472     0.837758    1.73944e-08
1.25664     0.837758    9.94613e-09
1.46608     0.837758    9.80968e-09
1.67552     0.837758    9.45154e-09
1.88496     0.837758    1.15749e-09
2.0944     0.837758    4.42196e-09
2.30383     0.837758    2.25081e-09
2.51327     0.837758    1.62185e-09
2.72271     0.837758    2.35235e-09
2.93215     0.837758    1.08402e-09
3.14159     0.837758    1.07048e-09

-3.14159     1.0472    1.16851e-09
-2.93215     1.0472    1.09904e-09
-2.72271     1.0472    1.73507e-09
-2.51327     1.0472    1.90763e-09
-2.30383     1.0472    1.76254e-09
-2.0944     1.0472    2.87093e-09
-1.88496     1.0472    5.69474e-09
-1.67552     1.0472    9.38363e-10
-1.46608     1.0472    2.99685e-09
-1.25664     1.0472    4.13383e-09
-1.0472     1.0472    1.69318e-08
-0.837758     1.0472    6.3755e-09
-0.628319     1.0472    8.75848e-09
-0.418879     1.0472    2.91204e-08
-0.20944     1.0472    1.02151e-07
0     1.0472    1.69926e-07
0.20944     1.0472    1.3158e-07
0.418879     1.0472    6.32328e-08
0.628319     1.0472    3.47915e-08
0.837758     1.0472    2.34276e-08
1.0472     1.0472    4.52116e-09
1.25664     1.0472    9.89203e-09
1.46608     1.0472    4.3785e-09
1.67552     1.0472    5.17841e-09
1.88496     1.0472    4.53537e-09
2.0944     1.0472    2.10554e-09
2.30383     1.0472    3.39821e-09
2.51327     1.0472    1.11867e-09
2.72271     1.0472    1.10675e-09
2.93215     1.0472    3.4804e-10
3.14159     1.0472    1.32655e-09

-3.14159     1.25664    2.35277e-09
-2.93215     1.25664    2.42499e-09
-2.72271     1.25664    2.5901e-09
-2.51327     1.25664    7.15429e-10
-2.30383     1.25664    5.06631e-09
-2.0944     1.25664    7.37862e-09
-1.88496     1.25664    1.26163e-09
-1.67552     1.25664    2.31715e-09
-1.46608     1.25664    4.5132e-09
-1.25664     1.25664    2.74614e-09
-1.0472     1.25664    4.74644e-09
-0.837758     1.25664    8.55076e-09
-0.628319     1.25664    2.23368e-08
-0.418879     1.25664    3.00626e-08
-0.20944     1.25664    1.50424e-07
0     1.25664    6.60238e-08
0.20944     1.25664    1.61445e-07
0.418879     1.25664    1.92844e-08
0.628319     1.25664    4.40218e-08
0.837758     1.25664    1.1139e-08
1.0472     1.25664    1.30365e-08
1.25664     1.25664    1.04626e-08
1.46608     1.25664    3.30347e-09
1.67552     1.25664    4.60669e-09
1.88496     1.25664    5.92612e-09
2.0944     1.25664    4.51891e-09
2.30383     1.25664    8.71915e-10
2.51327     1.25664    2.68162e-09
2.72271     1.25664    3.05417e-09
2.93215     1.25664    1.00464e-09
3.14159     1.25664    1.03138e-09

-3.14159     1.46608    1.77473e-09
-2.93215     1.46608    1.99485e-09
-2.72271     1.46608    1.31754e-09
-2.51327     1.46608    1.56955e-09
-2.30383     1.46608    2.58194e-09
-2.0944     1.46608    4.58251e-09
-1.88496     1.46608    4.10262e-10
-1.67552     1.46608    2.65648e-09
-1.46608     1.46608    5.9633e-09
-1.25664     1.46608    5.67691e-09
-1.0472     1.46608    1.21311e-09
-0.837758     1.46608    7.53219e-09
-0.628319     1.46608    3.83031e-08
-0.418879     1.46608    1.37976e-08
-0.20944     1.46608    1.62791e-07
0     1.46608    2.20819e-08
0.20944     1.46608    1.89228e-07
0.418879     1.46608    1.94036e-08
0.628319     1.46608    2.87224e-08
0.837758     1.46608    5.62858e-10
1.0472     1.46608    1.01829e-08
1.25664     1.46608    4.28356e-09
1.46608     1.46608    9.71274e-10
1.67552     1.46608    5.4337e-09
1.88496     1.46608    3.578e-09
2.0944     1.46608    2.06222e-09
2.30383     1.46608    4.148e-10
2.51327     1.46608    1.98926e-09
2.72271     1.46608    4.37198e-09
2.93215     1.46608    1.52978e-09
3.14159     1.46608    1.19075e-09

-3.14159     1.67552    1.32134e-09
-2.93215     1.67552    3.28525e-09
-2.72271     1.67552    7.39025e-10
-2.51327     1.67552    2.5197e-09
-2.30383     1.67552    2.01148e-09
-2.0944     1.67552    9.7193e-10
-1.88496     1.67552    7.69928e-10
-1.67552     1.67552    1.57938e-09
-1.46608     1.67552    2.29882e-09
-1.25664     1.67552    3.79376e-09
-1.0472     1.67552    5.96548e-09
-0.837758     1.67552    4.44481e-09
-0.628319     1.67552    2.48102e-08
-0.418879     1.67552    1.22148e-08
-0.20944     1.67552    1.48949e-07
0     1.67552    1.80543e-08
0.20944     1.67552    1.79957e-07
0.418879     1.67552    1.19649e-08
0.628319     1.67552    1.46334e-08
0.837758     1.67552    4.46291e-09
1.0472     1.67552    1.12337e-08
1.25664     1.67552    4.9866e-09
1.46608     1.67552    7.10945e-10
1.67552     1.67552    1.79374e-09
1.88496     1.67552    2.01558e-09
2.0944     1.67552    1.80415e-10
2.30383     1.67552    2.54974e-09
2.51327     1.67552    7.34174e-10
2.72271     1.67552    1.78867e-09
2.93215     1.67552    1.18066e-09
3.14159     1.67552    8.67617e-10

-3.14159     1.88496    6.9711e-10
-2.93215     1.88496    3.49258e-09
-2.72271     1.88496    1.49263e-09
-2.51327     1.88496    3.34175e-10
-2.30383     1.88496    1.00776e-09
-2.0944     1.88496    1.87356e-09
-1.88496     1.88496    1.16745e-09
-1.67552     1.88496    7.64371e-10
-1.46608     1.88496    7.63066e-10
-1.25664     1.88496    2.32343e-09
-1.0472     1.88496    8.15637e-09
-0.837758     1.88496    4.77821e-09
-0.628319     1.88496    1.77997e-08
-0.418879     1.88496    1.92716e-08
-0.20944     1.88496    1.00576e-07
0     1.88496    4.09586e-08
0.20944     1.88496    1.15414e-07
0.418879     1.88496    2.09561e-08
0.628319     1.88496    1.35062e-08
0.837758     1.88496    2.16215e-09
1.0472     1.88496    6.13706e-09
1.25664     1.88496    3.83093e-09
1.46608     1.88496    1.1223e-09
1.67552     1.88496    4.38173e-10
1.88496     1.88496    1.24134e-10
2.0944     1.88496    6.48445e-10
2.30383     1.88496    6.84445e-10
2.51327     1.88496    8.55604e-10
2.72271     1.88496    7.22384e-10
2.93215     1.88496    6.60737e-10
3.14159     1.88496    5.00453e-10

-3.14159     2.0944    2.29302e-09
-2.93215     2.0944    1.80595e-09
-2.72271     2.0944    1.75623e-09
-2.51327     2.0944    1.52011e-09
-2.30383     2.0944    1.0897e-09
-2.0944     2.0944    8.25699e-10
-1.88496     2.0944    1.38677e-09
-1.67552     2.0944    2.07866e-09
-1.46608     2.0944    2.68313e-09
-1.25664     2.0944    2.93404e-09
-1.0472     2.0944    2.23507e-09
-0.837758     2.0944    6.12696e-09
-0.628319     2.0944    7.05365e-09
-0.418879     2.0944    2.6199e-08
-0.20944     2.0944    5.57483e-08
0     2.0944    6.22772e-08
0.20944     2.0944    6.06379e-08
0.418879     2.0944    2.46615e-08
0.628319     2.0944    4.84755e-09
0.837758     2.0944    4.90666e-09
1.0472     2.0944    3.42826e-09
1.25664     2.0944    3.31159e-09
1.46608     2.0944    1.87642e-09
1.67552     2.0944    2.68416e-09
1.88496     2.0944    5.42029e-10
2.0944     2.0944    6.79362e-10
2.30383     2.0944    2.40687e-09
2.51327     2.0944    1.54886e-09
2.72271     2.0944    1.49112e-09
2.93215     2.0944    1.00887e-09
3.14159     2.0944    1.18114e-09

-3.14159     2.30383    1.1788e-09
-2.93215     2.30383    3.50125e-09
-2.72271     2.30383    1.97802e-09
-2.51327     2.30383    1.52025e-10
-2.30383     2.30383    7.39881e-10
-2.0944     2.30383    2.38099e-09
-1.88496     2.30383    1.86488e-09
-1.67552     2.30383    1.43167e-09
-1.46608     2.30383    8.97619e-10
-1.25664     2.30383    2.20178e-09
-1.0472     2.30383    1.50318e-09
-0.837758     2.30383    1.48347e-09
-0.628319     2.30383    2.24286e-09
-0.418879     2.30383    2.10682e-08
-0.20944     2.30383    1.22521e-08
0     2.30383    6.62122e-08
0.20944     2.30383    1.17421e-08
0.418879     2.30383    1.8318e-08
0.628319     2.30383    4.00265e-09
0.837758     2.30383    4.73587e-09
1.0472     2.30383    1.72244e-09
1.25664     2.30383    1.151e-09
1.46608     2.30383    1.40301e-09
1.67552     2.30383    3.33525e-10
1.88496     2.30383    9.62487e-10
2.0944     2.30383    1.3371e-09
2.30383     2.30383    7.83692e-10
2.51327     2.30383    7.94988e-10
2.72271     2.30383    1.02583e-09
2.93215     2.30383    1.15263e-09
3.14159     2.30383    1.0328e-09

-3.14159     2.51327    1.87963e-09
-2.93215     2.51327    5.8474e-10
-2.72271     2.51327    3.6221e-10
-2.51327     2.51327    2.15442e-09
-2.30383     2.51327    4.01668e-10
-2.0944     2.51327    7.35194e-10
-1.88496     2.51327    5.59486e-10
-1.67552     2.51327    1.71855e-09
-1.46608     2.51327    9.56429e-10
-1.25664     2.51327    2.5198e-09
-1.0472     2.51327    1.67038e-09
-0.837758     2.51327    3.57738e-09
-0.628319     2.51327    4.75989e-09
-0.418879     2.51327    2.18971e-08
-0.20944     2.51327    3.49676e-08
0     2.51327    6.6927e-08
0.20944     2.51327    3.87467e-08
0.418879     2.51327    2.08197e-08
0.628319     2.51327    4.58996e-09
0.837758     2.51327    3.23616e-09
1.0472     2.51327    4.96414e-09
1.25664     2.51327    2.57659e-09
1.46608     2.51327    1.38446e-09
1.67552     2.51327    1.01225e-09
1.88496     2.51327    8.63892e-10
2.0944     2.51327    3.67299e-10
2.30383     2.51327    1.05904e-09
2.51327     2.51327    4.87156e-10
2.72271     2.51327    9.85165e-10
2.93215     2.51327    1.45699e-09
3.14159     2.51327    1.53662e-09

-3.14159     2.72271    2.85084e-09
-2.93215     2.72271    1.12771e-09
-2.72271     2.72271    3.2219e-09
-2.51327     2.72271    2.83675e-09
-2.30383     2.72271    2.43201e-09
-2.0944     2.72271    2.92689e-10
-1.88496     2.72271    7.65001e-10
-1.67552     2.72271    2.62893e-10
-1.46608     2.72271    1.44273e-09
-1.25664     2.72271    3.02606e-09
-1.0472     2.72271    3.41603e-09
-0.837758     2.72271    3.56735e-09
-0.628319     2.72271    1.06014e-08
-0.418879     2.72271    1.12506e-08
-0.20944     2.72271    7.20848e-08
0     2.72271    4.53935e-08
0.20944     2.72271    7.59617e-08
0.418879     2.72271    1.3454e-08
0.628319     2.72271    1.14565e-08
0.837758     2.72271    2.03034e-09
1.0472     2.72271    3.38444e-10
1.25664     2.72271    1.88219e-09
1.46608     2.72271    1.28436e-09
1.67552     2.72271    6.44601e-10
1.88496     2.72271    4.56818e-10
2.0944     2.72271    5.36381e-10
2.30383     2.72271    1.7426e-09
2.51327     2.72271    1.42065e-09
2.72271     2.72271    1.45638e-09
2.93215     2.72271    2.35502e-09
3.14159     2.72271    6.42519e-10

-3.14159     2.93215    4.42626e-10
-2.93215     2.93215    1.86626e-09
-2.72271     2.93215    1.42158e-09
-2.51327     2.93215    2.98013e-09
-2.30383     2.93215    1.24016e-09
-2.0944     2.93215    4.77197e-10
-1.88496     2.93215    2.29363e-10
-1.67552     2.93215    8.14834e-10
-1.46608     2.93215    1.64735e-09
-1.25664     2.93215    1.66473e-09
-1.0472     2.93215    2.84957e-09
-0.837758     2.93215    5.17027e-10
-0.628319     2.93215    1.27054e-08
-0.418879     2.93215    8.07686e-09
-0.20944     2.93215    9.77439e-08
0     2.93215    2.54572e-08
0.20944     2.93215    1.00629e-07
0.418879     2.93215    5.90953e-09
0.628319     2.93215    1.3664e-08
0.837758     2.93215    3.01163e-09
1.0472     2.93215    6.78826e-09
1.25664     2.93215    1.47159e-09
1.46608     2.93215    9.60392e-10
1.67552     2.93215    3.32461e-10
1.88496     2.93215    1.0941e-09
2.0944     2.93215    3.60017e-10
2.30383     2.93215    1.0149e-09
2.51327     2.93215    2.58525e-09
2.72271     2.93215    7.80026e-10
2.93215     2.93215    1.68351e-09
3.14159     2.93215    1.23209e-09

-3.14159     3.14159    6.20108e-10
-2.93215     3.14159    5.81331e-10
-2.72271     3.14159    9.56528e-10
-2.51327     3.14159    1.02061e-09
-2.30383     3.14159    1.62126e-09
-2.0944     3.14159    7.71221e-10
-1.88496     3.14159    9.0701e-10
-1.67552     3.14159    3.11267e-10
-1.46608     3.14159    5.83043e-10
-1.25664     3.14159    5.63979e-10
-1.0472     3.14159    4.04154e-09
-0.837758     3.14159    1.48933e-09
-0.628319     3.14159    1.28935e-08
-0.418879     3.14159    7.95501e-10
-0.20944     3.14159    1.0261e-07
0     3.14159    9.24976e-10
0.20944     3.14159    1.05508e-07
0.418879     3.14159    2.89816e-09
0.628319     3.14159    1.547e-08
0.837758     3.14159    1.49925e-09
1.0472     3.14159    4.0802e-09
1.25664     3.14159    7.39849e-10
1.46608     3.14159    1.99793e-09
1.67552     3.14159    2.65453e-10
1.88496     3.14159    1.04326e-09
2.0944     3.14159    2.27505e-10
2.30383     3.14159    6.34574e-10
2.51327     3.14159    6.58705e-10
2.72271     3.14159    2.58195e-10
2.93215     3.14159    3.1299e-09
3.14159     3.14159    1.41656e-09

