-3.14159     -3.14159    7.66767e-06
-2.93215     -3.14159    9.90693e-06
-2.72271     -3.14159    1.15968e-05
-2.51327     -3.14159    1.23371e-05
-2.30383     -3.14159    1.23285e-05
-2.0944     -3.14159    1.20605e-05
-1.88496     -3.14159    1.18891e-05
-1.67552     -3.14159    1.17943e-05
-1.46608     -3.14159    1.13406e-05
-1.25664     -3.14159    9.9051e-06
-1.0472     -3.14159    7.63953e-06
-0.837758     -3.14159    5.39677e-06
-0.628319     -3.14159    3.61232e-06
-0.418879     -3.14159    2.37889e-06
-0.20944     -3.14159    1.6895e-06
0     -3.14159    1.46617e-06
0.20944     -3.14159    1.6821e-06
0.418879     -3.14159    2.37887e-06
0.628319     -3.14159    3.61232e-06
0.837758     -3.14159    5.39695e-06
1.0472     -3.14159    7.63936e-06
1.25664     -3.14159    9.90502e-06
1.46608     -3.14159    1.13405e-05
1.67552     -3.14159    1.17941e-05
1.88496     -3.14159    1.18894e-05
2.0944     -3.14159    1.20609e-05
2.30383     -3.14159    1.23276e-05
2.51327     -3.14159    1.23367e-05
2.72271     -3.14159    1.15967e-05
2.93215     -3.14159    9.90696e-06
3.14159     -3.14159    7.66766e-06

-3.14159     -2.93215    6.17873e-06
-2.93215     -2.93215    8.73395e-06
-2.72271     -2.93215    1.07225e-05
-2.51327     -2.93215    1.17737e-05
-2.30383     -2.93215    1.20926e-05
-2.0944     -2.93215    1.19482e-05
-1.88496     -2.93215    1.15517e-05
-1.67552     -2.93215    1.10622e-05
-1.46608     -2.93215    1.02887e-05
-1.25664     -2.93215    8.68967e-06
-1.0472     -2.93215    6.23041e-06
-0.837758     -2.93215    3.80355e-06
-0.628319     -2.93215    1.99968e-06
-0.418879     -2.93215    8.60523e-07
-0.20944     -2.93215    2.63605e-07
0     -2.93215    9.31436e-08
0.20944     -2.93215    2.73273e-07
0.418879     -2.93215    8.60428e-07
0.628319     -2.93215    1.99968e-06
0.837758     -2.93215    3.80356e-06
1.0472     -2.93215    6.23059e-06
1.25664     -2.93215    8.68971e-06
1.46608     -2.93215    1.02888e-05
1.67552     -2.93215    1.10621e-05
1.88496     -2.93215    1.15519e-05
2.0944     -2.93215    1.19483e-05
2.30383     -2.93215    1.20922e-05
2.51327     -2.93215    1.17738e-05
2.72271     -2.93215    1.07224e-05
2.93215     -2.93215    8.73386e-06
3.14159     -2.93215    6.17863e-06

-3.14159     -2.72271    5.20958e-06
-2.93215     -2.72271    7.76102e-06
-2.72271     -2.72271    9.57171e-06
-2.51327     -2.72271    1.04184e-05
-2.30383     -2.72271    1.06371e-05
-2.0944     -2.72271    1.05728e-05
-1.88496     -2.72271    1.03261e-05
-1.67552     -2.72271    9.9236e-06
-1.46608     -2.72271    9.2224e-06
-1.25664     -2.72271    7.76307e-06
-1.0472     -2.72271    5.37577e-06
-0.837758     -2.72271    2.91195e-06
-0.628319     -2.72271    1.15791e-06
-0.418879     -2.72271    1.50831e-07
-0.20944     -2.72271    3.41213e-07
0     -2.72271    5.05365e-07
0.20944     -2.72271    3.50892e-07
0.418879     -2.72271    1.50767e-07
0.628319     -2.72271    1.15789e-06
0.837758     -2.72271    2.91204e-06
1.0472     -2.72271    5.37575e-06
1.25664     -2.72271    7.76302e-06
1.46608     -2.72271    9.22244e-06
1.67552     -2.72271    9.92365e-06
1.88496     -2.72271    1.03262e-05
2.0944     -2.72271    1.05726e-05
2.30383     -2.72271    1.06371e-05
2.51327     -2.72271    1.04183e-05
2.72271     -2.72271    9.57176e-06
2.93215     -2.72271    7.76098e-06
3.14159     -2.72271    5.20951e-06

-3.14159     -2.51327    4.80577e-06
-2.93215     -2.51327    7.07272e-06
-2.72271     -2.51327    8.31852e-06
-2.51327     -2.51327    8.52729e-06
-2.30383     -2.51327    8.24313e-06
-2.0944     -2.51327    8.08279e-06
-1.88496     -2.51327    8.23628e-06
-1.67552     -2.51327    8.39751e-06
-1.46608     -2.51327    8.15476e-06
-1.25664     -2.51327    7.08962e-06
-1.0472     -2.51327    4.97672e-06
-0.837758     -2.51327    2.58027e-06
-0.628319     -2.51327    8.51897e-07
-0.418879     -2.51327    8.31193e-08
-0.20944     -2.51327    5.06311e-07
0     -2.51327    5.96022e-07
0.20944     -2.51327    5.00337e-07
0.418879     -2.51327    8.30918e-08
0.628319     -2.51327    8.51876e-07
0.837758     -2.51327    2.58013e-06
1.0472     -2.51327    4.97679e-06
1.25664     -2.51327    7.08965e-06
1.46608     -2.51327    8.15481e-06
1.67552     -2.51327    8.39739e-06
1.88496     -2.51327    8.23628e-06
2.0944     -2.51327    8.0827e-06
2.30383     -2.51327    8.24307e-06
2.51327     -2.51327    8.52733e-06
2.72271     -2.51327    8.31852e-06
2.93215     -2.51327    7.07262e-06
3.14159     -2.51327    4.80568e-06

-3.14159     -2.30383    4.81674e-06
-2.93215     -2.30383    6.45103e-06
-2.72271     -2.30383    6.84265e-06
-2.51327     -2.30383    6.26496e-06
-2.30383     -2.30383    5.5e-06
-2.0944     -2.30383    5.2261e-06
-1.88496     -2.30383    5.63852e-06
-1.67552     -2.30383    6.39143e-06
-1.46608     -2.30383    6.83837e-06
-1.25664     -2.30383    6.38459e-06
-1.0472     -2.30383    4.77202e-06
-0.837758     -2.30383    2.57838e-06
-0.628319     -2.30383    8.60316e-07
-0.418879     -2.30383    6.94534e-08
-0.20944     -2.30383    4.7878e-07
0     -2.30383    6.31923e-07
0.20944     -2.30383    4.77008e-07
0.418879     -2.30383    6.95377e-08
0.628319     -2.30383    8.60357e-07
0.837758     -2.30383    2.57839e-06
1.0472     -2.30383    4.77195e-06
1.25664     -2.30383    6.38455e-06
1.46608     -2.30383    6.83838e-06
1.67552     -2.30383    6.39163e-06
1.88496     -2.30383    5.63859e-06
2.0944     -2.30383    5.22608e-06
2.30383     -2.30383    5.49999e-06
2.51327     -2.30383    6.26501e-06
2.72271     -2.30383    6.84263e-06
2.93215     -2.30383    6.45102e-06
3.14159     -2.30383    4.81667e-06

-3.14159     -2.0944    5.01893e-06
-2.93215     -2.0944    5.73052e-06
-2.72271     -2.0944    5.14485e-06
-2.51327     -2.0944    3.93843e-06
-2.30383     -2.0944    2.99906e-06
-2.0944     -2.0944    2.73054e-06
-1.88496     -2.0944    3.16309e-06
-1.67552     -2.0944    4.12109e-06
-1.46608     -2.0944    5.11572e-06
-1.25664     -2.0944    5.39692e-06
-1.0472     -2.0944    4.48593e-06
-0.837758     -2.0944    2.69971e-06
-0.628319     -2.0944    1.03929e-06
-0.418879     -2.0944    5.50234e-08
-0.20944     -2.0944    3.7172e-07
0     -2.0944    4.55576e-07
0.20944     -2.0944    3.84261e-07
0.418879     -2.0944    5.50016e-08
0.628319     -2.0944    1.03919e-06
0.837758     -2.0944    2.69973e-06
1.0472     -2.0944    4.48582e-06
1.25664     -2.0944    5.39683e-06
1.46608     -2.0944    5.1158e-06
1.67552     -2.0944    4.12111e-06
1.88496     -2.0944    3.16311e-06
2.0944     -2.0944    2.7305e-06
2.30383     -2.0944    2.999e-06
2.51327     -2.0944    3.93824e-06
2.72271     -2.0944    5.14489e-06
2.93215     -2.0944    5.73064e-06
3.14159     -2.0944    5.01904e-06

-3.14159     -1.88496    5.17487e-06
-2.93215     -1.88496    4.82837e-06
-2.72271     -1.88496    3.4367e-06
-2.51327     -1.88496    1.99155e-06
-2.30383     -1.88496    1.16391e-06
-2.0944     -1.88496    9.85205e-07
-1.88496     -1.88496    1.31978e-06
-1.67552     -1.88496    2.12978e-06
-1.46608     -1.88496    3.23712e-06
-1.25664     -1.88496    4.06791e-06
-1.0472     -1.88496    3.92706e-06
-0.837758     -1.88496    2.74916e-06
-0.628319     -1.88496    1.28418e-06
-0.418879     -1.88496    2.63982e-07
-0.20944     -1.88496    2.40567e-07
0     -1.88496    4.04449e-07
0.20944     -1.88496    2.14188e-07
0.418879     -1.88496    2.63848e-07
0.628319     -1.88496    1.28407e-06
0.837758     -1.88496    2.74908e-06
1.0472     -1.88496    3.92737e-06
1.25664     -1.88496    4.06793e-06
1.46608     -1.88496    3.23731e-06
1.67552     -1.88496    2.12986e-06
1.88496     -1.88496    1.31975e-06
2.0944     -1.88496    9.85338e-07
2.30383     -1.88496    1.16397e-06
2.51327     -1.88496    1.99158e-06
2.72271     -1.88496    3.43669e-06
2.93215     -1.88496    4.82811e-06
3.14159     -1.88496    5.17493e-06

-3.14159     -1.67552    5.14147e-06
-2.93215     -1.67552    3.82999e-06
-2.72271     -1.67552    2.01152e-06
-2.51327     -1.67552    6.82405e-07
-2.30383     -1.67552    7.64366e-08
-2.0944     -1.67552    1.57906e-08
-1.88496     -1.67552    2.23382e-07
-1.67552     -1.67552    7.772e-07
-1.46608     -1.67552    1.6651e-06
-1.25664     -1.67552    2.64008e-06
-1.0472     -1.67552    3.08167e-06
-0.837758     -1.67552    2.57721e-06
-0.628319     -1.67552    1.48083e-06
-0.418879     -1.67552    5.07768e-07
-0.20944     -1.67552    3.30734e-08
0     -1.67552    1.87757e-07
0.20944     -1.67552    6.22616e-08
0.418879     -1.67552    5.08011e-07
0.628319     -1.67552    1.48078e-06
0.837758     -1.67552    2.5773e-06
1.0472     -1.67552    3.08133e-06
1.25664     -1.67552    2.64018e-06
1.46608     -1.67552    1.6648e-06
1.67552     -1.67552    7.77162e-07
1.88496     -1.67552    2.23429e-07
2.0944     -1.67552    1.58144e-08
2.30383     -1.67552    7.64351e-08
2.51327     -1.67552    6.82385e-07
2.72271     -1.67552    2.01168e-06
2.93215     -1.67552    3.82976e-06
3.14159     -1.67552    5.14157e-06

-3.14159     -1.46608    4.94894e-06
-2.93215     -1.46608    2.9571e-06
-2.72271     -1.46608    1.08574e-06
-2.51327     -1.46608    1.00439e-08
-2.30383     -1.46608    4.33603e-07
-2.0944     -1.46608    4.79797e-07
-1.88496     -1.46608    3.14794e-07
-1.67552     -1.46608    3.12766e-08
-1.46608     -1.46608    6.23114e-07
-1.25664     -1.46608    1.43498e-06
-1.0472     -1.46608    2.11e-06
-0.837758     -1.46608    2.1496e-06
-0.628319     -1.46608    1.52606e-06
-0.418879     -1.46608    7.31722e-07
-0.20944     -1.46608    1.90204e-07
0     -1.46608    3.36848e-08
0.20944     -1.46608    2.34787e-07
0.418879     -1.46608    7.31889e-07
0.628319     -1.46608    1.52549e-06
0.837758     -1.46608    2.14991e-06
1.0472     -1.46608    2.1106e-06
1.25664     -1.46608    1.4349e-06
1.46608     -1.46608    6.23409e-07
1.67552     -1.46608    3.10807e-08
1.88496     -1.46608    3.1467e-07
2.0944     -1.46608    4.79966e-07
2.30383     -1.46608    4.33517e-07
2.51327     -1.46608    1.00668e-08
2.72271     -1.46608    1.08589e-06
2.93215     -1.46608    2.9569e-06
3.14159     -1.46608    4.94901e-06

-3.14159     -1.25664    4.78006e-06
-2.93215     -1.25664    2.44885e-06
-2.72271     -1.25664    6.8118e-07
-2.51327     -1.25664    2.33908e-07
-2.30383     -1.25664    5.73323e-07
-2.0944     -1.25664    6.1651e-07
-1.88496     -1.25664    5.21098e-07
-1.67552     -1.25664    3.11798e-07
-1.46608     -1.25664    5.1992e-08
-1.25664     -1.25664    6.16617e-07
-1.0472     -1.25664    1.25007e-06
-0.837758     -1.25664    1.57806e-06
-0.628319     -1.25664    1.37915e-06
-0.418879     -1.25664    8.71919e-07
-0.20944     -1.25664    4.60815e-07
0     -1.25664    2.19829e-07
0.20944     -1.25664    4.15159e-07
0.418879     -1.25664    8.71756e-07
0.628319     -1.25664    1.37904e-06
0.837758     -1.25664    1.5781e-06
1.0472     -1.25664    1.24973e-06
1.25664     -1.25664    6.16552e-07
1.46608     -1.25664    5.18112e-08
1.67552     -1.25664    3.11564e-07
1.88496     -1.25664    5.21009e-07
2.0944     -1.25664    6.16687e-07
2.30383     -1.25664    5.73377e-07
2.51327     -1.25664    2.33912e-07
2.72271     -1.25664    6.81019e-07
2.93215     -1.25664    2.44869e-06
3.14159     -1.25664    4.77995e-06

-3.14159     -1.0472    4.8819e-06
-2.93215     -1.0472    2.44921e-06
-2.72271     -1.0472    7.72867e-07
-2.51327     -1.0472    1.00944e-07
-2.30383     -1.0472    4.56312e-07
-2.0944     -1.0472    5.51912e-07
-1.88496     -1.0472    5.2274e-07
-1.67552     -1.0472    4.09994e-07
-1.46608     -1.0472    2.02068e-07
-1.25664     -1.0472    1.75087e-07
-1.0472     -1.0472    6.52441e-07
-0.837758     -1.0472    1.05078e-06
-0.628319     -1.0472    1.12635e-06
-0.418879     -1.0472    8.95887e-07
-0.20944     -1.0472    6.10002e-07
0     -1.0472    6.52802e-07
0.20944     -1.0472    6.45982e-07
0.418879     -1.0472    8.9756e-07
0.628319     -1.0472    1.12416e-06
0.837758     -1.0472    1.051e-06
1.0472     -1.0472    6.51846e-07
1.25664     -1.0472    1.74444e-07
1.46608     -1.0472    2.02324e-07
1.67552     -1.0472    4.10345e-07
1.88496     -1.0472    5.22842e-07
2.0944     -1.0472    5.52229e-07
2.30383     -1.0472    4.5659e-07
2.51327     -1.0472    1.01015e-07
2.72271     -1.0472    7.72787e-07
2.93215     -1.0472    2.44922e-06
3.14159     -1.0472    4.88183e-06

-3.14159     -0.837758    5.45271e-06
-2.93215     -0.837758    3.04204e-06
-2.72271     -0.837758    1.362e-06
-2.51327     -0.837758    4.03441e-07
-2.30383     -0.837758    7.40598e-08
-2.0944     -0.837758    2.77099e-07
-1.88496     -0.837758    3.38828e-07
-1.67552     -0.837758    3.19487e-07
-1.46608     -0.837758    2.15456e-07
-1.25664     -0.837758    5.05509e-09
-1.0472     -0.837758    3.56454e-07
-0.837758     -0.837758    6.87576e-07
-0.628319     -0.837758    8.75507e-07
-0.418879     -0.837758    8.30777e-07
-0.20944     -0.837758    6.90969e-07
0     -0.837758    4.73625e-07
0.20944     -0.837758    6.79494e-07
0.418879     -0.837758    8.32401e-07
0.628319     -0.837758    8.72604e-07
0.837758     -0.837758    6.88445e-07
1.0472     -0.837758    3.56183e-07
1.25664     -0.837758    5.93637e-09
1.46608     -0.837758    2.14735e-07
1.67552     -0.837758    3.19439e-07
1.88496     -0.837758    3.39074e-07
2.0944     -0.837758    2.77284e-07
2.30383     -0.837758    7.40859e-08
2.51327     -0.837758    4.03367e-07
2.72271     -0.837758    1.36205e-06
2.93215     -0.837758    3.04198e-06
3.14159     -0.837758    5.45262e-06

-3.14159     -0.628319    6.61737e-06
-2.93215     -0.628319    4.3119e-06
-2.72271     -0.628319    2.57966e-06
-2.51327     -0.628319    1.42552e-06
-2.30383     -0.628319    7.33377e-07
-2.0944     -0.628319    3.38449e-07
-1.88496     -0.628319    1.29487e-07
-1.67552     -0.628319    3.17129e-08
-1.46608     -0.628319    3.33462e-08
-1.25664     -0.628319    1.22856e-07
-1.0472     -0.628319    3.3011e-07
-0.837758     -0.628319    5.75582e-07
-0.628319     -0.628319    6.98159e-07
-0.418879     -0.628319    6.76236e-07
-0.20944     -0.628319    5.71785e-07
0     -0.628319    7.68002e-07
0.20944     -0.628319    5.39375e-07
0.418879     -0.628319    6.76862e-07
0.628319     -0.628319    7.00256e-07
0.837758     -0.628319    5.72349e-07
1.0472     -0.628319    3.29143e-07
1.25664     -0.628319    1.24416e-07
1.46608     -0.628319    3.37052e-08
1.67552     -0.628319    3.22158e-08
1.88496     -0.628319    1.29393e-07
2.0944     -0.628319    3.38275e-07
2.30383     -0.628319    7.33405e-07
2.51327     -0.628319    1.42557e-06
2.72271     -0.628319    2.57968e-06
2.93215     -0.628319    4.312e-06
3.14159     -0.628319    6.6173e-06

-3.14159     -0.418879    8.15908e-06
-2.93215     -0.418879    6.15153e-06
-2.72271     -0.418879    4.46636e-06
-2.51327     -0.418879    3.14797e-06
-2.30383     -0.418879    2.17858e-06
-2.0944     -0.418879    1.50448e-06
-1.88496     -0.418879    1.04654e-06
-1.67552     -0.418879    7.47616e-07
-1.46608     -0.418879    5.64802e-07
-1.25664     -0.418879    4.98171e-07
-1.0472     -0.418879    5.19924e-07
-0.837758     -0.418879    6.19955e-07
-0.628319     -0.418879    6.28595e-07
-0.418879     -0.418879    4.56566e-07
-0.20944     -0.418879    1.81212e-07
0     -0.418879    2.67036e-07
0.20944     -0.418879    2.85823e-07
0.418879     -0.418879    4.63034e-07
0.628319     -0.418879    6.29127e-07
0.837758     -0.418879    6.15157e-07
1.0472     -0.418879    5.21365e-07
1.25664     -0.418879    4.96915e-07
1.46608     -0.418879    5.65116e-07
1.67552     -0.418879    7.47295e-07
1.88496     -0.418879    1.04661e-06
2.0944     -0.418879    1.50458e-06
2.30383     -0.418879    2.17855e-06
2.51327     -0.418879    3.14805e-06
2.72271     -0.418879    4.46641e-06
2.93215     -0.418879    6.15157e-06
3.14159     -0.418879    8.15909e-06

-3.14159     -0.20944    9.28606e-06
-2.93215     -0.20944    7.73419e-06
-2.72271     -0.20944    6.30055e-06
-2.51327     -0.20944    5.01455e-06
-2.30383     -0.20944    3.88563e-06
-2.0944     -0.20944    2.96022e-06
-1.88496     -0.20944    2.22485e-06
-1.67552     -0.20944    1.65807e-06
-1.46608     -0.20944    1.23568e-06
-1.25664     -0.20944    9.50739e-07
-1.0472     -0.20944    7.96838e-07
-0.837758     -0.20944    7.00904e-07
-0.628319     -0.20944    5.61273e-07
-0.418879     -0.20944    2.2903e-07
-0.20944     -0.20944    3.14685e-07
0     -0.20944    9.29517e-07
0.20944     -0.20944    6.02708e-07
0.418879     -0.20944    2.39201e-07
0.628319     -0.20944    5.56982e-07
0.837758     -0.20944    7.01689e-07
1.0472     -0.20944    7.97025e-07
1.25664     -0.20944    9.51737e-07
1.46608     -0.20944    1.23505e-06
1.67552     -0.20944    1.65796e-06
1.88496     -0.20944    2.22454e-06
2.0944     -0.20944    2.96026e-06
2.30383     -0.20944    3.8856e-06
2.51327     -0.20944    5.01434e-06
2.72271     -0.20944    6.3006e-06
2.93215     -0.20944    7.73418e-06
3.14159     -0.20944    9.28608e-06

-3.14159     0    9.61836e-06
-2.93215     0    8.29512e-06
-2.72271     0    7.0488e-06
-2.51327     0    5.82804e-06
-2.30383     0    4.69031e-06
-2.0944     0    3.66748e-06
-1.88496     0    2.81113e-06
-1.67552     0    2.11154e-06
-1.46608     0    1.56858e-06
-1.25664     0    1.17676e-06
-1.0472     0    9.28755e-07
-0.837758     0    7.57834e-07
-0.628319     0    5.03052e-07
-0.418879     0    1.25104e-07
-0.20944     0    7.36611e-07
0     0    3.31402e-16
0.20944     0    7.36611e-07
0.418879     0    1.25104e-07
0.628319     0    5.03052e-07
0.837758     0    7.57834e-07
1.0472     0    9.28755e-07
1.25664     0    1.17676e-06
1.46608     0    1.56858e-06
1.67552     0    2.11154e-06
1.88496     0    2.81113e-06
2.0944     0    3.66748e-06
2.30383     0    4.69031e-06
2.51327     0    5.82804e-06
2.72271     0    7.0488e-06
2.93215     0    8.29512e-06
3.14159     0    9.61836e-06

-3.14159     0.20944    9.28608e-06
-2.93215     0.20944    7.73418e-06
-2.72271     0.20944    6.3006e-06
-2.51327     0.20944    5.01434e-06
-2.30383     0.20944    3.8856e-06
-2.0944     0.20944    2.96026e-06
-1.88496     0.20944    2.22454e-06
-1.67552     0.20944    1.65796e-06
-1.46608     0.20944    1.23505e-06
-1.25664     0.20944    9.51737e-07
-1.0472     0.20944    7.97025e-07
-0.837758     0.20944    7.01689e-07
-0.628319     0.20944    5.56982e-07
-0.418879     0.20944    2.39201e-07
-0.20944     0.20944    6.02708e-07
0     0.20944    9.29517e-07
0.20944     0.20944    3.14685e-07
0.418879     0.20944    2.2903e-07
0.628319     0.20944    5.61273e-07
0.837758     0.20944    7.00904e-07
1.0472     0.20944    7.96838e-07
1.25664     0.20944    9.50739e-07
1.46608     0.20944    1.23568e-06
1.67552     0.20944    1.65807e-06
1.88496     0.20944    2.22485e-06
2.0944     0.20944    2.96022e-06
2.30383     0.20944    3.88563e-06
2.51327     0.20944    5.01455e-06
2.72271     0.20944    6.30055e-06
2.93215     0.20944    7.73419e-06
3.14159     0.20944    9.28606e-06

-3.14159     0.418879    8.15909e-06
-2.93215     0.418879    6.15157e-06
-2.72271     0.418879    4.46641e-06
-2.51327     0.418879    3.14805e-06
-2.30383     0.418879    2.17855e-06
-2.0944     0.418879    1.50458e-06
-1.88496     0.418879    1.04661e-06
-1.67552     0.418879    7.47295e-07
-1.46608     0.418879    5.65116e-07
-1.25664     0.418879    4.96915e-07
-1.0472     0.418879    5.21365e-07
-0.837758     0.418879    6.15157e-07
-0.628319     0.418879    6.29127e-07
-0.418879     0.418879    4.63034e-07
-0.20944     0.418879    2.85823e-07
0     0.418879    2.67036e-07
0.20944     0.418879    1.81212e-07
0.418879     0.418879    4.56566e-07
0.628319     0.418879    6.28595e-07
0.837758     0.418879    6.19955e-07
1.0472     0.418879    5.19924e-07
1.25664     0.418879    4.98171e-07
1.46608     0.418879    5.64802e-07
1.67552     0.418879    7.47616e-07
1.88496     0.418879    1.04654e-06
2.0944     0.418879    1.50448e-06
2.30383     0.418879    2.17858e-06
2.51327     0.418879    3.14797e-06
2.72271     0.418879    4.46636e-06
2.93215     0.418879    6.15153e-06
3.14159     0.418879    8.15908e-06

-3.14159     0.628319    6.6173e-06
-2.93215     0.628319    4.312e-06
-2.72271     0.628319    2.57968e-06
-2.51327     0.628319    1.42557e-06
-2.30383     0.628319    7.33405e-07
-2.0944     0.628319    3.38275e-07
-1.88496     0.628319    1.29393e-07
-1.67552     0.628319    3.22158e-08
-1.46608     0.628319    3.37052e-08
-1.25664     0.628319    1.24416e-07
-1.0472     0.628319    3.29143e-07
-0.837758     0.628319    5.72349e-07
-0.628319     0.628319    7.00256e-07
-0.418879     0.628319    6.76862e-07
-0.20944     0.628319    5.39375e-07
0     0.628319    7.68002e-07
0.20944     0.628319    5.71785e-07
0.418879     0.628319    6.76236e-07
0.628319     0.628319    6.98159e-07
0.837758     0.628319    5.75582e-07
1.0472     0.628319    3.3011e-07
1.25664     0.628319    1.22856e-07
1.46608     0.628319    3.33462e-08
1.67552     0.628319    3.17129e-08
1.88496     0.628319    1.29487e-07
2.0944     0.628319    3.38449e-07
2.30383     0.628319    7.33377e-07
2.51327     0.628319    1.42552e-06
2.72271     0.628319    2.57966e-06
2.93215     0.628319    4.3119e-06
3.14159     0.628319    6.61737e-06

-3.14159     0.837758    5.45262e-06
-2.93215     0.837758    3.04198e-06
-2.72271     0.837758    1.36205e-06
-2.51327     0.837758    4.03367e-07
-2.30383     0.837758    7.40859e-08
-2.0944     0.837758    2.77284e-07
-1.88496     0.837758    3.39074e-07
-1.67552     0.837758    3.19439e-07
-1.46608     0.837758    2.14735e-07
-1.25664     0.837758    5.93637e-09
-1.0472     0.837758    3.56183e-07
-0.837758     0.837758    6.88445e-07
-0.628319     0.837758    8.72604e-07
-0.418879     0.837758    8.32401e-07
-0.20944     0.837758    6.79494e-07
0     0.837758    4.73625e-07
0.20944     0.837758    6.90969e-07
0.418879     0.837758    8.30777e-07
0.628319     0.837758    8.75507e-07
0.837758     0.837758    6.87576e-07
1.0472     0.837758    3.56454e-07
1.25664     0.837758    5.05509e-09
1.46608     0.837758    2.15456e-07
1.67552     0.837758    3.19487e-07
1.88496     0.837758    3.38828e-07
2.0944     0.837758    2.77099e-07
2.30383     0.837758    7.40598e-08
2.51327     0.837758    4.03441e-07
2.72271     0.837758    1.362e-06
2.93215     0.837758    3.04204e-06
3.14159     0.837758    5.45271e-06

-3.14159     1.0472    4.88183e-06
-2.93215     1.0472    2.44922e-06
-2.72271     1.0472    7.72787e-07
-2.51327     1.0472    1.01015e-07
-2.30383     1.0472    4.5659e-07
-2.0944     1.0472    5.52229e-07
-1.88496     1.0472    5.22842e-07
-1.67552     1.0472    4.10345e-07
-1.46608     1.0472    2.02324e-07
-1.25664     1.0472    1.74444e-07
-1.0472     1.0472    6.51846e-07
-0.837758     1.0472    1.051e-06
-0.628319     1.0472    1.12416e-06
-0.418879     1.0472    8.9756e-07
-0.20944     1.0472    6.45982e-07
0     1.0472    6.52802e-07
0.20944     1.0472    6.10002e-07
0.418879     1.0472    8.95887e-07
0.628319     1.0472    1.12635e-06
0.837758     1.0472    1.05078e-06
1.0472     1.0472    6.52441e-07
1.25664     1.0472    1.75087e-07
1.46608     1.0472    2.02068e-07
1.67552     1.0472    4.09994e-07
1.88496     1.0472    5.2274e-07
2.0944     1.0472    5.51912e-07
2.30383     1.0472    4.56312e-07
2.51327     1.0472    1.00944e-07
2.72271     1.0472    7.72867e-07
2.93215     1.0472    2.44921e-06
3.14159     1.0472    4.8819e-06

-3.14159     1.25664    4.77995e-06
-2.93215     1.25664    2.44869e-06
-2.72271     1.25664    6.81019e-07
-2.51327     1.25664    2.33912e-07
-2.30383     1.25664    5.73377e-07
-2.0944     1.25664    6.16687e-07
-1.88496     1.25664    5.21009e-07
-1.67552     1.25664    3.11564e-07
-1.46608     1.25664    5.18112e-08
-1.25664     1.25664    6.16552e-07
-1.0472     1.25664    1.24973e-06
-0.837758     1.25664    1.5781e-06
-0.628319     1.25664    1.37904e-06
-0.418879     1.25664    8.71756e-07
-0.20944     1.25664    4.15159e-07
0     1.25664    2.19829e-07
0.20944     1.25664    4.60815e-07
0.418879     1.25664    8.71919e-07
0.628319     1.25664    1.37915e-06
0.837758     1.25664    1.57806e-06
1.0472     1.25664    1.25007e-06
1.25664     1.25664    6.16617e-07
1.46608     1.25664    5.1992e-08
1.67552     1.25664    3.11798e-07
1.88496     1.25664    5.21098e-07
2.0944     1.25664    6.1651e-07
2.30383     1.25664    5.73323e-07
2.51327     1.25664    2.33908e-07
2.72271     1.25664    6.8118e-07
2.93215     1.25664    2.44885e-06
3.14159     1.25664    4.78006e-06

-3.14159     1.46608    4.94901e-06
-2.93215     1.46608    2.9569e-06
-2.72271     1.46608    1.08589e-06
-2.51327     1.46608    1.00668e-08
-2.30383     1.46608    4.33517e-07
-2.0944     1.46608    4.79966e-07
-1.88496     1.46608    3.1467e-07
-1.67552     1.46608    3.10807e-08
-1.46608     1.46608    6.23409e-07
-1.25664     1.46608    1.4349e-06
-1.0472     1.46608    2.1106e-06
-0.837758     1.46608    2.14991e-06
-0.628319     1.46608    1.52549e-06
-0.418879     1.46608    7.31889e-07
-0.20944     1.46608    2.34787e-07
0     1.46608    3.36848e-08
0.20944     1.46608    1.90204e-07
0.418879     1.46608    7.31722e-07
0.628319     1.46608    1.52606e-06
0.837758     1.46608    2.1496e-06
1.0472     1.46608    2.11e-06
1.25664     1.46608    1.43498e-06
1.46608     1.46608    6.23114e-07
1.67552     1.46608    3.12766e-08
1.88496     1.46608    3.14794e-07
2.0944     1.46608    4.79797e-07
2.30383     1.46608    4.33603e-07
2.51327     1.46608    1.00439e-08
2.72271     1.46608    1.08574e-06
2.93215     1.46608    2.9571e-06
3.14159     1.46608    4.94894e-06

-3.14159     1.67552    5.14157e-06
-2.93215     1.67552    3.82976e-06
-2.72271     1.67552    2.01168e-06
-2.51327     1.67552    6.82385e-07
-2.30383     1.67552    7.64351e-08
-2.0944     1.67552    1.58144e-08
-1.88496     1.67552    2.23429e-07
-1.67552     1.67552    7.77162e-07
-1.46608     1.67552    1.6648e-06
-1.25664     1.67552    2.64018e-06
-1.0472     1.67552    3.08133e-06
-0.837758     1.67552    2.5773e-06
-0.628319     1.67552    1.48078e-06
-0.418879     1.67552    5.08011e-07
-0.20944     1.67552    6.22616e-08
0     1.67552    1.87757e-07
0.20944     1.67552    3.30734e-08
0.418879     1.67552    5.07768e-07
0.628319     1.67552    1.48083e-06
0.837758     1.67552    2.57721e-06
1.0472     1.67552    3.08167e-06
1.25664     1.67552    2.64008e-06
1.46608     1.67552    1.6651e-06
1.67552     1.67552    7.772e-07
1.88496     1.67552    2.23382e-07
2.0944     1.67552    1.57906e-08
2.30383     1.67552    7.64366e-08
2.51327     1.67552    6.82405e-07
2.72271     1.67552    2.01152e-06
2.93215     1.67552    3.82999e-06
3.14159     1.67552    5.14147e-06

-3.14159     1.88496    5.17493e-06
-2.93215     1.88496    4.82811e-06
-2.72271     1.88496    3.43669e-06
-2.51327     1.88496    1.99158e-06
-2.30383     1.88496    1.16397e-06
-2.0944     1.88496    9.85338e-07
-1.88496     1.88496    1.31975e-06
-1.67552     1.88496    2.12986e-06
-1.46608     1.88496    3.23731e-06
-1.25664     1.88496    4.06793e-06
-1.0472     1.88496    3.92737e-06
-0.837758     1.88496    2.74908e-06
-0.628319     1.88496    1.28407e-06
-0.418879     1.88496    2.63848e-07
-0.20944     1.88496    2.14188e-07
0     1.88496    4.04449e-07
0.20944     1.88496    2.40567e-07
0.418879     1.88496    2.63982e-07
0.628319     1.88496    1.28418e-06
0.837758     1.88496    2.74916e-06
1.0472     1.88496    3.92706e-06
1.25664     1.88496    4.06791e-06
1.46608     1.88496    3.23712e-06
1.67552     1.88496    2.12978e-06
1.88496     1.88496    1.31978e-06
2.0944     1.88496    9.85205e-07
2.30383     1.88496    1.16391e-06
2.51327     1.88496    1.99155e-06
2.72271     1.88496    3.4367e-06
2.93215     1.88496    4.82837e-06
3.14159     1.88496    5.17487e-06

-3.14159     2.0944    5.01904e-06
-2.93215     2.0944    5.73064e-06
-2.72271     2.0944    5.14489e-06
-2.51327     2.0944    3.93824e-06
-2.30383     2.0944    2.999e-06
-2.0944     2.0944    2.7305e-06
-1.88496     2.0944    3.16311e-06
-1.67552     2.0944    4.12111e-06
-1.46608     2.0944    5.1158e-06
-1.25664     2.0944    5.39683e-06
-1.0472     2.0944    4.48582e-06
-0.837758     2.0944    2.69973e-06
-0.628319     2.0944    1.03919e-06
-0.418879     2.0944    5.50016e-08
-0.20944     2.0944    3.84261e-07
0     2.0944    4.55576e-07
0.20944     2.0944    3.7172e-07
0.418879     2.0944    5.50234e-08
0.628319     2.0944    1.03929e-06
0.837758     2.0944    2.69971e-06
1.0472     2.0944    4.48593e-06
1.25664     2.0944    5.39692e-06
1.46608     2.0944    5.11572e-06
1.67552     2.0944    4.12109e-06
1.88496     2.0944    3.16309e-06
2.0944     2.0944    2.73054e-06
2.30383     2.0944    2.99906e-06
2.51327     2.0944    3.93843e-06
2.72271     2.0944    5.14485e-06
2.93215     2.0944    5.73052e-06
3.14159     2.0944    5.01893e-06

-3.14159     2.30383    4.81667e-06
-2.93215     2.30383    6.45102e-06
-2.72271     2.30383    6.84263e-06
-2.51327     2.30383    6.26501e-06
-2.30383     2.30383    5.49999e-06
-2.0944     2.30383    5.22608e-06
-1.88496     2.30383    5.63859e-06
-1.67552     2.30383    6.39163e-06
-1.46608     2.30383    6.83838e-06
-1.25664     2.30383    6.38455e-06
-1.0472     2.30383    4.77195e-06
-0.837758     2.30383    2.57839e-06
-0.628319     2.30383    8.60357e-07
-0.418879     2.30383    6.95377e-08
-0.20944     2.30383    4.77008e-07
0     2.30383    6.31923e-07
0.20944     2.30383    4.7878e-07
0.418879     2.30383    6.94534e-08
0.628319     2.30383    8.60316e-07
0.837758     2.30383    2.57838e-06
1.0472     2.30383    4.77202e-06
1.25664     2.30383    6.38459e-06
1.46608     2.30383    6.83837e-06
1.67552     2.30383    6.39143e-06
1.88496     2.30383    5.63852e-06
2.0944     2.30383    5.2261e-06
2.30383     2.30383    5.5e-06
2.51327     2.30383    6.26496e-06
2.72271     2.30383    6.84265e-06
2.93215     2.30383    6.45103e-06
3.14159     2.30383    4.81674e-06

-3.14159     2.51327    4.80568e-06
-2.93215     2.51327    7.07262e-06
-2.72271     2.51327    8.31852e-06
-2.51327     2.51327    8.52733e-06
-2.30383     2.51327    8.24307e-06
-2.0944     2.51327    8.0827e-06
-1.88496     2.51327    8.23628e-06
-1.67552     2.51327    8.39739e-06
-1.46608     2.51327    8.15481e-06
-1.25664     2.51327    7.08965e-06
-1.0472     2.51327    4.97679e-06
-0.837758     2.51327    2.58013e-06
-0.628319     2.51327    8.51876e-07
-0.418879     2.51327    8.30918e-08
-0.20944     2.51327    5.00337e-07
0     2.51327    5.96022e-07
0.20944     2.51327    5.06311e-07
0.418879     2.51327    8.31193e-08
0.628319     2.51327    8.51897e-07
0.837758     2.51327    2.58027e-06
1.0472     2.51327    4.97672e-06
1.25664     2.51327    7.08962e-06
1.46608     2.51327    8.15476e-06
1.67552     2.51327    8.39751e-06
1.88496     2.51327    8.23628e-06
2.0944     2.51327    8.08279e-06
2.30383     2.51327    8.24313e-06
2.51327     2.51327    8.52729e-06
2.72271     2.51327    8.31852e-06
2.93215     2.51327    7.07272e-06
3.14159     2.51327    4.80577e-06

-3.14159     2.72271    5.20951e-06
-2.93215     2.72271    7.76098e-06
-2.72271     2.72271    9.57176e-06
-2.51327     2.72271    1.04183e-05
-2.30383     2.72271    1.06371e-05
-2.0944     2.72271    1.05726e-05
-1.88496     2.72271    1.03262e-05
-1.67552     2.72271    9.92365e-06
-1.46608     2.72271    9.22244e-06
-1.25664     2.72271    7.76302e-06
-1.0472     2.72271    5.37575e-06
-0.837758     2.72271    2.91204e-06
-0.628319     2.72271    1.15789e-06
-0.418879     2.72271    1.50767e-07
-0.20944     2.72271    3.50892e-07
0     2.72271    5.05365e-07
0.20944     2.72271    3.41213e-07
0.418879     2.72271    1.50831e-07
0.628319     2.72271    1.15791e-06
0.837758     2.72271    2.91195e-06
1.0472     2.72271    5.37577e-06
1.25664     2.72271    7.76307e-06
1.46608     2.72271    9.2224e-06
1.67552     2.72271    9.9236e-06
1.88496     2.72271    1.03261e-05
2.0944     2.72271    1.05728e-05
2.30383     2.72271    1.06371e-05
2.51327     2.72271    1.04184e-05
2.72271     2.72271    9.57171e-06
2.93215     2.72271    7.76102e-06
3.14159     2.72271    5.20958e-06

-3.14159     2.93215    6.17863e-06
-2.93215     2.93215    8.73386e-06
-2.72271     2.93215    1.07224e-05
-2.51327     2.93215    1.17738e-05
-2.30383     2.93215    1.20922e-05
-2.0944     2.93215    1.19483e-05
-1.88496     2.93215    1.15519e-05
-1.67552     2.93215    1.10621e-05
-1.46608     2.93215    1.02888e-05
-1.25664     2.93215    8.68971e-06
-1.0472     2.93215    6.23059e-06
-0.837758     2.93215    3.80356e-06
-0.628319     2.93215    1.99968e-06
-0.418879     2.93215    8.60428e-07
-0.20944     2.93215    2.73273e-07
0     2.93215    9.31436e-08
0.20944     2.93215    2.63605e-07
0.418879     2.93215    8.60523e-07
0.628319     2.93215    1.99968e-06
0.837758     2.93215    3.80355e-06
1.0472     2.93215    6.23041e-06
1.25664     2.93215    8.68967e-06
1.46608     2.93215    1.02887e-05
1.67552     2.93215    1.10622e-05
1.88496     2.93215    1.15517e-05
2.0944     2.93215    1.19482e-05
2.30383     2.93215    1.20926e-05
2.51327     2.93215    1.17737e-05
2.72271     2.93215    1.07225e-05
2.93215     2.93215    8.73395e-06
3.14159     2.93215    6.17873e-06

-3.14159     3.14159    7.66766e-06
-2.93215     3.14159    9.90696e-06
-2.72271     3.14159    1.15967e-05
-2.51327     3.14159    1.23367e-05
-2.30383     3.14159    1.23276e-05
-2.0944     3.14159    1.20609e-05
-1.88496     3.14159    1.18894e-05
-1.67552     3.14159    1.17941e-05
-1.46608     3.14159    1.13405e-05
-1.25664     3.14159    9.90502e-06
-1.0472     3.14159    7.63936e-06
-0.837758     3.14159    5.39695e-06
-0.628319     3.14159    3.61232e-06
-0.418879     3.14159    2.37887e-06
-0.20944     3.14159    1.6821e-06
0     3.14159    1.46617e-06
0.20944     3.14159    1.6895e-06
0.418879     3.14159    2.37889e-06
0.628319     3.14159    3.61232e-06
0.837758     3.14159    5.39677e-06
1.0472     3.14159    7.63953e-06
1.25664     3.14159    9.9051e-06
1.46608     3.14159    1.13406e-05
1.67552     3.14159    1.17943e-05
1.88496     3.14159    1.18891e-05
2.0944     3.14159    1.20605e-05
2.30383     3.14159    1.23285e-05
2.51327     3.14159    1.23371e-05
2.72271     3.14159    1.15968e-05
2.93215     3.14159    9.90693e-06
3.14159     3.14159    7.66767e-06

