-3.14159     -3.14159    0.0142808
-2.93215     -3.14159    0.00404032
-2.72271     -3.14159    0.00044744
-2.51327     -3.14159    0.00366229
-2.30383     -3.14159    0.00090642
-2.0944     -3.14159    0.00514212
-1.88496     -3.14159    0.00528852
-1.67552     -3.14159    0.00808969
-1.46608     -3.14159    0.00893543
-1.25664     -3.14159    0.0042617
-1.0472     -3.14159    0.0110025
-0.837758     -3.14159    0.00389373
-0.628319     -3.14159    0.000584814
-0.418879     -3.14159    0.00493645
-0.20944     -3.14159    0.00252213
0     -3.14159    0.000221916
0.20944     -3.14159    0.00227658
0.418879     -3.14159    0.00524483
0.628319     -3.14159    0.000830322
0.837758     -3.14159    0.00400647
1.0472     -3.14159    0.0107349
1.25664     -3.14159    0.00421966
1.46608     -3.14159    0.00915213
1.67552     -3.14159    0.00839577
1.88496     -3.14159    0.00542285
2.0944     -3.14159    0.00514893
2.30383     -3.14159    0.00129529
2.51327     -3.14159    0.00448423
2.72271     -3.14159    0.000417239
2.93215     -3.14159    0.00398552
3.14159     -3.14159    0.014117

-3.14159     -2.93215    0.0119772
-2.93215     -2.93215    0.00196441
-2.72271     -2.93215    0.000840226
-2.51327     -2.93215    0.00149765
-2.30383     -2.93215    0.00237741
-2.0944     -2.93215    0.0052748
-1.88496     -2.93215    0.00703222
-1.67552     -2.93215    0.0028643
-1.46608     -2.93215    0.00335166
-1.25664     -2.93215    0.00746631
-1.0472     -2.93215    0.0117858
-0.837758     -2.93215    0.000329403
-0.628319     -2.93215    0.00434499
-0.418879     -2.93215    0.0115674
-0.20944     -2.93215    0.010127
0     -2.93215    0.00598563
0.20944     -2.93215    0.0102983
0.418879     -2.93215    0.0116367
0.628319     -2.93215    0.00405582
0.837758     -2.93215    0.000445628
1.0472     -2.93215    0.011647
1.25664     -2.93215    0.00755545
1.46608     -2.93215    0.00345009
1.67552     -2.93215    0.00301392
1.88496     -2.93215    0.00696532
2.0944     -2.93215    0.00545069
2.30383     -2.93215    0.00275642
2.51327     -2.93215    0.00140338
2.72271     -2.93215    0.000792834
2.93215     -2.93215    0.00206625
3.14159     -2.93215    0.0116194

-3.14159     -2.72271    0.00206036
-2.93215     -2.72271    0.00169878
-2.72271     -2.72271    0.00268916
-2.51327     -2.72271    0.00502015
-2.30383     -2.72271    0.000822091
-2.0944     -2.72271    0.000832498
-1.88496     -2.72271    0.00402894
-1.67552     -2.72271    0.00284074
-1.46608     -2.72271    0.0034342
-1.25664     -2.72271    0.000201165
-1.0472     -2.72271    0.00188815
-0.837758     -2.72271    0.000440522
-0.628319     -2.72271    0.0082609
-0.418879     -2.72271    0.0121863
-0.20944     -2.72271    0.00450222
0     -2.72271    0.0152681
0.20944     -2.72271    0.00468169
0.418879     -2.72271    0.0118348
0.628319     -2.72271    0.00812707
0.837758     -2.72271    0.00032662
1.0472     -2.72271    0.00205095
1.25664     -2.72271    0.000117647
1.46608     -2.72271    0.00362791
1.67552     -2.72271    0.00261441
1.88496     -2.72271    0.00409831
2.0944     -2.72271    0.000682067
2.30383     -2.72271    0.000354006
2.51327     -2.72271    0.0051372
2.72271     -2.72271    0.00276075
2.93215     -2.72271    0.00178764
3.14159     -2.72271    0.00226619

-3.14159     -2.51327    0.00112942
-2.93215     -2.51327    0.00181288
-2.72271     -2.51327    0.00450562
-2.51327     -2.51327    0.000140081
-2.30383     -2.51327    0.00284408
-2.0944     -2.51327    0.0143344
-1.88496     -2.51327    0.0067971
-1.67552     -2.51327    0.00164047
-1.46608     -2.51327    0.0193565
-1.25664     -2.51327    0.000191707
-1.0472     -2.51327    0.00719748
-0.837758     -2.51327    0.00675897
-0.628319     -2.51327    0.0042397
-0.418879     -2.51327    0.00203147
-0.20944     -2.51327    0.000243801
0     -2.51327    0.0104044
0.20944     -2.51327    0.000137213
0.418879     -2.51327    0.00199092
0.628319     -2.51327    0.00424658
0.837758     -2.51327    0.006766
1.0472     -2.51327    0.0070216
1.25664     -2.51327    0.000123886
1.46608     -2.51327    0.0193386
1.67552     -2.51327    0.00153474
1.88496     -2.51327    0.00660719
2.0944     -2.51327    0.0144296
2.30383     -2.51327    0.00256718
2.51327     -2.51327    0.000241517
2.72271     -2.51327    0.00469141
2.93215     -2.51327    0.00156244
3.14159     -2.51327    0.00127328

-3.14159     -2.30383    0.00213902
-2.93215     -2.30383    0.0086787
-2.72271     -2.30383    0.0052653
-2.51327     -2.30383    0.0028602
-2.30383     -2.30383    0.00423824
-2.0944     -2.30383    0.00841849
-1.88496     -2.30383    0.000402056
-1.67552     -2.30383    0.000593083
-1.46608     -2.30383    0.0018879
-1.25664     -2.30383    0.0003672
-1.0472     -2.30383    0.00458024
-0.837758     -2.30383    0.00589333
-0.628319     -2.30383    0.00613358
-0.418879     -2.30383    0.012762
-0.20944     -2.30383    0.00288777
0     -2.30383    0.00310532
0.20944     -2.30383    0.00270857
0.418879     -2.30383    0.0130207
0.628319     -2.30383    0.00595307
0.837758     -2.30383    0.00596237
1.0472     -2.30383    0.00465942
1.25664     -2.30383    0.000190761
1.46608     -2.30383    0.00188666
1.67552     -2.30383    0.000440854
1.88496     -2.30383    0.00026978
2.0944     -2.30383    0.00878267
2.30383     -2.30383    0.00407953
2.51327     -2.30383    0.00304176
2.72271     -2.30383    0.00538887
2.93215     -2.30383    0.00880433
3.14159     -2.30383    0.00238195

-3.14159     -2.0944    0.00353126
-2.93215     -2.0944    0.00617011
-2.72271     -2.0944    0.00203762
-2.51327     -2.0944    0.000116228
-2.30383     -2.0944    0.000144734
-2.0944     -2.0944    0.000716882
-1.88496     -2.0944    0.000456167
-1.67552     -2.0944    0.00901665
-1.46608     -2.0944    0.00246134
-1.25664     -2.0944    0.00329955
-1.0472     -2.0944    0.000219731
-0.837758     -2.0944    0.00408764
-0.628319     -2.0944    0.0087991
-0.418879     -2.0944    0.0125367
-0.20944     -2.0944    0.00247627
0     -2.0944    0.00491015
0.20944     -2.0944    0.00219638
0.418879     -2.0944    0.012525
0.628319     -2.0944    0.00852535
0.837758     -2.0944    0.00400456
1.0472     -2.0944    0.000221786
1.25664     -2.0944    0.00332521
1.46608     -2.0944    0.00244533
1.67552     -2.0944    0.00910311
1.88496     -2.0944    0.000323572
2.0944     -2.0944    0.000938088
2.30383     -2.0944    0.000434232
2.51327     -2.0944    7.97557e-05
2.72271     -2.0944    0.00194984
2.93215     -2.0944    0.00614049
3.14159     -2.0944    0.00392025

-3.14159     -1.88496    0.00193864
-2.93215     -1.88496    0.00613473
-2.72271     -1.88496    0.0006601
-2.51327     -1.88496    0.00756673
-2.30383     -1.88496    0.0116848
-2.0944     -1.88496    0.010503
-1.88496     -1.88496    0.00490619
-1.67552     -1.88496    0.00622558
-1.46608     -1.88496    0.0051249
-1.25664     -1.88496    0.00452176
-1.0472     -1.88496    0.0123415
-0.837758     -1.88496    0.00558338
-0.628319     -1.88496    0.00980677
-0.418879     -1.88496    0.00215552
-0.20944     -1.88496    0.00264988
0     -1.88496    0.0014084
0.20944     -1.88496    0.00264146
0.418879     -1.88496    0.00171051
0.628319     -1.88496    0.0100475
0.837758     -1.88496    0.00574574
1.0472     -1.88496    0.0123438
1.25664     -1.88496    0.00452727
1.46608     -1.88496    0.00500372
1.67552     -1.88496    0.00639195
1.88496     -1.88496    0.00486364
2.0944     -1.88496    0.010437
2.30383     -1.88496    0.0117561
2.51327     -1.88496    0.00764612
2.72271     -1.88496    0.000603363
2.93215     -1.88496    0.00586695
3.14159     -1.88496    0.00150705

-3.14159     -1.67552    0.00258716
-2.93215     -1.67552    0.00729045
-2.72271     -1.67552    0.00257119
-2.51327     -1.67552    0.00733057
-2.30383     -1.67552    0.00853349
-2.0944     -1.67552    0.00585394
-1.88496     -1.67552    0.00270099
-1.67552     -1.67552    0.00704567
-1.46608     -1.67552    0.00471548
-1.25664     -1.67552    0.00601474
-1.0472     -1.67552    0.000585426
-0.837758     -1.67552    0.00534408
-0.628319     -1.67552    0.0116877
-0.418879     -1.67552    0.0133267
-0.20944     -1.67552    0.00229455
0     -1.67552    0.0177294
0.20944     -1.67552    0.00222422
0.418879     -1.67552    0.0131817
0.628319     -1.67552    0.0117143
0.837758     -1.67552    0.00502602
1.0472     -1.67552    0.000971852
1.25664     -1.67552    0.0061634
1.46608     -1.67552    0.00481696
1.67552     -1.67552    0.00717205
1.88496     -1.67552    0.0028073
2.0944     -1.67552    0.0059719
2.30383     -1.67552    0.00876909
2.51327     -1.67552    0.00722118
2.72271     -1.67552    0.00255786
2.93215     -1.67552    0.00676205
3.14159     -1.67552    0.00241401

-3.14159     -1.46608    0.00330914
-2.93215     -1.46608    0.00226189
-2.72271     -1.46608    0.00407372
-2.51327     -1.46608    0.00370018
-2.30383     -1.46608    0.0120046
-2.0944     -1.46608    0.0002197
-1.88496     -1.46608    0.00233989
-1.67552     -1.46608    0.0175198
-1.46608     -1.46608    0.00938192
-1.25664     -1.46608    0.0101378
-1.0472     -1.46608    0.000334251
-0.837758     -1.46608    0.000439977
-0.628319     -1.46608    0.00648444
-0.418879     -1.46608    0.00432557
-0.20944     -1.46608    0.00462204
0     -1.46608    0.00260098
0.20944     -1.46608    0.00441779
0.418879     -1.46608    0.00423642
0.628319     -1.46608    0.00660508
0.837758     -1.46608    0.00041706
1.0472     -1.46608    0.000547345
1.25664     -1.46608    0.010185
1.46608     -1.46608    0.00935963
1.67552     -1.46608    0.0173741
1.88496     -1.46608    0.00221579
2.0944     -1.46608    0.000481979
2.30383     -1.46608    0.0113826
2.51327     -1.46608    0.00372339
2.72271     -1.46608    0.00380134
2.93215     -1.46608    0.00249166
3.14159     -1.46608    0.00377681

-3.14159     -1.25664    0.00171919
-2.93215     -1.25664    0.00300871
-2.72271     -1.25664    0.0102452
-2.51327     -1.25664    0.00423812
-2.30383     -1.25664    0.0159245
-2.0944     -1.25664    0.00419707
-1.88496     -1.25664    0.00396368
-1.67552     -1.25664    0.00487053
-1.46608     -1.25664    0.00237866
-1.25664     -1.25664    0.0145374
-1.0472     -1.25664    0.0110919
-0.837758     -1.25664    0.00587827
-0.628319     -1.25664    0.00446508
-0.418879     -1.25664    0.00116875
-0.20944     -1.25664    0.00286783
0     -1.25664    0.00296886
0.20944     -1.25664    0.00261037
0.418879     -1.25664    0.00100264
0.628319     -1.25664    0.00439606
0.837758     -1.25664    0.00573558
1.0472     -1.25664    0.0111527
1.25664     -1.25664    0.0146066
1.46608     -1.25664    0.00249998
1.67552     -1.25664    0.00480692
1.88496     -1.25664    0.00388232
2.0944     -1.25664    0.00422332
2.30383     -1.25664    0.0155096
2.51327     -1.25664    0.00462011
2.72271     -1.25664    0.0100962
2.93215     -1.25664    0.00286954
3.14159     -1.25664    0.00183775

-3.14159     -1.0472    0.000897879
-2.93215     -1.0472    0.00539183
-2.72271     -1.0472    0.0129657
-2.51327     -1.0472    0.00884176
-2.30383     -1.0472    0.00300811
-2.0944     -1.0472    0.00100754
-1.88496     -1.0472    0.006179
-1.67552     -1.0472    0.00185075
-1.46608     -1.0472    0.00742762
-1.25664     -1.0472    0.0014684
-1.0472     -1.0472    0.000845082
-0.837758     -1.0472    0.00112154
-0.628319     -1.0472    0.00635768
-0.418879     -1.0472    0.00941574
-0.20944     -1.0472    0.00984913
0     -1.0472    0.00823481
0.20944     -1.0472    0.0100851
0.418879     -1.0472    0.00937306
0.628319     -1.0472    0.00617289
0.837758     -1.0472    0.000961864
1.0472     -1.0472    0.000874432
1.25664     -1.0472    0.00166372
1.46608     -1.0472    0.00738682
1.67552     -1.0472    0.00193414
1.88496     -1.0472    0.00616855
2.0944     -1.0472    0.000864223
2.30383     -1.0472    0.0031601
2.51327     -1.0472    0.00870189
2.72271     -1.0472    0.0131148
2.93215     -1.0472    0.00500901
3.14159     -1.0472    0.0011353

-3.14159     -0.837758    0.00431275
-2.93215     -0.837758    0.00249567
-2.72271     -0.837758    0.00702892
-2.51327     -0.837758    0.00451919
-2.30383     -0.837758    0.00251439
-2.0944     -0.837758    0.0118004
-1.88496     -0.837758    0.00173006
-1.67552     -0.837758    0.0022502
-1.46608     -0.837758    0.0162799
-1.25664     -0.837758    0.000927223
-1.0472     -0.837758    0.00150943
-0.837758     -0.837758    0.00978502
-0.628319     -0.837758    0.00874064
-0.418879     -0.837758    0.00353851
-0.20944     -0.837758    0.0053125
0     -0.837758    0.0110091
0.20944     -0.837758    0.00523539
0.418879     -0.837758    0.00351866
0.628319     -0.837758    0.00901317
0.837758     -0.837758    0.0096848
1.0472     -0.837758    0.00163232
1.25664     -0.837758    0.000813686
1.46608     -0.837758    0.016292
1.67552     -0.837758    0.00223021
1.88496     -0.837758    0.00161906
2.0944     -0.837758    0.0115239
2.30383     -0.837758    0.00220692
2.51327     -0.837758    0.00438058
2.72271     -0.837758    0.00719967
2.93215     -0.837758    0.00287393
3.14159     -0.837758    0.00434813

-3.14159     -0.628319    0.0149502
-2.93215     -0.628319    0.0030495
-2.72271     -0.628319    0.00181099
-2.51327     -0.628319    0.00586837
-2.30383     -0.628319    0.00671036
-2.0944     -0.628319    0.0167491
-1.88496     -0.628319    0.000848313
-1.67552     -0.628319    0.00624865
-1.46608     -0.628319    0.000307416
-1.25664     -0.628319    0.000237607
-1.0472     -0.628319    0.00111128
-0.837758     -0.628319    0.00584203
-0.628319     -0.628319    0.0066842
-0.418879     -0.628319    0.00117274
-0.20944     -0.628319    0.00951591
0     -0.628319    0.00308903
0.20944     -0.628319    0.00873561
0.418879     -0.628319    0.000984443
0.628319     -0.628319    0.00663733
0.837758     -0.628319    0.00592136
1.0472     -0.628319    0.000945312
1.25664     -0.628319    0.000194993
1.46608     -0.628319    0.000251097
1.67552     -0.628319    0.00595902
1.88496     -0.628319    0.000967522
2.0944     -0.628319    0.0166996
2.30383     -0.628319    0.00702382
2.51327     -0.628319    0.00619794
2.72271     -0.628319    0.00161016
2.93215     -0.628319    0.00308154
3.14159     -0.628319    0.0145429

-3.14159     -0.418879    0.0106123
-2.93215     -0.418879    0.00331807
-2.72271     -0.418879    0.00509227
-2.51327     -0.418879    0.00828767
-2.30383     -0.418879    0.00269746
-2.0944     -0.418879    0.00602481
-1.88496     -0.418879    0.0104441
-1.67552     -0.418879    0.0143503
-1.46608     -0.418879    0.000509576
-1.25664     -0.418879    0.00130913
-1.0472     -0.418879    0.0078562
-0.837758     -0.418879    0.0026039
-0.628319     -0.418879    0.00762214
-0.418879     -0.418879    0.0144886
-0.20944     -0.418879    0.00391881
0     -0.418879    0.0155441
0.20944     -0.418879    0.00420893
0.418879     -0.418879    0.0145081
0.628319     -0.418879    0.00743489
0.837758     -0.418879    0.00254555
1.0472     -0.418879    0.0076743
1.25664     -0.418879    0.00117921
1.46608     -0.418879    0.000503357
1.67552     -0.418879    0.0134961
1.88496     -0.418879    0.0105383
2.0944     -0.418879    0.00578049
2.30383     -0.418879    0.002691
2.51327     -0.418879    0.00841694
2.72271     -0.418879    0.00506684
2.93215     -0.418879    0.0034242
3.14159     -0.418879    0.0106092

-3.14159     -0.20944    0.00111837
-2.93215     -0.20944    0.0017083
-2.72271     -0.20944    0.00370836
-2.51327     -0.20944    0.00295243
-2.30383     -0.20944    0.00405782
-2.0944     -0.20944    0.00710334
-1.88496     -0.20944    0.00380155
-1.67552     -0.20944    0.00811483
-1.46608     -0.20944    0.0059352
-1.25664     -0.20944    0.00396699
-1.0472     -0.20944    0.0111047
-0.837758     -0.20944    0.00481257
-0.628319     -0.20944    0.00015827
-0.418879     -0.20944    0.0141329
-0.20944     -0.20944    0.000654665
0     -0.20944    0.00201773
0.20944     -0.20944    0.000311251
0.418879     -0.20944    0.0138
0.628319     -0.20944    0.000226902
0.837758     -0.20944    0.00478186
1.0472     -0.20944    0.0115424
1.25664     -0.20944    0.00412574
1.46608     -0.20944    0.0057695
1.67552     -0.20944    0.00811868
1.88496     -0.20944    0.00309388
2.0944     -0.20944    0.00710415
2.30383     -0.20944    0.0042407
2.51327     -0.20944    0.0029467
2.72271     -0.20944    0.00390756
2.93215     -0.20944    0.00182021
3.14159     -0.20944    0.0010176

-3.14159     0    0.00251385
-2.93215     0    0.0196999
-2.72271     0    0.000147145
-2.51327     0    0.00301185
-2.30383     0    0.000701269
-2.0944     0    0.0110465
-1.88496     0    0.00826925
-1.67552     0    0.000409179
-1.46608     0    0.00255985
-1.25664     0    0.00548765
-1.0472     0    0.0063472
-0.837758     0    0.00050426
-0.628319     0    0.0163346
-0.418879     0    0.00168336
-0.20944     0    0.00624991
0     0    1.9118e-14
0.20944     0    0.00624991
0.418879     0    0.00168336
0.628319     0    0.0163346
0.837758     0    0.00050426
1.0472     0    0.0063472
1.25664     0    0.00548765
1.46608     0    0.00255985
1.67552     0    0.000409179
1.88496     0    0.00826925
2.0944     0    0.0110465
2.30383     0    0.000701269
2.51327     0    0.00301185
2.72271     0    0.000147145
2.93215     0    0.0196999
3.14159     0    0.00251385

-3.14159     0.20944    0.0010176
-2.93215     0.20944    0.00182021
-2.72271     0.20944    0.00390756
-2.51327     0.20944    0.0029467
-2.30383     0.20944    0.0042407
-2.0944     0.20944    0.00710415
-1.88496     0.20944    0.00309388
-1.67552     0.20944    0.00811868
-1.46608     0.20944    0.0057695
-1.25664     0.20944    0.00412574
-1.0472     0.20944    0.0115424
-0.837758     0.20944    0.00478186
-0.628319     0.20944    0.000226902
-0.418879     0.20944    0.0138
-0.20944     0.20944    0.000311251
0     0.20944    0.00201773
0.20944     0.20944    0.000654665
0.418879     0.20944    0.0141329
0.628319     0.20944    0.00015827
0.837758     0.20944    0.00481257
1.0472     0.20944    0.0111047
1.25664     0.20944    0.00396699
1.46608     0.20944    0.0059352
1.67552     0.20944    0.00811483
1.88496     0.20944    0.00380155
2.0944     0.20944    0.00710334
2.30383     0.20944    0.00405782
2.51327     0.20944    0.00295243
2.72271     0.20944    0.00370836
2.93215     0.20944    0.0017083
3.14159     0.20944    0.00111837

-3.14159     0.418879    0.0106092
-2.93215     0.418879    0.0034242
-2.72271     0.418879    0.00506684
-2.51327     0.418879    0.00841694
-2.30383     0.418879    0.002691
-2.0944     0.418879    0.00578049
-1.88496     0.418879    0.0105383
-1.67552     0.418879    0.0134961
-1.46608     0.418879    0.000503357
-1.25664     0.418879    0.00117921
-1.0472     0.418879    0.0076743
-0.837758     0.418879    0.00254555
-0.628319     0.418879    0.00743489
-0.418879     0.418879    0.0145081
-0.20944     0.418879    0.00420893
0     0.418879    0.0155441
0.20944     0.418879    0.00391881
0.418879     0.418879    0.0144886
0.628319     0.418879    0.00762214
0.837758     0.418879    0.0026039
1.0472     0.418879    0.0078562
1.25664     0.418879    0.00130913
1.46608     0.418879    0.000509576
1.67552     0.418879    0.0143503
1.88496     0.418879    0.0104441
2.0944     0.418879    0.00602481
2.30383     0.418879    0.00269746
2.51327     0.418879    0.00828767
2.72271     0.418879    0.00509227
2.93215     0.418879    0.00331807
3.14159     0.418879    0.0106123

-3.14159     0.628319    0.0145429
-2.93215     0.628319    0.00308154
-2.72271     0.628319    0.00161016
-2.51327     0.628319    0.00619794
-2.30383     0.628319    0.00702382
-2.0944     0.628319    0.0166996
-1.88496     0.628319    0.000967522
-1.67552     0.628319    0.00595902
-1.46608     0.628319    0.000251097
-1.25664     0.628319    0.000194993
-1.0472     0.628319    0.000945312
-0.837758     0.628319    0.00592136
-0.628319     0.628319    0.00663733
-0.418879     0.628319    0.000984443
-0.20944     0.628319    0.00873561
0     0.628319    0.00308903
0.20944     0.628319    0.00951591
0.418879     0.628319    0.00117274
0.628319     0.628319    0.0066842
0.837758     0.628319    0.00584203
1.0472     0.628319    0.00111128
1.25664     0.628319    0.000237607
1.46608     0.628319    0.000307416
1.67552     0.628319    0.00624865
1.88496     0.628319    0.000848313
2.0944     0.628319    0.0167491
2.30383     0.628319    0.00671036
2.51327     0.628319    0.00586837
2.72271     0.628319    0.00181099
2.93215     0.628319    0.0030495
3.14159     0.628319    0.0149502

-3.14159     0.837758    0.00434813
-2.93215     0.837758    0.00287393
-2.72271     0.837758    0.00719967
-2.51327     0.837758    0.00438058
-2.30383     0.837758    0.00220692
-2.0944     0.837758    0.0115239
-1.88496     0.837758    0.00161906
-1.67552     0.837758    0.00223021
-1.46608     0.837758    0.016292
-1.25664     0.837758    0.000813686
-1.0472     0.837758    0.00163232
-0.837758     0.837758    0.0096848
-0.628319     0.837758    0.00901317
-0.418879     0.837758    0.00351866
-0.20944     0.837758    0.00523539
0     0.837758    0.0110091
0.20944     0.837758    0.0053125
0.418879     0.837758    0.00353851
0.628319     0.837758    0.00874064
0.837758     0.837758    0.00978502
1.0472     0.837758    0.00150943
1.25664     0.837758    0.000927223
1.46608     0.837758    0.0162799
1.67552     0.837758    0.0022502
1.88496     0.837758    0.00173006
2.0944     0.837758    0.0118004
2.30383     0.837758    0.00251439
2.51327     0.837758    0.00451919
2.72271     0.837758    0.00702892
2.93215     0.837758    0.00249567
3.14159     0.837758    0.00431275

-3.14159     1.0472    0.0011353
-2.93215     1.0472    0.00500901
-2.72271     1.0472    0.0131148
-2.51327     1.0472    0.00870189
-2.30383     1.0472    0.0031601
-2.0944     1.0472    0.000864223
-1.88496     1.0472    0.00616855
-1.67552     1.0472    0.00193414
-1.46608     1.0472    0.00738682
-1.25664     1.0472    0.00166372
-1.0472     1.0472    0.000874432
-0.837758     1.0472    0.000961864
-0.628319     1.0472    0.00617289
-0.418879     1.0472    0.00937306
-0.20944     1.0472    0.0100851
0     1.0472    0.00823481
0.20944     1.0472    0.00984913
0.418879     1.0472    0.00941574
0.628319     1.0472    0.00635768
0.837758     1.0472    0.00112154
1.0472     1.0472    0.000845082
1.25664     1.0472    0.0014684
1.46608     1.0472    0.00742762
1.67552     1.0472    0.00185075
1.88496     1.0472    0.006179
2.0944     1.0472    0.00100754
2.30383     1.0472    0.00300811
2.51327     1.0472    0.00884176
2.72271     1.0472    0.0129657
2.93215     1.0472    0.00539183
3.14159     1.0472    0.000897879

-3.14159     1.25664    0.00183775
-2.93215     1.25664    0.00286954
-2.72271     1.25664    0.0100962
-2.51327     1.25664    0.00462011
-2.30383     1.25664    0.0155096
-2.0944     1.25664    0.00422332
-1.88496     1.25664    0.00388232
-1.67552     1.25664    0.00480692
-1.46608     1.25664    0.00249998
-1.25664     1.25664    0.0146066
-1.0472     1.25664    0.0111527
-0.837758     1.25664    0.00573558
-0.628319     1.25664    0.00439606
-0.418879     1.25664    0.00100264
-0.20944     1.25664    0.00261037
0     1.25664    0.00296886
0.20944     1.25664    0.00286783
0.418879     1.25664    0.00116875
0.628319     1.25664    0.00446508
0.837758     1.25664    0.00587827
1.0472     1.25664    0.0110919
1.25664     1.25664    0.0145374
1.46608     1.25664    0.00237866
1.67552     1.25664    0.00487053
1.88496     1.25664    0.00396368
2.0944     1.25664    0.00419707
2.30383     1.25664    0.0159245
2.51327     1.25664    0.00423812
2.72271     1.25664    0.0102452
2.93215     1.25664    0.00300871
3.14159     1.25664    0.00171919

-3.14159     1.46608    0.00377681
-2.93215     1.46608    0.00249166
-2.72271     1.46608    0.00380134
-2.51327     1.46608    0.00372339
-2.30383     1.46608    0.0113826
-2.0944     1.46608    0.000481979
-1.88496     1.46608    0.00221579
-1.67552     1.46608    0.0173741
-1.46608     1.46608    0.00935963
-1.25664     1.46608    0.010185
-1.0472     1.46608    0.000547345
-0.837758     1.46608    0.00041706
-0.628319     1.46608    0.00660508
-0.418879     1.46608    0.00423642
-0.20944     1.46608    0.00441779
0     1.46608    0.00260098
0.20944     1.46608    0.00462204
0.418879     1.46608    0.00432557
0.628319     1.46608    0.00648444
0.837758     1.46608    0.000439977
1.0472     1.46608    0.000334251
1.25664     1.46608    0.0101378
1.46608     1.46608    0.00938192
1.67552     1.46608    0.0175198
1.88496     1.46608    0.00233989
2.0944     1.46608    0.0002197
2.30383     1.46608    0.0120046
2.51327     1.46608    0.00370018
2.72271     1.46608    0.00407372
2.93215     1.46608    0.00226189
3.14159     1.46608    0.00330914

-3.14159     1.67552    0.00241401
-2.93215     1.67552    0.00676205
-2.72271     1.67552    0.00255786
-2.51327     1.67552    0.00722118
-2.30383     1.67552    0.00876909
-2.0944     1.67552    0.0059719
-1.88496     1.67552    0.0028073
-1.67552     1.67552    0.00717205
-1.46608     1.67552    0.00481696
-1.25664     1.67552    0.0061634
-1.0472     1.67552    0.000971852
-0.837758     1.67552    0.00502602
-0.628319     1.67552    0.0117143
-0.418879     1.67552    0.0131817
-0.20944     1.67552    0.00222422
0     1.67552    0.0177294
0.20944     1.67552    0.00229455
0.418879     1.67552    0.0133267
0.628319     1.67552    0.0116877
0.837758     1.67552    0.00534408
1.0472     1.67552    0.000585426
1.25664     1.67552    0.00601474
1.46608     1.67552    0.00471548
1.67552     1.67552    0.00704567
1.88496     1.67552    0.00270099
2.0944     1.67552    0.00585394
2.30383     1.67552    0.00853349
2.51327     1.67552    0.00733057
2.72271     1.67552    0.00257119
2.93215     1.67552    0.00729045
3.14159     1.67552    0.00258716

-3.14159     1.88496    0.00150705
-2.93215     1.88496    0.00586695
-2.72271     1.88496    0.000603363
-2.51327     1.88496    0.00764612
-2.30383     1.88496    0.0117561
-2.0944     1.88496    0.010437
-1.88496     1.88496    0.00486364
-1.67552     1.88496    0.00639195
-1.46608     1.88496    0.00500372
-1.25664     1.88496    0.00452727
-1.0472     1.88496    0.0123438
-0.837758     1.88496    0.00574574
-0.628319     1.88496    0.0100475
-0.418879     1.88496    0.00171051
-0.20944     1.88496    0.00264146
0     1.88496    0.0014084
0.20944     1.88496    0.00264988
0.418879     1.88496    0.00215552
0.628319     1.88496    0.00980677
0.837758     1.88496    0.00558338
1.0472     1.88496    0.0123415
1.25664     1.88496    0.00452176
1.46608     1.88496    0.0051249
1.67552     1.88496    0.00622558
1.88496     1.88496    0.00490619
2.0944     1.88496    0.010503
2.30383     1.88496    0.0116848
2.51327     1.88496    0.00756673
2.72271     1.88496    0.0006601
2.93215     1.88496    0.00613473
3.14159     1.88496    0.00193864

-3.14159     2.0944    0.00392025
-2.93215     2.0944    0.00614049
-2.72271     2.0944    0.00194984
-2.51327     2.0944    7.97557e-05
-2.30383     2.0944    0.000434232
-2.0944     2.0944    0.000938088
-1.88496     2.0944    0.000323572
-1.67552     2.0944    0.00910311
-1.46608     2.0944    0.00244533
-1.25664     2.0944    0.00332521
-1.0472     2.0944    0.000221786
-0.837758     2.0944    0.00400456
-0.628319     2.0944    0.00852535
-0.418879     2.0944    0.012525
-0.20944     2.0944    0.00219638
0     2.0944    0.00491015
0.20944     2.0944    0.00247627
0.418879     2.0944    0.0125367
0.628319     2.0944    0.0087991
0.837758     2.0944    0.00408764
1.0472     2.0944    0.000219731
1.25664     2.0944    0.00329955
1.46608     2.0944    0.00246134
1.67552     2.0944    0.00901665
1.88496     2.0944    0.000456167
2.0944     2.0944    0.000716882
2.30383     2.0944    0.000144734
2.51327     2.0944    0.000116228
2.72271     2.0944    0.00203762
2.93215     2.0944    0.00617011
3.14159     2.0944    0.00353126

-3.14159     2.30383    0.00238195
-2.93215     2.30383    0.00880433
-2.72271     2.30383    0.00538887
-2.51327     2.30383    0.00304176
-2.30383     2.30383    0.00407953
-2.0944     2.30383    0.00878267
-1.88496     2.30383    0.00026978
-1.67552     2.30383    0.000440854
-1.46608     2.30383    0.00188666
-1.25664     2.30383    0.000190761
-1.0472     2.30383    0.00465942
-0.837758     2.30383    0.00596237
-0.628319     2.30383    0.00595307
-0.418879     2.30383    0.0130207
-0.20944     2.30383    0.00270857
0     2.30383    0.00310532
0.20944     2.30383    0.00288777
0.418879     2.30383    0.012762
0.628319     2.30383    0.00613358
0.837758     2.30383    0.00589333
1.0472     2.30383    0.00458024
1.25664     2.30383    0.0003672
1.46608     2.30383    0.0018879
1.67552     2.30383    0.000593083
1.88496     2.30383    0.000402056
2.0944     2.30383    0.00841849
2.30383     2.30383    0.00423824
2.51327     2.30383    0.0028602
2.72271     2.30383    0.0052653
2.93215     2.30383    0.0086787
3.14159     2.30383    0.00213902

-3.14159     2.51327    0.00127328
-2.93215     2.51327    0.00156244
-2.72271     2.51327    0.00469141
-2.51327     2.51327    0.000241517
-2.30383     2.51327    0.00256718
-2.0944     2.51327    0.0144296
-1.88496     2.51327    0.00660719
-1.67552     2.51327    0.00153474
-1.46608     2.51327    0.0193386
-1.25664     2.51327    0.000123886
-1.0472     2.51327    0.0070216
-0.837758     2.51327    0.006766
-0.628319     2.51327    0.00424658
-0.418879     2.51327    0.00199092
-0.20944     2.51327    0.000137213
0     2.51327    0.0104044
0.20944     2.51327    0.000243801
0.418879     2.51327    0.00203147
0.628319     2.51327    0.0042397
0.837758     2.51327    0.00675897
1.0472     2.51327    0.00719748
1.25664     2.51327    0.000191707
1.46608     2.51327    0.0193565
1.67552     2.51327    0.00164047
1.88496     2.51327    0.0067971
2.0944     2.51327    0.0143344
2.30383     2.51327    0.00284408
2.51327     2.51327    0.000140081
2.72271     2.51327    0.00450562
2.93215     2.51327    0.00181288
3.14159     2.51327    0.00112942

-3.14159     2.72271    0.00226619
-2.93215     2.72271    0.00178764
-2.72271     2.72271    0.00276075
-2.51327     2.72271    0.0051372
-2.30383     2.72271    0.000354006
-2.0944     2.72271    0.000682067
-1.88496     2.72271    0.00409831
-1.67552     2.72271    0.00261441
-1.46608     2.72271    0.00362791
-1.25664     2.72271    0.000117647
-1.0472     2.72271    0.00205095
-0.837758     2.72271    0.00032662
-0.628319     2.72271    0.00812707
-0.418879     2.72271    0.0118348
-0.20944     2.72271    0.00468169
0     2.72271    0.0152681
0.20944     2.72271    0.00450222
0.418879     2.72271    0.0121863
0.628319     2.72271    0.0082609
0.837758     2.72271    0.000440522
1.0472     2.72271    0.00188815
1.25664     2.72271    0.000201165
1.46608     2.72271    0.0034342
1.67552     2.72271    0.00284074
1.88496     2.72271    0.00402894
2.0944     2.72271    0.000832498
2.30383     2.72271    0.000822091
2.51327     2.72271    0.00502015
2.72271     2.72271    0.00268916
2.93215     2.72271    0.00169878
3.14159     2.72271    0.00206036

-3.14159     2.93215    0.0116194
-2.93215     2.93215    0.00206625
-2.72271     2.93215    0.000792834
-2.51327     2.93215    0.00140338
-2.30383     2.93215    0.00275642
-2.0944     2.93215    0.00545069
-1.88496     2.93215    0.00696532
-1.67552     2.93215    0.00301392
-1.46608     2.93215    0.00345009
-1.25664     2.93215    0.00755545
-1.0472     2.93215    0.011647
-0.837758     2.93215    0.000445628
-0.628319     2.93215    0.00405582
-0.418879     2.93215    0.0116367
-0.20944     2.93215    0.0102983
0     2.93215    0.00598563
0.20944     2.93215    0.010127
0.418879     2.93215    0.0115674
0.628319     2.93215    0.00434499
0.837758     2.93215    0.000329403
1.0472     2.93215    0.0117858
1.25664     2.93215    0.00746631
1.46608     2.93215    0.00335166
1.67552     2.93215    0.0028643
1.88496     2.93215    0.00703222
2.0944     2.93215    0.0052748
2.30383     2.93215    0.00237741
2.51327     2.93215    0.00149765
2.72271     2.93215    0.000840226
2.93215     2.93215    0.00196441
3.14159     2.93215    0.0119772

-3.14159     3.14159    0.014117
-2.93215     3.14159    0.00398552
-2.72271     3.14159    0.000417239
-2.51327     3.14159    0.00448423
-2.30383     3.14159    0.00129529
-2.0944     3.14159    0.00514893
-1.88496     3.14159    0.00542285
-1.67552     3.14159    0.00839577
-1.46608     3.14159    0.00915213
-1.25664     3.14159    0.00421966
-1.0472     3.14159    0.0107349
-0.837758     3.14159    0.00400647
-0.628319     3.14159    0.000830322
-0.418879     3.14159    0.00524483
-0.20944     3.14159    0.00227658
0     3.14159    0.000221916
0.20944     3.14159    0.00252213
0.418879     3.14159    0.00493645
0.628319     3.14159    0.000584814
0.837758     3.14159    0.00389373
1.0472     3.14159    0.0110025
1.25664     3.14159    0.0042617
1.46608     3.14159    0.00893543
1.67552     3.14159    0.00808969
1.88496     3.14159    0.00528852
2.0944     3.14159    0.00514212
2.30383     3.14159    0.00090642
2.51327     3.14159    0.00366229
2.72271     3.14159    0.00044744
2.93215     3.14159    0.00404032
3.14159     3.14159    0.0142808

