-3.14159     -3.14159    0.000918297
-2.93215     -3.14159    0.000337939
-2.72271     -3.14159    0.000979872
-2.51327     -3.14159    0.000926721
-2.30383     -3.14159    0.000172881
-2.0944     -3.14159    0.000589682
-1.88496     -3.14159    0.000744715
-1.67552     -3.14159    0.000177135
-1.46608     -3.14159    0.000534594
-1.25664     -3.14159    0.000324222
-1.0472     -3.14159    0.000805437
-0.837758     -3.14159    0.000168192
-0.628319     -3.14159    0.000964499
-0.418879     -3.14159    0.00122134
-0.20944     -3.14159    0.00234447
0     -3.14159    0.00436404
0.20944     -3.14159    0.00227675
0.418879     -3.14159    0.00121682
0.628319     -3.14159    0.00103652
0.837758     -3.14159    0.000168116
1.0472     -3.14159    0.000813513
1.25664     -3.14159    0.000294704
1.46608     -3.14159    0.00053447
1.67552     -3.14159    0.000192228
1.88496     -3.14159    0.000728552
2.0944     -3.14159    0.000597361
2.30383     -3.14159    0.000151616
2.51327     -3.14159    0.000937248
2.72271     -3.14159    0.000955983
2.93215     -3.14159    0.000326728
3.14159     -3.14159    0.000888228

-3.14159     -2.93215    0.000779602
-2.93215     -2.93215    0.000636791
-2.72271     -2.93215    0.000694978
-2.51327     -2.93215    0.00234132
-2.30383     -2.93215    0.00117338
-2.0944     -2.93215    0.00011772
-1.88496     -2.93215    0.000314486
-1.67552     -2.93215    0.000976238
-1.46608     -2.93215    0.000714265
-1.25664     -2.93215    0.000392618
-1.0472     -2.93215    0.00103704
-0.837758     -2.93215    0.00142911
-0.628319     -2.93215    0.001145
-0.418879     -2.93215    0.000534654
-0.20944     -2.93215    0.000251495
0     -2.93215    0.00259215
0.20944     -2.93215    0.000265747
0.418879     -2.93215    0.0005213
0.628319     -2.93215    0.00110389
0.837758     -2.93215    0.00147641
1.0472     -2.93215    0.00105857
1.25664     -2.93215    0.000417725
1.46608     -2.93215    0.000693509
1.67552     -2.93215    0.00105868
1.88496     -2.93215    0.000279203
2.0944     -2.93215    0.000123259
2.30383     -2.93215    0.0011999
2.51327     -2.93215    0.00238545
2.72271     -2.93215    0.000683102
2.93215     -2.93215    0.000600248
3.14159     -2.93215    0.000770166

-3.14159     -2.72271    9.64725e-05
-2.93215     -2.72271    0.000141702
-2.72271     -2.72271    0.000716925
-2.51327     -2.72271    0.00240572
-2.30383     -2.72271    5.52095e-05
-2.0944     -2.72271    0.000228359
-1.88496     -2.72271    0.000689271
-1.67552     -2.72271    0.000690813
-1.46608     -2.72271    0.000346379
-1.25664     -2.72271    0.000492236
-1.0472     -2.72271    0.000270713
-0.837758     -2.72271    0.000288121
-0.628319     -2.72271    0.00145069
-0.418879     -2.72271    0.00061688
-0.20944     -2.72271    0.000421604
0     -2.72271    0.00248686
0.20944     -2.72271    0.000423159
0.418879     -2.72271    0.00063389
0.628319     -2.72271    0.00141118
0.837758     -2.72271    0.000249994
1.0472     -2.72271    0.000268934
1.25664     -2.72271    0.000519269
1.46608     -2.72271    0.00034533
1.67552     -2.72271    0.000734036
1.88496     -2.72271    0.000625421
2.0944     -2.72271    0.000222518
2.30383     -2.72271    4.64724e-05
2.51327     -2.72271    0.00238163
2.72271     -2.72271    0.000683269
2.93215     -2.72271    0.000146749
3.14159     -2.72271    6.75404e-05

-3.14159     -2.51327    0.00166246
-2.93215     -2.51327    0.000757811
-2.72271     -2.51327    0.00135044
-2.51327     -2.51327    0.000366839
-2.30383     -2.51327    0.0006963
-2.0944     -2.51327    0.00012167
-1.88496     -2.51327    0.000259301
-1.67552     -2.51327    0.000656388
-1.46608     -2.51327    0.000183113
-1.25664     -2.51327    0.00180069
-1.0472     -2.51327    0.000425772
-0.837758     -2.51327    0.000348462
-0.628319     -2.51327    0.000496564
-0.418879     -2.51327    0.000250814
-0.20944     -2.51327    0.000653635
0     -2.51327    0.00141216
0.20944     -2.51327    0.000661257
0.418879     -2.51327    0.000238502
0.628319     -2.51327    0.00051388
0.837758     -2.51327    0.000268232
1.0472     -2.51327    0.000434614
1.25664     -2.51327    0.00180367
1.46608     -2.51327    0.00020203
1.67552     -2.51327    0.00069542
1.88496     -2.51327    0.000287367
2.0944     -2.51327    0.000182275
2.30383     -2.51327    0.000682421
2.51327     -2.51327    0.000325823
2.72271     -2.51327    0.00134238
2.93215     -2.51327    0.000827093
3.14159     -2.51327    0.0017006

-3.14159     -2.30383    0.00363366
-2.93215     -2.30383    0.0027478
-2.72271     -2.30383    0.00112881
-2.51327     -2.30383    0.000394359
-2.30383     -2.30383    0.000164403
-2.0944     -2.30383    0.00187182
-1.88496     -2.30383    0.000498232
-1.67552     -2.30383    0.000932194
-1.46608     -2.30383    0.00139057
-1.25664     -2.30383    0.000748351
-1.0472     -2.30383    0.000527329
-0.837758     -2.30383    0.00067405
-0.628319     -2.30383    0.000339713
-0.418879     -2.30383    0.000388664
-0.20944     -2.30383    0.000276273
0     -2.30383    0.000807424
0.20944     -2.30383    0.000294131
0.418879     -2.30383    0.000358616
0.628319     -2.30383    0.000344827
0.837758     -2.30383    0.000621851
1.0472     -2.30383    0.000518019
1.25664     -2.30383    0.000773439
1.46608     -2.30383    0.00134808
1.67552     -2.30383    0.000968491
1.88496     -2.30383    0.000482526
2.0944     -2.30383    0.00189891
2.30383     -2.30383    0.000182312
2.51327     -2.30383    0.000374193
2.72271     -2.30383    0.00116342
2.93215     -2.30383    0.00277945
3.14159     -2.30383    0.00366874

-3.14159     -2.0944    0.00427458
-2.93215     -2.0944    0.00598587
-2.72271     -2.0944    0.0033935
-2.51327     -2.0944    0.00194494
-2.30383     -2.0944    0.000699692
-2.0944     -2.0944    0.000282469
-1.88496     -2.0944    2.09263e-05
-1.67552     -2.0944    0.00019762
-1.46608     -2.0944    0.000923043
-1.25664     -2.0944    0.00105685
-1.0472     -2.0944    0.000217399
-0.837758     -2.0944    0.00178348
-0.628319     -2.0944    0.000383931
-0.418879     -2.0944    0.000126243
-0.20944     -2.0944    0.00104467
0     -2.0944    0.000624766
0.20944     -2.0944    0.00104102
0.418879     -2.0944    0.000117306
0.628319     -2.0944    0.000379957
0.837758     -2.0944    0.00178384
1.0472     -2.0944    0.000223072
1.25664     -2.0944    0.00106331
1.46608     -2.0944    0.000953567
1.67552     -2.0944    0.000210759
1.88496     -2.0944    3.24261e-05
2.0944     -2.0944    0.000261187
2.30383     -2.0944    0.00070073
2.51327     -2.0944    0.00196058
2.72271     -2.0944    0.00340371
2.93215     -2.0944    0.00592159
3.14159     -2.0944    0.00420414

-3.14159     -1.88496    0.00515171
-2.93215     -1.88496    0.00353387
-2.72271     -1.88496    0.00352218
-2.51327     -1.88496    0.00080981
-2.30383     -1.88496    0.000966904
-2.0944     -1.88496    0.00156601
-1.88496     -1.88496    0.000725019
-1.67552     -1.88496    9.07525e-05
-1.46608     -1.88496    0.00133324
-1.25664     -1.88496    0.000328716
-1.0472     -1.88496    0.000349133
-0.837758     -1.88496    0.00140993
-0.628319     -1.88496    0.000232785
-0.418879     -1.88496    0.00075381
-0.20944     -1.88496    0.000705272
0     -1.88496    0.000499299
0.20944     -1.88496    0.000705019
0.418879     -1.88496    0.00075235
0.628319     -1.88496    0.000221332
0.837758     -1.88496    0.00138349
1.0472     -1.88496    0.000374801
1.25664     -1.88496    0.000355198
1.46608     -1.88496    0.00134809
1.67552     -1.88496    0.000112903
1.88496     -1.88496    0.000710719
2.0944     -1.88496    0.00156676
2.30383     -1.88496    0.000984247
2.51327     -1.88496    0.000798173
2.72271     -1.88496    0.00350776
2.93215     -1.88496    0.00355342
3.14159     -1.88496    0.00520668

-3.14159     -1.67552    0.00487872
-2.93215     -1.67552    0.0028015
-2.72271     -1.67552    0.00396185
-2.51327     -1.67552    0.00118032
-2.30383     -1.67552    0.00021406
-2.0944     -1.67552    0.000448705
-1.88496     -1.67552    0.000301008
-1.67552     -1.67552    0.000387622
-1.46608     -1.67552    0.000914686
-1.25664     -1.67552    0.00134438
-1.0472     -1.67552    0.000837799
-0.837758     -1.67552    0.000725491
-0.628319     -1.67552    0.000332894
-0.418879     -1.67552    0.00191538
-0.20944     -1.67552    0.000542356
0     -1.67552    0.000882727
0.20944     -1.67552    0.00052121
0.418879     -1.67552    0.0019229
0.628319     -1.67552    0.000332527
0.837758     -1.67552    0.000723238
1.0472     -1.67552    0.000863598
1.25664     -1.67552    0.00133641
1.46608     -1.67552    0.000953815
1.67552     -1.67552    0.000362255
1.88496     -1.67552    0.000298085
2.0944     -1.67552    0.000426151
2.30383     -1.67552    0.000233075
2.51327     -1.67552    0.00117971
2.72271     -1.67552    0.00397051
2.93215     -1.67552    0.00278176
3.14159     -1.67552    0.00488584

-3.14159     -1.46608    0.00410556
-2.93215     -1.46608    0.00344048
-2.72271     -1.46608    0.00353624
-2.51327     -1.46608    0.00236176
-2.30383     -1.46608    0.00144728
-2.0944     -1.46608    0.000680459
-1.88496     -1.46608    0.000340419
-1.67552     -1.46608    0.000175725
-1.46608     -1.46608    0.000163442
-1.25664     -1.46608    0.000244849
-1.0472     -1.46608    0.000420092
-0.837758     -1.46608    0.00201591
-0.628319     -1.46608    0.000170739
-0.418879     -1.46608    0.00154073
-0.20944     -1.46608    1.26354e-05
0     -1.46608    0.00012885
0.20944     -1.46608    1.70163e-05
0.418879     -1.46608    0.00154999
0.628319     -1.46608    0.000167694
0.837758     -1.46608    0.00203561
1.0472     -1.46608    0.000433638
1.25664     -1.46608    0.000244886
1.46608     -1.46608    0.000140579
1.67552     -1.46608    0.000189832
1.88496     -1.46608    0.000336161
2.0944     -1.46608    0.000682964
2.30383     -1.46608    0.00143218
2.51327     -1.46608    0.00241777
2.72271     -1.46608    0.00350705
2.93215     -1.46608    0.0034585
3.14159     -1.46608    0.00404808

-3.14159     -1.25664    0.00315075
-2.93215     -1.25664    0.00138821
-2.72271     -1.25664    4.93449e-05
-2.51327     -1.25664    0.000474338
-2.30383     -1.25664    0.00243734
-2.0944     -1.25664    0.000239728
-1.88496     -1.25664    0.000174294
-1.67552     -1.25664    0.0009044
-1.46608     -1.25664    0.000467847
-1.25664     -1.25664    0.00177176
-1.0472     -1.25664    0.000595241
-0.837758     -1.25664    0.000267548
-0.628319     -1.25664    0.00098585
-0.418879     -1.25664    0.00141694
-0.20944     -1.25664    0.000627661
0     -1.25664    0.000373879
0.20944     -1.25664    0.00062659
0.418879     -1.25664    0.00140763
0.628319     -1.25664    0.000960029
0.837758     -1.25664    0.000280022
1.0472     -1.25664    0.000575052
1.25664     -1.25664    0.00177809
1.46608     -1.25664    0.000457282
1.67552     -1.25664    0.000919109
1.88496     -1.25664    0.000179998
2.0944     -1.25664    0.000230079
2.30383     -1.25664    0.00239158
2.51327     -1.25664    0.000485621
2.72271     -1.25664    5.26455e-05
2.93215     -1.25664    0.00139567
3.14159     -1.25664    0.0032145

-3.14159     -1.0472    0.000996919
-2.93215     -1.0472    0.00135517
-2.72271     -1.0472    0.000960339
-2.51327     -1.0472    0.000233577
-2.30383     -1.0472    0.000387843
-2.0944     -1.0472    9.86263e-05
-1.88496     -1.0472    0.000212004
-1.67552     -1.0472    0.000687868
-1.46608     -1.0472    0.000602683
-1.25664     -1.0472    0.00100696
-1.0472     -1.0472    0.00144719
-0.837758     -1.0472    0.00172997
-0.628319     -1.0472    0.00098374
-0.418879     -1.0472    0.000216813
-0.20944     -1.0472    0.00021137
0     -1.0472    0.000615547
0.20944     -1.0472    0.000235328
0.418879     -1.0472    0.000197821
0.628319     -1.0472    0.000958993
0.837758     -1.0472    0.00174108
1.0472     -1.0472    0.00144679
1.25664     -1.0472    0.00101644
1.46608     -1.0472    0.000608256
1.67552     -1.0472    0.000707714
1.88496     -1.0472    0.000196961
2.0944     -1.0472    9.38809e-05
2.30383     -1.0472    0.000396633
2.51327     -1.0472    0.000244265
2.72271     -1.0472    0.000949842
2.93215     -1.0472    0.00131387
3.14159     -1.0472    0.00100257

-3.14159     -0.837758    0.000175149
-2.93215     -0.837758    0.000634465
-2.72271     -0.837758    0.00141063
-2.51327     -0.837758    0.000748312
-2.30383     -0.837758    0.000251831
-2.0944     -0.837758    0.000609036
-1.88496     -0.837758    0.00110617
-1.67552     -0.837758    0.000174942
-1.46608     -0.837758    0.000882175
-1.25664     -0.837758    0.000234605
-1.0472     -0.837758    0.000666323
-0.837758     -0.837758    0.000350085
-0.628319     -0.837758    0.00011612
-0.418879     -0.837758    0.00114097
-0.20944     -0.837758    0.00130125
0     -0.837758    0.00167635
0.20944     -0.837758    0.00132145
0.418879     -0.837758    0.00119678
0.628319     -0.837758    0.000103778
0.837758     -0.837758    0.000352762
1.0472     -0.837758    0.000643399
1.25664     -0.837758    0.000264725
1.46608     -0.837758    0.000896431
1.67552     -0.837758    0.000178647
1.88496     -0.837758    0.00110473
2.0944     -0.837758    0.000603952
2.30383     -0.837758    0.000263168
2.51327     -0.837758    0.000786499
2.72271     -0.837758    0.00136584
2.93215     -0.837758    0.000636715
3.14159     -0.837758    0.000198871

-3.14159     -0.628319    0.00101363
-2.93215     -0.628319    0.00116186
-2.72271     -0.628319    0.000286793
-2.51327     -0.628319    0.000386417
-2.30383     -0.628319    0.000332945
-2.0944     -0.628319    0.000181644
-1.88496     -0.628319    0.000481475
-1.67552     -0.628319    0.0012717
-1.46608     -0.628319    0.000464311
-1.25664     -0.628319    0.000424798
-1.0472     -0.628319    0.000415225
-0.837758     -0.628319    0.000344845
-0.628319     -0.628319    0.00109938
-0.418879     -0.628319    0.00319054
-0.20944     -0.628319    0.0031557
0     -0.628319    0.00175496
0.20944     -0.628319    0.0031648
0.418879     -0.628319    0.00329061
0.628319     -0.628319    0.00109687
0.837758     -0.628319    0.000307499
1.0472     -0.628319    0.000391013
1.25664     -0.628319    0.00043918
1.46608     -0.628319    0.000456042
1.67552     -0.628319    0.00126797
1.88496     -0.628319    0.00048852
2.0944     -0.628319    0.00019402
2.30383     -0.628319    0.000310789
2.51327     -0.628319    0.000412217
2.72271     -0.628319    0.000277307
2.93215     -0.628319    0.00117297
3.14159     -0.628319    0.000991268

-3.14159     -0.418879    0.000595892
-2.93215     -0.418879    0.000573383
-2.72271     -0.418879    8.34154e-05
-2.51327     -0.418879    0.000142097
-2.30383     -0.418879    0.00130922
-2.0944     -0.418879    0.000876087
-1.88496     -0.418879    0.000119515
-1.67552     -0.418879    0.00184045
-1.46608     -0.418879    0.00126526
-1.25664     -0.418879    0.000256716
-1.0472     -0.418879    0.000201264
-0.837758     -0.418879    0.000373521
-0.628319     -0.418879    0.00169118
-0.418879     -0.418879    0.00333903
-0.20944     -0.418879    0.00381805
0     -0.418879    0.00547612
0.20944     -0.418879    0.00380881
0.418879     -0.418879    0.00333654
0.628319     -0.418879    0.00166995
0.837758     -0.418879    0.000418129
1.0472     -0.418879    0.000204286
1.25664     -0.418879    0.000240716
1.46608     -0.418879    0.00128645
1.67552     -0.418879    0.0018335
1.88496     -0.418879    0.000105895
2.0944     -0.418879    0.000880832
2.30383     -0.418879    0.00133325
2.51327     -0.418879    0.000160881
2.72271     -0.418879    7.82729e-05
2.93215     -0.418879    0.000567462
3.14159     -0.418879    0.00057431

-3.14159     -0.20944    0.000126585
-2.93215     -0.20944    0.000922157
-2.72271     -0.20944    0.00116896
-2.51327     -0.20944    0.00055216
-2.30383     -0.20944    0.000847341
-2.0944     -0.20944    0.00124147
-1.88496     -0.20944    0.000797063
-1.67552     -0.20944    0.000289045
-1.46608     -0.20944    0.00129221
-1.25664     -0.20944    0.0012863
-1.0472     -0.20944    0.000212214
-0.837758     -0.20944    0.00145803
-0.628319     -0.20944    0.00258603
-0.418879     -0.20944    0.00375151
-0.20944     -0.20944    0.00539598
0     -0.20944    0.00573803
0.20944     -0.20944    0.00529138
0.418879     -0.20944    0.0037217
0.628319     -0.20944    0.0025429
0.837758     -0.20944    0.00147675
1.0472     -0.20944    0.000222897
1.25664     -0.20944    0.00131598
1.46608     -0.20944    0.00126778
1.67552     -0.20944    0.000263028
1.88496     -0.20944    0.000779977
2.0944     -0.20944    0.00123176
2.30383     -0.20944    0.000836358
2.51327     -0.20944    0.000596112
2.72271     -0.20944    0.00114194
2.93215     -0.20944    0.000948397
3.14159     -0.20944    0.000154014

-3.14159     0    0.000793394
-2.93215     0    0.000121674
-2.72271     0    0.0015106
-2.51327     0    0.000803141
-2.30383     0    0.00112262
-2.0944     0    2.74732e-05
-1.88496     0    0.000896693
-1.67552     0    0.00220942
-1.46608     0    4.27458e-05
-1.25664     0    0.00110735
-1.0472     0    0.000432114
-0.837758     0    0.00245886
-0.628319     0    0.00383384
-0.418879     0    0.00398384
-0.20944     0    0.00745435
0     0    5.39334e-15
0.20944     0    0.00745435
0.418879     0    0.00398384
0.628319     0    0.00383384
0.837758     0    0.00245886
1.0472     0    0.000432114
1.25664     0    0.00110735
1.46608     0    4.27458e-05
1.67552     0    0.00220942
1.88496     0    0.000896693
2.0944     0    2.74732e-05
2.30383     0    0.00112262
2.51327     0    0.000803141
2.72271     0    0.0015106
2.93215     0    0.000121674
3.14159     0    0.000793394

-3.14159     0.20944    0.000154014
-2.93215     0.20944    0.000948397
-2.72271     0.20944    0.00114194
-2.51327     0.20944    0.000596112
-2.30383     0.20944    0.000836358
-2.0944     0.20944    0.00123176
-1.88496     0.20944    0.000779977
-1.67552     0.20944    0.000263028
-1.46608     0.20944    0.00126778
-1.25664     0.20944    0.00131598
-1.0472     0.20944    0.000222897
-0.837758     0.20944    0.00147675
-0.628319     0.20944    0.0025429
-0.418879     0.20944    0.0037217
-0.20944     0.20944    0.00529138
0     0.20944    0.00573803
0.20944     0.20944    0.00539598
0.418879     0.20944    0.00375151
0.628319     0.20944    0.00258603
0.837758     0.20944    0.00145803
1.0472     0.20944    0.000212214
1.25664     0.20944    0.0012863
1.46608     0.20944    0.00129221
1.67552     0.20944    0.000289045
1.88496     0.20944    0.000797063
2.0944     0.20944    0.00124147
2.30383     0.20944    0.000847341
2.51327     0.20944    0.00055216
2.72271     0.20944    0.00116896
2.93215     0.20944    0.000922157
3.14159     0.20944    0.000126585

-3.14159     0.418879    0.00057431
-2.93215     0.418879    0.000567462
-2.72271     0.418879    7.82729e-05
-2.51327     0.418879    0.000160881
-2.30383     0.418879    0.00133325
-2.0944     0.418879    0.000880832
-1.88496     0.418879    0.000105895
-1.67552     0.418879    0.0018335
-1.46608     0.418879    0.00128645
-1.25664     0.418879    0.000240716
-1.0472     0.418879    0.000204286
-0.837758     0.418879    0.000418129
-0.628319     0.418879    0.00166995
-0.418879     0.418879    0.00333654
-0.20944     0.418879    0.00380881
0     0.418879    0.00547612
0.20944     0.418879    0.00381805
0.418879     0.418879    0.00333903
0.628319     0.418879    0.00169118
0.837758     0.418879    0.000373521
1.0472     0.418879    0.000201264
1.25664     0.418879    0.000256716
1.46608     0.418879    0.00126526
1.67552     0.418879    0.00184045
1.88496     0.418879    0.000119515
2.0944     0.418879    0.000876087
2.30383     0.418879    0.00130922
2.51327     0.418879    0.000142097
2.72271     0.418879    8.34154e-05
2.93215     0.418879    0.000573383
3.14159     0.418879    0.000595892

-3.14159     0.628319    0.000991268
-2.93215     0.628319    0.00117297
-2.72271     0.628319    0.000277307
-2.51327     0.628319    0.000412217
-2.30383     0.628319    0.000310789
-2.0944     0.628319    0.00019402
-1.88496     0.628319    0.00048852
-1.67552     0.628319    0.00126797
-1.46608     0.628319    0.000456042
-1.25664     0.628319    0.00043918
-1.0472     0.628319    0.000391013
-0.837758     0.628319    0.000307499
-0.628319     0.628319    0.00109687
-0.418879     0.628319    0.00329061
-0.20944     0.628319    0.0031648
0     0.628319    0.00175496
0.20944     0.628319    0.0031557
0.418879     0.628319    0.00319054
0.628319     0.628319    0.00109938
0.837758     0.628319    0.000344845
1.0472     0.628319    0.000415225
1.25664     0.628319    0.000424798
1.46608     0.628319    0.000464311
1.67552     0.628319    0.0012717
1.88496     0.628319    0.000481475
2.0944     0.628319    0.000181644
2.30383     0.628319    0.000332945
2.51327     0.628319    0.000386417
2.72271     0.628319    0.000286793
2.93215     0.628319    0.00116186
3.14159     0.628319    0.00101363

-3.14159     0.837758    0.000198871
-2.93215     0.837758    0.000636715
-2.72271     0.837758    0.00136584
-2.51327     0.837758    0.000786499
-2.30383     0.837758    0.000263168
-2.0944     0.837758    0.000603952
-1.88496     0.837758    0.00110473
-1.67552     0.837758    0.000178647
-1.46608     0.837758    0.000896431
-1.25664     0.837758    0.000264725
-1.0472     0.837758    0.000643399
-0.837758     0.837758    0.000352762
-0.628319     0.837758    0.000103778
-0.418879     0.837758    0.00119678
-0.20944     0.837758    0.00132145
0     0.837758    0.00167635
0.20944     0.837758    0.00130125
0.418879     0.837758    0.00114097
0.628319     0.837758    0.00011612
0.837758     0.837758    0.000350085
1.0472     0.837758    0.000666323
1.25664     0.837758    0.000234605
1.46608     0.837758    0.000882175
1.67552     0.837758    0.000174942
1.88496     0.837758    0.00110617
2.0944     0.837758    0.000609036
2.30383     0.837758    0.000251831
2.51327     0.837758    0.000748312
2.72271     0.837758    0.00141063
2.93215     0.837758    0.000634465
3.14159     0.837758    0.000175149

-3.14159     1.0472    0.00100257
-2.93215     1.0472    0.00131387
-2.72271     1.0472    0.000949842
-2.51327     1.0472    0.000244265
-2.30383     1.0472    0.000396633
-2.0944     1.0472    9.38809e-05
-1.88496     1.0472    0.000196961
-1.67552     1.0472    0.000707714
-1.46608     1.0472    0.000608256
-1.25664     1.0472    0.00101644
-1.0472     1.0472    0.00144679
-0.837758     1.0472    0.00174108
-0.628319     1.0472    0.000958993
-0.418879     1.0472    0.000197821
-0.20944     1.0472    0.000235328
0     1.0472    0.000615547
0.20944     1.0472    0.00021137
0.418879     1.0472    0.000216813
0.628319     1.0472    0.00098374
0.837758     1.0472    0.00172997
1.0472     1.0472    0.00144719
1.25664     1.0472    0.00100696
1.46608     1.0472    0.000602683
1.67552     1.0472    0.000687868
1.88496     1.0472    0.000212004
2.0944     1.0472    9.86263e-05
2.30383     1.0472    0.000387843
2.51327     1.0472    0.000233577
2.72271     1.0472    0.000960339
2.93215     1.0472    0.00135517
3.14159     1.0472    0.000996919

-3.14159     1.25664    0.0032145
-2.93215     1.25664    0.00139567
-2.72271     1.25664    5.26455e-05
-2.51327     1.25664    0.000485621
-2.30383     1.25664    0.00239158
-2.0944     1.25664    0.000230079
-1.88496     1.25664    0.000179998
-1.67552     1.25664    0.000919109
-1.46608     1.25664    0.000457282
-1.25664     1.25664    0.00177809
-1.0472     1.25664    0.000575052
-0.837758     1.25664    0.000280022
-0.628319     1.25664    0.000960029
-0.418879     1.25664    0.00140763
-0.20944     1.25664    0.00062659
0     1.25664    0.000373879
0.20944     1.25664    0.000627661
0.418879     1.25664    0.00141694
0.628319     1.25664    0.00098585
0.837758     1.25664    0.000267548
1.0472     1.25664    0.000595241
1.25664     1.25664    0.00177176
1.46608     1.25664    0.000467847
1.67552     1.25664    0.0009044
1.88496     1.25664    0.000174294
2.0944     1.25664    0.000239728
2.30383     1.25664    0.00243734
2.51327     1.25664    0.000474338
2.72271     1.25664    4.93449e-05
2.93215     1.25664    0.00138821
3.14159     1.25664    0.00315075

-3.14159     1.46608    0.00404808
-2.93215     1.46608    0.0034585
-2.72271     1.46608    0.00350705
-2.51327     1.46608    0.00241777
-2.30383     1.46608    0.00143218
-2.0944     1.46608    0.000682964
-1.88496     1.46608    0.000336161
-1.67552     1.46608    0.000189832
-1.46608     1.46608    0.000140579
-1.25664     1.46608    0.000244886
-1.0472     1.46608    0.000433638
-0.837758     1.46608    0.00203561
-0.628319     1.46608    0.000167694
-0.418879     1.46608    0.00154999
-0.20944     1.46608    1.70163e-05
0     1.46608    0.00012885
0.20944     1.46608    1.26354e-05
0.418879     1.46608    0.00154073
0.628319     1.46608    0.000170739
0.837758     1.46608    0.00201591
1.0472     1.46608    0.000420092
1.25664     1.46608    0.000244849
1.46608     1.46608    0.000163442
1.67552     1.46608    0.000175725
1.88496     1.46608    0.000340419
2.0944     1.46608    0.000680459
2.30383     1.46608    0.00144728
2.51327     1.46608    0.00236176
2.72271     1.46608    0.00353624
2.93215     1.46608    0.00344048
3.14159     1.46608    0.00410556

-3.14159     1.67552    0.00488584
-2.93215     1.67552    0.00278176
-2.72271     1.67552    0.00397051
-2.51327     1.67552    0.00117971
-2.30383     1.67552    0.000233075
-2.0944     1.67552    0.000426151
-1.88496     1.67552    0.000298085
-1.67552     1.67552    0.000362255
-1.46608     1.67552    0.000953815
-1.25664     1.67552    0.00133641
-1.0472     1.67552    0.000863598
-0.837758     1.67552    0.000723238
-0.628319     1.67552    0.000332527
-0.418879     1.67552    0.0019229
-0.20944     1.67552    0.00052121
0     1.67552    0.000882727
0.20944     1.67552    0.000542356
0.418879     1.67552    0.00191538
0.628319     1.67552    0.000332894
0.837758     1.67552    0.000725491
1.0472     1.67552    0.000837799
1.25664     1.67552    0.00134438
1.46608     1.67552    0.000914686
1.67552     1.67552    0.000387622
1.88496     1.67552    0.000301008
2.0944     1.67552    0.000448705
2.30383     1.67552    0.00021406
2.51327     1.67552    0.00118032
2.72271     1.67552    0.00396185
2.93215     1.67552    0.0028015
3.14159     1.67552    0.00487872

-3.14159     1.88496    0.00520668
-2.93215     1.88496    0.00355342
-2.72271     1.88496    0.00350776
-2.51327     1.88496    0.000798173
-2.30383     1.88496    0.000984247
-2.0944     1.88496    0.00156676
-1.88496     1.88496    0.000710719
-1.67552     1.88496    0.000112903
-1.46608     1.88496    0.00134809
-1.25664     1.88496    0.000355198
-1.0472     1.88496    0.000374801
-0.837758     1.88496    0.00138349
-0.628319     1.88496    0.000221332
-0.418879     1.88496    0.00075235
-0.20944     1.88496    0.000705019
0     1.88496    0.000499299
0.20944     1.88496    0.000705272
0.418879     1.88496    0.00075381
0.628319     1.88496    0.000232785
0.837758     1.88496    0.00140993
1.0472     1.88496    0.000349133
1.25664     1.88496    0.000328716
1.46608     1.88496    0.00133324
1.67552     1.88496    9.07525e-05
1.88496     1.88496    0.000725019
2.0944     1.88496    0.00156601
2.30383     1.88496    0.000966904
2.51327     1.88496    0.00080981
2.72271     1.88496    0.00352218
2.93215     1.88496    0.00353387
3.14159     1.88496    0.00515171

-3.14159     2.0944    0.00420414
-2.93215     2.0944    0.00592159
-2.72271     2.0944    0.00340371
-2.51327     2.0944    0.00196058
-2.30383     2.0944    0.00070073
-2.0944     2.0944    0.000261187
-1.88496     2.0944    3.24261e-05
-1.67552     2.0944    0.000210759
-1.46608     2.0944    0.000953567
-1.25664     2.0944    0.00106331
-1.0472     2.0944    0.000223072
-0.837758     2.0944    0.00178384
-0.628319     2.0944    0.000379957
-0.418879     2.0944    0.000117306
-0.20944     2.0944    0.00104102
0     2.0944    0.000624766
0.20944     2.0944    0.00104467
0.418879     2.0944    0.000126243
0.628319     2.0944    0.000383931
0.837758     2.0944    0.00178348
1.0472     2.0944    0.000217399
1.25664     2.0944    0.00105685
1.46608     2.0944    0.000923043
1.67552     2.0944    0.00019762
1.88496     2.0944    2.09263e-05
2.0944     2.0944    0.000282469
2.30383     2.0944    0.000699692
2.51327     2.0944    0.00194494
2.72271     2.0944    0.0033935
2.93215     2.0944    0.00598587
3.14159     2.0944    0.00427458

-3.14159     2.30383    0.00366874
-2.93215     2.30383    0.00277945
-2.72271     2.30383    0.00116342
-2.51327     2.30383    0.000374193
-2.30383     2.30383    0.000182312
-2.0944     2.30383    0.00189891
-1.88496     2.30383    0.000482526
-1.67552     2.30383    0.000968491
-1.46608     2.30383    0.00134808
-1.25664     2.30383    0.000773439
-1.0472     2.30383    0.000518019
-0.837758     2.30383    0.000621851
-0.628319     2.30383    0.000344827
-0.418879     2.30383    0.000358616
-0.20944     2.30383    0.000294131
0     2.30383    0.000807424
0.20944     2.30383    0.000276273
0.418879     2.30383    0.000388664
0.628319     2.30383    0.000339713
0.837758     2.30383    0.00067405
1.0472     2.30383    0.000527329
1.25664     2.30383    0.000748351
1.46608     2.30383    0.00139057
1.67552     2.30383    0.000932194
1.88496     2.30383    0.000498232
2.0944     2.30383    0.00187182
2.30383     2.30383    0.000164403
2.51327     2.30383    0.000394359
2.72271     2.30383    0.00112881
2.93215     2.30383    0.0027478
3.14159     2.30383    0.00363366

-3.14159     2.51327    0.0017006
-2.93215     2.51327    0.000827093
-2.72271     2.51327    0.00134238
-2.51327     2.51327    0.000325823
-2.30383     2.51327    0.000682421
-2.0944     2.51327    0.000182275
-1.88496     2.51327    0.000287367
-1.67552     2.51327    0.00069542
-1.46608     2.51327    0.00020203
-1.25664     2.51327    0.00180367
-1.0472     2.51327    0.000434614
-0.837758     2.51327    0.000268232
-0.628319     2.51327    0.00051388
-0.418879     2.51327    0.000238502
-0.20944     2.51327    0.000661257
0     2.51327    0.00141216
0.20944     2.51327    0.000653635
0.418879     2.51327    0.000250814
0.628319     2.51327    0.000496564
0.837758     2.51327    0.000348462
1.0472     2.51327    0.000425772
1.25664     2.51327    0.00180069
1.46608     2.51327    0.000183113
1.67552     2.51327    0.000656388
1.88496     2.51327    0.000259301
2.0944     2.51327    0.00012167
2.30383     2.51327    0.0006963
2.51327     2.51327    0.000366839
2.72271     2.51327    0.00135044
2.93215     2.51327    0.000757811
3.14159     2.51327    0.00166246

-3.14159     2.72271    6.75404e-05
-2.93215     2.72271    0.000146749
-2.72271     2.72271    0.000683269
-2.51327     2.72271    0.00238163
-2.30383     2.72271    4.64724e-05
-2.0944     2.72271    0.000222518
-1.88496     2.72271    0.000625421
-1.67552     2.72271    0.000734036
-1.46608     2.72271    0.00034533
-1.25664     2.72271    0.000519269
-1.0472     2.72271    0.000268934
-0.837758     2.72271    0.000249994
-0.628319     2.72271    0.00141118
-0.418879     2.72271    0.00063389
-0.20944     2.72271    0.000423159
0     2.72271    0.00248686
0.20944     2.72271    0.000421604
0.418879     2.72271    0.00061688
0.628319     2.72271    0.00145069
0.837758     2.72271    0.000288121
1.0472     2.72271    0.000270713
1.25664     2.72271    0.000492236
1.46608     2.72271    0.000346379
1.67552     2.72271    0.000690813
1.88496     2.72271    0.000689271
2.0944     2.72271    0.000228359
2.30383     2.72271    5.52095e-05
2.51327     2.72271    0.00240572
2.72271     2.72271    0.000716925
2.93215     2.72271    0.000141702
3.14159     2.72271    9.64725e-05

-3.14159     2.93215    0.000770166
-2.93215     2.93215    0.000600248
-2.72271     2.93215    0.000683102
-2.51327     2.93215    0.00238545
-2.30383     2.93215    0.0011999
-2.0944     2.93215    0.000123259
-1.88496     2.93215    0.000279203
-1.67552     2.93215    0.00105868
-1.46608     2.93215    0.000693509
-1.25664     2.93215    0.000417725
-1.0472     2.93215    0.00105857
-0.837758     2.93215    0.00147641
-0.628319     2.93215    0.00110389
-0.418879     2.93215    0.0005213
-0.20944     2.93215    0.000265747
0     2.93215    0.00259215
0.20944     2.93215    0.000251495
0.418879     2.93215    0.000534654
0.628319     2.93215    0.001145
0.837758     2.93215    0.00142911
1.0472     2.93215    0.00103704
1.25664     2.93215    0.000392618
1.46608     2.93215    0.000714265
1.67552     2.93215    0.000976238
1.88496     2.93215    0.000314486
2.0944     2.93215    0.00011772
2.30383     2.93215    0.00117338
2.51327     2.93215    0.00234132
2.72271     2.93215    0.000694978
2.93215     2.93215    0.000636791
3.14159     2.93215    0.000779602

-3.14159     3.14159    0.000888228
-2.93215     3.14159    0.000326728
-2.72271     3.14159    0.000955983
-2.51327     3.14159    0.000937248
-2.30383     3.14159    0.000151616
-2.0944     3.14159    0.000597361
-1.88496     3.14159    0.000728552
-1.67552     3.14159    0.000192228
-1.46608     3.14159    0.00053447
-1.25664     3.14159    0.000294704
-1.0472     3.14159    0.000813513
-0.837758     3.14159    0.000168116
-0.628319     3.14159    0.00103652
-0.418879     3.14159    0.00121682
-0.20944     3.14159    0.00227675
0     3.14159    0.00436404
0.20944     3.14159    0.00234447
0.418879     3.14159    0.00122134
0.628319     3.14159    0.000964499
0.837758     3.14159    0.000168192
1.0472     3.14159    0.000805437
1.25664     3.14159    0.000324222
1.46608     3.14159    0.000534594
1.67552     3.14159    0.000177135
1.88496     3.14159    0.000744715
2.0944     3.14159    0.000589682
2.30383     3.14159    0.000172881
2.51327     3.14159    0.000926721
2.72271     3.14159    0.000979872
2.93215     3.14159    0.000337939
3.14159     3.14159    0.000918297

