-3.14159     -3.14159    1.45831e-06
-2.93215     -3.14159    9.59852e-06
-2.72271     -3.14159    1.72647e-05
-2.51327     -3.14159    2.23958e-05
-2.30383     -3.14159    2.46199e-05
-2.0944     -3.14159    2.49232e-05
-1.88496     -3.14159    2.41935e-05
-1.67552     -3.14159    2.22662e-05
-1.46608     -3.14159    1.77339e-05
-1.25664     -3.14159    9.62036e-06
-1.0472     -3.14159    1.35737e-07
-0.837758     -3.14159    7.8006e-06
-0.628319     -3.14159    1.32922e-05
-0.418879     -3.14159    1.66035e-05
-0.20944     -3.14159    1.82125e-05
0     -3.14159    1.87326e-05
0.20944     -3.14159    1.8152e-05
0.418879     -3.14159    1.66033e-05
0.628319     -3.14159    1.32905e-05
0.837758     -3.14159    7.80132e-06
1.0472     -3.14159    1.35861e-07
1.25664     -3.14159    9.62017e-06
1.46608     -3.14159    1.77335e-05
1.67552     -3.14159    2.22673e-05
1.88496     -3.14159    2.41919e-05
2.0944     -3.14159    2.49217e-05
2.30383     -3.14159    2.46239e-05
2.51327     -3.14159    2.23967e-05
2.72271     -3.14159    1.72655e-05
2.93215     -3.14159    9.59863e-06
3.14159     -3.14159    1.45764e-06

-3.14159     -2.93215    4.64488e-06
-2.93215     -2.93215    3.68902e-06
-2.72271     -2.93215    1.15954e-05
-2.51327     -2.93215    1.70403e-05
-2.30383     -2.93215    1.98801e-05
-2.0944     -2.93215    2.07848e-05
-1.88496     -2.93215    2.02012e-05
-1.67552     -2.93215    1.81682e-05
-1.46608     -2.93215    1.37245e-05
-1.25664     -2.93215    5.84715e-06
-1.0472     -2.93215    3.61873e-06
-0.837758     -2.93215    1.12886e-05
-0.628319     -2.93215    1.60547e-05
-0.418879     -2.93215    1.84886e-05
-0.20944     -2.93215    1.95254e-05
0     -2.93215    1.98277e-05
0.20944     -2.93215    1.96056e-05
0.418879     -2.93215    1.84921e-05
0.628319     -2.93215    1.60557e-05
0.837758     -2.93215    1.12888e-05
1.0472     -2.93215    3.61799e-06
1.25664     -2.93215    5.84771e-06
1.46608     -2.93215    1.37249e-05
1.67552     -2.93215    1.81689e-05
1.88496     -2.93215    2.02021e-05
2.0944     -2.93215    2.07846e-05
2.30383     -2.93215    1.9879e-05
2.51327     -2.93215    1.70405e-05
2.72271     -2.93215    1.15957e-05
2.93215     -2.93215    3.68778e-06
3.14159     -2.93215    4.64576e-06

-3.14159     -2.72271    8.65627e-06
-2.93215     -2.72271    9.14577e-07
-2.72271     -2.72271    5.78181e-06
-2.51327     -2.72271    9.72583e-06
-2.30383     -2.72271    1.15789e-05
-2.0944     -2.72271    1.26499e-05
-1.88496     -2.72271    1.32681e-05
-1.67552     -2.72271    1.27524e-05
-1.46608     -2.72271    9.80638e-06
-1.25664     -2.72271    3.23743e-06
-1.0472     -2.72271    5.53067e-06
-0.837758     -2.72271    1.26918e-05
-0.628319     -2.72271    1.66919e-05
-0.418879     -2.72271    1.83097e-05
-0.20944     -2.72271    1.87961e-05
0     -2.72271    1.87509e-05
0.20944     -2.72271    1.87158e-05
0.418879     -2.72271    1.83026e-05
0.628319     -2.72271    1.66892e-05
0.837758     -2.72271    1.26907e-05
1.0472     -2.72271    5.52977e-06
1.25664     -2.72271    3.23753e-06
1.46608     -2.72271    9.80812e-06
1.67552     -2.72271    1.27524e-05
1.88496     -2.72271    1.3267e-05
2.0944     -2.72271    1.26491e-05
2.30383     -2.72271    1.15797e-05
2.51327     -2.72271    9.72371e-06
2.72271     -2.72271    5.78209e-06
2.93215     -2.72271    9.16029e-07
3.14159     -2.72271    8.65616e-06

-3.14159     -2.51327    1.07728e-05
-2.93215     -2.51327    4.20846e-06
-2.72271     -2.51327    2.44467e-07
-2.51327     -2.51327    1.67923e-06
-2.30383     -2.51327    1.69458e-06
-2.0944     -2.51327    2.34561e-06
-1.88496     -2.51327    4.21972e-06
-1.67552     -2.51327    6.05451e-06
-1.46608     -2.51327    5.61454e-06
-1.25664     -2.51327    1.24071e-06
-1.0472     -2.51327    6.2277e-06
-0.837758     -2.51327    1.282e-05
-0.628319     -2.51327    1.6319e-05
-0.418879     -2.51327    1.74495e-05
-0.20944     -2.51327    1.75319e-05
0     -2.51327    1.76927e-05
0.20944     -2.51327    1.75801e-05
0.418879     -2.51327    1.74588e-05
0.628319     -2.51327    1.63198e-05
0.837758     -2.51327    1.2821e-05
1.0472     -2.51327    6.22689e-06
1.25664     -2.51327    1.2414e-06
1.46608     -2.51327    5.61508e-06
1.67552     -2.51327    6.05517e-06
1.88496     -2.51327    4.22066e-06
2.0944     -2.51327    2.34364e-06
2.30383     -2.51327    1.69325e-06
2.51327     -2.51327    1.67866e-06
2.72271     -2.51327    2.43471e-07
2.93215     -2.51327    4.2095e-06
3.14159     -2.51327    1.07732e-05

-3.14159     -2.30383    1.1461e-05
-2.93215     -2.30383    6.80971e-06
-2.72271     -2.30383    5.26849e-06
-2.51327     -2.30383    6.29677e-06
-2.30383     -2.30383    7.50154e-06
-2.0944     -2.30383    7.15073e-06
-1.88496     -2.30383    4.90545e-06
-1.67552     -2.30383    1.6439e-06
-1.46608     -2.30383    4.18545e-07
-1.25664     -2.30383    1.19348e-06
-1.0472     -2.30383    6.60548e-06
-0.837758     -2.30383    1.2421e-05
-0.628319     -2.30383    1.56503e-05
-0.418879     -2.30383    1.65259e-05
-0.20944     -2.30383    1.64598e-05
0     -2.30383    1.60695e-05
0.20944     -2.30383    1.64754e-05
0.418879     -2.30383    1.65157e-05
0.628319     -2.30383    1.56499e-05
0.837758     -2.30383    1.24183e-05
1.0472     -2.30383    6.60527e-06
1.25664     -2.30383    1.19294e-06
1.46608     -2.30383    4.20003e-07
1.67552     -2.30383    1.64281e-06
1.88496     -2.30383    4.90446e-06
2.0944     -2.30383    7.15113e-06
2.30383     -2.30383    7.50148e-06
2.51327     -2.30383    6.29651e-06
2.72271     -2.30383    5.27027e-06
2.93215     -2.30383    6.81135e-06
3.14159     -2.30383    1.14618e-05

-3.14159     -2.0944    1.13082e-05
-2.93215     -2.0944    9.29013e-06
-2.72271     -2.0944    1.05612e-05
-2.51327     -2.0944    1.29858e-05
-2.30383     -2.0944    1.4258e-05
-2.0944     -2.0944    1.38169e-05
-1.88496     -2.0944    1.18743e-05
-1.67552     -2.0944    8.76509e-06
-1.46608     -2.0944    5.5447e-06
-1.25664     -2.0944    4.61167e-06
-1.0472     -2.0944    7.42913e-06
-0.837758     -2.0944    1.1973e-05
-0.628319     -2.0944    1.50004e-05
-0.418879     -2.0944    1.59424e-05
-0.20944     -2.0944    1.58313e-05
0     -2.0944    1.59566e-05
0.20944     -2.0944    1.57265e-05
0.418879     -2.0944    1.59494e-05
0.628319     -2.0944    1.49974e-05
0.837758     -2.0944    1.19722e-05
1.0472     -2.0944    7.42708e-06
1.25664     -2.0944    4.61176e-06
1.46608     -2.0944    5.54286e-06
1.67552     -2.0944    8.76325e-06
1.88496     -2.0944    1.18745e-05
2.0944     -2.0944    1.38178e-05
2.30383     -2.0944    1.42572e-05
2.51327     -2.0944    1.29866e-05
2.72271     -2.0944    1.05611e-05
2.93215     -2.0944    9.29109e-06
3.14159     -2.0944    1.13095e-05

-3.14159     -1.88496    1.1025e-05
-2.93215     -1.88496    1.18607e-05
-2.72271     -1.88496    1.49693e-05
-2.51327     -1.88496    1.73796e-05
-2.30383     -1.88496    1.79286e-05
-2.0944     -1.88496    1.71951e-05
-1.88496     -1.88496    1.57277e-05
-1.67552     -1.88496    1.35547e-05
-1.46608     -1.88496    1.07795e-05
-1.25664     -1.88496    8.61478e-06
-1.0472     -1.88496    9.04075e-06
-0.837758     -1.88496    1.18485e-05
-0.628319     -1.88496    1.44637e-05
-0.418879     -1.88496    1.5468e-05
-0.20944     -1.88496    1.54436e-05
0     -1.88496    1.51413e-05
0.20944     -1.88496    1.56504e-05
0.418879     -1.88496    1.54599e-05
0.628319     -1.88496    1.44685e-05
0.837758     -1.88496    1.18476e-05
1.0472     -1.88496    9.03989e-06
1.25664     -1.88496    8.61383e-06
1.46608     -1.88496    1.07788e-05
1.67552     -1.88496    1.35552e-05
1.88496     -1.88496    1.57275e-05
2.0944     -1.88496    1.71954e-05
2.30383     -1.88496    1.79292e-05
2.51327     -1.88496    1.73803e-05
2.72271     -1.88496    1.49697e-05
2.93215     -1.88496    1.1862e-05
3.14159     -1.88496    1.10263e-05

-3.14159     -1.67552    1.10916e-05
-2.93215     -1.67552    1.43151e-05
-2.72271     -1.67552    1.78756e-05
-2.51327     -1.67552    1.93881e-05
-2.30383     -1.67552    1.90963e-05
-2.0944     -1.67552    1.80969e-05
-1.88496     -1.67552    1.69828e-05
-1.67552     -1.67552    1.57266e-05
-1.46608     -1.67552    1.40304e-05
-1.25664     -1.67552    1.20738e-05
-1.0472     -1.67552    1.11509e-05
-0.837758     -1.67552    1.22154e-05
-0.628319     -1.67552    1.40715e-05
-0.418879     -1.67552    1.51466e-05
-0.20944     -1.67552    1.53852e-05
0     -1.67552    1.53836e-05
0.20944     -1.67552    1.508e-05
0.418879     -1.67552    1.51489e-05
0.628319     -1.67552    1.40623e-05
0.837758     -1.67552    1.22137e-05
1.0472     -1.67552    1.11494e-05
1.25664     -1.67552    1.20738e-05
1.46608     -1.67552    1.40295e-05
1.67552     -1.67552    1.57263e-05
1.88496     -1.67552    1.69836e-05
2.0944     -1.67552    1.80972e-05
2.30383     -1.67552    1.90959e-05
2.51327     -1.67552    1.93884e-05
2.72271     -1.67552    1.78757e-05
2.93215     -1.67552    1.4317e-05
3.14159     -1.67552    1.1093e-05

-3.14159     -1.46608    1.14043e-05
-2.93215     -1.46608    1.60607e-05
-2.72271     -1.46608    1.91673e-05
-2.51327     -1.46608    1.97396e-05
-2.30383     -1.46608    1.88906e-05
-2.0944     -1.46608    1.77378e-05
-1.88496     -1.46608    1.68157e-05
-1.67552     -1.46608    1.61439e-05
-1.46608     -1.46608    1.53743e-05
-1.25664     -1.46608    1.4211e-05
-1.0472     -1.46608    1.30698e-05
-0.837758     -1.46608    1.29299e-05
-0.628319     -1.46608    1.383e-05
-0.418879     -1.46608    1.46805e-05
-0.20944     -1.46608    1.48112e-05
0     -1.46608    1.50824e-05
0.20944     -1.46608    1.51866e-05
0.418879     -1.46608    1.46838e-05
0.628319     -1.46608    1.38375e-05
0.837758     -1.46608    1.29307e-05
1.0472     -1.46608    1.30705e-05
1.25664     -1.46608    1.42104e-05
1.46608     -1.46608    1.53767e-05
1.67552     -1.46608    1.61416e-05
1.88496     -1.46608    1.68148e-05
2.0944     -1.46608    1.7738e-05
2.30383     -1.46608    1.88916e-05
2.51327     -1.46608    1.97402e-05
2.72271     -1.46608    1.91675e-05
2.93215     -1.46608    1.60618e-05
3.14159     -1.46608    1.14054e-05

-3.14159     -1.25664    1.13657e-05
-2.93215     -1.25664    1.66183e-05
-2.72271     -1.25664    1.91868e-05
-2.51327     -1.25664    1.9263e-05
-2.30383     -1.25664    1.82141e-05
-2.0944     -1.25664    1.70479e-05
-1.88496     -1.25664    1.62281e-05
-1.67552     -1.25664    1.58247e-05
-1.46608     -1.25664    1.55635e-05
-1.25664     -1.25664    1.50973e-05
-1.0472     -1.25664    1.42567e-05
-0.837758     -1.25664    1.36097e-05
-0.628319     -1.25664    1.36194e-05
-0.418879     -1.25664    1.39096e-05
-0.20944     -1.25664    1.42401e-05
0     -1.25664    1.36993e-05
0.20944     -1.25664    1.38697e-05
0.418879     -1.25664    1.3906e-05
0.628319     -1.25664    1.36077e-05
0.837758     -1.25664    1.3607e-05
1.0472     -1.25664    1.42561e-05
1.25664     -1.25664    1.50978e-05
1.46608     -1.25664    1.55672e-05
1.67552     -1.25664    1.58256e-05
1.88496     -1.25664    1.62281e-05
2.0944     -1.25664    1.70475e-05
2.30383     -1.25664    1.82145e-05
2.51327     -1.25664    1.92638e-05
2.72271     -1.25664    1.91881e-05
2.93215     -1.25664    1.66187e-05
3.14159     -1.25664    1.13664e-05

-3.14159     -1.0472    1.02707e-05
-2.93215     -1.0472    1.58498e-05
-2.72271     -1.0472    1.83194e-05
-2.51327     -1.0472    1.84588e-05
-2.30383     -1.0472    1.75776e-05
-2.0944     -1.0472    1.6544e-05
-1.88496     -1.0472    1.5821e-05
-1.67552     -1.0472    1.5479e-05
-1.46608     -1.0472    1.53951e-05
-1.25664     -1.0472    1.52017e-05
-1.0472     -1.0472    1.46525e-05
-0.837758     -1.0472    1.38077e-05
-0.628319     -1.0472    1.31485e-05
-0.418879     -1.0472    1.28683e-05
-0.20944     -1.0472    1.25187e-05
0     -1.0472    1.32764e-05
0.20944     -1.0472    1.28011e-05
0.418879     -1.0472    1.28858e-05
0.628319     -1.0472    1.3153e-05
0.837758     -1.0472    1.3812e-05
1.0472     -1.0472    1.46539e-05
1.25664     -1.0472    1.52021e-05
1.46608     -1.0472    1.53934e-05
1.67552     -1.0472    1.54802e-05
1.88496     -1.0472    1.58213e-05
2.0944     -1.0472    1.65438e-05
2.30383     -1.0472    1.75787e-05
2.51327     -1.0472    1.8459e-05
2.72271     -1.0472    1.83196e-05
2.93215     -1.0472    1.58497e-05
3.14159     -1.0472    1.02709e-05

-3.14159     -0.837758    7.6032e-06
-2.93215     -0.837758    1.35608e-05
-2.72271     -0.837758    1.65648e-05
-2.51327     -0.837758    1.73264e-05
-2.30383     -0.837758    1.69767e-05
-2.0944     -0.837758    1.63075e-05
-1.88496     -0.837758    1.57296e-05
-1.67552     -0.837758    1.54042e-05
-1.46608     -0.837758    1.5281e-05
-1.25664     -0.837758    1.50525e-05
-1.0472     -0.837758    1.44476e-05
-0.837758     -0.837758    1.34318e-05
-0.628319     -0.837758    1.21718e-05
-0.418879     -0.837758    1.09919e-05
-0.20944     -0.837758    1.04128e-05
0     -0.837758    8.8887e-06
0.20944     -0.837758    1.03311e-05
0.418879     -0.837758    1.09631e-05
0.628319     -0.837758    1.2163e-05
0.837758     -0.837758    1.34347e-05
1.0472     -0.837758    1.44525e-05
1.25664     -0.837758    1.50528e-05
1.46608     -0.837758    1.52814e-05
1.67552     -0.837758    1.54048e-05
1.88496     -0.837758    1.57299e-05
2.0944     -0.837758    1.63065e-05
2.30383     -0.837758    1.69772e-05
2.51327     -0.837758    1.73268e-05
2.72271     -0.837758    1.6566e-05
2.93215     -0.837758    1.35614e-05
3.14159     -0.837758    7.60326e-06

-3.14159     -0.628319    2.8864e-06
-2.93215     -0.628319    9.3897e-06
-2.72271     -0.628319    1.33243e-05
-2.51327     -0.628319    1.52313e-05
-2.30383     -0.628319    1.58353e-05
-2.0944     -0.628319    1.58295e-05
-1.88496     -0.628319    1.56225e-05
-1.67552     -0.628319    1.54116e-05
-1.46608     -0.628319    1.51732e-05
-1.25664     -0.628319    1.47823e-05
-1.0472     -0.628319    1.38947e-05
-0.837758     -0.628319    1.2474e-05
-0.628319     -0.628319    1.06732e-05
-0.418879     -0.628319    8.98253e-06
-0.20944     -0.628319    7.5546e-06
0     -0.628319    8.67516e-06
0.20944     -0.628319    7.37357e-06
0.418879     -0.628319    9.04371e-06
0.628319     -0.628319    1.06591e-05
0.837758     -0.628319    1.24668e-05
1.0472     -0.628319    1.38909e-05
1.25664     -0.628319    1.47796e-05
1.46608     -0.628319    1.51765e-05
1.67552     -0.628319    1.54125e-05
1.88496     -0.628319    1.56237e-05
2.0944     -0.628319    1.58291e-05
2.30383     -0.628319    1.58354e-05
2.51327     -0.628319    1.5232e-05
2.72271     -0.628319    1.33257e-05
2.93215     -0.628319    9.38953e-06
3.14159     -0.628319    2.88752e-06

-3.14159     -0.418879    3.63259e-06
-2.93215     -0.418879    3.00419e-06
-2.72271     -0.418879    7.90674e-06
-2.51327     -0.418879    1.11805e-05
-2.30383     -0.418879    1.3164e-05
-2.0944     -0.418879    1.42292e-05
-1.88496     -0.418879    1.47511e-05
-1.67552     -0.418879    1.49339e-05
-1.46608     -0.418879    1.48121e-05
-1.25664     -0.418879    1.42916e-05
-1.0472     -0.418879    1.31771e-05
-0.837758     -0.418879    1.13122e-05
-0.628319     -0.418879    8.84707e-06
-0.418879     -0.418879    6.20141e-06
-0.20944     -0.418879    4.42278e-06
0     -0.418879    1.58141e-06
0.20944     -0.418879    4.67378e-06
0.418879     -0.418879    6.19513e-06
0.628319     -0.418879    8.91174e-06
0.837758     -0.418879    1.13132e-05
1.0472     -0.418879    1.31816e-05
1.25664     -0.418879    1.4289e-05
1.46608     -0.418879    1.48111e-05
1.67552     -0.418879    1.49332e-05
1.88496     -0.418879    1.47514e-05
2.0944     -0.418879    1.42298e-05
2.30383     -0.418879    1.31658e-05
2.51327     -0.418879    1.11814e-05
2.72271     -0.418879    7.90632e-06
2.93215     -0.418879    3.00324e-06
3.14159     -0.418879    3.6324e-06

-3.14159     -0.20944    9.42367e-06
-2.93215     -0.20944    3.46839e-06
-2.72271     -0.20944    1.65655e-06
-2.51327     -0.20944    5.84542e-06
-2.30383     -0.20944    9.08029e-06
-2.0944     -0.20944    1.13823e-05
-1.88496     -0.20944    1.28777e-05
-1.67552     -0.20944    1.37374e-05
-1.46608     -0.20944    1.40188e-05
-1.25664     -0.20944    1.36293e-05
-1.0472     -0.20944    1.24356e-05
-0.837758     -0.20944    1.0359e-05
-0.628319     -0.20944    7.42061e-06
-0.418879     -0.20944    4.52576e-06
-0.20944     -0.20944    5.28946e-06
0     -0.20944    5.38532e-06
0.20944     -0.20944    2.55662e-06
0.418879     -0.20944    4.29219e-06
0.628319     -0.20944    7.38752e-06
0.837758     -0.20944    1.0365e-05
1.0472     -0.20944    1.24495e-05
1.25664     -0.20944    1.36399e-05
1.46608     -0.20944    1.40185e-05
1.67552     -0.20944    1.3737e-05
1.88496     -0.20944    1.28787e-05
2.0944     -0.20944    1.13821e-05
2.30383     -0.20944    9.08068e-06
2.51327     -0.20944    5.847e-06
2.72271     -0.20944    1.65639e-06
2.93215     -0.20944    3.46806e-06
3.14159     -0.20944    9.42416e-06

-3.14159     0    1.16466e-05
-2.93215     0    6.18037e-06
-2.72271     0    1.28292e-06
-2.51327     0    3.15835e-06
-2.30383     0    6.86452e-06
-2.0944     0    9.73308e-06
-1.88496     0    1.17559e-05
-1.67552     0    1.29871e-05
-1.46608     0    1.35175e-05
-1.25664     0    1.32767e-05
-1.0472     0    1.20895e-05
-0.837758     0    9.93045e-06
-0.628319     0    6.8668e-06
-0.418879     0    4.61578e-06
-0.20944     0    4.70929e-06
0     0    1.67069e-17
0.20944     0    4.70929e-06
0.418879     0    4.61578e-06
0.628319     0    6.8668e-06
0.837758     0    9.93045e-06
1.0472     0    1.20895e-05
1.25664     0    1.32767e-05
1.46608     0    1.35175e-05
1.67552     0    1.29871e-05
1.88496     0    1.17559e-05
2.0944     0    9.73308e-06
2.30383     0    6.86452e-06
2.51327     0    3.15835e-06
2.72271     0    1.28292e-06
2.93215     0    6.18037e-06
3.14159     0    1.16466e-05

-3.14159     0.20944    9.42416e-06
-2.93215     0.20944    3.46806e-06
-2.72271     0.20944    1.65639e-06
-2.51327     0.20944    5.847e-06
-2.30383     0.20944    9.08068e-06
-2.0944     0.20944    1.13821e-05
-1.88496     0.20944    1.28787e-05
-1.67552     0.20944    1.3737e-05
-1.46608     0.20944    1.40185e-05
-1.25664     0.20944    1.36399e-05
-1.0472     0.20944    1.24495e-05
-0.837758     0.20944    1.0365e-05
-0.628319     0.20944    7.38752e-06
-0.418879     0.20944    4.29219e-06
-0.20944     0.20944    2.55662e-06
0     0.20944    5.38532e-06
0.20944     0.20944    5.28946e-06
0.418879     0.20944    4.52576e-06
0.628319     0.20944    7.42061e-06
0.837758     0.20944    1.0359e-05
1.0472     0.20944    1.24356e-05
1.25664     0.20944    1.36293e-05
1.46608     0.20944    1.40188e-05
1.67552     0.20944    1.37374e-05
1.88496     0.20944    1.28777e-05
2.0944     0.20944    1.13823e-05
2.30383     0.20944    9.08029e-06
2.51327     0.20944    5.84542e-06
2.72271     0.20944    1.65655e-06
2.93215     0.20944    3.46839e-06
3.14159     0.20944    9.42367e-06

-3.14159     0.418879    3.6324e-06
-2.93215     0.418879    3.00324e-06
-2.72271     0.418879    7.90632e-06
-2.51327     0.418879    1.11814e-05
-2.30383     0.418879    1.31658e-05
-2.0944     0.418879    1.42298e-05
-1.88496     0.418879    1.47514e-05
-1.67552     0.418879    1.49332e-05
-1.46608     0.418879    1.48111e-05
-1.25664     0.418879    1.4289e-05
-1.0472     0.418879    1.31816e-05
-0.837758     0.418879    1.13132e-05
-0.628319     0.418879    8.91174e-06
-0.418879     0.418879    6.19513e-06
-0.20944     0.418879    4.67378e-06
0     0.418879    1.58141e-06
0.20944     0.418879    4.42278e-06
0.418879     0.418879    6.20141e-06
0.628319     0.418879    8.84707e-06
0.837758     0.418879    1.13122e-05
1.0472     0.418879    1.31771e-05
1.25664     0.418879    1.42916e-05
1.46608     0.418879    1.48121e-05
1.67552     0.418879    1.49339e-05
1.88496     0.418879    1.47511e-05
2.0944     0.418879    1.42292e-05
2.30383     0.418879    1.3164e-05
2.51327     0.418879    1.11805e-05
2.72271     0.418879    7.90674e-06
2.93215     0.418879    3.00419e-06
3.14159     0.418879    3.63259e-06

-3.14159     0.628319    2.88752e-06
-2.93215     0.628319    9.38953e-06
-2.72271     0.628319    1.33257e-05
-2.51327     0.628319    1.5232e-05
-2.30383     0.628319    1.58354e-05
-2.0944     0.628319    1.58291e-05
-1.88496     0.628319    1.56237e-05
-1.67552     0.628319    1.54125e-05
-1.46608     0.628319    1.51765e-05
-1.25664     0.628319    1.47796e-05
-1.0472     0.628319    1.38909e-05
-0.837758     0.628319    1.24668e-05
-0.628319     0.628319    1.06591e-05
-0.418879     0.628319    9.04371e-06
-0.20944     0.628319    7.37357e-06
0     0.628319    8.67516e-06
0.20944     0.628319    7.5546e-06
0.418879     0.628319    8.98253e-06
0.628319     0.628319    1.06732e-05
0.837758     0.628319    1.2474e-05
1.0472     0.628319    1.38947e-05
1.25664     0.628319    1.47823e-05
1.46608     0.628319    1.51732e-05
1.67552     0.628319    1.54116e-05
1.88496     0.628319    1.56225e-05
2.0944     0.628319    1.58295e-05
2.30383     0.628319    1.58353e-05
2.51327     0.628319    1.52313e-05
2.72271     0.628319    1.33243e-05
2.93215     0.628319    9.3897e-06
3.14159     0.628319    2.8864e-06

-3.14159     0.837758    7.60326e-06
-2.93215     0.837758    1.35614e-05
-2.72271     0.837758    1.6566e-05
-2.51327     0.837758    1.73268e-05
-2.30383     0.837758    1.69772e-05
-2.0944     0.837758    1.63065e-05
-1.88496     0.837758    1.57299e-05
-1.67552     0.837758    1.54048e-05
-1.46608     0.837758    1.52814e-05
-1.25664     0.837758    1.50528e-05
-1.0472     0.837758    1.44525e-05
-0.837758     0.837758    1.34347e-05
-0.628319     0.837758    1.2163e-05
-0.418879     0.837758    1.09631e-05
-0.20944     0.837758    1.03311e-05
0     0.837758    8.8887e-06
0.20944     0.837758    1.04128e-05
0.418879     0.837758    1.09919e-05
0.628319     0.837758    1.21718e-05
0.837758     0.837758    1.34318e-05
1.0472     0.837758    1.44476e-05
1.25664     0.837758    1.50525e-05
1.46608     0.837758    1.5281e-05
1.67552     0.837758    1.54042e-05
1.88496     0.837758    1.57296e-05
2.0944     0.837758    1.63075e-05
2.30383     0.837758    1.69767e-05
2.51327     0.837758    1.73264e-05
2.72271     0.837758    1.65648e-05
2.93215     0.837758    1.35608e-05
3.14159     0.837758    7.6032e-06

-3.14159     1.0472    1.02709e-05
-2.93215     1.0472    1.58497e-05
-2.72271     1.0472    1.83196e-05
-2.51327     1.0472    1.8459e-05
-2.30383     1.0472    1.75787e-05
-2.0944     1.0472    1.65438e-05
-1.88496     1.0472    1.58213e-05
-1.67552     1.0472    1.54802e-05
-1.46608     1.0472    1.53934e-05
-1.25664     1.0472    1.52021e-05
-1.0472     1.0472    1.46539e-05
-0.837758     1.0472    1.3812e-05
-0.628319     1.0472    1.3153e-05
-0.418879     1.0472    1.28858e-05
-0.20944     1.0472    1.28011e-05
0     1.0472    1.32764e-05
0.20944     1.0472    1.25187e-05
0.418879     1.0472    1.28683e-05
0.628319     1.0472    1.31485e-05
0.837758     1.0472    1.38077e-05
1.0472     1.0472    1.46525e-05
1.25664     1.0472    1.52017e-05
1.46608     1.0472    1.53951e-05
1.67552     1.0472    1.5479e-05
1.88496     1.0472    1.5821e-05
2.0944     1.0472    1.6544e-05
2.30383     1.0472    1.75776e-05
2.51327     1.0472    1.84588e-05
2.72271     1.0472    1.83194e-05
2.93215     1.0472    1.58498e-05
3.14159     1.0472    1.02707e-05

-3.14159     1.25664    1.13664e-05
-2.93215     1.25664    1.66187e-05
-2.72271     1.25664    1.91881e-05
-2.51327     1.25664    1.92638e-05
-2.30383     1.25664    1.82145e-05
-2.0944     1.25664    1.70475e-05
-1.88496     1.25664    1.62281e-05
-1.67552     1.25664    1.58256e-05
-1.46608     1.25664    1.55672e-05
-1.25664     1.25664    1.50978e-05
-1.0472     1.25664    1.42561e-05
-0.837758     1.25664    1.3607e-05
-0.628319     1.25664    1.36077e-05
-0.418879     1.25664    1.3906e-05
-0.20944     1.25664    1.38697e-05
0     1.25664    1.36993e-05
0.20944     1.25664    1.42401e-05
0.418879     1.25664    1.39096e-05
0.628319     1.25664    1.36194e-05
0.837758     1.25664    1.36097e-05
1.0472     1.25664    1.42567e-05
1.25664     1.25664    1.50973e-05
1.46608     1.25664    1.55635e-05
1.67552     1.25664    1.58247e-05
1.88496     1.25664    1.62281e-05
2.0944     1.25664    1.70479e-05
2.30383     1.25664    1.82141e-05
2.51327     1.25664    1.9263e-05
2.72271     1.25664    1.91868e-05
2.93215     1.25664    1.66183e-05
3.14159     1.25664    1.13657e-05

-3.14159     1.46608    1.14054e-05
-2.93215     1.46608    1.60618e-05
-2.72271     1.46608    1.91675e-05
-2.51327     1.46608    1.97402e-05
-2.30383     1.46608    1.88916e-05
-2.0944     1.46608    1.7738e-05
-1.88496     1.46608    1.68148e-05
-1.67552     1.46608    1.61416e-05
-1.46608     1.46608    1.53767e-05
-1.25664     1.46608    1.42104e-05
-1.0472     1.46608    1.30705e-05
-0.837758     1.46608    1.29307e-05
-0.628319     1.46608    1.38375e-05
-0.418879     1.46608    1.46838e-05
-0.20944     1.46608    1.51866e-05
0     1.46608    1.50824e-05
0.20944     1.46608    1.48112e-05
0.418879     1.46608    1.46805e-05
0.628319     1.46608    1.383e-05
0.837758     1.46608    1.29299e-05
1.0472     1.46608    1.30698e-05
1.25664     1.46608    1.4211e-05
1.46608     1.46608    1.53743e-05
1.67552     1.46608    1.61439e-05
1.88496     1.46608    1.68157e-05
2.0944     1.46608    1.77378e-05
2.30383     1.46608    1.88906e-05
2.51327     1.46608    1.97396e-05
2.72271     1.46608    1.91673e-05
2.93215     1.46608    1.60607e-05
3.14159     1.46608    1.14043e-05

-3.14159     1.67552    1.1093e-05
-2.93215     1.67552    1.4317e-05
-2.72271     1.67552    1.78757e-05
-2.51327     1.67552    1.93884e-05
-2.30383     1.67552    1.90959e-05
-2.0944     1.67552    1.80972e-05
-1.88496     1.67552    1.69836e-05
-1.67552     1.67552    1.57263e-05
-1.46608     1.67552    1.40295e-05
-1.25664     1.67552    1.20738e-05
-1.0472     1.67552    1.11494e-05
-0.837758     1.67552    1.22137e-05
-0.628319     1.67552    1.40623e-05
-0.418879     1.67552    1.51489e-05
-0.20944     1.67552    1.508e-05
0     1.67552    1.53836e-05
0.20944     1.67552    1.53852e-05
0.418879     1.67552    1.51466e-05
0.628319     1.67552    1.40715e-05
0.837758     1.67552    1.22154e-05
1.0472     1.67552    1.11509e-05
1.25664     1.67552    1.20738e-05
1.46608     1.67552    1.40304e-05
1.67552     1.67552    1.57266e-05
1.88496     1.67552    1.69828e-05
2.0944     1.67552    1.80969e-05
2.30383     1.67552    1.90963e-05
2.51327     1.67552    1.93881e-05
2.72271     1.67552    1.78756e-05
2.93215     1.67552    1.43151e-05
3.14159     1.67552    1.10916e-05

-3.14159     1.88496    1.10263e-05
-2.93215     1.88496    1.1862e-05
-2.72271     1.88496    1.49697e-05
-2.51327     1.88496    1.73803e-05
-2.30383     1.88496    1.79292e-05
-2.0944     1.88496    1.71954e-05
-1.88496     1.88496    1.57275e-05
-1.67552     1.88496    1.35552e-05
-1.46608     1.88496    1.07788e-05
-1.25664     1.88496    8.61383e-06
-1.0472     1.88496    9.03989e-06
-0.837758     1.88496    1.18476e-05
-0.628319     1.88496    1.44685e-05
-0.418879     1.88496    1.54599e-05
-0.20944     1.88496    1.56504e-05
0     1.88496    1.51413e-05
0.20944     1.88496    1.54436e-05
0.418879     1.88496    1.5468e-05
0.628319     1.88496    1.44637e-05
0.837758     1.88496    1.18485e-05
1.0472     1.88496    9.04075e-06
1.25664     1.88496    8.61478e-06
1.46608     1.88496    1.07795e-05
1.67552     1.88496    1.35547e-05
1.88496     1.88496    1.57277e-05
2.0944     1.88496    1.71951e-05
2.30383     1.88496    1.79286e-05
2.51327     1.88496    1.73796e-05
2.72271     1.88496    1.49693e-05
2.93215     1.88496    1.18607e-05
3.14159     1.88496    1.1025e-05

-3.14159     2.0944    1.13095e-05
-2.93215     2.0944    9.29109e-06
-2.72271     2.0944    1.05611e-05
-2.51327     2.0944    1.29866e-05
-2.30383     2.0944    1.42572e-05
-2.0944     2.0944    1.38178e-05
-1.88496     2.0944    1.18745e-05
-1.67552     2.0944    8.76325e-06
-1.46608     2.0944    5.54286e-06
-1.25664     2.0944    4.61176e-06
-1.0472     2.0944    7.42708e-06
-0.837758     2.0944    1.19722e-05
-0.628319     2.0944    1.49974e-05
-0.418879     2.0944    1.59494e-05
-0.20944     2.0944    1.57265e-05
0     2.0944    1.59566e-05
0.20944     2.0944    1.58313e-05
0.418879     2.0944    1.59424e-05
0.628319     2.0944    1.50004e-05
0.837758     2.0944    1.1973e-05
1.0472     2.0944    7.42913e-06
1.25664     2.0944    4.61167e-06
1.46608     2.0944    5.5447e-06
1.67552     2.0944    8.76509e-06
1.88496     2.0944    1.18743e-05
2.0944     2.0944    1.38169e-05
2.30383     2.0944    1.4258e-05
2.51327     2.0944    1.29858e-05
2.72271     2.0944    1.05612e-05
2.93215     2.0944    9.29013e-06
3.14159     2.0944    1.13082e-05

-3.14159     2.30383    1.14618e-05
-2.93215     2.30383    6.81135e-06
-2.72271     2.30383    5.27027e-06
-2.51327     2.30383    6.29651e-06
-2.30383     2.30383    7.50148e-06
-2.0944     2.30383    7.15113e-06
-1.88496     2.30383    4.90446e-06
-1.67552     2.30383    1.64281e-06
-1.46608     2.30383    4.20003e-07
-1.25664     2.30383    1.19294e-06
-1.0472     2.30383    6.60527e-06
-0.837758     2.30383    1.24183e-05
-0.628319     2.30383    1.56499e-05
-0.418879     2.30383    1.65157e-05
-0.20944     2.30383    1.64754e-05
0     2.30383    1.60695e-05
0.20944     2.30383    1.64598e-05
0.418879     2.30383    1.65259e-05
0.628319     2.30383    1.56503e-05
0.837758     2.30383    1.2421e-05
1.0472     2.30383    6.60548e-06
1.25664     2.30383    1.19348e-06
1.46608     2.30383    4.18545e-07
1.67552     2.30383    1.6439e-06
1.88496     2.30383    4.90545e-06
2.0944     2.30383    7.15073e-06
2.30383     2.30383    7.50154e-06
2.51327     2.30383    6.29677e-06
2.72271     2.30383    5.26849e-06
2.93215     2.30383    6.80971e-06
3.14159     2.30383    1.1461e-05

-3.14159     2.51327    1.07732e-05
-2.93215     2.51327    4.2095e-06
-2.72271     2.51327    2.43471e-07
-2.51327     2.51327    1.67866e-06
-2.30383     2.51327    1.69325e-06
-2.0944     2.51327    2.34364e-06
-1.88496     2.51327    4.22066e-06
-1.67552     2.51327    6.05517e-06
-1.46608     2.51327    5.61508e-06
-1.25664     2.51327    1.2414e-06
-1.0472     2.51327    6.22689e-06
-0.837758     2.51327    1.2821e-05
-0.628319     2.51327    1.63198e-05
-0.418879     2.51327    1.74588e-05
-0.20944     2.51327    1.75801e-05
0     2.51327    1.76927e-05
0.20944     2.51327    1.75319e-05
0.418879     2.51327    1.74495e-05
0.628319     2.51327    1.6319e-05
0.837758     2.51327    1.282e-05
1.0472     2.51327    6.2277e-06
1.25664     2.51327    1.24071e-06
1.46608     2.51327    5.61454e-06
1.67552     2.51327    6.05451e-06
1.88496     2.51327    4.21972e-06
2.0944     2.51327    2.34561e-06
2.30383     2.51327    1.69458e-06
2.51327     2.51327    1.67923e-06
2.72271     2.51327    2.44467e-07
2.93215     2.51327    4.20846e-06
3.14159     2.51327    1.07728e-05

-3.14159     2.72271    8.65616e-06
-2.93215     2.72271    9.16029e-07
-2.72271     2.72271    5.78209e-06
-2.51327     2.72271    9.72371e-06
-2.30383     2.72271    1.15797e-05
-2.0944     2.72271    1.26491e-05
-1.88496     2.72271    1.3267e-05
-1.67552     2.72271    1.27524e-05
-1.46608     2.72271    9.80812e-06
-1.25664     2.72271    3.23753e-06
-1.0472     2.72271    5.52977e-06
-0.837758     2.72271    1.26907e-05
-0.628319     2.72271    1.66892e-05
-0.418879     2.72271    1.83026e-05
-0.20944     2.72271    1.87158e-05
0     2.72271    1.87509e-05
0.20944     2.72271    1.87961e-05
0.418879     2.72271    1.83097e-05
0.628319     2.72271    1.66919e-05
0.837758     2.72271    1.26918e-05
1.0472     2.72271    5.53067e-06
1.25664     2.72271    3.23743e-06
1.46608     2.72271    9.80638e-06
1.67552     2.72271    1.27524e-05
1.88496     2.72271    1.32681e-05
2.0944     2.72271    1.26499e-05
2.30383     2.72271    1.15789e-05
2.51327     2.72271    9.72583e-06
2.72271     2.72271    5.78181e-06
2.93215     2.72271    9.14577e-07
3.14159     2.72271    8.65627e-06

-3.14159     2.93215    4.64576e-06
-2.93215     2.93215    3.68778e-06
-2.72271     2.93215    1.15957e-05
-2.51327     2.93215    1.70405e-05
-2.30383     2.93215    1.9879e-05
-2.0944     2.93215    2.07846e-05
-1.88496     2.93215    2.02021e-05
-1.67552     2.93215    1.81689e-05
-1.46608     2.93215    1.37249e-05
-1.25664     2.93215    5.84771e-06
-1.0472     2.93215    3.61799e-06
-0.837758     2.93215    1.12888e-05
-0.628319     2.93215    1.60557e-05
-0.418879     2.93215    1.84921e-05
-0.20944     2.93215    1.96056e-05
0     2.93215    1.98277e-05
0.20944     2.93215    1.95254e-05
0.418879     2.93215    1.84886e-05
0.628319     2.93215    1.60547e-05
0.837758     2.93215    1.12886e-05
1.0472     2.93215    3.61873e-06
1.25664     2.93215    5.84715e-06
1.46608     2.93215    1.37245e-05
1.67552     2.93215    1.81682e-05
1.88496     2.93215    2.02012e-05
2.0944     2.93215    2.07848e-05
2.30383     2.93215    1.98801e-05
2.51327     2.93215    1.70403e-05
2.72271     2.93215    1.15954e-05
2.93215     2.93215    3.68902e-06
3.14159     2.93215    4.64488e-06

-3.14159     3.14159    1.45764e-06
-2.93215     3.14159    9.59863e-06
-2.72271     3.14159    1.72655e-05
-2.51327     3.14159    2.23967e-05
-2.30383     3.14159    2.46239e-05
-2.0944     3.14159    2.49217e-05
-1.88496     3.14159    2.41919e-05
-1.67552     3.14159    2.22673e-05
-1.46608     3.14159    1.77335e-05
-1.25664     3.14159    9.62017e-06
-1.0472     3.14159    1.35861e-07
-0.837758     3.14159    7.80132e-06
-0.628319     3.14159    1.32905e-05
-0.418879     3.14159    1.66033e-05
-0.20944     3.14159    1.8152e-05
0     3.14159    1.87326e-05
0.20944     3.14159    1.82125e-05
0.418879     3.14159    1.66035e-05
0.628319     3.14159    1.32922e-05
0.837758     3.14159    7.8006e-06
1.0472     3.14159    1.35737e-07
1.25664     3.14159    9.62036e-06
1.46608     3.14159    1.77339e-05
1.67552     3.14159    2.22662e-05
1.88496     3.14159    2.41935e-05
2.0944     3.14159    2.49232e-05
2.30383     3.14159    2.46199e-05
2.51327     3.14159    2.23958e-05
2.72271     3.14159    1.72647e-05
2.93215     3.14159    9.59852e-06
3.14159     3.14159    1.45831e-06

