-3.14159     -3.14159    4.09007e-05
-2.93215     -3.14159    8.13182e-05
-2.72271     -3.14159    5.74657e-05
-2.51327     -3.14159    1.82007e-06
-2.30383     -3.14159    4.59648e-05
-2.0944     -3.14159    0.000105244
-1.88496     -3.14159    0.000101498
-1.67552     -3.14159    5.71632e-05
-1.46608     -3.14159    2.81311e-05
-1.25664     -3.14159    3.80932e-05
-1.0472     -3.14159    5.35546e-05
-0.837758     -3.14159    2.00446e-05
-0.628319     -3.14159    0.00011526
-0.418879     -3.14159    6.63142e-05
-0.20944     -3.14159    0.000110008
0     -3.14159    6.38678e-05
0.20944     -3.14159    0.00011983
0.418879     -3.14159    1.173e-05
0.628319     -3.14159    0.000112865
0.837758     -3.14159    1.65543e-05
1.0472     -3.14159    9.56227e-06
1.25664     -3.14159    3.41627e-05
1.46608     -3.14159    2.13604e-05
1.67552     -3.14159    1.34204e-05
1.88496     -3.14159    8.46899e-05
2.0944     -3.14159    5.34765e-05
2.30383     -3.14159    4.67006e-05
2.51327     -3.14159    0.000100776
2.72271     -3.14159    9.37667e-06
2.93215     -3.14159    7.14225e-06
3.14159     -3.14159    4.51947e-05

-3.14159     -2.93215    4.52318e-05
-2.93215     -2.93215    3.71308e-05
-2.72271     -2.93215    0.000106769
-2.51327     -2.93215    0.000130537
-2.30383     -2.93215    2.67952e-05
-2.0944     -2.93215    1.25601e-05
-1.88496     -2.93215    2.13579e-05
-1.67552     -2.93215    1.75892e-05
-1.46608     -2.93215    2.30801e-05
-1.25664     -2.93215    4.19876e-05
-1.0472     -2.93215    6.2527e-05
-0.837758     -2.93215    3.2643e-05
-0.628319     -2.93215    2.15296e-05
-0.418879     -2.93215    2.12443e-05
-0.20944     -2.93215    4.5899e-05
0     -2.93215    0.000130596
0.20944     -2.93215    0.000100064
0.418879     -2.93215    1.42163e-05
0.628319     -2.93215    5.06851e-05
0.837758     -2.93215    5.59659e-05
1.0472     -2.93215    6.85735e-06
1.25664     -2.93215    2.01359e-05
1.46608     -2.93215    2.16376e-05
1.67552     -2.93215    0.000100296
1.88496     -2.93215    6.69959e-05
2.0944     -2.93215    4.55943e-05
2.30383     -2.93215    6.45277e-05
2.51327     -2.93215    9.02436e-05
2.72271     -2.93215    8.11055e-05
2.93215     -2.93215    3.34391e-05
3.14159     -2.93215    8.74931e-06

-3.14159     -2.72271    7.79241e-05
-2.93215     -2.72271    9.43174e-05
-2.72271     -2.72271    0.000109369
-2.51327     -2.72271    0.000103396
-2.30383     -2.72271    2.55998e-05
-2.0944     -2.72271    3.42644e-05
-1.88496     -2.72271    6.15244e-05
-1.67552     -2.72271    5.3755e-05
-1.46608     -2.72271    5.92278e-05
-1.25664     -2.72271    2.78385e-05
-1.0472     -2.72271    1.71256e-05
-0.837758     -2.72271    8.52896e-05
-0.628319     -2.72271    2.97451e-05
-0.418879     -2.72271    5.67998e-05
-0.20944     -2.72271    2.63171e-05
0     -2.72271    0.000149104
0.20944     -2.72271    2.48753e-05
0.418879     -2.72271    5.91066e-05
0.628319     -2.72271    2.57154e-05
0.837758     -2.72271    2.18332e-05
1.0472     -2.72271    1.02481e-05
1.25664     -2.72271    4.72137e-05
1.46608     -2.72271    3.46188e-05
1.67552     -2.72271    6.31258e-05
1.88496     -2.72271    2.60998e-05
2.0944     -2.72271    4.31658e-05
2.30383     -2.72271    3.24988e-05
2.51327     -2.72271    1.52301e-05
2.72271     -2.72271    0.000103936
2.93215     -2.72271    8.68049e-05
3.14159     -2.72271    6.94471e-05

-3.14159     -2.51327    2.28119e-05
-2.93215     -2.51327    0.0002325
-2.72271     -2.51327    0.000110257
-2.51327     -2.51327    5.11796e-05
-2.30383     -2.51327    4.24874e-05
-2.0944     -2.51327    1.77899e-05
-1.88496     -2.51327    4.53766e-05
-1.67552     -2.51327    3.28465e-05
-1.46608     -2.51327    2.97095e-05
-1.25664     -2.51327    1.57624e-05
-1.0472     -2.51327    9.2025e-06
-0.837758     -2.51327    0.000120034
-0.628319     -2.51327    5.05794e-05
-0.418879     -2.51327    4.9784e-05
-0.20944     -2.51327    4.83326e-06
0     -2.51327    6.12322e-05
0.20944     -2.51327    7.13686e-05
0.418879     -2.51327    2.98312e-05
0.628319     -2.51327    3.62612e-05
0.837758     -2.51327    2.66711e-05
1.0472     -2.51327    1.54289e-05
1.25664     -2.51327    2.1429e-05
1.46608     -2.51327    2.51317e-05
1.67552     -2.51327    2.8334e-05
1.88496     -2.51327    4.70656e-05
2.0944     -2.51327    7.18645e-05
2.30383     -2.51327    1.60398e-05
2.51327     -2.51327    5.34327e-05
2.72271     -2.51327    0.000133739
2.93215     -2.51327    0.000327978
3.14159     -2.51327    3.32961e-06

-3.14159     -2.30383    0.000159612
-2.93215     -2.30383    8.97042e-05
-2.72271     -2.30383    0.000319148
-2.51327     -2.30383    0.000150907
-2.30383     -2.30383    2.40601e-05
-2.0944     -2.30383    8.40481e-05
-1.88496     -2.30383    1.9187e-05
-1.67552     -2.30383    3.1205e-05
-1.46608     -2.30383    2.05704e-06
-1.25664     -2.30383    3.00512e-05
-1.0472     -2.30383    4.6099e-05
-0.837758     -2.30383    0.000127835
-0.628319     -2.30383    5.40037e-05
-0.418879     -2.30383    1.34628e-05
-0.20944     -2.30383    3.29666e-05
0     -2.30383    2.687e-05
0.20944     -2.30383    9.05556e-06
0.418879     -2.30383    4.07928e-05
0.628319     -2.30383    2.42468e-06
0.837758     -2.30383    9.42439e-05
1.0472     -2.30383    2.98932e-05
1.25664     -2.30383    6.59365e-05
1.46608     -2.30383    3.4193e-05
1.67552     -2.30383    4.49651e-05
1.88496     -2.30383    1.18674e-05
2.0944     -2.30383    2.4633e-05
2.30383     -2.30383    2.21502e-05
2.51327     -2.30383    1.11146e-05
2.72271     -2.30383    7.94633e-06
2.93215     -2.30383    0.000235769
3.14159     -2.30383    0.000189473

-3.14159     -2.0944    8.76082e-05
-2.93215     -2.0944    0.000157999
-2.72271     -2.0944    5.05557e-05
-2.51327     -2.0944    7.10879e-05
-2.30383     -2.0944    4.23038e-05
-2.0944     -2.0944    3.08899e-05
-1.88496     -2.0944    4.46027e-05
-1.67552     -2.0944    7.39918e-05
-1.46608     -2.0944    7.91523e-05
-1.25664     -2.0944    3.86632e-05
-1.0472     -2.0944    5.80768e-05
-0.837758     -2.0944    2.60192e-05
-0.628319     -2.0944    2.70406e-05
-0.418879     -2.0944    2.76784e-05
-0.20944     -2.0944    9.74101e-05
0     -2.0944    1.67349e-05
0.20944     -2.0944    3.26226e-05
0.418879     -2.0944    6.76889e-05
0.628319     -2.0944    3.18987e-05
0.837758     -2.0944    7.16553e-05
1.0472     -2.0944    6.21023e-05
1.25664     -2.0944    1.44749e-05
1.46608     -2.0944    3.60665e-05
1.67552     -2.0944    4.77582e-05
1.88496     -2.0944    3.05643e-05
2.0944     -2.0944    8.17144e-05
2.30383     -2.0944    1.9493e-05
2.51327     -2.0944    2.92839e-06
2.72271     -2.0944    0.000193019
2.93215     -2.0944    0.000142287
3.14159     -2.0944    0.00025797

-3.14159     -1.88496    0.000126353
-2.93215     -1.88496    0.000188694
-2.72271     -1.88496    7.09347e-05
-2.51327     -1.88496    6.24336e-05
-2.30383     -1.88496    1.34625e-05
-2.0944     -1.88496    8.05924e-05
-1.88496     -1.88496    3.43745e-05
-1.67552     -1.88496    3.54348e-05
-1.46608     -1.88496    1.48158e-05
-1.25664     -1.88496    3.18608e-05
-1.0472     -1.88496    2.7443e-05
-0.837758     -1.88496    9.89284e-06
-0.628319     -1.88496    3.43197e-05
-0.418879     -1.88496    4.53764e-05
-0.20944     -1.88496    6.36661e-05
0     -1.88496    2.65115e-05
0.20944     -1.88496    3.58976e-05
0.418879     -1.88496    2.66307e-05
0.628319     -1.88496    1.24271e-05
0.837758     -1.88496    4.70016e-05
1.0472     -1.88496    4.33204e-05
1.25664     -1.88496    3.85825e-05
1.46608     -1.88496    1.89865e-05
1.67552     -1.88496    3.16223e-05
1.88496     -1.88496    2.2872e-05
2.0944     -1.88496    1.16727e-05
2.30383     -1.88496    1.39084e-05
2.51327     -1.88496    2.04271e-05
2.72271     -1.88496    0.000213088
2.93215     -1.88496    0.000155454
3.14159     -1.88496    0.000211209

-3.14159     -1.67552    0.000143297
-2.93215     -1.67552    0.000116576
-2.72271     -1.67552    5.71878e-05
-2.51327     -1.67552    3.02104e-05
-2.30383     -1.67552    3.34027e-05
-2.0944     -1.67552    1.74263e-05
-1.88496     -1.67552    2.98813e-05
-1.67552     -1.67552    4.1892e-05
-1.46608     -1.67552    1.56851e-05
-1.25664     -1.67552    5.52622e-05
-1.0472     -1.67552    1.99247e-05
-0.837758     -1.67552    9.4278e-05
-0.628319     -1.67552    3.93948e-05
-0.418879     -1.67552    3.63379e-05
-0.20944     -1.67552    4.22322e-05
0     -1.67552    1.1297e-05
0.20944     -1.67552    3.03976e-05
0.418879     -1.67552    3.16666e-05
0.628319     -1.67552    1.48152e-05
0.837758     -1.67552    0.000119704
1.0472     -1.67552    6.66478e-05
1.25664     -1.67552    4.71268e-05
1.46608     -1.67552    3.3282e-05
1.67552     -1.67552    3.11804e-05
1.88496     -1.67552    2.56333e-05
2.0944     -1.67552    3.93465e-05
2.30383     -1.67552    2.04552e-05
2.51327     -1.67552    1.84579e-05
2.72271     -1.67552    8.18535e-05
2.93215     -1.67552    0.000185247
3.14159     -1.67552    0.000269011

-3.14159     -1.46608    3.28308e-05
-2.93215     -1.46608    0.000165675
-2.72271     -1.46608    3.02537e-05
-2.51327     -1.46608    7.82829e-05
-2.30383     -1.46608    5.27565e-05
-2.0944     -1.46608    2.67929e-05
-1.88496     -1.46608    3.36394e-05
-1.67552     -1.46608    2.97359e-05
-1.46608     -1.46608    2.64453e-05
-1.25664     -1.46608    1.17281e-05
-1.0472     -1.46608    5.16471e-05
-0.837758     -1.46608    0.000143572
-0.628319     -1.46608    3.40152e-05
-0.418879     -1.46608    3.70137e-05
-0.20944     -1.46608    2.17446e-05
0     -1.46608    3.39375e-05
0.20944     -1.46608    7.23694e-05
0.418879     -1.46608    2.69196e-05
0.628319     -1.46608    6.12484e-05
0.837758     -1.46608    3.38369e-05
1.0472     -1.46608    3.03977e-05
1.25664     -1.46608    1.71458e-05
1.46608     -1.46608    7.06351e-05
1.67552     -1.46608    2.72344e-05
1.88496     -1.46608    1.97415e-05
2.0944     -1.46608    8.37924e-06
2.30383     -1.46608    4.50512e-05
2.51327     -1.46608    0.000112291
2.72271     -1.46608    7.53606e-05
2.93215     -1.46608    0.00018608
3.14159     -1.46608    0.000231199

-3.14159     -1.25664    0.000150332
-2.93215     -1.25664    3.05178e-05
-2.72271     -1.25664    3.19735e-05
-2.51327     -1.25664    3.63485e-05
-2.30383     -1.25664    9.38563e-05
-2.0944     -1.25664    6.09229e-05
-1.88496     -1.25664    3.88438e-05
-1.67552     -1.25664    4.84795e-05
-1.46608     -1.25664    1.2142e-05
-1.25664     -1.25664    6.88045e-05
-1.0472     -1.25664    3.49692e-05
-0.837758     -1.25664    3.42331e-05
-0.628319     -1.25664    0.00011791
-0.418879     -1.25664    4.93311e-05
-0.20944     -1.25664    4.72361e-05
0     -1.25664    1.72453e-05
0.20944     -1.25664    4.37964e-05
0.418879     -1.25664    8.44952e-05
0.628319     -1.25664    5.76549e-05
0.837758     -1.25664    6.2646e-05
1.0472     -1.25664    4.86483e-05
1.25664     -1.25664    5.00481e-05
1.46608     -1.25664    7.64228e-05
1.67552     -1.25664    4.49639e-05
1.88496     -1.25664    1.87428e-05
2.0944     -1.25664    3.0412e-05
2.30383     -1.25664    6.13737e-05
2.51327     -1.25664    1.21408e-05
2.72271     -1.25664    2.62058e-05
2.93215     -1.25664    7.06285e-05
3.14159     -1.25664    0.000138007

-3.14159     -1.0472    8.66107e-05
-2.93215     -1.0472    3.98524e-05
-2.72271     -1.0472    2.74781e-05
-2.51327     -1.0472    4.56715e-05
-2.30383     -1.0472    1.8914e-05
-2.0944     -1.0472    5.02942e-05
-1.88496     -1.0472    7.32327e-06
-1.67552     -1.0472    2.81402e-05
-1.46608     -1.0472    2.03296e-05
-1.25664     -1.0472    2.299e-05
-1.0472     -1.0472    2.6725e-05
-0.837758     -1.0472    7.53152e-05
-0.628319     -1.0472    5.34448e-05
-0.418879     -1.0472    7.30061e-05
-0.20944     -1.0472    3.89697e-05
0     -1.0472    7.85464e-05
0.20944     -1.0472    4.04581e-05
0.418879     -1.0472    1.39947e-05
0.628319     -1.0472    7.00861e-05
0.837758     -1.0472    1.78581e-05
1.0472     -1.0472    5.77163e-05
1.25664     -1.0472    3.09843e-05
1.46608     -1.0472    3.41943e-05
1.67552     -1.0472    7.30292e-06
1.88496     -1.0472    2.46847e-05
2.0944     -1.0472    4.8746e-05
2.30383     -1.0472    8.58655e-06
2.51327     -1.0472    4.41832e-06
2.72271     -1.0472    1.55018e-05
2.93215     -1.0472    6.55917e-05
3.14159     -1.0472    4.68931e-05

-3.14159     -0.837758    2.84008e-05
-2.93215     -0.837758    3.45584e-05
-2.72271     -0.837758    0.000121085
-2.51327     -0.837758    6.53767e-05
-2.30383     -0.837758    2.34273e-05
-2.0944     -0.837758    3.23257e-05
-1.88496     -0.837758    7.84285e-05
-1.67552     -0.837758    1.2157e-05
-1.46608     -0.837758    2.35601e-05
-1.25664     -0.837758    6.88282e-06
-1.0472     -0.837758    3.16407e-05
-0.837758     -0.837758    2.49872e-05
-0.628319     -0.837758    5.77119e-05
-0.418879     -0.837758    0.000113739
-0.20944     -0.837758    9.31605e-05
0     -0.837758    8.75992e-05
0.20944     -0.837758    3.12978e-05
0.418879     -0.837758    0.000126989
0.628319     -0.837758    4.75964e-05
0.837758     -0.837758    3.67196e-05
1.0472     -0.837758    3.51761e-05
1.25664     -0.837758    5.25614e-05
1.46608     -0.837758    2.5309e-05
1.67552     -0.837758    5.38927e-05
1.88496     -0.837758    1.91444e-05
2.0944     -0.837758    4.58762e-05
2.30383     -0.837758    3.83104e-05
2.51327     -0.837758    1.85483e-05
2.72271     -0.837758    8.78217e-05
2.93215     -0.837758    3.55887e-05
3.14159     -0.837758    6.07136e-05

-3.14159     -0.628319    4.86188e-05
-2.93215     -0.628319    1.80303e-05
-2.72271     -0.628319    9.57449e-05
-2.51327     -0.628319    3.93883e-05
-2.30383     -0.628319    2.6694e-05
-2.0944     -0.628319    5.6088e-05
-1.88496     -0.628319    3.75588e-05
-1.67552     -0.628319    1.40248e-05
-1.46608     -0.628319    3.82913e-05
-1.25664     -0.628319    2.74394e-05
-1.0472     -0.628319    2.33857e-05
-0.837758     -0.628319    9.43253e-05
-0.628319     -0.628319    8.43516e-05
-0.418879     -0.628319    0.000179436
-0.20944     -0.628319    0.000118692
0     -0.628319    0.000149738
0.20944     -0.628319    0.000163294
0.418879     -0.628319    0.000148628
0.628319     -0.628319    5.09815e-05
0.837758     -0.628319    1.01311e-05
1.0472     -0.628319    1.81659e-05
1.25664     -0.628319    3.32437e-05
1.46608     -0.628319    1.51118e-05
1.67552     -0.628319    6.14406e-05
1.88496     -0.628319    2.6623e-05
2.0944     -0.628319    2.22993e-05
2.30383     -0.628319    3.16861e-05
2.51327     -0.628319    5.03424e-05
2.72271     -0.628319    4.56521e-05
2.93215     -0.628319    6.29085e-06
3.14159     -0.628319    2.37967e-05

-3.14159     -0.418879    2.00359e-05
-2.93215     -0.418879    3.31879e-05
-2.72271     -0.418879    4.97457e-05
-2.51327     -0.418879    3.49551e-05
-2.30383     -0.418879    3.02777e-05
-2.0944     -0.418879    1.85404e-05
-1.88496     -0.418879    1.82014e-05
-1.67552     -0.418879    6.32489e-05
-1.46608     -0.418879    2.25994e-05
-1.25664     -0.418879    2.58021e-05
-1.0472     -0.418879    2.09605e-05
-0.837758     -0.418879    4.54386e-05
-0.628319     -0.418879    5.94271e-05
-0.418879     -0.418879    0.000374555
-0.20944     -0.418879    0.000165307
0     -0.418879    0.000188413
0.20944     -0.418879    0.000244069
0.418879     -0.418879    0.000126078
0.628319     -0.418879    0.000218774
0.837758     -0.418879    3.17113e-05
1.0472     -0.418879    1.18368e-05
1.25664     -0.418879    1.70098e-05
1.46608     -0.418879    3.00341e-05
1.67552     -0.418879    2.12986e-05
1.88496     -0.418879    2.19939e-05
2.0944     -0.418879    2.37497e-05
2.30383     -0.418879    1.87725e-05
2.51327     -0.418879    0.000126522
2.72271     -0.418879    2.96278e-05
2.93215     -0.418879    1.8368e-05
3.14159     -0.418879    2.3511e-05

-3.14159     -0.20944    2.51795e-05
-2.93215     -0.20944    6.47675e-06
-2.72271     -0.20944    6.62453e-05
-2.51327     -0.20944    1.02653e-05
-2.30383     -0.20944    6.36266e-05
-2.0944     -0.20944    3.34332e-05
-1.88496     -0.20944    3.47283e-05
-1.67552     -0.20944    4.55511e-05
-1.46608     -0.20944    5.39156e-05
-1.25664     -0.20944    6.9827e-05
-1.0472     -0.20944    2.67848e-05
-0.837758     -0.20944    2.04099e-05
-0.628319     -0.20944    0.000160621
-0.418879     -0.20944    0.000275492
-0.20944     -0.20944    0.000216732
0     -0.20944    0.00040524
0.20944     -0.20944    0.000137906
0.418879     -0.20944    0.000139969
0.628319     -0.20944    0.000372175
0.837758     -0.20944    6.08622e-05
1.0472     -0.20944    3.66617e-05
1.25664     -0.20944    6.7723e-05
1.46608     -0.20944    4.27508e-05
1.67552     -0.20944    8.9603e-06
1.88496     -0.20944    1.7553e-05
2.0944     -0.20944    8.05469e-05
2.30383     -0.20944    2.62963e-05
2.51327     -0.20944    3.70711e-05
2.72271     -0.20944    4.40271e-05
2.93215     -0.20944    2.77627e-05
3.14159     -0.20944    5.05642e-05

-3.14159     0    2.82925e-05
-2.93215     0    2.80215e-05
-2.72271     0    3.7737e-05
-2.51327     0    2.8924e-05
-2.30383     0    2.8131e-05
-2.0944     0    2.19859e-05
-1.88496     0    2.17672e-05
-1.67552     0    0.000135604
-1.46608     0    4.39047e-05
-1.25664     0    0.000118522
-1.0472     0    1.09082e-05
-0.837758     0    0.000118749
-0.628319     0    0.000205942
-0.418879     0    6.25274e-05
-0.20944     0    0.000403614
0     0    1.29616e-14
0.20944     0    0.000403614
0.418879     0    6.25274e-05
0.628319     0    0.000205942
0.837758     0    0.000118749
1.0472     0    1.09082e-05
1.25664     0    0.000118522
1.46608     0    4.39047e-05
1.67552     0    0.000135604
1.88496     0    2.17672e-05
2.0944     0    2.19859e-05
2.30383     0    2.8131e-05
2.51327     0    2.8924e-05
2.72271     0    3.7737e-05
2.93215     0    2.80215e-05
3.14159     0    2.82925e-05

-3.14159     0.20944    5.05642e-05
-2.93215     0.20944    2.77627e-05
-2.72271     0.20944    4.40271e-05
-2.51327     0.20944    3.70711e-05
-2.30383     0.20944    2.62963e-05
-2.0944     0.20944    8.05469e-05
-1.88496     0.20944    1.7553e-05
-1.67552     0.20944    8.9603e-06
-1.46608     0.20944    4.27508e-05
-1.25664     0.20944    6.7723e-05
-1.0472     0.20944    3.66617e-05
-0.837758     0.20944    6.08622e-05
-0.628319     0.20944    0.000372175
-0.418879     0.20944    0.000139969
-0.20944     0.20944    0.000137906
0     0.20944    0.00040524
0.20944     0.20944    0.000216732
0.418879     0.20944    0.000275492
0.628319     0.20944    0.000160621
0.837758     0.20944    2.04099e-05
1.0472     0.20944    2.67848e-05
1.25664     0.20944    6.9827e-05
1.46608     0.20944    5.39156e-05
1.67552     0.20944    4.55511e-05
1.88496     0.20944    3.47283e-05
2.0944     0.20944    3.34332e-05
2.30383     0.20944    6.36266e-05
2.51327     0.20944    1.02653e-05
2.72271     0.20944    6.62453e-05
2.93215     0.20944    6.47675e-06
3.14159     0.20944    2.51795e-05

-3.14159     0.418879    2.3511e-05
-2.93215     0.418879    1.8368e-05
-2.72271     0.418879    2.96278e-05
-2.51327     0.418879    0.000126522
-2.30383     0.418879    1.87725e-05
-2.0944     0.418879    2.37497e-05
-1.88496     0.418879    2.19939e-05
-1.67552     0.418879    2.12986e-05
-1.46608     0.418879    3.00341e-05
-1.25664     0.418879    1.70098e-05
-1.0472     0.418879    1.18368e-05
-0.837758     0.418879    3.17113e-05
-0.628319     0.418879    0.000218774
-0.418879     0.418879    0.000126078
-0.20944     0.418879    0.000244069
0     0.418879    0.000188413
0.20944     0.418879    0.000165307
0.418879     0.418879    0.000374555
0.628319     0.418879    5.94271e-05
0.837758     0.418879    4.54386e-05
1.0472     0.418879    2.09605e-05
1.25664     0.418879    2.58021e-05
1.46608     0.418879    2.25994e-05
1.67552     0.418879    6.32489e-05
1.88496     0.418879    1.82014e-05
2.0944     0.418879    1.85404e-05
2.30383     0.418879    3.02777e-05
2.51327     0.418879    3.49551e-05
2.72271     0.418879    4.97457e-05
2.93215     0.418879    3.31879e-05
3.14159     0.418879    2.00359e-05

-3.14159     0.628319    2.37967e-05
-2.93215     0.628319    6.29085e-06
-2.72271     0.628319    4.56521e-05
-2.51327     0.628319    5.03424e-05
-2.30383     0.628319    3.16861e-05
-2.0944     0.628319    2.22993e-05
-1.88496     0.628319    2.6623e-05
-1.67552     0.628319    6.14406e-05
-1.46608     0.628319    1.51118e-05
-1.25664     0.628319    3.32437e-05
-1.0472     0.628319    1.81659e-05
-0.837758     0.628319    1.01311e-05
-0.628319     0.628319    5.09815e-05
-0.418879     0.628319    0.000148628
-0.20944     0.628319    0.000163294
0     0.628319    0.000149738
0.20944     0.628319    0.000118692
0.418879     0.628319    0.000179436
0.628319     0.628319    8.43516e-05
0.837758     0.628319    9.43253e-05
1.0472     0.628319    2.33857e-05
1.25664     0.628319    2.74394e-05
1.46608     0.628319    3.82913e-05
1.67552     0.628319    1.40248e-05
1.88496     0.628319    3.75588e-05
2.0944     0.628319    5.6088e-05
2.30383     0.628319    2.6694e-05
2.51327     0.628319    3.93883e-05
2.72271     0.628319    9.57449e-05
2.93215     0.628319    1.80303e-05
3.14159     0.628319    4.86188e-05

-3.14159     0.837758    6.07136e-05
-2.93215     0.837758    3.55887e-05
-2.72271     0.837758    8.78217e-05
-2.51327     0.837758    1.85483e-05
-2.30383     0.837758    3.83104e-05
-2.0944     0.837758    4.58762e-05
-1.88496     0.837758    1.91444e-05
-1.67552     0.837758    5.38927e-05
-1.46608     0.837758    2.5309e-05
-1.25664     0.837758    5.25614e-05
-1.0472     0.837758    3.51761e-05
-0.837758     0.837758    3.67196e-05
-0.628319     0.837758    4.75964e-05
-0.418879     0.837758    0.000126989
-0.20944     0.837758    3.12978e-05
0     0.837758    8.75992e-05
0.20944     0.837758    9.31605e-05
0.418879     0.837758    0.000113739
0.628319     0.837758    5.77119e-05
0.837758     0.837758    2.49872e-05
1.0472     0.837758    3.16407e-05
1.25664     0.837758    6.88282e-06
1.46608     0.837758    2.35601e-05
1.67552     0.837758    1.2157e-05
1.88496     0.837758    7.84285e-05
2.0944     0.837758    3.23257e-05
2.30383     0.837758    2.34273e-05
2.51327     0.837758    6.53767e-05
2.72271     0.837758    0.000121085
2.93215     0.837758    3.45584e-05
3.14159     0.837758    2.84008e-05

-3.14159     1.0472    4.68931e-05
-2.93215     1.0472    6.55917e-05
-2.72271     1.0472    1.55018e-05
-2.51327     1.0472    4.41832e-06
-2.30383     1.0472    8.58655e-06
-2.0944     1.0472    4.8746e-05
-1.88496     1.0472    2.46847e-05
-1.67552     1.0472    7.30292e-06
-1.46608     1.0472    3.41943e-05
-1.25664     1.0472    3.09843e-05
-1.0472     1.0472    5.77163e-05
-0.837758     1.0472    1.78581e-05
-0.628319     1.0472    7.00861e-05
-0.418879     1.0472    1.39947e-05
-0.20944     1.0472    4.04581e-05
0     1.0472    7.85464e-05
0.20944     1.0472    3.89697e-05
0.418879     1.0472    7.30061e-05
0.628319     1.0472    5.34448e-05
0.837758     1.0472    7.53152e-05
1.0472     1.0472    2.6725e-05
1.25664     1.0472    2.299e-05
1.46608     1.0472    2.03296e-05
1.67552     1.0472    2.81402e-05
1.88496     1.0472    7.32327e-06
2.0944     1.0472    5.02942e-05
2.30383     1.0472    1.8914e-05
2.51327     1.0472    4.56715e-05
2.72271     1.0472    2.74781e-05
2.93215     1.0472    3.98524e-05
3.14159     1.0472    8.66107e-05

-3.14159     1.25664    0.000138007
-2.93215     1.25664    7.06285e-05
-2.72271     1.25664    2.62058e-05
-2.51327     1.25664    1.21408e-05
-2.30383     1.25664    6.13737e-05
-2.0944     1.25664    3.0412e-05
-1.88496     1.25664    1.87428e-05
-1.67552     1.25664    4.49639e-05
-1.46608     1.25664    7.64228e-05
-1.25664     1.25664    5.00481e-05
-1.0472     1.25664    4.86483e-05
-0.837758     1.25664    6.2646e-05
-0.628319     1.25664    5.76549e-05
-0.418879     1.25664    8.44952e-05
-0.20944     1.25664    4.37964e-05
0     1.25664    1.72453e-05
0.20944     1.25664    4.72361e-05
0.418879     1.25664    4.93311e-05
0.628319     1.25664    0.00011791
0.837758     1.25664    3.42331e-05
1.0472     1.25664    3.49692e-05
1.25664     1.25664    6.88045e-05
1.46608     1.25664    1.2142e-05
1.67552     1.25664    4.84795e-05
1.88496     1.25664    3.88438e-05
2.0944     1.25664    6.09229e-05
2.30383     1.25664    9.38563e-05
2.51327     1.25664    3.63485e-05
2.72271     1.25664    3.19735e-05
2.93215     1.25664    3.05178e-05
3.14159     1.25664    0.000150332

-3.14159     1.46608    0.000231199
-2.93215     1.46608    0.00018608
-2.72271     1.46608    7.53606e-05
-2.51327     1.46608    0.000112291
-2.30383     1.46608    4.50512e-05
-2.0944     1.46608    8.37924e-06
-1.88496     1.46608    1.97415e-05
-1.67552     1.46608    2.72344e-05
-1.46608     1.46608    7.06351e-05
-1.25664     1.46608    1.71458e-05
-1.0472     1.46608    3.03977e-05
-0.837758     1.46608    3.38369e-05
-0.628319     1.46608    6.12484e-05
-0.418879     1.46608    2.69196e-05
-0.20944     1.46608    7.23694e-05
0     1.46608    3.39375e-05
0.20944     1.46608    2.17446e-05
0.418879     1.46608    3.70137e-05
0.628319     1.46608    3.40152e-05
0.837758     1.46608    0.000143572
1.0472     1.46608    5.16471e-05
1.25664     1.46608    1.17281e-05
1.46608     1.46608    2.64453e-05
1.67552     1.46608    2.97359e-05
1.88496     1.46608    3.36394e-05
2.0944     1.46608    2.67929e-05
2.30383     1.46608    5.27565e-05
2.51327     1.46608    7.82829e-05
2.72271     1.46608    3.02537e-05
2.93215     1.46608    0.000165675
3.14159     1.46608    3.28308e-05

-3.14159     1.67552    0.000269011
-2.93215     1.67552    0.000185247
-2.72271     1.67552    8.18535e-05
-2.51327     1.67552    1.84579e-05
-2.30383     1.67552    2.04552e-05
-2.0944     1.67552    3.93465e-05
-1.88496     1.67552    2.56333e-05
-1.67552     1.67552    3.11804e-05
-1.46608     1.67552    3.3282e-05
-1.25664     1.67552    4.71268e-05
-1.0472     1.67552    6.66478e-05
-0.837758     1.67552    0.000119704
-0.628319     1.67552    1.48152e-05
-0.418879     1.67552    3.16666e-05
-0.20944     1.67552    3.03976e-05
0     1.67552    1.1297e-05
0.20944     1.67552    4.22322e-05
0.418879     1.67552    3.63379e-05
0.628319     1.67552    3.93948e-05
0.837758     1.67552    9.4278e-05
1.0472     1.67552    1.99247e-05
1.25664     1.67552    5.52622e-05
1.46608     1.67552    1.56851e-05
1.67552     1.67552    4.1892e-05
1.88496     1.67552    2.98813e-05
2.0944     1.67552    1.74263e-05
2.30383     1.67552    3.34027e-05
2.51327     1.67552    3.02104e-05
2.72271     1.67552    5.71878e-05
2.93215     1.67552    0.000116576
3.14159     1.67552    0.000143297

-3.14159     1.88496    0.000211209
-2.93215     1.88496    0.000155454
-2.72271     1.88496    0.000213088
-2.51327     1.88496    2.04271e-05
-2.30383     1.88496    1.39084e-05
-2.0944     1.88496    1.16727e-05
-1.88496     1.88496    2.2872e-05
-1.67552     1.88496    3.16223e-05
-1.46608     1.88496    1.89865e-05
-1.25664     1.88496    3.85825e-05
-1.0472     1.88496    4.33204e-05
-0.837758     1.88496    4.70016e-05
-0.628319     1.88496    1.24271e-05
-0.418879     1.88496    2.66307e-05
-0.20944     1.88496    3.58976e-05
0     1.88496    2.65115e-05
0.20944     1.88496    6.36661e-05
0.418879     1.88496    4.53764e-05
0.628319     1.88496    3.43197e-05
0.837758     1.88496    9.89284e-06
1.0472     1.88496    2.7443e-05
1.25664     1.88496    3.18608e-05
1.46608     1.88496    1.48158e-05
1.67552     1.88496    3.54348e-05
1.88496     1.88496    3.43745e-05
2.0944     1.88496    8.05924e-05
2.30383     1.88496    1.34625e-05
2.51327     1.88496    6.24336e-05
2.72271     1.88496    7.09347e-05
2.93215     1.88496    0.000188694
3.14159     1.88496    0.000126353

-3.14159     2.0944    0.00025797
-2.93215     2.0944    0.000142287
-2.72271     2.0944    0.000193019
-2.51327     2.0944    2.92839e-06
-2.30383     2.0944    1.9493e-05
-2.0944     2.0944    8.17144e-05
-1.88496     2.0944    3.05643e-05
-1.67552     2.0944    4.77582e-05
-1.46608     2.0944    3.60665e-05
-1.25664     2.0944    1.44749e-05
-1.0472     2.0944    6.21023e-05
-0.837758     2.0944    7.16553e-05
-0.628319     2.0944    3.18987e-05
-0.418879     2.0944    6.76889e-05
-0.20944     2.0944    3.26226e-05
0     2.0944    1.67349e-05
0.20944     2.0944    9.74101e-05
0.418879     2.0944    2.76784e-05
0.628319     2.0944    2.70406e-05
0.837758     2.0944    2.60192e-05
1.0472     2.0944    5.80768e-05
1.25664     2.0944    3.86632e-05
1.46608     2.0944    7.91523e-05
1.67552     2.0944    7.39918e-05
1.88496     2.0944    4.46027e-05
2.0944     2.0944    3.08899e-05
2.30383     2.0944    4.23038e-05
2.51327     2.0944    7.10879e-05
2.72271     2.0944    5.05557e-05
2.93215     2.0944    0.000157999
3.14159     2.0944    8.76082e-05

-3.14159     2.30383    0.000189473
-2.93215     2.30383    0.000235769
-2.72271     2.30383    7.94633e-06
-2.51327     2.30383    1.11146e-05
-2.30383     2.30383    2.21502e-05
-2.0944     2.30383    2.4633e-05
-1.88496     2.30383    1.18674e-05
-1.67552     2.30383    4.49651e-05
-1.46608     2.30383    3.4193e-05
-1.25664     2.30383    6.59365e-05
-1.0472     2.30383    2.98932e-05
-0.837758     2.30383    9.42439e-05
-0.628319     2.30383    2.42468e-06
-0.418879     2.30383    4.07928e-05
-0.20944     2.30383    9.05556e-06
0     2.30383    2.687e-05
0.20944     2.30383    3.29666e-05
0.418879     2.30383    1.34628e-05
0.628319     2.30383    5.40037e-05
0.837758     2.30383    0.000127835
1.0472     2.30383    4.6099e-05
1.25664     2.30383    3.00512e-05
1.46608     2.30383    2.05704e-06
1.67552     2.30383    3.1205e-05
1.88496     2.30383    1.9187e-05
2.0944     2.30383    8.40481e-05
2.30383     2.30383    2.40601e-05
2.51327     2.30383    0.000150907
2.72271     2.30383    0.000319148
2.93215     2.30383    8.97042e-05
3.14159     2.30383    0.000159612

-3.14159     2.51327    3.32961e-06
-2.93215     2.51327    0.000327978
-2.72271     2.51327    0.000133739
-2.51327     2.51327    5.34327e-05
-2.30383     2.51327    1.60398e-05
-2.0944     2.51327    7.18645e-05
-1.88496     2.51327    4.70656e-05
-1.67552     2.51327    2.8334e-05
-1.46608     2.51327    2.51317e-05
-1.25664     2.51327    2.1429e-05
-1.0472     2.51327    1.54289e-05
-0.837758     2.51327    2.66711e-05
-0.628319     2.51327    3.62612e-05
-0.418879     2.51327    2.98312e-05
-0.20944     2.51327    7.13686e-05
0     2.51327    6.12322e-05
0.20944     2.51327    4.83326e-06
0.418879     2.51327    4.9784e-05
0.628319     2.51327    5.05794e-05
0.837758     2.51327    0.000120034
1.0472     2.51327    9.2025e-06
1.25664     2.51327    1.57624e-05
1.46608     2.51327    2.97095e-05
1.67552     2.51327    3.28465e-05
1.88496     2.51327    4.53766e-05
2.0944     2.51327    1.77899e-05
2.30383     2.51327    4.24874e-05
2.51327     2.51327    5.11796e-05
2.72271     2.51327    0.000110257
2.93215     2.51327    0.0002325
3.14159     2.51327    2.28119e-05

-3.14159     2.72271    6.94471e-05
-2.93215     2.72271    8.68049e-05
-2.72271     2.72271    0.000103936
-2.51327     2.72271    1.52301e-05
-2.30383     2.72271    3.24988e-05
-2.0944     2.72271    4.31658e-05
-1.88496     2.72271    2.60998e-05
-1.67552     2.72271    6.31258e-05
-1.46608     2.72271    3.46188e-05
-1.25664     2.72271    4.72137e-05
-1.0472     2.72271    1.02481e-05
-0.837758     2.72271    2.18332e-05
-0.628319     2.72271    2.57154e-05
-0.418879     2.72271    5.91066e-05
-0.20944     2.72271    2.48753e-05
0     2.72271    0.000149104
0.20944     2.72271    2.63171e-05
0.418879     2.72271    5.67998e-05
0.628319     2.72271    2.97451e-05
0.837758     2.72271    8.52896e-05
1.0472     2.72271    1.71256e-05
1.25664     2.72271    2.78385e-05
1.46608     2.72271    5.92278e-05
1.67552     2.72271    5.3755e-05
1.88496     2.72271    6.15244e-05
2.0944     2.72271    3.42644e-05
2.30383     2.72271    2.55998e-05
2.51327     2.72271    0.000103396
2.72271     2.72271    0.000109369
2.93215     2.72271    9.43174e-05
3.14159     2.72271    7.79241e-05

-3.14159     2.93215    8.74931e-06
-2.93215     2.93215    3.34391e-05
-2.72271     2.93215    8.11055e-05
-2.51327     2.93215    9.02436e-05
-2.30383     2.93215    6.45277e-05
-2.0944     2.93215    4.55943e-05
-1.88496     2.93215    6.69959e-05
-1.67552     2.93215    0.000100296
-1.46608     2.93215    2.16376e-05
-1.25664     2.93215    2.01359e-05
-1.0472     2.93215    6.85735e-06
-0.837758     2.93215    5.59659e-05
-0.628319     2.93215    5.06851e-05
-0.418879     2.93215    1.42163e-05
-0.20944     2.93215    0.000100064
0     2.93215    0.000130596
0.20944     2.93215    4.5899e-05
0.418879     2.93215    2.12443e-05
0.628319     2.93215    2.15296e-05
0.837758     2.93215    3.2643e-05
1.0472     2.93215    6.2527e-05
1.25664     2.93215    4.19876e-05
1.46608     2.93215    2.30801e-05
1.67552     2.93215    1.75892e-05
1.88496     2.93215    2.13579e-05
2.0944     2.93215    1.25601e-05
2.30383     2.93215    2.67952e-05
2.51327     2.93215    0.000130537
2.72271     2.93215    0.000106769
2.93215     2.93215    3.71308e-05
3.14159     2.93215    4.52318e-05

-3.14159     3.14159    4.51947e-05
-2.93215     3.14159    7.14225e-06
-2.72271     3.14159    9.37667e-06
-2.51327     3.14159    0.000100776
-2.30383     3.14159    4.67006e-05
-2.0944     3.14159    5.34765e-05
-1.88496     3.14159    8.46899e-05
-1.67552     3.14159    1.34204e-05
-1.46608     3.14159    2.13604e-05
-1.25664     3.14159    3.41627e-05
-1.0472     3.14159    9.56227e-06
-0.837758     3.14159    1.65543e-05
-0.628319     3.14159    0.000112865
-0.418879     3.14159    1.173e-05
-0.20944     3.14159    0.00011983
0     3.14159    6.38678e-05
0.20944     3.14159    0.000110008
0.418879     3.14159    6.63142e-05
0.628319     3.14159    0.00011526
0.837758     3.14159    2.00446e-05
1.0472     3.14159    5.35546e-05
1.25664     3.14159    3.80932e-05
1.46608     3.14159    2.81311e-05
1.67552     3.14159    5.71632e-05
1.88496     3.14159    0.000101498
2.0944     3.14159    0.000105244
2.30383     3.14159    4.59648e-05
2.51327     3.14159    1.82007e-06
2.72271     3.14159    5.74657e-05
2.93215     3.14159    8.13182e-05
3.14159     3.14159    4.09007e-05

