-3.14159     -3.14159    3.70312e-06
-2.93215     -3.14159    6.34857e-06
-2.72271     -3.14159    1.60755e-05
-2.51327     -3.14159    2.28191e-05
-2.30383     -3.14159    2.5948e-05
-2.0944     -3.14159    2.64944e-05
-1.88496     -3.14159    2.55435e-05
-1.67552     -3.14159    2.28469e-05
-1.46608     -3.14159    1.67921e-05
-1.25664     -3.14159    6.3777e-06
-1.0472     -3.14159    5.4813e-06
-0.837758     -3.14159    1.51881e-05
-0.628319     -3.14159    2.177e-05
-0.418879     -3.14159    2.56367e-05
-0.20944     -3.14159    2.75023e-05
0     -3.14159    2.80549e-05
0.20944     -3.14159    2.7514e-05
0.418879     -3.14159    2.56367e-05
0.628319     -3.14159    2.17711e-05
0.837758     -3.14159    1.51887e-05
1.0472     -3.14159    5.47943e-06
1.25664     -3.14159    6.37676e-06
1.46608     -3.14159    1.67924e-05
1.67552     -3.14159    2.28462e-05
1.88496     -3.14159    2.55432e-05
2.0944     -3.14159    2.64949e-05
2.30383     -3.14159    2.59452e-05
2.51327     -3.14159    2.28179e-05
2.72271     -3.14159    1.60717e-05
2.93215     -3.14159    6.34841e-06
3.14159     -3.14159    3.7026e-06

-3.14159     -2.93215    1.12833e-05
-2.93215     -2.93215    1.15235e-06
-2.72271     -2.93215    8.71753e-06
-2.51327     -2.93215    1.56882e-05
-2.30383     -2.93215    1.94529e-05
-2.0944     -2.93215    2.07428e-05
-1.88496     -2.93215    2.00825e-05
-1.67552     -2.93215    1.74693e-05
-1.46608     -2.93215    1.17365e-05
-1.25664     -2.93215    1.77576e-06
-1.0472     -2.93215    9.90871e-06
-0.837758     -2.93215    1.91353e-05
-0.628319     -2.93215    2.46647e-05
-0.418879     -2.93215    2.73664e-05
-0.20944     -2.93215    2.84292e-05
0     -2.93215    2.86876e-05
0.20944     -2.93215    2.84109e-05
0.418879     -2.93215    2.73697e-05
0.628319     -2.93215    2.46647e-05
0.837758     -2.93215    1.91351e-05
1.0472     -2.93215    9.90953e-06
1.25664     -2.93215    1.77564e-06
1.46608     -2.93215    1.17344e-05
1.67552     -2.93215    1.74678e-05
1.88496     -2.93215    2.00793e-05
2.0944     -2.93215    2.07437e-05
2.30383     -2.93215    1.94548e-05
2.51327     -2.93215    1.56891e-05
2.72271     -2.93215    8.71504e-06
2.93215     -2.93215    1.15303e-06
3.14159     -2.93215    1.12818e-05

-3.14159     -2.72271    1.62559e-05
-2.93215     -2.72271    6.95571e-06
-2.72271     -2.72271    1.3056e-06
-2.51327     -2.72271    6.29063e-06
-2.30383     -2.72271    8.73533e-06
-2.0944     -2.72271    1.0206e-05
-1.88496     -2.72271    1.11141e-05
-1.67552     -2.72271    1.05519e-05
-1.46608     -2.72271    6.86334e-06
-1.25664     -2.72271    1.33794e-06
-1.0472     -2.72271    1.20555e-05
-0.837758     -2.72271    2.05419e-05
-0.628319     -2.72271    2.50461e-05
-0.418879     -2.72271    2.66773e-05
-0.20944     -2.72271    2.7017e-05
0     -2.72271    2.70171e-05
0.20944     -2.72271    2.70346e-05
0.418879     -2.72271    2.66684e-05
0.628319     -2.72271    2.50465e-05
0.837758     -2.72271    2.05428e-05
1.0472     -2.72271    1.20574e-05
1.25664     -2.72271    1.33518e-06
1.46608     -2.72271    6.86322e-06
1.67552     -2.72271    1.05527e-05
1.88496     -2.72271    1.11163e-05
2.0944     -2.72271    1.02061e-05
2.30383     -2.72271    8.73232e-06
2.51327     -2.72271    6.29133e-06
2.72271     -2.72271    1.30398e-06
2.93215     -2.72271    6.95641e-06
3.14159     -2.72271    1.62562e-05

-3.14159     -2.51327    1.89309e-05
-2.93215     -2.51327    1.11035e-05
-2.72271     -2.51327    5.64531e-06
-2.51327     -2.51327    3.78666e-06
-2.30383     -2.51327    3.63969e-06
-2.0944     -2.51327    2.68535e-06
-1.88496     -2.51327    2.20956e-07
-1.67552     -2.51327    2.17017e-06
-1.46608     -2.51327    1.68853e-06
-1.25664     -2.51327    3.69899e-06
-1.0472     -2.51327    1.27519e-05
-0.837758     -2.51327    2.0482e-05
-0.628319     -2.51327    2.42957e-05
-0.418879     -2.51327    2.52519e-05
-0.20944     -2.51327    2.51117e-05
0     -2.51327    2.49754e-05
0.20944     -2.51327    2.5103e-05
0.418879     -2.51327    2.52638e-05
0.628319     -2.51327    2.42959e-05
0.837758     -2.51327    2.04795e-05
1.0472     -2.51327    1.27513e-05
1.25664     -2.51327    3.6994e-06
1.46608     -2.51327    1.68971e-06
1.67552     -2.51327    2.16983e-06
1.88496     -2.51327    2.22761e-07
2.0944     -2.51327    2.68534e-06
2.30383     -2.51327    3.63871e-06
2.51327     -2.51327    3.78673e-06
2.72271     -2.51327    5.64535e-06
2.93215     -2.51327    1.11024e-05
3.14159     -2.51327    1.89295e-05

-3.14159     -2.30383    1.9867e-05
-2.93215     -2.30383    1.43439e-05
-2.72271     -2.30383    1.24367e-05
-2.51327     -2.30383    1.35558e-05
-2.30383     -2.30383    1.48336e-05
-2.0944     -2.30383    1.42252e-05
-1.88496     -2.30383    1.13512e-05
-1.67552     -2.30383    7.26663e-06
-1.46608     -2.30383    4.6692e-06
-1.25664     -2.30383    6.59445e-06
-1.0472     -2.30383    1.30878e-05
-0.837758     -2.30383    1.98504e-05
-0.628319     -2.30383    2.33138e-05
-0.418879     -2.30383    2.39691e-05
-0.20944     -2.30383    2.35763e-05
0     -2.30383    2.32772e-05
0.20944     -2.30383    2.35708e-05
0.418879     -2.30383    2.3958e-05
0.628319     -2.30383    2.33127e-05
0.837758     -2.30383    1.9851e-05
1.0472     -2.30383    1.30868e-05
1.25664     -2.30383    6.59156e-06
1.46608     -2.30383    4.66935e-06
1.67552     -2.30383    7.26715e-06
1.88496     -2.30383    1.13528e-05
2.0944     -2.30383    1.4226e-05
2.30383     -2.30383    1.48338e-05
2.51327     -2.30383    1.3556e-05
2.72271     -2.30383    1.2438e-05
2.93215     -2.30383    1.43461e-05
3.14159     -2.30383    1.98656e-05

-3.14159     -2.0944    1.976e-05
-2.93215     -2.0944    1.73605e-05
-2.72271     -2.0944    1.88059e-05
-2.51327     -2.0944    2.1512e-05
-2.30383     -2.0944    2.2763e-05
-2.0944     -2.0944    2.20106e-05
-1.88496     -2.0944    1.95507e-05
-1.67552     -2.0944    1.57554e-05
-1.46608     -2.0944    1.18314e-05
-1.25664     -2.0944    1.06604e-05
-1.0472     -2.0944    1.39729e-05
-0.837758     -2.0944    1.92095e-05
-0.628319     -2.0944    2.24414e-05
-0.418879     -2.0944    2.31019e-05
-0.20944     -2.0944    2.26469e-05
0     -2.0944    2.24158e-05
0.20944     -2.0944    2.26676e-05
0.418879     -2.0944    2.31161e-05
0.628319     -2.0944    2.24426e-05
0.837758     -2.0944    1.92081e-05
1.0472     -2.0944    1.39725e-05
1.25664     -2.0944    1.0658e-05
1.46608     -2.0944    1.1833e-05
1.67552     -2.0944    1.57588e-05
1.88496     -2.0944    1.95502e-05
2.0944     -2.0944    2.20094e-05
2.30383     -2.0944    2.27628e-05
2.51327     -2.0944    2.15103e-05
2.72271     -2.0944    1.88038e-05
2.93215     -2.0944    1.7363e-05
3.14159     -2.0944    1.97619e-05

-3.14159     -1.88496    1.94549e-05
-2.93215     -1.88496    2.04227e-05
-2.72271     -1.88496    2.39537e-05
-2.51327     -1.88496    2.64907e-05
-2.30383     -1.88496    2.67756e-05
-2.0944     -1.88496    2.5638e-05
-1.88496     -1.88496    2.37774e-05
-1.67552     -1.88496    2.1196e-05
-1.46608     -1.88496    1.79224e-05
-1.25664     -1.88496    1.53355e-05
-1.0472     -1.88496    1.57876e-05
-0.837758     -1.88496    1.89588e-05
-0.628319     -1.88496    2.17377e-05
-0.418879     -1.88496    2.25483e-05
-0.20944     -1.88496    2.22584e-05
0     -1.88496    2.19533e-05
0.20944     -1.88496    2.22179e-05
0.418879     -1.88496    2.25427e-05
0.628319     -1.88496    2.17375e-05
0.837758     -1.88496    1.89608e-05
1.0472     -1.88496    1.57866e-05
1.25664     -1.88496    1.53365e-05
1.46608     -1.88496    1.79225e-05
1.67552     -1.88496    2.11956e-05
1.88496     -1.88496    2.37788e-05
2.0944     -1.88496    2.56386e-05
2.30383     -1.88496    2.67751e-05
2.51327     -1.88496    2.64916e-05
2.72271     -1.88496    2.39514e-05
2.93215     -1.88496    2.0419e-05
3.14159     -1.88496    1.94563e-05

-3.14159     -1.67552    1.95285e-05
-2.93215     -1.67552    2.32664e-05
-2.72271     -1.67552    2.71802e-05
-2.51327     -1.67552    2.85112e-05
-2.30383     -1.67552    2.7727e-05
-2.0944     -1.67552    2.62501e-05
-1.88496     -1.67552    2.48172e-05
-1.67552     -1.67552    2.33643e-05
-1.46608     -1.67552    2.14688e-05
-1.25664     -1.67552    1.92317e-05
-1.0472     -1.67552    1.81254e-05
-0.837758     -1.67552    1.92622e-05
-0.628319     -1.67552    2.11981e-05
-0.418879     -1.67552    2.20935e-05
-0.20944     -1.67552    2.19616e-05
0     -1.67552    2.18596e-05
0.20944     -1.67552    2.20256e-05
0.418879     -1.67552    2.20968e-05
0.628319     -1.67552    2.12006e-05
0.837758     -1.67552    1.92626e-05
1.0472     -1.67552    1.81263e-05
1.25664     -1.67552    1.92317e-05
1.46608     -1.67552    2.14702e-05
1.67552     -1.67552    2.33647e-05
1.88496     -1.67552    2.48156e-05
2.0944     -1.67552    2.625e-05
2.30383     -1.67552    2.77292e-05
2.51327     -1.67552    2.85112e-05
2.72271     -1.67552    2.71836e-05
2.93215     -1.67552    2.32635e-05
3.14159     -1.67552    1.95303e-05

-3.14159     -1.46608    1.98549e-05
-2.93215     -1.46608    2.51967e-05
-2.72271     -1.46608    2.84399e-05
-2.51327     -1.46608    2.85758e-05
-2.30383     -1.46608    2.70898e-05
-2.0944     -1.46608    2.54165e-05
-1.88496     -1.46608    2.41974e-05
-1.67552     -1.46608    2.34319e-05
-1.46608     -1.46608    2.26695e-05
-1.25664     -1.46608    2.14443e-05
-1.0472     -1.46608    2.01514e-05
-0.837758     -1.46608    1.9917e-05
-0.628319     -1.46608    2.07519e-05
-0.418879     -1.46608    2.14504e-05
-0.20944     -1.46608    2.15304e-05
0     -1.46608    2.14477e-05
0.20944     -1.46608    2.14379e-05
0.418879     -1.46608    2.14512e-05
0.628319     -1.46608    2.07524e-05
0.837758     -1.46608    1.99152e-05
1.0472     -1.46608    2.01502e-05
1.25664     -1.46608    2.1447e-05
1.46608     -1.46608    2.26663e-05
1.67552     -1.46608    2.34368e-05
1.88496     -1.46608    2.41996e-05
2.0944     -1.46608    2.54175e-05
2.30383     -1.46608    2.70914e-05
2.51327     -1.46608    2.85753e-05
2.72271     -1.46608    2.84425e-05
2.93215     -1.46608    2.51949e-05
3.14159     -1.46608    1.98561e-05

-3.14159     -1.25664    1.97207e-05
-2.93215     -1.25664    2.56953e-05
-2.72271     -1.25664    2.82328e-05
-2.51327     -1.25664    2.77566e-05
-2.30383     -1.25664    2.60333e-05
-2.0944     -1.25664    2.43294e-05
-1.88496     -1.25664    2.3204e-05
-1.67552     -1.25664    2.27152e-05
-1.46608     -1.25664    2.25359e-05
-1.25664     -1.25664    2.21275e-05
-1.0472     -1.25664    2.12295e-05
-0.837758     -1.25664    2.04169e-05
-0.628319     -1.25664    2.02422e-05
-0.418879     -1.25664    2.03652e-05
-0.20944     -1.25664    2.03052e-05
0     -1.25664    2.0194e-05
0.20944     -1.25664    2.03869e-05
0.418879     -1.25664    2.03483e-05
0.628319     -1.25664    2.02471e-05
0.837758     -1.25664    2.04215e-05
1.0472     -1.25664    2.12295e-05
1.25664     -1.25664    2.21262e-05
1.46608     -1.25664    2.25285e-05
1.67552     -1.25664    2.27128e-05
1.88496     -1.25664    2.32052e-05
2.0944     -1.25664    2.43291e-05
2.30383     -1.25664    2.60328e-05
2.51327     -1.25664    2.77564e-05
2.72271     -1.25664    2.82323e-05
2.93215     -1.25664    2.56941e-05
3.14159     -1.25664    1.97186e-05

-3.14159     -1.0472    1.82869e-05
-2.93215     -1.0472    2.46426e-05
-2.72271     -1.0472    2.70815e-05
-2.51327     -1.0472    2.67066e-05
-2.30383     -1.0472    2.52047e-05
-2.0944     -1.0472    2.3643e-05
-1.88496     -1.0472    2.25962e-05
-1.67552     -1.0472    2.21301e-05
-1.46608     -1.0472    2.20799e-05
-1.25664     -1.0472    2.19375e-05
-1.0472     -1.0472    2.13496e-05
-0.837758     -1.0472    2.02717e-05
-0.628319     -1.0472    1.92872e-05
-0.418879     -1.0472    1.86045e-05
-0.20944     -1.0472    1.81947e-05
0     -1.0472    1.80034e-05
0.20944     -1.0472    1.81336e-05
0.418879     -1.0472    1.86197e-05
0.628319     -1.0472    1.92876e-05
0.837758     -1.0472    2.02673e-05
1.0472     -1.0472    2.13482e-05
1.25664     -1.0472    2.19371e-05
1.46608     -1.0472    2.20842e-05
1.67552     -1.0472    2.21291e-05
1.88496     -1.0472    2.25949e-05
2.0944     -1.0472    2.36415e-05
2.30383     -1.0472    2.52022e-05
2.51327     -1.0472    2.67058e-05
2.72271     -1.0472    2.70804e-05
2.93215     -1.0472    2.46432e-05
3.14159     -1.0472    1.82864e-05

-3.14159     -0.837758    1.49456e-05
-2.93215     -0.837758    2.18356e-05
-2.72271     -0.837758    2.49955e-05
-2.51327     -0.837758    2.54356e-05
-2.30383     -0.837758    2.45982e-05
-2.0944     -0.837758    2.34698e-05
-1.88496     -0.837758    2.25574e-05
-1.67552     -0.837758    2.20532e-05
-1.46608     -0.837758    2.18566e-05
-1.25664     -0.837758    2.15679e-05
-1.0472     -0.837758    2.08163e-05
-0.837758     -0.837758    1.94279e-05
-0.628319     -0.837758    1.76089e-05
-0.418879     -0.837758    1.59279e-05
-0.20944     -0.837758    1.47762e-05
0     -0.837758    1.41355e-05
0.20944     -0.837758    1.47919e-05
0.418879     -0.837758    1.59231e-05
0.628319     -0.837758    1.76103e-05
0.837758     -0.837758    1.94263e-05
1.0472     -0.837758    2.081e-05
1.25664     -0.837758    2.15676e-05
1.46608     -0.837758    2.18576e-05
1.67552     -0.837758    2.2053e-05
1.88496     -0.837758    2.2557e-05
2.0944     -0.837758    2.34728e-05
2.30383     -0.837758    2.45985e-05
2.51327     -0.837758    2.54367e-05
2.72271     -0.837758    2.49957e-05
2.93215     -0.837758    2.18356e-05
3.14159     -0.837758    1.49455e-05

-3.14159     -0.628319    9.10635e-06
-2.93215     -0.628319    1.67977e-05
-2.72271     -0.628319    2.12176e-05
-2.51327     -0.628319    2.31337e-05
-2.30383     -0.628319    2.34969e-05
-2.0944     -0.628319    2.31784e-05
-1.88496     -0.628319    2.26774e-05
-1.67552     -0.628319    2.22346e-05
-1.46608     -0.628319    2.18121e-05
-1.25664     -0.628319    2.11943e-05
-1.0472     -0.628319    1.99296e-05
-0.837758     -0.628319    1.78987e-05
-0.628319     -0.628319    1.5239e-05
-0.418879     -0.628319    1.24862e-05
-0.20944     -0.628319    1.03063e-05
0     -0.628319    9.67754e-06
0.20944     -0.628319    1.03616e-05
0.418879     -0.628319    1.24939e-05
0.628319     -0.628319    1.52405e-05
0.837758     -0.628319    1.79018e-05
1.0472     -0.628319    1.99348e-05
1.25664     -0.628319    2.11959e-05
1.46608     -0.628319    2.18056e-05
1.67552     -0.628319    2.22325e-05
1.88496     -0.628319    2.26759e-05
2.0944     -0.628319    2.3179e-05
2.30383     -0.628319    2.34961e-05
2.51327     -0.628319    2.31333e-05
2.72271     -0.628319    2.1217e-05
2.93215     -0.628319    1.67991e-05
3.14159     -0.628319    9.1047e-06

-3.14159     -0.418879    9.81857e-07
-2.93215     -0.418879    9.01703e-06
-2.72271     -0.418879    1.47911e-05
-2.51327     -0.418879    1.84979e-05
-2.30383     -0.418879    2.06081e-05
-2.0944     -0.418879    2.16104e-05
-1.88496     -0.418879    2.19775e-05
-1.67552     -0.418879    2.19388e-05
-1.46608     -0.418879    2.15482e-05
-1.25664     -0.418879    2.06473e-05
-1.0472     -0.418879    1.89491e-05
-0.837758     -0.418879    1.61618e-05
-0.628319     -0.418879    1.25497e-05
-0.418879     -0.418879    8.56231e-06
-0.20944     -0.418879    5.41482e-06
0     -0.418879    3.80097e-06
0.20944     -0.418879    5.08721e-06
0.418879     -0.418879    8.47882e-06
0.628319     -0.418879    1.25335e-05
0.837758     -0.418879    1.61591e-05
1.0472     -0.418879    1.89468e-05
1.25664     -0.418879    2.06506e-05
1.46608     -0.418879    2.15503e-05
1.67552     -0.418879    2.19415e-05
1.88496     -0.418879    2.19781e-05
2.0944     -0.418879    2.16108e-05
2.30383     -0.418879    2.06077e-05
2.51327     -0.418879    1.84985e-05
2.72271     -0.418879    1.47903e-05
2.93215     -0.418879    9.01787e-06
3.14159     -0.418879    9.81899e-07

-3.14159     -0.20944    6.33466e-06
-2.93215     -0.20944    1.01199e-06
-2.72271     -0.20944    7.21187e-06
-2.51327     -0.20944    1.21744e-05
-2.30383     -0.20944    1.59047e-05
-2.0944     -0.20944    1.84558e-05
-1.88496     -0.20944    2.00071e-05
-1.67552     -0.20944    2.0762e-05
-1.46608     -0.20944    2.07764e-05
-1.25664     -0.20944    1.99296e-05
-1.0472     -0.20944    1.80028e-05
-0.837758     -0.20944    1.47647e-05
-0.628319     -0.20944    1.03491e-05
-0.418879     -0.20944    5.28651e-06
-0.20944     -0.20944    5.48853e-07
0     -0.20944    5.06314e-07
0.20944     -0.20944    1.19574e-06
0.418879     -0.20944    5.13208e-06
0.628319     -0.20944    1.03552e-05
0.837758     -0.20944    1.47681e-05
1.0472     -0.20944    1.79801e-05
1.25664     -0.20944    1.99172e-05
1.46608     -0.20944    2.07772e-05
1.67552     -0.20944    2.07627e-05
1.88496     -0.20944    2.00083e-05
2.0944     -0.20944    1.84553e-05
2.30383     -0.20944    1.59052e-05
2.51327     -0.20944    1.21731e-05
2.72271     -0.20944    7.21242e-06
2.93215     -0.20944    1.01162e-06
3.14159     -0.20944    6.33489e-06

-3.14159     0    9.17571e-06
-2.93215     0    2.38421e-06
-2.72271     0    3.60264e-06
-2.51327     0    8.92987e-06
-2.30383     0    1.32907e-05
-2.0944     0    1.65605e-05
-1.88496     0    1.87544e-05
-1.67552     0    1.99645e-05
-1.46608     0    2.02561e-05
-1.25664     0    1.95281e-05
-1.0472     0    1.7534e-05
-0.837758     0    1.41605e-05
-0.628319     0    9.51089e-06
-0.418879     0    4.01992e-06
-0.20944     0    1.28998e-06
0     0    4.89543e-16
0.20944     0    1.28998e-06
0.418879     0    4.01992e-06
0.628319     0    9.51089e-06
0.837758     0    1.41605e-05
1.0472     0    1.7534e-05
1.25664     0    1.95281e-05
1.46608     0    2.02561e-05
1.67552     0    1.99645e-05
1.88496     0    1.87544e-05
2.0944     0    1.65605e-05
2.30383     0    1.32907e-05
2.51327     0    8.92987e-06
2.72271     0    3.60264e-06
2.93215     0    2.38421e-06
3.14159     0    9.17571e-06

-3.14159     0.20944    6.33489e-06
-2.93215     0.20944    1.01162e-06
-2.72271     0.20944    7.21242e-06
-2.51327     0.20944    1.21731e-05
-2.30383     0.20944    1.59052e-05
-2.0944     0.20944    1.84553e-05
-1.88496     0.20944    2.00083e-05
-1.67552     0.20944    2.07627e-05
-1.46608     0.20944    2.07772e-05
-1.25664     0.20944    1.99172e-05
-1.0472     0.20944    1.79801e-05
-0.837758     0.20944    1.47681e-05
-0.628319     0.20944    1.03552e-05
-0.418879     0.20944    5.13208e-06
-0.20944     0.20944    1.19574e-06
0     0.20944    5.06314e-07
0.20944     0.20944    5.48853e-07
0.418879     0.20944    5.28651e-06
0.628319     0.20944    1.03491e-05
0.837758     0.20944    1.47647e-05
1.0472     0.20944    1.80028e-05
1.25664     0.20944    1.99296e-05
1.46608     0.20944    2.07764e-05
1.67552     0.20944    2.0762e-05
1.88496     0.20944    2.00071e-05
2.0944     0.20944    1.84558e-05
2.30383     0.20944    1.59047e-05
2.51327     0.20944    1.21744e-05
2.72271     0.20944    7.21187e-06
2.93215     0.20944    1.01199e-06
3.14159     0.20944    6.33466e-06

-3.14159     0.418879    9.81899e-07
-2.93215     0.418879    9.01787e-06
-2.72271     0.418879    1.47903e-05
-2.51327     0.418879    1.84985e-05
-2.30383     0.418879    2.06077e-05
-2.0944     0.418879    2.16108e-05
-1.88496     0.418879    2.19781e-05
-1.67552     0.418879    2.19415e-05
-1.46608     0.418879    2.15503e-05
-1.25664     0.418879    2.06506e-05
-1.0472     0.418879    1.89468e-05
-0.837758     0.418879    1.61591e-05
-0.628319     0.418879    1.25335e-05
-0.418879     0.418879    8.47882e-06
-0.20944     0.418879    5.08721e-06
0     0.418879    3.80097e-06
0.20944     0.418879    5.41482e-06
0.418879     0.418879    8.56231e-06
0.628319     0.418879    1.25497e-05
0.837758     0.418879    1.61618e-05
1.0472     0.418879    1.89491e-05
1.25664     0.418879    2.06473e-05
1.46608     0.418879    2.15482e-05
1.67552     0.418879    2.19388e-05
1.88496     0.418879    2.19775e-05
2.0944     0.418879    2.16104e-05
2.30383     0.418879    2.06081e-05
2.51327     0.418879    1.84979e-05
2.72271     0.418879    1.47911e-05
2.93215     0.418879    9.01703e-06
3.14159     0.418879    9.81857e-07

-3.14159     0.628319    9.1047e-06
-2.93215     0.628319    1.67991e-05
-2.72271     0.628319    2.1217e-05
-2.51327     0.628319    2.31333e-05
-2.30383     0.628319    2.34961e-05
-2.0944     0.628319    2.3179e-05
-1.88496     0.628319    2.26759e-05
-1.67552     0.628319    2.22325e-05
-1.46608     0.628319    2.18056e-05
-1.25664     0.628319    2.11959e-05
-1.0472     0.628319    1.99348e-05
-0.837758     0.628319    1.79018e-05
-0.628319     0.628319    1.52405e-05
-0.418879     0.628319    1.24939e-05
-0.20944     0.628319    1.03616e-05
0     0.628319    9.67754e-06
0.20944     0.628319    1.03063e-05
0.418879     0.628319    1.24862e-05
0.628319     0.628319    1.5239e-05
0.837758     0.628319    1.78987e-05
1.0472     0.628319    1.99296e-05
1.25664     0.628319    2.11943e-05
1.46608     0.628319    2.18121e-05
1.67552     0.628319    2.22346e-05
1.88496     0.628319    2.26774e-05
2.0944     0.628319    2.31784e-05
2.30383     0.628319    2.34969e-05
2.51327     0.628319    2.31337e-05
2.72271     0.628319    2.12176e-05
2.93215     0.628319    1.67977e-05
3.14159     0.628319    9.10635e-06

-3.14159     0.837758    1.49455e-05
-2.93215     0.837758    2.18356e-05
-2.72271     0.837758    2.49957e-05
-2.51327     0.837758    2.54367e-05
-2.30383     0.837758    2.45985e-05
-2.0944     0.837758    2.34728e-05
-1.88496     0.837758    2.2557e-05
-1.67552     0.837758    2.2053e-05
-1.46608     0.837758    2.18576e-05
-1.25664     0.837758    2.15676e-05
-1.0472     0.837758    2.081e-05
-0.837758     0.837758    1.94263e-05
-0.628319     0.837758    1.76103e-05
-0.418879     0.837758    1.59231e-05
-0.20944     0.837758    1.47919e-05
0     0.837758    1.41355e-05
0.20944     0.837758    1.47762e-05
0.418879     0.837758    1.59279e-05
0.628319     0.837758    1.76089e-05
0.837758     0.837758    1.94279e-05
1.0472     0.837758    2.08163e-05
1.25664     0.837758    2.15679e-05
1.46608     0.837758    2.18566e-05
1.67552     0.837758    2.20532e-05
1.88496     0.837758    2.25574e-05
2.0944     0.837758    2.34698e-05
2.30383     0.837758    2.45982e-05
2.51327     0.837758    2.54356e-05
2.72271     0.837758    2.49955e-05
2.93215     0.837758    2.18356e-05
3.14159     0.837758    1.49456e-05

-3.14159     1.0472    1.82864e-05
-2.93215     1.0472    2.46432e-05
-2.72271     1.0472    2.70804e-05
-2.51327     1.0472    2.67058e-05
-2.30383     1.0472    2.52022e-05
-2.0944     1.0472    2.36415e-05
-1.88496     1.0472    2.25949e-05
-1.67552     1.0472    2.21291e-05
-1.46608     1.0472    2.20842e-05
-1.25664     1.0472    2.19371e-05
-1.0472     1.0472    2.13482e-05
-0.837758     1.0472    2.02673e-05
-0.628319     1.0472    1.92876e-05
-0.418879     1.0472    1.86197e-05
-0.20944     1.0472    1.81336e-05
0     1.0472    1.80034e-05
0.20944     1.0472    1.81947e-05
0.418879     1.0472    1.86045e-05
0.628319     1.0472    1.92872e-05
0.837758     1.0472    2.02717e-05
1.0472     1.0472    2.13496e-05
1.25664     1.0472    2.19375e-05
1.46608     1.0472    2.20799e-05
1.67552     1.0472    2.21301e-05
1.88496     1.0472    2.25962e-05
2.0944     1.0472    2.3643e-05
2.30383     1.0472    2.52047e-05
2.51327     1.0472    2.67066e-05
2.72271     1.0472    2.70815e-05
2.93215     1.0472    2.46426e-05
3.14159     1.0472    1.82869e-05

-3.14159     1.25664    1.97186e-05
-2.93215     1.25664    2.56941e-05
-2.72271     1.25664    2.82323e-05
-2.51327     1.25664    2.77564e-05
-2.30383     1.25664    2.60328e-05
-2.0944     1.25664    2.43291e-05
-1.88496     1.25664    2.32052e-05
-1.67552     1.25664    2.27128e-05
-1.46608     1.25664    2.25285e-05
-1.25664     1.25664    2.21262e-05
-1.0472     1.25664    2.12295e-05
-0.837758     1.25664    2.04215e-05
-0.628319     1.25664    2.02471e-05
-0.418879     1.25664    2.03483e-05
-0.20944     1.25664    2.03869e-05
0     1.25664    2.0194e-05
0.20944     1.25664    2.03052e-05
0.418879     1.25664    2.03652e-05
0.628319     1.25664    2.02422e-05
0.837758     1.25664    2.04169e-05
1.0472     1.25664    2.12295e-05
1.25664     1.25664    2.21275e-05
1.46608     1.25664    2.25359e-05
1.67552     1.25664    2.27152e-05
1.88496     1.25664    2.3204e-05
2.0944     1.25664    2.43294e-05
2.30383     1.25664    2.60333e-05
2.51327     1.25664    2.77566e-05
2.72271     1.25664    2.82328e-05
2.93215     1.25664    2.56953e-05
3.14159     1.25664    1.97207e-05

-3.14159     1.46608    1.98561e-05
-2.93215     1.46608    2.51949e-05
-2.72271     1.46608    2.84425e-05
-2.51327     1.46608    2.85753e-05
-2.30383     1.46608    2.70914e-05
-2.0944     1.46608    2.54175e-05
-1.88496     1.46608    2.41996e-05
-1.67552     1.46608    2.34368e-05
-1.46608     1.46608    2.26663e-05
-1.25664     1.46608    2.1447e-05
-1.0472     1.46608    2.01502e-05
-0.837758     1.46608    1.99152e-05
-0.628319     1.46608    2.07524e-05
-0.418879     1.46608    2.14512e-05
-0.20944     1.46608    2.14379e-05
0     1.46608    2.14477e-05
0.20944     1.46608    2.15304e-05
0.418879     1.46608    2.14504e-05
0.628319     1.46608    2.07519e-05
0.837758     1.46608    1.9917e-05
1.0472     1.46608    2.01514e-05
1.25664     1.46608    2.14443e-05
1.46608     1.46608    2.26695e-05
1.67552     1.46608    2.34319e-05
1.88496     1.46608    2.41974e-05
2.0944     1.46608    2.54165e-05
2.30383     1.46608    2.70898e-05
2.51327     1.46608    2.85758e-05
2.72271     1.46608    2.84399e-05
2.93215     1.46608    2.51967e-05
3.14159     1.46608    1.98549e-05

-3.14159     1.67552    1.95303e-05
-2.93215     1.67552    2.32635e-05
-2.72271     1.67552    2.71836e-05
-2.51327     1.67552    2.85112e-05
-2.30383     1.67552    2.77292e-05
-2.0944     1.67552    2.625e-05
-1.88496     1.67552    2.48156e-05
-1.67552     1.67552    2.33647e-05
-1.46608     1.67552    2.14702e-05
-1.25664     1.67552    1.92317e-05
-1.0472     1.67552    1.81263e-05
-0.837758     1.67552    1.92626e-05
-0.628319     1.67552    2.12006e-05
-0.418879     1.67552    2.20968e-05
-0.20944     1.67552    2.20256e-05
0     1.67552    2.18596e-05
0.20944     1.67552    2.19616e-05
0.418879     1.67552    2.20935e-05
0.628319     1.67552    2.11981e-05
0.837758     1.67552    1.92622e-05
1.0472     1.67552    1.81254e-05
1.25664     1.67552    1.92317e-05
1.46608     1.67552    2.14688e-05
1.67552     1.67552    2.33643e-05
1.88496     1.67552    2.48172e-05
2.0944     1.67552    2.62501e-05
2.30383     1.67552    2.7727e-05
2.51327     1.67552    2.85112e-05
2.72271     1.67552    2.71802e-05
2.93215     1.67552    2.32664e-05
3.14159     1.67552    1.95285e-05

-3.14159     1.88496    1.94563e-05
-2.93215     1.88496    2.0419e-05
-2.72271     1.88496    2.39514e-05
-2.51327     1.88496    2.64916e-05
-2.30383     1.88496    2.67751e-05
-2.0944     1.88496    2.56386e-05
-1.88496     1.88496    2.37788e-05
-1.67552     1.88496    2.11956e-05
-1.46608     1.88496    1.79225e-05
-1.25664     1.88496    1.53365e-05
-1.0472     1.88496    1.57866e-05
-0.837758     1.88496    1.89608e-05
-0.628319     1.88496    2.17375e-05
-0.418879     1.88496    2.25427e-05
-0.20944     1.88496    2.22179e-05
0     1.88496    2.19533e-05
0.20944     1.88496    2.22584e-05
0.418879     1.88496    2.25483e-05
0.628319     1.88496    2.17377e-05
0.837758     1.88496    1.89588e-05
1.0472     1.88496    1.57876e-05
1.25664     1.88496    1.53355e-05
1.46608     1.88496    1.79224e-05
1.67552     1.88496    2.1196e-05
1.88496     1.88496    2.37774e-05
2.0944     1.88496    2.5638e-05
2.30383     1.88496    2.67756e-05
2.51327     1.88496    2.64907e-05
2.72271     1.88496    2.39537e-05
2.93215     1.88496    2.04227e-05
3.14159     1.88496    1.94549e-05

-3.14159     2.0944    1.97619e-05
-2.93215     2.0944    1.7363e-05
-2.72271     2.0944    1.88038e-05
-2.51327     2.0944    2.15103e-05
-2.30383     2.0944    2.27628e-05
-2.0944     2.0944    2.20094e-05
-1.88496     2.0944    1.95502e-05
-1.67552     2.0944    1.57588e-05
-1.46608     2.0944    1.1833e-05
-1.25664     2.0944    1.0658e-05
-1.0472     2.0944    1.39725e-05
-0.837758     2.0944    1.92081e-05
-0.628319     2.0944    2.24426e-05
-0.418879     2.0944    2.31161e-05
-0.20944     2.0944    2.26676e-05
0     2.0944    2.24158e-05
0.20944     2.0944    2.26469e-05
0.418879     2.0944    2.31019e-05
0.628319     2.0944    2.24414e-05
0.837758     2.0944    1.92095e-05
1.0472     2.0944    1.39729e-05
1.25664     2.0944    1.06604e-05
1.46608     2.0944    1.18314e-05
1.67552     2.0944    1.57554e-05
1.88496     2.0944    1.95507e-05
2.0944     2.0944    2.20106e-05
2.30383     2.0944    2.2763e-05
2.51327     2.0944    2.1512e-05
2.72271     2.0944    1.88059e-05
2.93215     2.0944    1.73605e-05
3.14159     2.0944    1.976e-05

-3.14159     2.30383    1.98656e-05
-2.93215     2.30383    1.43461e-05
-2.72271     2.30383    1.2438e-05
-2.51327     2.30383    1.3556e-05
-2.30383     2.30383    1.48338e-05
-2.0944     2.30383    1.4226e-05
-1.88496     2.30383    1.13528e-05
-1.67552     2.30383    7.26715e-06
-1.46608     2.30383    4.66935e-06
-1.25664     2.30383    6.59156e-06
-1.0472     2.30383    1.30868e-05
-0.837758     2.30383    1.9851e-05
-0.628319     2.30383    2.33127e-05
-0.418879     2.30383    2.3958e-05
-0.20944     2.30383    2.35708e-05
0     2.30383    2.32772e-05
0.20944     2.30383    2.35763e-05
0.418879     2.30383    2.39691e-05
0.628319     2.30383    2.33138e-05
0.837758     2.30383    1.98504e-05
1.0472     2.30383    1.30878e-05
1.25664     2.30383    6.59445e-06
1.46608     2.30383    4.6692e-06
1.67552     2.30383    7.26663e-06
1.88496     2.30383    1.13512e-05
2.0944     2.30383    1.42252e-05
2.30383     2.30383    1.48336e-05
2.51327     2.30383    1.35558e-05
2.72271     2.30383    1.24367e-05
2.93215     2.30383    1.43439e-05
3.14159     2.30383    1.9867e-05

-3.14159     2.51327    1.89295e-05
-2.93215     2.51327    1.11024e-05
-2.72271     2.51327    5.64535e-06
-2.51327     2.51327    3.78673e-06
-2.30383     2.51327    3.63871e-06
-2.0944     2.51327    2.68534e-06
-1.88496     2.51327    2.22761e-07
-1.67552     2.51327    2.16983e-06
-1.46608     2.51327    1.68971e-06
-1.25664     2.51327    3.6994e-06
-1.0472     2.51327    1.27513e-05
-0.837758     2.51327    2.04795e-05
-0.628319     2.51327    2.42959e-05
-0.418879     2.51327    2.52638e-05
-0.20944     2.51327    2.5103e-05
0     2.51327    2.49754e-05
0.20944     2.51327    2.51117e-05
0.418879     2.51327    2.52519e-05
0.628319     2.51327    2.42957e-05
0.837758     2.51327    2.0482e-05
1.0472     2.51327    1.27519e-05
1.25664     2.51327    3.69899e-06
1.46608     2.51327    1.68853e-06
1.67552     2.51327    2.17017e-06
1.88496     2.51327    2.20956e-07
2.0944     2.51327    2.68535e-06
2.30383     2.51327    3.63969e-06
2.51327     2.51327    3.78666e-06
2.72271     2.51327    5.64531e-06
2.93215     2.51327    1.11035e-05
3.14159     2.51327    1.89309e-05

-3.14159     2.72271    1.62562e-05
-2.93215     2.72271    6.95641e-06
-2.72271     2.72271    1.30398e-06
-2.51327     2.72271    6.29133e-06
-2.30383     2.72271    8.73232e-06
-2.0944     2.72271    1.02061e-05
-1.88496     2.72271    1.11163e-05
-1.67552     2.72271    1.05527e-05
-1.46608     2.72271    6.86322e-06
-1.25664     2.72271    1.33518e-06
-1.0472     2.72271    1.20574e-05
-0.837758     2.72271    2.05428e-05
-0.628319     2.72271    2.50465e-05
-0.418879     2.72271    2.66684e-05
-0.20944     2.72271    2.70346e-05
0     2.72271    2.70171e-05
0.20944     2.72271    2.7017e-05
0.418879     2.72271    2.66773e-05
0.628319     2.72271    2.50461e-05
0.837758     2.72271    2.05419e-05
1.0472     2.72271    1.20555e-05
1.25664     2.72271    1.33794e-06
1.46608     2.72271    6.86334e-06
1.67552     2.72271    1.05519e-05
1.88496     2.72271    1.11141e-05
2.0944     2.72271    1.0206e-05
2.30383     2.72271    8.73533e-06
2.51327     2.72271    6.29063e-06
2.72271     2.72271    1.3056e-06
2.93215     2.72271    6.95571e-06
3.14159     2.72271    1.62559e-05

-3.14159     2.93215    1.12818e-05
-2.93215     2.93215    1.15303e-06
-2.72271     2.93215    8.71504e-06
-2.51327     2.93215    1.56891e-05
-2.30383     2.93215    1.94548e-05
-2.0944     2.93215    2.07437e-05
-1.88496     2.93215    2.00793e-05
-1.67552     2.93215    1.74678e-05
-1.46608     2.93215    1.17344e-05
-1.25664     2.93215    1.77564e-06
-1.0472     2.93215    9.90953e-06
-0.837758     2.93215    1.91351e-05
-0.628319     2.93215    2.46647e-05
-0.418879     2.93215    2.73697e-05
-0.20944     2.93215    2.84109e-05
0     2.93215    2.86876e-05
0.20944     2.93215    2.84292e-05
0.418879     2.93215    2.73664e-05
0.628319     2.93215    2.46647e-05
0.837758     2.93215    1.91353e-05
1.0472     2.93215    9.90871e-06
1.25664     2.93215    1.77576e-06
1.46608     2.93215    1.17365e-05
1.67552     2.93215    1.74693e-05
1.88496     2.93215    2.00825e-05
2.0944     2.93215    2.07428e-05
2.30383     2.93215    1.94529e-05
2.51327     2.93215    1.56882e-05
2.72271     2.93215    8.71753e-06
2.93215     2.93215    1.15235e-06
3.14159     2.93215    1.12833e-05

-3.14159     3.14159    3.7026e-06
-2.93215     3.14159    6.34841e-06
-2.72271     3.14159    1.60717e-05
-2.51327     3.14159    2.28179e-05
-2.30383     3.14159    2.59452e-05
-2.0944     3.14159    2.64949e-05
-1.88496     3.14159    2.55432e-05
-1.67552     3.14159    2.28462e-05
-1.46608     3.14159    1.67924e-05
-1.25664     3.14159    6.37676e-06
-1.0472     3.14159    5.47943e-06
-0.837758     3.14159    1.51887e-05
-0.628319     3.14159    2.17711e-05
-0.418879     3.14159    2.56367e-05
-0.20944     3.14159    2.7514e-05
0     3.14159    2.80549e-05
0.20944     3.14159    2.75023e-05
0.418879     3.14159    2.56367e-05
0.628319     3.14159    2.177e-05
0.837758     3.14159    1.51881e-05
1.0472     3.14159    5.4813e-06
1.25664     3.14159    6.3777e-06
1.46608     3.14159    1.67921e-05
1.67552     3.14159    2.28469e-05
1.88496     3.14159    2.55435e-05
2.0944     3.14159    2.64944e-05
2.30383     3.14159    2.5948e-05
2.51327     3.14159    2.28191e-05
2.72271     3.14159    1.60755e-05
2.93215     3.14159    6.34857e-06
3.14159     3.14159    3.70312e-06

