-3.14159     -3.14159    0.00180897
-2.93215     -3.14159    0.000665971
-2.72271     -3.14159    0.00750629
-2.51327     -3.14159    0.00727165
-2.30383     -3.14159    0.00151931
-2.0944     -3.14159    0.00713443
-1.88496     -3.14159    0.00737528
-1.67552     -3.14159    0.00346156
-1.46608     -3.14159    0.00102938
-1.25664     -3.14159    0.000535654
-1.0472     -3.14159    9.72285e-05
-0.837758     -3.14159    0.00218261
-0.628319     -3.14159    0.00229177
-0.418879     -3.14159    0.0084845
-0.20944     -3.14159    0.0169055
0     -3.14159    0.0356017
0.20944     -3.14159    0.0166957
0.418879     -3.14159    0.00850541
0.628319     -3.14159    0.00240864
0.837758     -3.14159    0.0021819
1.0472     -3.14159    8.34894e-05
1.25664     -3.14159    0.000487388
1.46608     -3.14159    0.00100756
1.67552     -3.14159    0.00343402
1.88496     -3.14159    0.00729555
2.0944     -3.14159    0.00705453
2.30383     -3.14159    0.00148009
2.51327     -3.14159    0.00721964
2.72271     -3.14159    0.00745646
2.93215     -3.14159    0.000608203
3.14159     -3.14159    0.00176159

-3.14159     -2.93215    0.000987394
-2.93215     -2.93215    0.00785509
-2.72271     -2.93215    0.0103808
-2.51327     -2.93215    0.0213136
-2.30383     -2.93215    0.00894316
-2.0944     -2.93215    0.00175081
-1.88496     -2.93215    0.00125203
-1.67552     -2.93215    0.000838712
-1.46608     -2.93215    0.00213693
-1.25664     -2.93215    0.00388991
-1.0472     -2.93215    0.00326543
-0.837758     -2.93215    0.00815705
-0.628319     -2.93215    0.0054071
-0.418879     -2.93215    0.00612918
-0.20944     -2.93215    0.00318047
0     -2.93215    0.0207361
0.20944     -2.93215    0.00329092
0.418879     -2.93215    0.00612457
0.628319     -2.93215    0.00539376
0.837758     -2.93215    0.00819548
1.0472     -2.93215    0.00324445
1.25664     -2.93215    0.00391658
1.46608     -2.93215    0.00213617
1.67552     -2.93215    0.000895888
1.88496     -2.93215    0.00124924
2.0944     -2.93215    0.00174412
2.30383     -2.93215    0.00896071
2.51327     -2.93215    0.0214287
2.72271     -2.93215    0.0103584
2.93215     -2.93215    0.00780602
3.14159     -2.93215    0.00102024

-3.14159     -2.72271    0.0029926
-2.93215     -2.72271    0.00380008
-2.72271     -2.72271    0.00678639
-2.51327     -2.72271    0.023734
-2.30383     -2.72271    0.00329168
-2.0944     -2.72271    0.000809977
-1.88496     -2.72271    0.00110622
-1.67552     -2.72271    0.00646804
-1.46608     -2.72271    0.00543236
-1.25664     -2.72271    0.00471918
-1.0472     -2.72271    0.00640257
-0.837758     -2.72271    0.00599447
-0.628319     -2.72271    0.0086374
-0.418879     -2.72271    0.00392267
-0.20944     -2.72271    0.00334867
0     -2.72271    0.0257843
0.20944     -2.72271    0.00330053
0.418879     -2.72271    0.00389094
0.628319     -2.72271    0.00855724
0.837758     -2.72271    0.00595034
1.0472     -2.72271    0.00639121
1.25664     -2.72271    0.00472409
1.46608     -2.72271    0.00546768
1.67552     -2.72271    0.00653627
1.88496     -2.72271    0.00107639
2.0944     -2.72271    0.000831184
2.30383     -2.72271    0.00323756
2.51327     -2.72271    0.0235945
2.72271     -2.72271    0.00673483
2.93215     -2.72271    0.00388515
3.14159     -2.72271    0.0030781

-3.14159     -2.51327    0.0094955
-2.93215     -2.51327    0.00256967
-2.72271     -2.51327    0.0144555
-2.51327     -2.51327    0.00086431
-2.30383     -2.51327    0.00757571
-2.0944     -2.51327    0.00321126
-1.88496     -2.51327    0.00368591
-1.67552     -2.51327    0.00535275
-1.46608     -2.51327    0.00442602
-1.25664     -2.51327    0.00787292
-1.0472     -2.51327    0.00850565
-0.837758     -2.51327    0.00200959
-0.628319     -2.51327    0.00252657
-0.418879     -2.51327    0.00282978
-0.20944     -2.51327    0.00347331
0     -2.51327    0.0189607
0.20944     -2.51327    0.00350228
0.418879     -2.51327    0.00284706
0.628319     -2.51327    0.00256789
0.837758     -2.51327    0.00187194
1.0472     -2.51327    0.00849415
1.25664     -2.51327    0.00787201
1.46608     -2.51327    0.00438493
1.67552     -2.51327    0.00535905
1.88496     -2.51327    0.00369282
2.0944     -2.51327    0.00315127
2.30383     -2.51327    0.00757062
2.51327     -2.51327    0.000800914
2.72271     -2.51327    0.0146332
2.93215     -2.51327    0.00300051
3.14159     -2.51327    0.00941594

-3.14159     -2.30383    0.0289999
-2.93215     -2.30383    0.0220146
-2.72271     -2.30383    0.00762953
-2.51327     -2.30383    0.0025664
-2.30383     -2.30383    0.00220703
-2.0944     -2.30383    0.00643548
-1.88496     -2.30383    0.00685423
-1.67552     -2.30383    0.00889976
-1.46608     -2.30383    0.00414542
-1.25664     -2.30383    0.00386214
-1.0472     -2.30383    0.0130981
-0.837758     -2.30383    0.00528996
-0.628319     -2.30383    0.0030847
-0.418879     -2.30383    0.00156806
-0.20944     -2.30383    0.00574702
0     -2.30383    0.0059625
0.20944     -2.30383    0.00578818
0.418879     -2.30383    0.00149395
0.628319     -2.30383    0.00312086
0.837758     -2.30383    0.00528816
1.0472     -2.30383    0.0131105
1.25664     -2.30383    0.00388054
1.46608     -2.30383    0.00411302
1.67552     -2.30383    0.00892154
1.88496     -2.30383    0.00683383
2.0944     -2.30383    0.006456
2.30383     -2.30383    0.00224128
2.51327     -2.30383    0.00265683
2.72271     -2.30383    0.00790024
2.93215     -2.30383    0.0219973
3.14159     -2.30383    0.0289569

-3.14159     -2.0944    0.0353798
-2.93215     -2.0944    0.0460228
-2.72271     -2.0944    0.0267023
-2.51327     -2.0944    0.0126195
-2.30383     -2.0944    0.000433489
-2.0944     -2.0944    0.0042324
-1.88496     -2.0944    0.00439049
-1.67552     -2.0944    0.00463232
-1.46608     -2.0944    0.0150918
-1.25664     -2.0944    0.010864
-1.0472     -2.0944    0.00221708
-0.837758     -2.0944    0.009734
-0.628319     -2.0944    0.00177437
-0.418879     -2.0944    0.000794843
-0.20944     -2.0944    0.0112641
0     -2.0944    0.00806685
0.20944     -2.0944    0.0112508
0.418879     -2.0944    0.000771616
0.628319     -2.0944    0.00176961
0.837758     -2.0944    0.00977123
1.0472     -2.0944    0.00226108
1.25664     -2.0944    0.0109098
1.46608     -2.0944    0.015172
1.67552     -2.0944    0.00456951
1.88496     -2.0944    0.00439133
2.0944     -2.0944    0.00425651
2.30383     -2.0944    0.000467023
2.51327     -2.0944    0.012619
2.72271     -2.0944    0.0265841
2.93215     -2.0944    0.0457253
3.14159     -2.0944    0.0351288

-3.14159     -1.88496    0.0478111
-2.93215     -1.88496    0.0323818
-2.72271     -1.88496    0.0273308
-2.51327     -1.88496    0.0051514
-2.30383     -1.88496    0.00845776
-2.0944     -1.88496    0.0105682
-1.88496     -1.88496    0.00308031
-1.67552     -1.88496    0.00421237
-1.46608     -1.88496    0.00456922
-1.25664     -1.88496    0.00416931
-1.0472     -1.88496    0.0006843
-0.837758     -1.88496    0.00829633
-0.628319     -1.88496    0.00273946
-0.418879     -1.88496    0.00849791
-0.20944     -1.88496    0.00711826
0     -1.88496    0.00329776
0.20944     -1.88496    0.00712758
0.418879     -1.88496    0.00842421
0.628319     -1.88496    0.00275754
0.837758     -1.88496    0.00828965
1.0472     -1.88496    0.000641885
1.25664     -1.88496    0.00418473
1.46608     -1.88496    0.00455599
1.67552     -1.88496    0.00426106
1.88496     -1.88496    0.00307407
2.0944     -1.88496    0.0105282
2.30383     -1.88496    0.00847063
2.51327     -1.88496    0.00517024
2.72271     -1.88496    0.0270707
2.93215     -1.88496    0.0326292
3.14159     -1.88496    0.0475612

-3.14159     -1.67552    0.0439998
-2.93215     -1.67552    0.0278547
-2.72271     -1.67552    0.0312904
-2.51327     -1.67552    0.00947134
-2.30383     -1.67552    0.000427839
-2.0944     -1.67552    0.000320358
-1.88496     -1.67552    0.000270673
-1.67552     -1.67552    0.00265647
-1.46608     -1.67552    0.00633331
-1.25664     -1.67552    0.00765005
-1.0472     -1.67552    0.00406356
-0.837758     -1.67552    0.00178591
-0.628319     -1.67552    0.000744232
-0.418879     -1.67552    0.0140102
-0.20944     -1.67552    0.00741411
0     -1.67552    0.00916298
0.20944     -1.67552    0.00739835
0.418879     -1.67552    0.0140194
0.628319     -1.67552    0.000699788
0.837758     -1.67552    0.00188802
1.0472     -1.67552    0.00411
1.25664     -1.67552    0.00760939
1.46608     -1.67552    0.00637166
1.67552     -1.67552    0.00259507
1.88496     -1.67552    0.000266049
2.0944     -1.67552    0.000268455
2.30383     -1.67552    0.000469964
2.51327     -1.67552    0.00948909
2.72271     -1.67552    0.0312017
2.93215     -1.67552    0.0279174
3.14159     -1.67552    0.0437285

-3.14159     -1.46608    0.0331575
-2.93215     -1.46608    0.0265287
-2.72271     -1.46608    0.0285949
-2.51327     -1.46608    0.0196482
-2.30383     -1.46608    0.0150076
-2.0944     -1.46608    0.00292396
-1.88496     -1.46608    0.00117884
-1.67552     -1.46608    0.000296446
-1.46608     -1.46608    0.000808403
-1.25664     -1.46608    0.00262596
-1.0472     -1.46608    0.00131669
-0.837758     -1.46608    0.0172153
-0.628319     -1.46608    0.00385143
-0.418879     -1.46608    0.00958523
-0.20944     -1.46608    0.000985722
0     -1.46608    0.00218515
0.20944     -1.46608    0.000937637
0.418879     -1.46608    0.00960204
0.628319     -1.46608    0.00377996
0.837758     -1.46608    0.0172116
1.0472     -1.46608    0.0012463
1.25664     -1.46608    0.00260948
1.46608     -1.46608    0.000739924
1.67552     -1.46608    0.000327621
1.88496     -1.46608    0.00115305
2.0944     -1.46608    0.00290531
2.30383     -1.46608    0.0149406
2.51327     -1.46608    0.0197732
2.72271     -1.46608    0.0285587
2.93215     -1.46608    0.0265558
3.14159     -1.46608    0.0329688

-3.14159     -1.25664    0.0245716
-2.93215     -1.25664    0.0104301
-2.72271     -1.25664    0.000664213
-2.51327     -1.25664    0.00446254
-2.30383     -1.25664    0.0260639
-2.0944     -1.25664    0.00854177
-1.88496     -1.25664    0.00719415
-1.67552     -1.25664    0.00999743
-1.46608     -1.25664    0.00689988
-1.25664     -1.25664    0.0143451
-1.0472     -1.25664    0.000547595
-0.837758     -1.25664    0.00400366
-0.628319     -1.25664    0.00634951
-0.418879     -1.25664    0.0111374
-0.20944     -1.25664    0.00559517
0     -1.25664    0.00305536
0.20944     -1.25664    0.0056186
0.418879     -1.25664    0.0110471
0.628319     -1.25664    0.00623385
0.837758     -1.25664    0.00397983
1.0472     -1.25664    0.000487174
1.25664     -1.25664    0.0143912
1.46608     -1.25664    0.00687978
1.67552     -1.25664    0.0100567
1.88496     -1.25664    0.00717427
2.0944     -1.25664    0.00855323
2.30383     -1.25664    0.0259279
2.51327     -1.25664    0.00447078
2.72271     -1.25664    0.000666662
2.93215     -1.25664    0.0104029
3.14159     -1.25664    0.0245505

-3.14159     -1.0472    0.00276837
-2.93215     -1.0472    0.00569753
-2.72271     -1.0472    0.00976335
-2.51327     -1.0472    0.00148718
-2.30383     -1.0472    0.000840677
-2.0944     -1.0472    0.00576135
-1.88496     -1.0472    0.00725175
-1.67552     -1.0472    0.00560514
-1.46608     -1.0472    0.00671956
-1.25664     -1.0472    0.00717868
-1.0472     -1.0472    0.00919144
-0.837758     -1.0472    0.0125607
-0.628319     -1.0472    0.000980035
-0.418879     -1.0472    0.00409938
-0.20944     -1.0472    0.00197642
0     -1.0472    0.00720459
0.20944     -1.0472    0.00196592
0.418879     -1.0472    0.00410513
0.628319     -1.0472    0.000875806
0.837758     -1.0472    0.0126041
1.0472     -1.0472    0.00919645
1.25664     -1.0472    0.00717015
1.46608     -1.0472    0.00676733
1.67552     -1.0472    0.0056356
1.88496     -1.0472    0.00722676
2.0944     -1.0472    0.00572153
2.30383     -1.0472    0.000867154
2.51327     -1.0472    0.00148632
2.72271     -1.0472    0.00973251
2.93215     -1.0472    0.00558615
3.14159     -1.0472    0.00265932

-3.14159     -0.837758    0.00198012
-2.93215     -0.837758    0.00553373
-2.72271     -0.837758    0.00854247
-2.51327     -0.837758    0.00106586
-2.30383     -0.837758    0.000896995
-2.0944     -0.837758    0.00484911
-1.88496     -0.837758    0.0110256
-1.67552     -0.837758    0.001225
-1.46608     -0.837758    0.0088865
-1.25664     -0.837758    0.00466515
-1.0472     -0.837758    0.00685805
-0.837758     -0.837758    0.00136467
-0.628319     -0.837758    0.00563603
-0.418879     -0.837758    0.00454754
-0.20944     -0.837758    0.0102026
0     -0.837758    0.0107479
0.20944     -0.837758    0.0102185
0.418879     -0.837758    0.00447318
0.628319     -0.837758    0.00564174
0.837758     -0.837758    0.00136436
1.0472     -0.837758    0.00678017
1.25664     -0.837758    0.00470055
1.46608     -0.837758    0.00888389
1.67552     -0.837758    0.00123359
1.88496     -0.837758    0.0110133
2.0944     -0.837758    0.00481993
2.30383     -0.837758    0.000861299
2.51327     -0.837758    0.00110472
2.72271     -0.837758    0.00850544
2.93215     -0.837758    0.00551322
3.14159     -0.837758    0.00202226

-3.14159     -0.628319    0.000827055
-2.93215     -0.628319    0.00819584
-2.72271     -0.628319    0.00238762
-2.51327     -0.628319    0.00589229
-2.30383     -0.628319    0.00329805
-2.0944     -0.628319    0.00213701
-1.88496     -0.628319    0.00605998
-1.67552     -0.628319    0.012522
-1.46608     -0.628319    0.00531122
-1.25664     -0.628319    0.0043968
-1.0472     -0.628319    0.000462704
-0.837758     -0.628319    0.00495518
-0.628319     -0.628319    0.00874134
-0.418879     -0.628319    0.0289405
-0.20944     -0.628319    0.0303827
0     -0.628319    0.00869981
0.20944     -0.628319    0.0304755
0.418879     -0.628319    0.0289796
0.628319     -0.628319    0.00859977
0.837758     -0.628319    0.00492279
1.0472     -0.628319    0.000462686
1.25664     -0.628319    0.00440175
1.46608     -0.628319    0.00528147
1.67552     -0.628319    0.0124886
1.88496     -0.628319    0.00608821
2.0944     -0.628319    0.0020988
2.30383     -0.628319    0.00325417
2.51327     -0.628319    0.00586562
2.72271     -0.628319    0.00242046
2.93215     -0.628319    0.00822334
3.14159     -0.628319    0.000873626

-3.14159     -0.418879    0.00283279
-2.93215     -0.418879    0.00772861
-2.72271     -0.418879    0.00585845
-2.51327     -0.418879    0.00228066
-2.30383     -0.418879    0.00696149
-2.0944     -0.418879    0.00491762
-1.88496     -0.418879    0.00258675
-1.67552     -0.418879    0.0117262
-1.46608     -0.418879    0.0081056
-1.25664     -0.418879    0.00252526
-1.0472     -0.418879    0.00451748
-0.837758     -0.418879    0.00770408
-0.628319     -0.418879    0.00683263
-0.418879     -0.418879    0.0313476
-0.20944     -0.418879    0.0315261
0     -0.418879    0.047512
0.20944     -0.418879    0.0316335
0.418879     -0.418879    0.031569
0.628319     -0.418879    0.00678693
0.837758     -0.418879    0.00765075
1.0472     -0.418879    0.0045217
1.25664     -0.418879    0.00250812
1.46608     -0.418879    0.00815274
1.67552     -0.418879    0.011695
1.88496     -0.418879    0.00258377
2.0944     -0.418879    0.00492335
2.30383     -0.418879    0.00694613
2.51327     -0.418879    0.00227549
2.72271     -0.418879    0.00585337
2.93215     -0.418879    0.00771588
3.14159     -0.418879    0.00279688

-3.14159     -0.20944    0.00460659
-2.93215     -0.20944    0.00554994
-2.72271     -0.20944    0.00807419
-2.51327     -0.20944    0.0131755
-2.30383     -0.20944    0.00610236
-2.0944     -0.20944    0.00768336
-1.88496     -0.20944    0.00431666
-1.67552     -0.20944    0.00626569
-1.46608     -0.20944    0.0075956
-1.25664     -0.20944    0.00894772
-1.0472     -0.20944    0.00685019
-0.837758     -0.20944    0.0110697
-0.628319     -0.20944    0.0195081
-0.418879     -0.20944    0.0310394
-0.20944     -0.20944    0.0426495
0     -0.20944    0.0482853
0.20944     -0.20944    0.0425552
0.418879     -0.20944    0.031205
0.628319     -0.20944    0.0191732
0.837758     -0.20944    0.0110375
1.0472     -0.20944    0.00686003
1.25664     -0.20944    0.00903245
1.46608     -0.20944    0.007529
1.67552     -0.20944    0.00620536
1.88496     -0.20944    0.0042827
2.0944     -0.20944    0.00765598
2.30383     -0.20944    0.00606048
2.51327     -0.20944    0.0131884
2.72271     -0.20944    0.00803244
2.93215     -0.20944    0.00555924
3.14159     -0.20944    0.00462881

-3.14159     0    0.0068364
-2.93215     0    0.00337344
-2.72271     0    0.00179577
-2.51327     0    0.00899015
-2.30383     0    0.00635532
-2.0944     0    0.00136316
-1.88496     0    0.00196288
-1.67552     0    0.0179455
-1.46608     0    0.00160087
-1.25664     0    0.00369861
-1.0472     0    0.00389436
-0.837758     0    0.0197608
-0.628319     0    0.0409904
-0.418879     0    0.0311001
-0.20944     0    0.0652184
0     0    7.79501e-16
0.20944     0    0.0652184
0.418879     0    0.0311001
0.628319     0    0.0409904
0.837758     0    0.0197608
1.0472     0    0.00389436
1.25664     0    0.00369861
1.46608     0    0.00160087
1.67552     0    0.0179455
1.88496     0    0.00196288
2.0944     0    0.00136316
2.30383     0    0.00635532
2.51327     0    0.00899015
2.72271     0    0.00179577
2.93215     0    0.00337344
3.14159     0    0.0068364

-3.14159     0.20944    0.00462881
-2.93215     0.20944    0.00555924
-2.72271     0.20944    0.00803244
-2.51327     0.20944    0.0131884
-2.30383     0.20944    0.00606048
-2.0944     0.20944    0.00765598
-1.88496     0.20944    0.0042827
-1.67552     0.20944    0.00620536
-1.46608     0.20944    0.007529
-1.25664     0.20944    0.00903245
-1.0472     0.20944    0.00686003
-0.837758     0.20944    0.0110375
-0.628319     0.20944    0.0191732
-0.418879     0.20944    0.031205
-0.20944     0.20944    0.0425552
0     0.20944    0.0482853
0.20944     0.20944    0.0426495
0.418879     0.20944    0.0310394
0.628319     0.20944    0.0195081
0.837758     0.20944    0.0110697
1.0472     0.20944    0.00685019
1.25664     0.20944    0.00894772
1.46608     0.20944    0.0075956
1.67552     0.20944    0.00626569
1.88496     0.20944    0.00431666
2.0944     0.20944    0.00768336
2.30383     0.20944    0.00610236
2.51327     0.20944    0.0131755
2.72271     0.20944    0.00807419
2.93215     0.20944    0.00554994
3.14159     0.20944    0.00460659

-3.14159     0.418879    0.00279688
-2.93215     0.418879    0.00771588
-2.72271     0.418879    0.00585337
-2.51327     0.418879    0.00227549
-2.30383     0.418879    0.00694613
-2.0944     0.418879    0.00492335
-1.88496     0.418879    0.00258377
-1.67552     0.418879    0.011695
-1.46608     0.418879    0.00815274
-1.25664     0.418879    0.00250812
-1.0472     0.418879    0.0045217
-0.837758     0.418879    0.00765075
-0.628319     0.418879    0.00678693
-0.418879     0.418879    0.031569
-0.20944     0.418879    0.0316335
0     0.418879    0.047512
0.20944     0.418879    0.0315261
0.418879     0.418879    0.0313476
0.628319     0.418879    0.00683263
0.837758     0.418879    0.00770408
1.0472     0.418879    0.00451748
1.25664     0.418879    0.00252526
1.46608     0.418879    0.0081056
1.67552     0.418879    0.0117262
1.88496     0.418879    0.00258675
2.0944     0.418879    0.00491762
2.30383     0.418879    0.00696149
2.51327     0.418879    0.00228066
2.72271     0.418879    0.00585845
2.93215     0.418879    0.00772861
3.14159     0.418879    0.00283279

-3.14159     0.628319    0.000873626
-2.93215     0.628319    0.00822334
-2.72271     0.628319    0.00242046
-2.51327     0.628319    0.00586562
-2.30383     0.628319    0.00325417
-2.0944     0.628319    0.0020988
-1.88496     0.628319    0.00608821
-1.67552     0.628319    0.0124886
-1.46608     0.628319    0.00528147
-1.25664     0.628319    0.00440175
-1.0472     0.628319    0.000462686
-0.837758     0.628319    0.00492279
-0.628319     0.628319    0.00859977
-0.418879     0.628319    0.0289796
-0.20944     0.628319    0.0304755
0     0.628319    0.00869981
0.20944     0.628319    0.0303827
0.418879     0.628319    0.0289405
0.628319     0.628319    0.00874134
0.837758     0.628319    0.00495518
1.0472     0.628319    0.000462704
1.25664     0.628319    0.0043968
1.46608     0.628319    0.00531122
1.67552     0.628319    0.012522
1.88496     0.628319    0.00605998
2.0944     0.628319    0.00213701
2.30383     0.628319    0.00329805
2.51327     0.628319    0.00589229
2.72271     0.628319    0.00238762
2.93215     0.628319    0.00819584
3.14159     0.628319    0.000827055

-3.14159     0.837758    0.00202226
-2.93215     0.837758    0.00551322
-2.72271     0.837758    0.00850544
-2.51327     0.837758    0.00110472
-2.30383     0.837758    0.000861299
-2.0944     0.837758    0.00481993
-1.88496     0.837758    0.0110133
-1.67552     0.837758    0.00123359
-1.46608     0.837758    0.00888389
-1.25664     0.837758    0.00470055
-1.0472     0.837758    0.00678017
-0.837758     0.837758    0.00136436
-0.628319     0.837758    0.00564174
-0.418879     0.837758    0.00447318
-0.20944     0.837758    0.0102185
0     0.837758    0.0107479
0.20944     0.837758    0.0102026
0.418879     0.837758    0.00454754
0.628319     0.837758    0.00563603
0.837758     0.837758    0.00136467
1.0472     0.837758    0.00685805
1.25664     0.837758    0.00466515
1.46608     0.837758    0.0088865
1.67552     0.837758    0.001225
1.88496     0.837758    0.0110256
2.0944     0.837758    0.00484911
2.30383     0.837758    0.000896995
2.51327     0.837758    0.00106586
2.72271     0.837758    0.00854247
2.93215     0.837758    0.00553373
3.14159     0.837758    0.00198012

-3.14159     1.0472    0.00265932
-2.93215     1.0472    0.00558615
-2.72271     1.0472    0.00973251
-2.51327     1.0472    0.00148632
-2.30383     1.0472    0.000867154
-2.0944     1.0472    0.00572153
-1.88496     1.0472    0.00722676
-1.67552     1.0472    0.0056356
-1.46608     1.0472    0.00676733
-1.25664     1.0472    0.00717015
-1.0472     1.0472    0.00919645
-0.837758     1.0472    0.0126041
-0.628319     1.0472    0.000875806
-0.418879     1.0472    0.00410513
-0.20944     1.0472    0.00196592
0     1.0472    0.00720459
0.20944     1.0472    0.00197642
0.418879     1.0472    0.00409938
0.628319     1.0472    0.000980035
0.837758     1.0472    0.0125607
1.0472     1.0472    0.00919144
1.25664     1.0472    0.00717868
1.46608     1.0472    0.00671956
1.67552     1.0472    0.00560514
1.88496     1.0472    0.00725175
2.0944     1.0472    0.00576135
2.30383     1.0472    0.000840677
2.51327     1.0472    0.00148718
2.72271     1.0472    0.00976335
2.93215     1.0472    0.00569753
3.14159     1.0472    0.00276837

-3.14159     1.25664    0.0245505
-2.93215     1.25664    0.0104029
-2.72271     1.25664    0.000666662
-2.51327     1.25664    0.00447078
-2.30383     1.25664    0.0259279
-2.0944     1.25664    0.00855323
-1.88496     1.25664    0.00717427
-1.67552     1.25664    0.0100567
-1.46608     1.25664    0.00687978
-1.25664     1.25664    0.0143912
-1.0472     1.25664    0.000487174
-0.837758     1.25664    0.00397983
-0.628319     1.25664    0.00623385
-0.418879     1.25664    0.0110471
-0.20944     1.25664    0.0056186
0     1.25664    0.00305536
0.20944     1.25664    0.00559517
0.418879     1.25664    0.0111374
0.628319     1.25664    0.00634951
0.837758     1.25664    0.00400366
1.0472     1.25664    0.000547595
1.25664     1.25664    0.0143451
1.46608     1.25664    0.00689988
1.67552     1.25664    0.00999743
1.88496     1.25664    0.00719415
2.0944     1.25664    0.00854177
2.30383     1.25664    0.0260639
2.51327     1.25664    0.00446254
2.72271     1.25664    0.000664213
2.93215     1.25664    0.0104301
3.14159     1.25664    0.0245716

-3.14159     1.46608    0.0329688
-2.93215     1.46608    0.0265558
-2.72271     1.46608    0.0285587
-2.51327     1.46608    0.0197732
-2.30383     1.46608    0.0149406
-2.0944     1.46608    0.00290531
-1.88496     1.46608    0.00115305
-1.67552     1.46608    0.000327621
-1.46608     1.46608    0.000739924
-1.25664     1.46608    0.00260948
-1.0472     1.46608    0.0012463
-0.837758     1.46608    0.0172116
-0.628319     1.46608    0.00377996
-0.418879     1.46608    0.00960204
-0.20944     1.46608    0.000937637
0     1.46608    0.00218515
0.20944     1.46608    0.000985722
0.418879     1.46608    0.00958523
0.628319     1.46608    0.00385143
0.837758     1.46608    0.0172153
1.0472     1.46608    0.00131669
1.25664     1.46608    0.00262596
1.46608     1.46608    0.000808403
1.67552     1.46608    0.000296446
1.88496     1.46608    0.00117884
2.0944     1.46608    0.00292396
2.30383     1.46608    0.0150076
2.51327     1.46608    0.0196482
2.72271     1.46608    0.0285949
2.93215     1.46608    0.0265287
3.14159     1.46608    0.0331575

-3.14159     1.67552    0.0437285
-2.93215     1.67552    0.0279174
-2.72271     1.67552    0.0312017
-2.51327     1.67552    0.00948909
-2.30383     1.67552    0.000469964
-2.0944     1.67552    0.000268455
-1.88496     1.67552    0.000266049
-1.67552     1.67552    0.00259507
-1.46608     1.67552    0.00637166
-1.25664     1.67552    0.00760939
-1.0472     1.67552    0.00411
-0.837758     1.67552    0.00188802
-0.628319     1.67552    0.000699788
-0.418879     1.67552    0.0140194
-0.20944     1.67552    0.00739835
0     1.67552    0.00916298
0.20944     1.67552    0.00741411
0.418879     1.67552    0.0140102
0.628319     1.67552    0.000744232
0.837758     1.67552    0.00178591
1.0472     1.67552    0.00406356
1.25664     1.67552    0.00765005
1.46608     1.67552    0.00633331
1.67552     1.67552    0.00265647
1.88496     1.67552    0.000270673
2.0944     1.67552    0.000320358
2.30383     1.67552    0.000427839
2.51327     1.67552    0.00947134
2.72271     1.67552    0.0312904
2.93215     1.67552    0.0278547
3.14159     1.67552    0.0439998

-3.14159     1.88496    0.0475612
-2.93215     1.88496    0.0326292
-2.72271     1.88496    0.0270707
-2.51327     1.88496    0.00517024
-2.30383     1.88496    0.00847063
-2.0944     1.88496    0.0105282
-1.88496     1.88496    0.00307407
-1.67552     1.88496    0.00426106
-1.46608     1.88496    0.00455599
-1.25664     1.88496    0.00418473
-1.0472     1.88496    0.000641885
-0.837758     1.88496    0.00828965
-0.628319     1.88496    0.00275754
-0.418879     1.88496    0.00842421
-0.20944     1.88496    0.00712758
0     1.88496    0.00329776
0.20944     1.88496    0.00711826
0.418879     1.88496    0.00849791
0.628319     1.88496    0.00273946
0.837758     1.88496    0.00829633
1.0472     1.88496    0.0006843
1.25664     1.88496    0.00416931
1.46608     1.88496    0.00456922
1.67552     1.88496    0.00421237
1.88496     1.88496    0.00308031
2.0944     1.88496    0.0105682
2.30383     1.88496    0.00845776
2.51327     1.88496    0.0051514
2.72271     1.88496    0.0273308
2.93215     1.88496    0.0323818
3.14159     1.88496    0.0478111

-3.14159     2.0944    0.0351288
-2.93215     2.0944    0.0457253
-2.72271     2.0944    0.0265841
-2.51327     2.0944    0.012619
-2.30383     2.0944    0.000467023
-2.0944     2.0944    0.00425651
-1.88496     2.0944    0.00439133
-1.67552     2.0944    0.00456951
-1.46608     2.0944    0.015172
-1.25664     2.0944    0.0109098
-1.0472     2.0944    0.00226108
-0.837758     2.0944    0.00977123
-0.628319     2.0944    0.00176961
-0.418879     2.0944    0.000771616
-0.20944     2.0944    0.0112508
0     2.0944    0.00806685
0.20944     2.0944    0.0112641
0.418879     2.0944    0.000794843
0.628319     2.0944    0.00177437
0.837758     2.0944    0.009734
1.0472     2.0944    0.00221708
1.25664     2.0944    0.010864
1.46608     2.0944    0.0150918
1.67552     2.0944    0.00463232
1.88496     2.0944    0.00439049
2.0944     2.0944    0.0042324
2.30383     2.0944    0.000433489
2.51327     2.0944    0.0126195
2.72271     2.0944    0.0267023
2.93215     2.0944    0.0460228
3.14159     2.0944    0.0353798

-3.14159     2.30383    0.0289569
-2.93215     2.30383    0.0219973
-2.72271     2.30383    0.00790024
-2.51327     2.30383    0.00265683
-2.30383     2.30383    0.00224128
-2.0944     2.30383    0.006456
-1.88496     2.30383    0.00683383
-1.67552     2.30383    0.00892154
-1.46608     2.30383    0.00411302
-1.25664     2.30383    0.00388054
-1.0472     2.30383    0.0131105
-0.837758     2.30383    0.00528816
-0.628319     2.30383    0.00312086
-0.418879     2.30383    0.00149395
-0.20944     2.30383    0.00578818
0     2.30383    0.0059625
0.20944     2.30383    0.00574702
0.418879     2.30383    0.00156806
0.628319     2.30383    0.0030847
0.837758     2.30383    0.00528996
1.0472     2.30383    0.0130981
1.25664     2.30383    0.00386214
1.46608     2.30383    0.00414542
1.67552     2.30383    0.00889976
1.88496     2.30383    0.00685423
2.0944     2.30383    0.00643548
2.30383     2.30383    0.00220703
2.51327     2.30383    0.0025664
2.72271     2.30383    0.00762953
2.93215     2.30383    0.0220146
3.14159     2.30383    0.0289999

-3.14159     2.51327    0.00941594
-2.93215     2.51327    0.00300051
-2.72271     2.51327    0.0146332
-2.51327     2.51327    0.000800914
-2.30383     2.51327    0.00757062
-2.0944     2.51327    0.00315127
-1.88496     2.51327    0.00369282
-1.67552     2.51327    0.00535905
-1.46608     2.51327    0.00438493
-1.25664     2.51327    0.00787201
-1.0472     2.51327    0.00849415
-0.837758     2.51327    0.00187194
-0.628319     2.51327    0.00256789
-0.418879     2.51327    0.00284706
-0.20944     2.51327    0.00350228
0     2.51327    0.0189607
0.20944     2.51327    0.00347331
0.418879     2.51327    0.00282978
0.628319     2.51327    0.00252657
0.837758     2.51327    0.00200959
1.0472     2.51327    0.00850565
1.25664     2.51327    0.00787292
1.46608     2.51327    0.00442602
1.67552     2.51327    0.00535275
1.88496     2.51327    0.00368591
2.0944     2.51327    0.00321126
2.30383     2.51327    0.00757571
2.51327     2.51327    0.00086431
2.72271     2.51327    0.0144555
2.93215     2.51327    0.00256967
3.14159     2.51327    0.0094955

-3.14159     2.72271    0.0030781
-2.93215     2.72271    0.00388515
-2.72271     2.72271    0.00673483
-2.51327     2.72271    0.0235945
-2.30383     2.72271    0.00323756
-2.0944     2.72271    0.000831184
-1.88496     2.72271    0.00107639
-1.67552     2.72271    0.00653627
-1.46608     2.72271    0.00546768
-1.25664     2.72271    0.00472409
-1.0472     2.72271    0.00639121
-0.837758     2.72271    0.00595034
-0.628319     2.72271    0.00855724
-0.418879     2.72271    0.00389094
-0.20944     2.72271    0.00330053
0     2.72271    0.0257843
0.20944     2.72271    0.00334867
0.418879     2.72271    0.00392267
0.628319     2.72271    0.0086374
0.837758     2.72271    0.00599447
1.0472     2.72271    0.00640257
1.25664     2.72271    0.00471918
1.46608     2.72271    0.00543236
1.67552     2.72271    0.00646804
1.88496     2.72271    0.00110622
2.0944     2.72271    0.000809977
2.30383     2.72271    0.00329168
2.51327     2.72271    0.023734
2.72271     2.72271    0.00678639
2.93215     2.72271    0.00380008
3.14159     2.72271    0.0029926

-3.14159     2.93215    0.00102024
-2.93215     2.93215    0.00780602
-2.72271     2.93215    0.0103584
-2.51327     2.93215    0.0214287
-2.30383     2.93215    0.00896071
-2.0944     2.93215    0.00174412
-1.88496     2.93215    0.00124924
-1.67552     2.93215    0.000895888
-1.46608     2.93215    0.00213617
-1.25664     2.93215    0.00391658
-1.0472     2.93215    0.00324445
-0.837758     2.93215    0.00819548
-0.628319     2.93215    0.00539376
-0.418879     2.93215    0.00612457
-0.20944     2.93215    0.00329092
0     2.93215    0.0207361
0.20944     2.93215    0.00318047
0.418879     2.93215    0.00612918
0.628319     2.93215    0.0054071
0.837758     2.93215    0.00815705
1.0472     2.93215    0.00326543
1.25664     2.93215    0.00388991
1.46608     2.93215    0.00213693
1.67552     2.93215    0.000838712
1.88496     2.93215    0.00125203
2.0944     2.93215    0.00175081
2.30383     2.93215    0.00894316
2.51327     2.93215    0.0213136
2.72271     2.93215    0.0103808
2.93215     2.93215    0.00785509
3.14159     2.93215    0.000987394

-3.14159     3.14159    0.00176159
-2.93215     3.14159    0.000608203
-2.72271     3.14159    0.00745646
-2.51327     3.14159    0.00721964
-2.30383     3.14159    0.00148009
-2.0944     3.14159    0.00705453
-1.88496     3.14159    0.00729555
-1.67552     3.14159    0.00343402
-1.46608     3.14159    0.00100756
-1.25664     3.14159    0.000487388
-1.0472     3.14159    8.34894e-05
-0.837758     3.14159    0.0021819
-0.628319     3.14159    0.00240864
-0.418879     3.14159    0.00850541
-0.20944     3.14159    0.0166957
0     3.14159    0.0356017
0.20944     3.14159    0.0169055
0.418879     3.14159    0.0084845
0.628319     3.14159    0.00229177
0.837758     3.14159    0.00218261
1.0472     3.14159    9.72285e-05
1.25664     3.14159    0.000535654
1.46608     3.14159    0.00102938
1.67552     3.14159    0.00346156
1.88496     3.14159    0.00737528
2.0944     3.14159    0.00713443
2.30383     3.14159    0.00151931
2.51327     3.14159    0.00727165
2.72271     3.14159    0.00750629
2.93215     3.14159    0.000665971
3.14159     3.14159    0.00180897

