-3.14159     -3.14159    2.69493e-05
-2.93215     -3.14159    3.40926e-05
-2.72271     -3.14159    4.0033e-05
-2.51327     -3.14159    4.31915e-05
-2.30383     -3.14159    4.37863e-05
-2.0944     -3.14159    4.34163e-05
-1.88496     -3.14159    4.33631e-05
-1.67552     -3.14159    4.32182e-05
-1.46608     -3.14159    4.0747e-05
-1.25664     -3.14159    3.41192e-05
-1.0472     -3.14159    2.54596e-05
-0.837758     -3.14159    1.76374e-05
-0.628319     -3.14159    1.18054e-05
-0.418879     -3.14159    8.07937e-06
-0.20944     -3.14159    6.10841e-06
0     -3.14159    5.5303e-06
0.20944     -3.14159    6.09772e-06
0.418879     -3.14159    8.07984e-06
0.628319     -3.14159    1.18055e-05
0.837758     -3.14159    1.76371e-05
1.0472     -3.14159    2.54602e-05
1.25664     -3.14159    3.41186e-05
1.46608     -3.14159    4.0747e-05
1.67552     -3.14159    4.32176e-05
1.88496     -3.14159    4.33633e-05
2.0944     -3.14159    4.34166e-05
2.30383     -3.14159    4.37844e-05
2.51327     -3.14159    4.31904e-05
2.72271     -3.14159    4.00317e-05
2.93215     -3.14159    3.40926e-05
3.14159     -3.14159    2.69496e-05

-3.14159     -2.93215    2.08161e-05
-2.93215     -2.93215    2.87429e-05
-2.72271     -2.93215    3.56416e-05
-2.51327     -2.93215    3.9851e-05
-2.30383     -2.93215    4.17737e-05
-2.0944     -2.93215    4.24437e-05
-1.88496     -2.93215    4.24056e-05
-1.67552     -2.93215    4.15644e-05
-1.46608     -2.93215    3.84587e-05
-1.25664     -2.93215    3.12883e-05
-1.0472     -2.93215    2.18991e-05
-0.837758     -2.93215    1.37778e-05
-0.628319     -2.93215    8.21302e-06
-0.418879     -2.93215    4.97155e-06
-0.20944     -2.93215    3.3792e-06
0     -2.93215    3.00847e-06
0.20944     -2.93215    3.39405e-06
0.418879     -2.93215    4.97658e-06
0.628319     -2.93215    8.21286e-06
0.837758     -2.93215    1.37779e-05
1.0472     -2.93215    2.18988e-05
1.25664     -2.93215    3.12885e-05
1.46608     -2.93215    3.84583e-05
1.67552     -2.93215    4.15637e-05
1.88496     -2.93215    4.24051e-05
2.0944     -2.93215    4.24439e-05
2.30383     -2.93215    4.17733e-05
2.51327     -2.93215    3.98506e-05
2.72271     -2.93215    3.56406e-05
2.93215     -2.93215    2.87424e-05
3.14159     -2.93215    2.08165e-05

-3.14159     -2.72271    1.6778e-05
-2.93215     -2.72271    2.46223e-05
-2.72271     -2.72271    3.09649e-05
-2.51327     -2.72271    3.42435e-05
-2.30383     -2.72271    3.55768e-05
-2.0944     -2.72271    3.66435e-05
-1.88496     -2.72271    3.78083e-05
-1.67552     -2.72271    3.81321e-05
-1.46608     -2.72271    3.58863e-05
-1.25664     -2.72271    2.92968e-05
-1.0472     -2.72271    1.98517e-05
-0.837758     -2.72271    1.17305e-05
-0.628319     -2.72271    6.51673e-06
-0.418879     -2.72271    3.73016e-06
-0.20944     -2.72271    2.43245e-06
0     -2.72271    1.91612e-06
0.20944     -2.72271    2.41777e-06
0.418879     -2.72271    3.72209e-06
0.628319     -2.72271    6.51705e-06
0.837758     -2.72271    1.17303e-05
1.0472     -2.72271    1.98516e-05
1.25664     -2.72271    2.92973e-05
1.46608     -2.72271    3.58868e-05
1.67552     -2.72271    3.81325e-05
1.88496     -2.72271    3.78093e-05
2.0944     -2.72271    3.66434e-05
2.30383     -2.72271    3.55756e-05
2.51327     -2.72271    3.42437e-05
2.72271     -2.72271    3.09637e-05
2.93215     -2.72271    2.46218e-05
3.14159     -2.72271    1.67777e-05

-3.14159     -2.51327    1.46958e-05
-2.93215     -2.51327    2.16356e-05
-2.72271     -2.51327    2.60557e-05
-2.51327     -2.51327    2.71732e-05
-2.30383     -2.51327    2.69275e-05
-2.0944     -2.51327    2.76102e-05
-1.88496     -2.51327    2.9839e-05
-1.67552     -2.51327    3.22715e-05
-1.46608     -2.51327    3.22113e-05
-1.25664     -2.51327    2.74192e-05
-1.0472     -2.51327    1.87662e-05
-0.837758     -2.51327    1.08432e-05
-0.628319     -2.51327    5.89913e-06
-0.418879     -2.51327    3.39812e-06
-0.20944     -2.51327    2.2872e-06
0     -2.51327    2.50474e-06
0.20944     -2.51327    2.29526e-06
0.418879     -2.51327    3.40882e-06
0.628319     -2.51327    5.89917e-06
0.837758     -2.51327    1.0844e-05
1.0472     -2.51327    1.87665e-05
1.25664     -2.51327    2.74195e-05
1.46608     -2.51327    3.22121e-05
1.67552     -2.51327    3.22714e-05
1.88496     -2.51327    2.98385e-05
2.0944     -2.51327    2.76102e-05
2.30383     -2.51327    2.69276e-05
2.51327     -2.51327    2.71726e-05
2.72271     -2.51327    2.60551e-05
2.93215     -2.51327    2.16356e-05
3.14159     -2.51327    1.46957e-05

-3.14159     -2.30383    1.41989e-05
-2.93215     -2.30383    1.92648e-05
-2.72271     -2.30383    2.06964e-05
-2.51327     -2.30383    1.93354e-05
-2.30383     -2.30383    1.79461e-05
-2.0944     -2.30383    1.82552e-05
-1.88496     -2.30383    2.05649e-05
-1.67552     -2.30383    2.41157e-05
-1.46608     -2.30383    2.65013e-05
-1.25664     -2.30383    2.45266e-05
-1.0472     -2.30383    1.78193e-05
-0.837758     -2.30383    1.04721e-05
-0.628319     -2.30383    5.70596e-06
-0.418879     -2.30383    3.28242e-06
-0.20944     -2.30383    2.28152e-06
0     -2.30383    1.67818e-06
0.20944     -2.30383    2.28487e-06
0.418879     -2.30383    3.27023e-06
0.628319     -2.30383    5.70665e-06
0.837758     -2.30383    1.04724e-05
1.0472     -2.30383    1.78198e-05
1.25664     -2.30383    2.45274e-05
1.46608     -2.30383    2.65018e-05
1.67552     -2.30383    2.41162e-05
1.88496     -2.30383    2.05647e-05
2.0944     -2.30383    1.82551e-05
2.30383     -2.30383    1.79459e-05
2.51327     -2.30383    1.9335e-05
2.72271     -2.30383    2.06958e-05
2.93215     -2.30383    1.92642e-05
3.14159     -2.30383    1.41986e-05

-3.14159     -2.0944    1.46254e-05
-2.93215     -2.0944    1.68205e-05
-2.72271     -2.0944    1.5184e-05
-2.51327     -2.0944    1.22721e-05
-2.30383     -2.0944    1.05867e-05
-2.0944     -2.0944    1.07468e-05
-1.88496     -2.0944    1.25809e-05
-1.67552     -2.0944    1.57365e-05
-1.46608     -2.0944    1.91663e-05
-1.25664     -2.0944    1.99642e-05
-1.0472     -2.0944    1.61269e-05
-0.837758     -2.0944    1.00875e-05
-0.628319     -2.0944    5.5425e-06
-0.418879     -2.0944    3.15778e-06
-0.20944     -2.0944    2.12311e-06
0     -2.0944    2.51249e-06
0.20944     -2.0944    2.10536e-06
0.418879     -2.0944    3.16732e-06
0.628319     -2.0944    5.54249e-06
0.837758     -2.0944    1.00887e-05
1.0472     -2.0944    1.61275e-05
1.25664     -2.0944    1.99648e-05
1.46608     -2.0944    1.91664e-05
1.67552     -2.0944    1.57359e-05
1.88496     -2.0944    1.25812e-05
2.0944     -2.0944    1.07468e-05
2.30383     -2.0944    1.05867e-05
2.51327     -2.0944    1.22722e-05
2.72271     -2.0944    1.51833e-05
2.93215     -2.0944    1.68196e-05
3.14159     -2.0944    1.46243e-05

-3.14159     -1.88496    1.50946e-05
-2.93215     -1.88496    1.40512e-05
-2.72271     -1.88496    1.02819e-05
-2.51327     -1.88496    7.09917e-06
-2.30383     -1.88496    5.78184e-06
-2.0944     -1.88496    5.94294e-06
-1.88496     -1.88496    7.1893e-06
-1.67552     -1.88496    9.3669e-06
-1.46608     -1.88496    1.22172e-05
-1.25664     -1.88496    1.43169e-05
-1.0472     -1.88496    1.32213e-05
-0.837758     -1.88496    9.14953e-06
-0.628319     -1.88496    5.13782e-06
-0.418879     -1.88496    2.74014e-06
-0.20944     -1.88496    1.68902e-06
0     -1.88496    1.0567e-06
0.20944     -1.88496    1.72457e-06
0.418879     -1.88496    2.73202e-06
0.628319     -1.88496    5.13719e-06
0.837758     -1.88496    9.14892e-06
1.0472     -1.88496    1.32224e-05
1.25664     -1.88496    1.43171e-05
1.46608     -1.88496    1.22177e-05
1.67552     -1.88496    9.36706e-06
1.88496     -1.88496    7.18885e-06
2.0944     -1.88496    5.94274e-06
2.30383     -1.88496    5.78175e-06
2.51327     -1.88496    7.09881e-06
2.72271     -1.88496    1.02815e-05
2.93215     -1.88496    1.40513e-05
3.14159     -1.88496    1.50936e-05

-3.14159     -1.67552    1.49886e-05
-2.93215     -1.67552    1.11932e-05
-2.72271     -1.67552    6.74071e-06
-2.51327     -1.67552    4.09359e-06
-2.30383     -1.67552    3.24574e-06
-2.0944     -1.67552    3.43256e-06
-1.88496     -1.67552    4.19647e-06
-1.67552     -1.67552    5.45792e-06
-1.46608     -1.67552    7.22088e-06
-1.25664     -1.67552    9.05339e-06
-1.0472     -1.67552    9.47861e-06
-0.837758     -1.67552    7.40102e-06
-0.628319     -1.67552    4.29256e-06
-0.418879     -1.67552    2.02399e-06
-0.20944     -1.67552    9.41239e-07
0     -1.67552    8.13954e-07
0.20944     -1.67552    8.86034e-07
0.418879     -1.67552    2.02715e-06
0.628319     -1.67552    4.29288e-06
0.837758     -1.67552    7.40115e-06
1.0472     -1.67552    9.47851e-06
1.25664     -1.67552    9.05331e-06
1.46608     -1.67552    7.22038e-06
1.67552     -1.67552    5.45786e-06
1.88496     -1.67552    4.19691e-06
2.0944     -1.67552    3.43244e-06
2.30383     -1.67552    3.24504e-06
2.51327     -1.67552    4.09338e-06
2.72271     -1.67552    6.73959e-06
2.93215     -1.67552    1.11936e-05
3.14159     -1.67552    1.49876e-05

-3.14159     -1.46608    1.44424e-05
-2.93215     -1.46608    9.01464e-06
-2.72271     -1.46608    4.76231e-06
-2.51327     -1.46608    2.74478e-06
-2.30383     -1.46608    2.18793e-06
-2.0944     -1.46608    2.33234e-06
-1.88496     -1.46608    2.7483e-06
-1.67552     -1.46608    3.32789e-06
-1.46608     -1.46608    4.13554e-06
-1.25664     -1.46608    5.1351e-06
-1.0472     -1.46608    5.74328e-06
-0.837758     -1.46608    4.95603e-06
-0.628319     -1.46608    2.8936e-06
-0.418879     -1.46608    9.10253e-07
-0.20944     -1.46608    2.25925e-07
0     -1.46608    3.57308e-07
0.20944     -1.46608    1.49983e-07
0.418879     -1.46608    9.13906e-07
0.628319     -1.46608    2.8919e-06
0.837758     -1.46608    4.95711e-06
1.0472     -1.46608    5.74415e-06
1.25664     -1.46608    5.13406e-06
1.46608     -1.46608    4.13667e-06
1.67552     -1.46608    3.32626e-06
1.88496     -1.46608    2.74762e-06
2.0944     -1.46608    2.33167e-06
2.30383     -1.46608    2.18764e-06
2.51327     -1.46608    2.74478e-06
2.72271     -1.46608    4.7614e-06
2.93215     -1.46608    9.01492e-06
3.14159     -1.46608    1.44415e-05

-3.14159     -1.25664    1.42172e-05
-2.93215     -1.25664    8.12795e-06
-2.72271     -1.25664    4.23419e-06
-2.51327     -1.25664    2.50985e-06
-2.30383     -1.25664    2.01581e-06
-2.0944     -1.25664    1.99572e-06
-1.88496     -1.25664    2.12211e-06
-1.67552     -1.25664    2.22929e-06
-1.46608     -1.25664    2.36155e-06
-1.25664     -1.25664    2.53715e-06
-1.0472     -1.25664    2.69798e-06
-0.837758     -1.25664    2.27923e-06
-0.628319     -1.25664    9.86423e-07
-0.418879     -1.25664    6.33327e-07
-0.20944     -1.25664    1.70095e-06
0     -1.25664    2.81516e-06
0.20944     -1.25664    1.76666e-06
0.418879     -1.25664    6.38508e-07
0.628319     -1.25664    9.86169e-07
0.837758     -1.25664    2.27763e-06
1.0472     -1.25664    2.69815e-06
1.25664     -1.25664    2.53766e-06
1.46608     -1.25664    2.36386e-06
1.67552     -1.25664    2.2304e-06
1.88496     -1.25664    2.12192e-06
2.0944     -1.25664    1.99515e-06
2.30383     -1.25664    2.016e-06
2.51327     -1.25664    2.50992e-06
2.72271     -1.25664    4.23445e-06
2.93215     -1.25664    8.12804e-06
3.14159     -1.25664    1.42171e-05

-3.14159     -1.0472    1.51714e-05
-2.93215     -1.0472    8.77759e-06
-2.72271     -1.0472    4.93473e-06
-2.51327     -1.0472    3.12953e-06
-2.30383     -1.0472    2.40129e-06
-2.0944     -1.0472    2.137e-06
-1.88496     -1.0472    1.91828e-06
-1.67552     -1.0472    1.66181e-06
-1.46608     -1.0472    1.29921e-06
-1.25664     -1.0472    8.82894e-07
-1.0472     -1.0472    4.14904e-07
-0.837758     -1.0472    1.51923e-07
-0.628319     -1.0472    1.18791e-06
-0.418879     -1.0472    2.44986e-06
-0.20944     -1.0472    3.58737e-06
0     -1.0472    2.51087e-06
0.20944     -1.0472    3.53755e-06
0.418879     -1.0472    2.43615e-06
0.628319     -1.0472    1.18906e-06
0.837758     -1.0472    1.50188e-07
1.0472     -1.0472    4.14977e-07
1.25664     -1.0472    8.82762e-07
1.46608     -1.0472    1.29723e-06
1.67552     -1.0472    1.66186e-06
1.88496     -1.0472    1.91847e-06
2.0944     -1.0472    2.13668e-06
2.30383     -1.0472    2.40162e-06
2.51327     -1.0472    3.12954e-06
2.72271     -1.0472    4.9349e-06
2.93215     -1.0472    8.77728e-06
3.14159     -1.0472    1.51711e-05

-3.14159     -0.837758    1.78399e-05
-2.93215     -0.837758    1.12539e-05
-2.72271     -0.837758    6.96296e-06
-2.51327     -0.837758    4.61913e-06
-2.30383     -0.837758    3.39781e-06
-2.0944     -0.837758    2.66349e-06
-1.88496     -0.837758    2.0812e-06
-1.67552     -0.837758    1.43866e-06
-1.46608     -0.837758    6.45514e-07
-1.25664     -0.837758    1.99179e-07
-1.0472     -0.837758    1.20096e-06
-0.837758     -0.837758    2.2619e-06
-0.628319     -0.837758    3.3977e-06
-0.418879     -0.837758    4.80025e-06
-0.20944     -0.837758    5.89184e-06
0     -0.837758    8.50659e-06
0.20944     -0.837758    5.90407e-06
0.418879     -0.837758    4.8247e-06
0.628319     -0.837758    3.39678e-06
0.837758     -0.837758    2.26126e-06
1.0472     -0.837758    1.19857e-06
1.25664     -0.837758    1.98862e-07
1.46608     -0.837758    6.4568e-07
1.67552     -0.837758    1.43885e-06
1.88496     -0.837758    2.08089e-06
2.0944     -0.837758    2.66231e-06
2.30383     -0.837758    3.39759e-06
2.51327     -0.837758    4.61891e-06
2.72271     -0.837758    6.96261e-06
2.93215     -0.837758    1.12536e-05
3.14159     -0.837758    1.78398e-05

-3.14159     -0.628319    2.25799e-05
-2.93215     -0.628319    1.57643e-05
-2.72271     -0.628319    1.08017e-05
-2.51327     -0.628319    7.48981e-06
-2.30383     -0.628319    5.38938e-06
-2.0944     -0.628319    3.93457e-06
-1.88496     -0.628319    2.75375e-06
-1.67552     -0.628319    1.61542e-06
-1.46608     -0.628319    4.14867e-07
-1.25664     -0.628319    9.10831e-07
-1.0472     -0.628319    2.2685e-06
-0.837758     -0.628319    3.84309e-06
-0.628319     -0.628319    5.54636e-06
-0.418879     -0.628319    7.2609e-06
-0.20944     -0.628319    8.96294e-06
0     -0.628319    6.9088e-06
0.20944     -0.628319    9.01522e-06
0.418879     -0.628319    7.23252e-06
0.628319     -0.628319    5.54579e-06
0.837758     -0.628319    3.84328e-06
1.0472     -0.628319    2.27039e-06
1.25664     -0.628319    9.10971e-07
1.46608     -0.628319    4.17762e-07
1.67552     -0.628319    1.61666e-06
1.88496     -0.628319    2.75399e-06
2.0944     -0.628319    3.93397e-06
2.30383     -0.628319    5.38974e-06
2.51327     -0.628319    7.48963e-06
2.72271     -0.628319    1.08015e-05
2.93215     -0.628319    1.57639e-05
3.14159     -0.628319    2.25804e-05

-3.14159     -0.418879    2.91533e-05
-2.93215     -0.418879    2.2612e-05
-2.72271     -0.418879    1.69206e-05
-2.51327     -0.418879    1.24073e-05
-2.30383     -0.418879    8.99136e-06
-2.0944     -0.418879    6.41333e-06
-1.88496     -0.418879    4.30346e-06
-1.67552     -0.418879    2.43547e-06
-1.46608     -0.418879    6.50802e-07
-1.25664     -0.418879    1.16626e-06
-1.0472     -0.418879    3.04297e-06
-0.837758     -0.418879    5.05439e-06
-0.628319     -0.418879    7.51568e-06
-0.418879     -0.418879    1.04364e-05
-0.20944     -0.418879    1.2866e-05
0     -0.418879    1.78151e-05
0.20944     -0.418879    1.3018e-05
0.418879     -0.418879    1.05115e-05
0.628319     -0.418879    7.5198e-06
0.837758     -0.418879    5.05205e-06
1.0472     -0.418879    3.04256e-06
1.25664     -0.418879    1.16792e-06
1.46608     -0.418879    6.50206e-07
1.67552     -0.418879    2.43401e-06
1.88496     -0.418879    4.30315e-06
2.0944     -0.418879    6.41321e-06
2.30383     -0.418879    8.99095e-06
2.51327     -0.418879    1.24072e-05
2.72271     -0.418879    1.69207e-05
2.93215     -0.418879    2.2612e-05
3.14159     -0.418879    2.91534e-05

-3.14159     -0.20944    3.51207e-05
-2.93215     -0.20944    2.9713e-05
-2.72271     -0.20944    2.40657e-05
-2.51327     -0.20944    1.87064e-05
-2.30383     -0.20944    1.39759e-05
-2.0944     -0.20944    9.99673e-06
-1.88496     -0.20944    6.72017e-06
-1.67552     -0.20944    3.90696e-06
-1.46608     -0.20944    1.39136e-06
-1.25664     -0.20944    9.5654e-07
-1.0472     -0.20944    3.33011e-06
-0.837758     -0.20944    5.8687e-06
-0.628319     -0.20944    9.00244e-06
-0.418879     -0.20944    1.30533e-05
-0.20944     -0.20944    1.67332e-05
0     -0.20944    1.73125e-05
0.20944     -0.20944    1.81449e-05
0.418879     -0.20944    1.32818e-05
0.628319     -0.20944    8.99649e-06
0.837758     -0.20944    5.87075e-06
1.0472     -0.20944    3.3225e-06
1.25664     -0.20944    9.52204e-07
1.46608     -0.20944    1.39059e-06
1.67552     -0.20944    3.90654e-06
1.88496     -0.20944    6.71958e-06
2.0944     -0.20944    9.99682e-06
2.30383     -0.20944    1.39756e-05
2.51327     -0.20944    1.87064e-05
2.72271     -0.20944    2.40655e-05
2.93215     -0.20944    2.9713e-05
3.14159     -0.20944    3.51208e-05

-3.14159     0    3.74641e-05
-2.93215     0    3.2767e-05
-2.72271     0    2.75275e-05
-2.51327     0    2.19476e-05
-2.30383     0    1.66489e-05
-2.0944     0    1.20057e-05
-1.88496     0    8.06622e-06
-1.67552     0    4.76408e-06
-1.46608     0    1.88516e-06
-1.25664     0    7.53871e-07
-1.0472     0    3.278e-06
-0.837758     0    6.08237e-06
-0.628319     0    9.56599e-06
-0.418879     0    1.37575e-05
-0.20944     0    1.967e-05
0     0    3.91597e-16
0.20944     0    1.967e-05
0.418879     0    1.37575e-05
0.628319     0    9.56599e-06
0.837758     0    6.08237e-06
1.0472     0    3.278e-06
1.25664     0    7.53871e-07
1.46608     0    1.88516e-06
1.67552     0    4.76408e-06
1.88496     0    8.06622e-06
2.0944     0    1.20057e-05
2.30383     0    1.66489e-05
2.51327     0    2.19476e-05
2.72271     0    2.75275e-05
2.93215     0    3.2767e-05
3.14159     0    3.74641e-05

-3.14159     0.20944    3.51208e-05
-2.93215     0.20944    2.9713e-05
-2.72271     0.20944    2.40655e-05
-2.51327     0.20944    1.87064e-05
-2.30383     0.20944    1.39756e-05
-2.0944     0.20944    9.99682e-06
-1.88496     0.20944    6.71958e-06
-1.67552     0.20944    3.90654e-06
-1.46608     0.20944    1.39059e-06
-1.25664     0.20944    9.52204e-07
-1.0472     0.20944    3.3225e-06
-0.837758     0.20944    5.87075e-06
-0.628319     0.20944    8.99649e-06
-0.418879     0.20944    1.32818e-05
-0.20944     0.20944    1.81449e-05
0     0.20944    1.73125e-05
0.20944     0.20944    1.67332e-05
0.418879     0.20944    1.30533e-05
0.628319     0.20944    9.00244e-06
0.837758     0.20944    5.8687e-06
1.0472     0.20944    3.33011e-06
1.25664     0.20944    9.5654e-07
1.46608     0.20944    1.39136e-06
1.67552     0.20944    3.90696e-06
1.88496     0.20944    6.72017e-06
2.0944     0.20944    9.99673e-06
2.30383     0.20944    1.39759e-05
2.51327     0.20944    1.87064e-05
2.72271     0.20944    2.40657e-05
2.93215     0.20944    2.9713e-05
3.14159     0.20944    3.51207e-05

-3.14159     0.418879    2.91534e-05
-2.93215     0.418879    2.2612e-05
-2.72271     0.418879    1.69207e-05
-2.51327     0.418879    1.24072e-05
-2.30383     0.418879    8.99095e-06
-2.0944     0.418879    6.41321e-06
-1.88496     0.418879    4.30315e-06
-1.67552     0.418879    2.43401e-06
-1.46608     0.418879    6.50206e-07
-1.25664     0.418879    1.16792e-06
-1.0472     0.418879    3.04256e-06
-0.837758     0.418879    5.05205e-06
-0.628319     0.418879    7.5198e-06
-0.418879     0.418879    1.05115e-05
-0.20944     0.418879    1.3018e-05
0     0.418879    1.78151e-05
0.20944     0.418879    1.2866e-05
0.418879     0.418879    1.04364e-05
0.628319     0.418879    7.51568e-06
0.837758     0.418879    5.05439e-06
1.0472     0.418879    3.04297e-06
1.25664     0.418879    1.16626e-06
1.46608     0.418879    6.50802e-07
1.67552     0.418879    2.43547e-06
1.88496     0.418879    4.30346e-06
2.0944     0.418879    6.41333e-06
2.30383     0.418879    8.99136e-06
2.51327     0.418879    1.24073e-05
2.72271     0.418879    1.69206e-05
2.93215     0.418879    2.2612e-05
3.14159     0.418879    2.91533e-05

-3.14159     0.628319    2.25804e-05
-2.93215     0.628319    1.57639e-05
-2.72271     0.628319    1.08015e-05
-2.51327     0.628319    7.48963e-06
-2.30383     0.628319    5.38974e-06
-2.0944     0.628319    3.93397e-06
-1.88496     0.628319    2.75399e-06
-1.67552     0.628319    1.61666e-06
-1.46608     0.628319    4.17762e-07
-1.25664     0.628319    9.10971e-07
-1.0472     0.628319    2.27039e-06
-0.837758     0.628319    3.84328e-06
-0.628319     0.628319    5.54579e-06
-0.418879     0.628319    7.23252e-06
-0.20944     0.628319    9.01522e-06
0     0.628319    6.9088e-06
0.20944     0.628319    8.96294e-06
0.418879     0.628319    7.2609e-06
0.628319     0.628319    5.54636e-06
0.837758     0.628319    3.84309e-06
1.0472     0.628319    2.2685e-06
1.25664     0.628319    9.10831e-07
1.46608     0.628319    4.14867e-07
1.67552     0.628319    1.61542e-06
1.88496     0.628319    2.75375e-06
2.0944     0.628319    3.93457e-06
2.30383     0.628319    5.38938e-06
2.51327     0.628319    7.48981e-06
2.72271     0.628319    1.08017e-05
2.93215     0.628319    1.57643e-05
3.14159     0.628319    2.25799e-05

-3.14159     0.837758    1.78398e-05
-2.93215     0.837758    1.12536e-05
-2.72271     0.837758    6.96261e-06
-2.51327     0.837758    4.61891e-06
-2.30383     0.837758    3.39759e-06
-2.0944     0.837758    2.66231e-06
-1.88496     0.837758    2.08089e-06
-1.67552     0.837758    1.43885e-06
-1.46608     0.837758    6.4568e-07
-1.25664     0.837758    1.98862e-07
-1.0472     0.837758    1.19857e-06
-0.837758     0.837758    2.26126e-06
-0.628319     0.837758    3.39678e-06
-0.418879     0.837758    4.8247e-06
-0.20944     0.837758    5.90407e-06
0     0.837758    8.50659e-06
0.20944     0.837758    5.89184e-06
0.418879     0.837758    4.80025e-06
0.628319     0.837758    3.3977e-06
0.837758     0.837758    2.2619e-06
1.0472     0.837758    1.20096e-06
1.25664     0.837758    1.99179e-07
1.46608     0.837758    6.45514e-07
1.67552     0.837758    1.43866e-06
1.88496     0.837758    2.0812e-06
2.0944     0.837758    2.66349e-06
2.30383     0.837758    3.39781e-06
2.51327     0.837758    4.61913e-06
2.72271     0.837758    6.96296e-06
2.93215     0.837758    1.12539e-05
3.14159     0.837758    1.78399e-05

-3.14159     1.0472    1.51711e-05
-2.93215     1.0472    8.77728e-06
-2.72271     1.0472    4.9349e-06
-2.51327     1.0472    3.12954e-06
-2.30383     1.0472    2.40162e-06
-2.0944     1.0472    2.13668e-06
-1.88496     1.0472    1.91847e-06
-1.67552     1.0472    1.66186e-06
-1.46608     1.0472    1.29723e-06
-1.25664     1.0472    8.82762e-07
-1.0472     1.0472    4.14977e-07
-0.837758     1.0472    1.50188e-07
-0.628319     1.0472    1.18906e-06
-0.418879     1.0472    2.43615e-06
-0.20944     1.0472    3.53755e-06
0     1.0472    2.51087e-06
0.20944     1.0472    3.58737e-06
0.418879     1.0472    2.44986e-06
0.628319     1.0472    1.18791e-06
0.837758     1.0472    1.51923e-07
1.0472     1.0472    4.14904e-07
1.25664     1.0472    8.82894e-07
1.46608     1.0472    1.29921e-06
1.67552     1.0472    1.66181e-06
1.88496     1.0472    1.91828e-06
2.0944     1.0472    2.137e-06
2.30383     1.0472    2.40129e-06
2.51327     1.0472    3.12953e-06
2.72271     1.0472    4.93473e-06
2.93215     1.0472    8.77759e-06
3.14159     1.0472    1.51714e-05

-3.14159     1.25664    1.42171e-05
-2.93215     1.25664    8.12804e-06
-2.72271     1.25664    4.23445e-06
-2.51327     1.25664    2.50992e-06
-2.30383     1.25664    2.016e-06
-2.0944     1.25664    1.99515e-06
-1.88496     1.25664    2.12192e-06
-1.67552     1.25664    2.2304e-06
-1.46608     1.25664    2.36386e-06
-1.25664     1.25664    2.53766e-06
-1.0472     1.25664    2.69815e-06
-0.837758     1.25664    2.27763e-06
-0.628319     1.25664    9.86169e-07
-0.418879     1.25664    6.38508e-07
-0.20944     1.25664    1.76666e-06
0     1.25664    2.81516e-06
0.20944     1.25664    1.70095e-06
0.418879     1.25664    6.33327e-07
0.628319     1.25664    9.86423e-07
0.837758     1.25664    2.27923e-06
1.0472     1.25664    2.69798e-06
1.25664     1.25664    2.53715e-06
1.46608     1.25664    2.36155e-06
1.67552     1.25664    2.22929e-06
1.88496     1.25664    2.12211e-06
2.0944     1.25664    1.99572e-06
2.30383     1.25664    2.01581e-06
2.51327     1.25664    2.50985e-06
2.72271     1.25664    4.23419e-06
2.93215     1.25664    8.12795e-06
3.14159     1.25664    1.42172e-05

-3.14159     1.46608    1.44415e-05
-2.93215     1.46608    9.01492e-06
-2.72271     1.46608    4.7614e-06
-2.51327     1.46608    2.74478e-06
-2.30383     1.46608    2.18764e-06
-2.0944     1.46608    2.33167e-06
-1.88496     1.46608    2.74762e-06
-1.67552     1.46608    3.32626e-06
-1.46608     1.46608    4.13667e-06
-1.25664     1.46608    5.13406e-06
-1.0472     1.46608    5.74415e-06
-0.837758     1.46608    4.95711e-06
-0.628319     1.46608    2.8919e-06
-0.418879     1.46608    9.13906e-07
-0.20944     1.46608    1.49983e-07
0     1.46608    3.57308e-07
0.20944     1.46608    2.25925e-07
0.418879     1.46608    9.10253e-07
0.628319     1.46608    2.8936e-06
0.837758     1.46608    4.95603e-06
1.0472     1.46608    5.74328e-06
1.25664     1.46608    5.1351e-06
1.46608     1.46608    4.13554e-06
1.67552     1.46608    3.32789e-06
1.88496     1.46608    2.7483e-06
2.0944     1.46608    2.33234e-06
2.30383     1.46608    2.18793e-06
2.51327     1.46608    2.74478e-06
2.72271     1.46608    4.76231e-06
2.93215     1.46608    9.01464e-06
3.14159     1.46608    1.44424e-05

-3.14159     1.67552    1.49876e-05
-2.93215     1.67552    1.11936e-05
-2.72271     1.67552    6.73959e-06
-2.51327     1.67552    4.09338e-06
-2.30383     1.67552    3.24504e-06
-2.0944     1.67552    3.43244e-06
-1.88496     1.67552    4.19691e-06
-1.67552     1.67552    5.45786e-06
-1.46608     1.67552    7.22038e-06
-1.25664     1.67552    9.05331e-06
-1.0472     1.67552    9.47851e-06
-0.837758     1.67552    7.40115e-06
-0.628319     1.67552    4.29288e-06
-0.418879     1.67552    2.02715e-06
-0.20944     1.67552    8.86034e-07
0     1.67552    8.13954e-07
0.20944     1.67552    9.41239e-07
0.418879     1.67552    2.02399e-06
0.628319     1.67552    4.29256e-06
0.837758     1.67552    7.40102e-06
1.0472     1.67552    9.47861e-06
1.25664     1.67552    9.05339e-06
1.46608     1.67552    7.22088e-06
1.67552     1.67552    5.45792e-06
1.88496     1.67552    4.19647e-06
2.0944     1.67552    3.43256e-06
2.30383     1.67552    3.24574e-06
2.51327     1.67552    4.09359e-06
2.72271     1.67552    6.74071e-06
2.93215     1.67552    1.11932e-05
3.14159     1.67552    1.49886e-05

-3.14159     1.88496    1.50936e-05
-2.93215     1.88496    1.40513e-05
-2.72271     1.88496    1.02815e-05
-2.51327     1.88496    7.09881e-06
-2.30383     1.88496    5.78175e-06
-2.0944     1.88496    5.94274e-06
-1.88496     1.88496    7.18885e-06
-1.67552     1.88496    9.36706e-06
-1.46608     1.88496    1.22177e-05
-1.25664     1.88496    1.43171e-05
-1.0472     1.88496    1.32224e-05
-0.837758     1.88496    9.14892e-06
-0.628319     1.88496    5.13719e-06
-0.418879     1.88496    2.73202e-06
-0.20944     1.88496    1.72457e-06
0     1.88496    1.0567e-06
0.20944     1.88496    1.68902e-06
0.418879     1.88496    2.74014e-06
0.628319     1.88496    5.13782e-06
0.837758     1.88496    9.14953e-06
1.0472     1.88496    1.32213e-05
1.25664     1.88496    1.43169e-05
1.46608     1.88496    1.22172e-05
1.67552     1.88496    9.3669e-06
1.88496     1.88496    7.1893e-06
2.0944     1.88496    5.94294e-06
2.30383     1.88496    5.78184e-06
2.51327     1.88496    7.09917e-06
2.72271     1.88496    1.02819e-05
2.93215     1.88496    1.40512e-05
3.14159     1.88496    1.50946e-05

-3.14159     2.0944    1.46243e-05
-2.93215     2.0944    1.68196e-05
-2.72271     2.0944    1.51833e-05
-2.51327     2.0944    1.22722e-05
-2.30383     2.0944    1.05867e-05
-2.0944     2.0944    1.07468e-05
-1.88496     2.0944    1.25812e-05
-1.67552     2.0944    1.57359e-05
-1.46608     2.0944    1.91664e-05
-1.25664     2.0944    1.99648e-05
-1.0472     2.0944    1.61275e-05
-0.837758     2.0944    1.00887e-05
-0.628319     2.0944    5.54249e-06
-0.418879     2.0944    3.16732e-06
-0.20944     2.0944    2.10536e-06
0     2.0944    2.51249e-06
0.20944     2.0944    2.12311e-06
0.418879     2.0944    3.15778e-06
0.628319     2.0944    5.5425e-06
0.837758     2.0944    1.00875e-05
1.0472     2.0944    1.61269e-05
1.25664     2.0944    1.99642e-05
1.46608     2.0944    1.91663e-05
1.67552     2.0944    1.57365e-05
1.88496     2.0944    1.25809e-05
2.0944     2.0944    1.07468e-05
2.30383     2.0944    1.05867e-05
2.51327     2.0944    1.22721e-05
2.72271     2.0944    1.5184e-05
2.93215     2.0944    1.68205e-05
3.14159     2.0944    1.46254e-05

-3.14159     2.30383    1.41986e-05
-2.93215     2.30383    1.92642e-05
-2.72271     2.30383    2.06958e-05
-2.51327     2.30383    1.9335e-05
-2.30383     2.30383    1.79459e-05
-2.0944     2.30383    1.82551e-05
-1.88496     2.30383    2.05647e-05
-1.67552     2.30383    2.41162e-05
-1.46608     2.30383    2.65018e-05
-1.25664     2.30383    2.45274e-05
-1.0472     2.30383    1.78198e-05
-0.837758     2.30383    1.04724e-05
-0.628319     2.30383    5.70665e-06
-0.418879     2.30383    3.27023e-06
-0.20944     2.30383    2.28487e-06
0     2.30383    1.67818e-06
0.20944     2.30383    2.28152e-06
0.418879     2.30383    3.28242e-06
0.628319     2.30383    5.70596e-06
0.837758     2.30383    1.04721e-05
1.0472     2.30383    1.78193e-05
1.25664     2.30383    2.45266e-05
1.46608     2.30383    2.65013e-05
1.67552     2.30383    2.41157e-05
1.88496     2.30383    2.05649e-05
2.0944     2.30383    1.82552e-05
2.30383     2.30383    1.79461e-05
2.51327     2.30383    1.93354e-05
2.72271     2.30383    2.06964e-05
2.93215     2.30383    1.92648e-05
3.14159     2.30383    1.41989e-05

-3.14159     2.51327    1.46957e-05
-2.93215     2.51327    2.16356e-05
-2.72271     2.51327    2.60551e-05
-2.51327     2.51327    2.71726e-05
-2.30383     2.51327    2.69276e-05
-2.0944     2.51327    2.76102e-05
-1.88496     2.51327    2.98385e-05
-1.67552     2.51327    3.22714e-05
-1.46608     2.51327    3.22121e-05
-1.25664     2.51327    2.74195e-05
-1.0472     2.51327    1.87665e-05
-0.837758     2.51327    1.0844e-05
-0.628319     2.51327    5.89917e-06
-0.418879     2.51327    3.40882e-06
-0.20944     2.51327    2.29526e-06
0     2.51327    2.50474e-06
0.20944     2.51327    2.2872e-06
0.418879     2.51327    3.39812e-06
0.628319     2.51327    5.89913e-06
0.837758     2.51327    1.08432e-05
1.0472     2.51327    1.87662e-05
1.25664     2.51327    2.74192e-05
1.46608     2.51327    3.22113e-05
1.67552     2.51327    3.22715e-05
1.88496     2.51327    2.9839e-05
2.0944     2.51327    2.76102e-05
2.30383     2.51327    2.69275e-05
2.51327     2.51327    2.71732e-05
2.72271     2.51327    2.60557e-05
2.93215     2.51327    2.16356e-05
3.14159     2.51327    1.46958e-05

-3.14159     2.72271    1.67777e-05
-2.93215     2.72271    2.46218e-05
-2.72271     2.72271    3.09637e-05
-2.51327     2.72271    3.42437e-05
-2.30383     2.72271    3.55756e-05
-2.0944     2.72271    3.66434e-05
-1.88496     2.72271    3.78093e-05
-1.67552     2.72271    3.81325e-05
-1.46608     2.72271    3.58868e-05
-1.25664     2.72271    2.92973e-05
-1.0472     2.72271    1.98516e-05
-0.837758     2.72271    1.17303e-05
-0.628319     2.72271    6.51705e-06
-0.418879     2.72271    3.72209e-06
-0.20944     2.72271    2.41777e-06
0     2.72271    1.91612e-06
0.20944     2.72271    2.43245e-06
0.418879     2.72271    3.73016e-06
0.628319     2.72271    6.51673e-06
0.837758     2.72271    1.17305e-05
1.0472     2.72271    1.98517e-05
1.25664     2.72271    2.92968e-05
1.46608     2.72271    3.58863e-05
1.67552     2.72271    3.81321e-05
1.88496     2.72271    3.78083e-05
2.0944     2.72271    3.66435e-05
2.30383     2.72271    3.55768e-05
2.51327     2.72271    3.42435e-05
2.72271     2.72271    3.09649e-05
2.93215     2.72271    2.46223e-05
3.14159     2.72271    1.6778e-05

-3.14159     2.93215    2.08165e-05
-2.93215     2.93215    2.87424e-05
-2.72271     2.93215    3.56406e-05
-2.51327     2.93215    3.98506e-05
-2.30383     2.93215    4.17733e-05
-2.0944     2.93215    4.24439e-05
-1.88496     2.93215    4.24051e-05
-1.67552     2.93215    4.15637e-05
-1.46608     2.93215    3.84583e-05
-1.25664     2.93215    3.12885e-05
-1.0472     2.93215    2.18988e-05
-0.837758     2.93215    1.37779e-05
-0.628319     2.93215    8.21286e-06
-0.418879     2.93215    4.97658e-06
-0.20944     2.93215    3.39405e-06
0     2.93215    3.00847e-06
0.20944     2.93215    3.3792e-06
0.418879     2.93215    4.97155e-06
0.628319     2.93215    8.21302e-06
0.837758     2.93215    1.37778e-05
1.0472     2.93215    2.18991e-05
1.25664     2.93215    3.12883e-05
1.46608     2.93215    3.84587e-05
1.67552     2.93215    4.15644e-05
1.88496     2.93215    4.24056e-05
2.0944     2.93215    4.24437e-05
2.30383     2.93215    4.17737e-05
2.51327     2.93215    3.9851e-05
2.72271     2.93215    3.56416e-05
2.93215     2.93215    2.87429e-05
3.14159     2.93215    2.08161e-05

-3.14159     3.14159    2.69496e-05
-2.93215     3.14159    3.40926e-05
-2.72271     3.14159    4.00317e-05
-2.51327     3.14159    4.31904e-05
-2.30383     3.14159    4.37844e-05
-2.0944     3.14159    4.34166e-05
-1.88496     3.14159    4.33633e-05
-1.67552     3.14159    4.32176e-05
-1.46608     3.14159    4.0747e-05
-1.25664     3.14159    3.41186e-05
-1.0472     3.14159    2.54602e-05
-0.837758     3.14159    1.76371e-05
-0.628319     3.14159    1.18055e-05
-0.418879     3.14159    8.07984e-06
-0.20944     3.14159    6.09772e-06
0     3.14159    5.5303e-06
0.20944     3.14159    6.10841e-06
0.418879     3.14159    8.07937e-06
0.628319     3.14159    1.18054e-05
0.837758     3.14159    1.76374e-05
1.0472     3.14159    2.54596e-05
1.25664     3.14159    3.41192e-05
1.46608     3.14159    4.0747e-05
1.67552     3.14159    4.32182e-05
1.88496     3.14159    4.33631e-05
2.0944     3.14159    4.34163e-05
2.30383     3.14159    4.37863e-05
2.51327     3.14159    4.31915e-05
2.72271     3.14159    4.0033e-05
2.93215     3.14159    3.40926e-05
3.14159     3.14159    2.69493e-05

