-3.14159     -3.14159    4.83789e-05
-2.93215     -3.14159    5.74184e-05
-2.72271     -3.14159    6.38625e-05
-2.51327     -3.14159    6.62753e-05
-2.30383     -3.14159    6.56989e-05
-2.0944     -3.14159    6.44595e-05
-1.88496     -3.14159    6.41978e-05
-1.67552     -3.14159    6.46282e-05
-1.46608     -3.14159    6.33192e-05
-1.25664     -3.14159    5.74207e-05
-1.0472     -3.14159    4.79283e-05
-0.837758     -3.14159    3.83445e-05
-0.628319     -3.14159    3.05931e-05
-0.418879     -3.14159    2.52083e-05
-0.20944     -3.14159    2.21645e-05
0     -3.14159    2.12043e-05
0.20944     -3.14159    2.21569e-05
0.418879     -3.14159    2.5209e-05
0.628319     -3.14159    3.05937e-05
0.837758     -3.14159    3.83446e-05
1.0472     -3.14159    4.79278e-05
1.25664     -3.14159    5.74207e-05
1.46608     -3.14159    6.3319e-05
1.67552     -3.14159    6.4628e-05
1.88496     -3.14159    6.41979e-05
2.0944     -3.14159    6.44598e-05
2.30383     -3.14159    6.56978e-05
2.51327     -3.14159    6.62747e-05
2.72271     -3.14159    6.38621e-05
2.93215     -3.14159    5.74185e-05
3.14159     -3.14159    4.83788e-05

-3.14159     -2.93215    4.18221e-05
-2.93215     -2.93215    5.23549e-05
-2.72271     -2.93215    6.0352e-05
-2.51327     -2.93215    6.44123e-05
-2.30383     -2.93215    6.55724e-05
-2.0944     -2.93215    6.51917e-05
-1.88496     -2.93215    6.41404e-05
-1.67552     -2.93215    6.27971e-05
-1.46608     -2.93215    5.98913e-05
-1.25664     -2.93215    5.28964e-05
-1.0472     -2.93215    4.22051e-05
-0.837758     -2.93215    3.16447e-05
-0.628319     -2.93215    2.36222e-05
-0.418879     -2.93215    1.84545e-05
-0.20944     -2.93215    1.56901e-05
0     -2.93215    1.48813e-05
0.20944     -2.93215    1.57008e-05
0.418879     -2.93215    1.84629e-05
0.628319     -2.93215    2.36219e-05
0.837758     -2.93215    3.16452e-05
1.0472     -2.93215    4.22058e-05
1.25664     -2.93215    5.28964e-05
1.46608     -2.93215    5.98911e-05
1.67552     -2.93215    6.27969e-05
1.88496     -2.93215    6.41402e-05
2.0944     -2.93215    6.51919e-05
2.30383     -2.93215    6.55718e-05
2.51327     -2.93215    6.44125e-05
2.72271     -2.93215    6.03515e-05
2.93215     -2.93215    5.23543e-05
3.14159     -2.93215    4.18218e-05

-3.14159     -2.72271    3.74799e-05
-2.93215     -2.72271    4.81641e-05
-2.72271     -2.72271    5.57212e-05
-2.51327     -2.72271    5.9156e-05
-2.30383     -2.72271    6.00404e-05
-2.0944     -2.72271    6.0095e-05
-1.88496     -2.72271    5.97752e-05
-1.67552     -2.72271    5.87975e-05
-1.46608     -2.72271    5.60233e-05
-1.25664     -2.72271    4.92788e-05
-1.0472     -2.72271    3.8472e-05
-0.837758     -2.72271    2.75689e-05
-0.628319     -2.72271    1.96057e-05
-0.418879     -2.72271    1.47955e-05
-0.20944     -2.72271    1.23163e-05
0     -2.72271    1.14218e-05
0.20944     -2.72271    1.23059e-05
0.418879     -2.72271    1.47797e-05
0.628319     -2.72271    1.96067e-05
0.837758     -2.72271    2.75685e-05
1.0472     -2.72271    3.84728e-05
1.25664     -2.72271    4.92786e-05
1.46608     -2.72271    5.60239e-05
1.67552     -2.72271    5.87976e-05
1.88496     -2.72271    5.97751e-05
2.0944     -2.72271    6.0094e-05
2.30383     -2.72271    6.00399e-05
2.51327     -2.72271    5.91548e-05
2.72271     -2.72271    5.57209e-05
2.93215     -2.72271    4.81633e-05
3.14159     -2.72271    3.74797e-05

-3.14159     -2.51327    3.55591e-05
-2.93215     -2.51327    4.51207e-05
-2.72271     -2.51327    5.0436e-05
-2.51327     -2.51327    5.13617e-05
-2.30383     -2.51327    5.03074e-05
-2.0944     -2.51327    4.99279e-05
-1.88496     -2.51327    5.10258e-05
-1.67552     -2.51327    5.22656e-05
-1.46608     -2.51327    5.14134e-05
-1.25664     -2.51327    4.62695e-05
-1.0472     -2.51327    3.63934e-05
-0.837758     -2.51327    2.56495e-05
-0.628319     -2.51327    1.77467e-05
-0.418879     -2.51327    1.31537e-05
-0.20944     -2.51327    1.08763e-05
0     -2.51327    1.04806e-05
0.20944     -2.51327    1.08826e-05
0.418879     -2.51327    1.31749e-05
0.628319     -2.51327    1.77467e-05
0.837758     -2.51327    2.56509e-05
1.0472     -2.51327    3.63936e-05
1.25664     -2.51327    4.627e-05
1.46608     -2.51327    5.14139e-05
1.67552     -2.51327    5.22658e-05
1.88496     -2.51327    5.10263e-05
2.0944     -2.51327    4.99269e-05
2.30383     -2.51327    5.03067e-05
2.51327     -2.51327    5.13616e-05
2.72271     -2.51327    5.04353e-05
2.93215     -2.51327    4.51198e-05
3.14159     -2.51327    3.5559e-05

-3.14159     -2.30383    3.55055e-05
-2.93215     -2.30383    4.24569e-05
-2.72271     -2.30383    4.41253e-05
-2.51327     -2.30383    4.17685e-05
-2.30383     -2.30383    3.87811e-05
-2.0944     -2.30383    3.78355e-05
-1.88496     -2.30383    3.96659e-05
-1.67552     -2.30383    4.29979e-05
-1.46608     -2.30383    4.5015e-05
-1.25664     -2.30383    4.26636e-05
-1.0472     -2.30383    3.49336e-05
-0.837758     -2.30383    2.50016e-05
-0.628319     -2.30383    1.71916e-05
-0.418879     -2.30383    1.25834e-05
-0.20944     -2.30383    1.03533e-05
0     -2.30383    9.35112e-06
0.20944     -2.30383    1.03554e-05
0.418879     -2.30383    1.25609e-05
0.628319     -2.30383    1.7192e-05
0.837758     -2.30383    2.50017e-05
1.0472     -2.30383    3.4934e-05
1.25664     -2.30383    4.26637e-05
1.46608     -2.30383    4.50156e-05
1.67552     -2.30383    4.29987e-05
1.88496     -2.30383    3.96663e-05
2.0944     -2.30383    3.7835e-05
2.30383     -2.30383    3.8781e-05
2.51327     -2.30383    4.17687e-05
2.72271     -2.30383    4.41237e-05
2.93215     -2.30383    4.24552e-05
3.14159     -2.30383    3.5505e-05

-3.14159     -2.0944    3.63648e-05
-2.93215     -2.0944    3.93898e-05
-2.72271     -2.0944    3.68979e-05
-2.51327     -2.0944    3.18969e-05
-2.30383     -2.0944    2.80231e-05
-2.0944     -2.0944    2.68895e-05
-1.88496     -2.0944    2.86178e-05
-1.67552     -2.0944    3.24937e-05
-1.46608     -2.0944    3.65717e-05
-1.25664     -2.0944    3.74607e-05
-1.0472     -2.0944    3.29184e-05
-0.837758     -2.0944    2.4756e-05
-0.628319     -2.0944    1.72875e-05
-0.418879     -2.0944    1.25854e-05
-0.20944     -2.0944    1.02426e-05
0     -2.0944    9.94204e-06
0.20944     -2.0944    1.02289e-05
0.418879     -2.0944    1.26055e-05
0.628319     -2.0944    1.72894e-05
0.837758     -2.0944    2.47573e-05
1.0472     -2.0944    3.29188e-05
1.25664     -2.0944    3.7461e-05
1.46608     -2.0944    3.65725e-05
1.67552     -2.0944    3.24942e-05
1.88496     -2.0944    2.86179e-05
2.0944     -2.0944    2.68889e-05
2.30383     -2.0944    2.80229e-05
2.51327     -2.0944    3.1896e-05
2.72271     -2.0944    3.68981e-05
2.93215     -2.0944    3.93887e-05
3.14159     -2.0944    3.63638e-05

-3.14159     -1.88496    3.70593e-05
-2.93215     -1.88496    3.55615e-05
-2.72271     -1.88496    2.96498e-05
-2.51327     -1.88496    2.35221e-05
-2.30383     -1.88496    1.98442e-05
-2.0944     -1.88496    1.88447e-05
-1.88496     -1.88496    2.00827e-05
-1.67552     -1.88496    2.32848e-05
-1.46608     -1.88496    2.76275e-05
-1.25664     -1.88496    3.07264e-05
-1.0472     -1.88496    2.95746e-05
-0.837758     -1.88496    2.40505e-05
-0.628319     -1.88496    1.75039e-05
-0.418879     -1.88496    1.27735e-05
-0.20944     -1.88496    1.03033e-05
0     -1.88496    9.24851e-06
0.20944     -1.88496    1.03307e-05
0.418879     -1.88496    1.27595e-05
0.628319     -1.88496    1.75021e-05
0.837758     -1.88496    2.4051e-05
1.0472     -1.88496    2.95742e-05
1.25664     -1.88496    3.07275e-05
1.46608     -1.88496    2.76279e-05
1.67552     -1.88496    2.32848e-05
1.88496     -1.88496    2.00826e-05
2.0944     -1.88496    1.88444e-05
2.30383     -1.88496    1.98438e-05
2.51327     -1.88496    2.35216e-05
2.72271     -1.88496    2.96497e-05
2.93215     -1.88496    3.55608e-05
3.14159     -1.88496    3.70582e-05

-3.14159     -1.67552    3.69093e-05
-2.93215     -1.67552    3.13087e-05
-2.72271     -1.67552    2.3577e-05
-2.51327     -1.67552    1.76797e-05
-2.30383     -1.67552    1.4645e-05
-2.0944     -1.67552    1.38265e-05
-1.88496     -1.67552    1.45852e-05
-1.67552     -1.67552    1.67518e-05
-1.46608     -1.67552    2.01793e-05
-1.25664     -1.67552    2.37503e-05
-1.0472     -1.67552    2.49848e-05
-0.837758     -1.67552    2.23044e-05
-0.628319     -1.67552    1.73402e-05
-0.418879     -1.67552    1.2952e-05
-0.20944     -1.67552    1.03797e-05
0     -1.67552    9.69337e-06
0.20944     -1.67552    1.03402e-05
0.418879     -1.67552    1.29576e-05
0.628319     -1.67552    1.73446e-05
0.837758     -1.67552    2.23042e-05
1.0472     -1.67552    2.49857e-05
1.25664     -1.67552    2.37499e-05
1.46608     -1.67552    2.01798e-05
1.67552     -1.67552    1.67521e-05
1.88496     -1.67552    1.45853e-05
2.0944     -1.67552    1.38263e-05
2.30383     -1.67552    1.46446e-05
2.51327     -1.67552    1.76792e-05
2.72271     -1.67552    2.35762e-05
2.93215     -1.67552    3.13078e-05
3.14159     -1.67552    3.69083e-05

-3.14159     -1.46608    3.60595e-05
-2.93215     -1.46608    2.76137e-05
-2.72271     -1.46608    1.95143e-05
-2.51327     -1.46608    1.43413e-05
-2.30383     -1.46608    1.18646e-05
-2.0944     -1.46608    1.11149e-05
-1.88496     -1.46608    1.14746e-05
-1.67552     -1.46608    1.27477e-05
-1.46608     -1.46608    1.49889e-05
-1.25664     -1.46608    1.78771e-05
-1.0472     -1.46608    1.99746e-05
-0.837758     -1.46608    1.94538e-05
-0.628319     -1.46608    1.63615e-05
-0.418879     -1.46608    1.27435e-05
-0.20944     -1.46608    1.03021e-05
0     -1.46608    9.59553e-06
0.20944     -1.46608    1.03493e-05
0.418879     -1.46608    1.27487e-05
0.628319     -1.46608    1.63587e-05
0.837758     -1.46608    1.94539e-05
1.0472     -1.46608    1.99739e-05
1.25664     -1.46608    1.7877e-05
1.46608     -1.46608    1.4989e-05
1.67552     -1.46608    1.27473e-05
1.88496     -1.46608    1.14742e-05
2.0944     -1.46608    1.11146e-05
2.30383     -1.46608    1.18641e-05
2.51327     -1.46608    1.4341e-05
2.72271     -1.46608    1.95138e-05
2.93215     -1.46608    2.76129e-05
3.14159     -1.46608    3.60587e-05

-3.14159     -1.25664    3.53692e-05
-2.93215     -1.25664    2.54952e-05
-2.72271     -1.25664    1.76643e-05
-2.51327     -1.25664    1.30589e-05
-2.30383     -1.25664    1.08279e-05
-2.0944     -1.25664    9.98468e-06
-1.88496     -1.25664    9.95812e-06
-1.67552     -1.25664    1.05569e-05
-1.46608     -1.25664    1.18062e-05
-1.25664     -1.25664    1.36637e-05
-1.0472     -1.25664    1.55161e-05
-0.837758     -1.25664    1.60102e-05
-0.628319     -1.25664    1.44767e-05
-0.418879     -1.25664    1.18454e-05
-0.20944     -1.25664    9.78692e-06
0     -1.25664    8.5246e-06
0.20944     -1.25664    9.73934e-06
0.418879     -1.25664    1.18317e-05
0.628319     -1.25664    1.4481e-05
0.837758     -1.25664    1.60093e-05
1.0472     -1.25664    1.55166e-05
1.25664     -1.25664    1.36642e-05
1.46608     -1.25664    1.18071e-05
1.67552     -1.25664    1.05568e-05
1.88496     -1.25664    9.95815e-06
2.0944     -1.25664    9.98473e-06
2.30383     -1.25664    1.08279e-05
2.51327     -1.25664    1.30587e-05
2.72271     -1.25664    1.76637e-05
2.93215     -1.25664    2.54947e-05
3.14159     -1.25664    3.53689e-05

-3.14159     -1.0472    3.5939e-05
-2.93215     -1.0472    2.55755e-05
-2.72271     -1.0472    1.80004e-05
-2.51327     -1.0472    1.3513e-05
-2.30383     -1.0472    1.11562e-05
-2.0944     -1.0472    1.0031e-05
-1.88496     -1.0472    9.58597e-06
-1.67552     -1.0472    9.62637e-06
-1.46608     -1.0472    1.00901e-05
-1.25664     -1.0472    1.10385e-05
-1.0472     -1.0472    1.21292e-05
-0.837758     -1.0472    1.27064e-05
-0.628319     -1.0472    1.19648e-05
-0.418879     -1.0472    1.02663e-05
-0.20944     -1.0472    8.53089e-06
0     -1.0472    8.97863e-06
0.20944     -1.0472    8.56398e-06
0.418879     -1.0472    1.02894e-05
0.628319     -1.0472    1.1964e-05
0.837758     -1.0472    1.27072e-05
1.0472     -1.0472    1.21302e-05
1.25664     -1.0472    1.10385e-05
1.46608     -1.0472    1.009e-05
1.67552     -1.0472    9.62659e-06
1.88496     -1.0472    9.58587e-06
2.0944     -1.0472    1.00309e-05
2.30383     -1.0472    1.11561e-05
2.51327     -1.0472    1.35128e-05
2.72271     -1.0472    1.80002e-05
2.93215     -1.0472    2.55755e-05
3.14159     -1.0472    3.59389e-05

-3.14159     -0.837758    3.85887e-05
-2.93215     -0.837758    2.82792e-05
-2.72271     -0.837758    2.06231e-05
-2.51327     -0.837758    1.57722e-05
-2.30383     -0.837758    1.29104e-05
-2.0944     -0.837758    1.1258e-05
-1.88496     -0.837758    1.03023e-05
-1.67552     -0.837758    9.7677e-06
-1.46608     -0.837758    9.55695e-06
-1.25664     -0.837758    9.67332e-06
-1.0472     -0.837758    9.96719e-06
-0.837758     -0.837758    9.95512e-06
-0.628319     -0.837758    9.2468e-06
-0.418879     -0.837758    7.65986e-06
-0.20944     -0.837758    6.19344e-06
0     -0.837758    4.21139e-06
0.20944     -0.837758    6.18807e-06
0.418879     -0.837758    7.61639e-06
0.628319     -0.837758    9.25193e-06
0.837758     -0.837758    9.95445e-06
1.0472     -0.837758    9.96838e-06
1.25664     -0.837758    9.67316e-06
1.46608     -0.837758    9.55667e-06
1.67552     -0.837758    9.76743e-06
1.88496     -0.837758    1.03023e-05
2.0944     -0.837758    1.12577e-05
2.30383     -0.837758    1.29102e-05
2.51327     -0.837758    1.57721e-05
2.72271     -0.837758    2.06226e-05
2.93215     -0.837758    2.82791e-05
3.14159     -0.837758    3.85884e-05

-3.14159     -0.628319    4.37498e-05
-2.93215     -0.628319    3.38657e-05
-2.72271     -0.628319    2.60052e-05
-2.51327     -0.628319    2.03722e-05
-2.30383     -0.628319    1.66124e-05
-2.0944     -0.628319    1.4103e-05
-1.88496     -0.628319    1.23855e-05
-1.67552     -0.628319    1.11418e-05
-1.46608     -0.628319    1.02278e-05
-1.25664     -0.628319    9.50422e-06
-1.0472     -0.628319    8.94306e-06
-0.837758     -0.628319    8.11428e-06
-0.628319     -0.628319    6.61252e-06
-0.418879     -0.628319    4.61443e-06
-0.20944     -0.628319    2.4286e-06
0     -0.628319    3.56483e-06
0.20944     -0.628319    2.36961e-06
0.418879     -0.628319    4.65542e-06
0.628319     -0.628319    6.61926e-06
0.837758     -0.628319    8.11626e-06
1.0472     -0.628319    8.94307e-06
1.25664     -0.628319    9.50324e-06
1.46608     -0.628319    1.02278e-05
1.67552     -0.628319    1.11415e-05
1.88496     -0.628319    1.23855e-05
2.0944     -0.628319    1.41027e-05
2.30383     -0.628319    1.66123e-05
2.51327     -0.628319    2.03718e-05
2.72271     -0.628319    2.60047e-05
2.93215     -0.628319    3.38658e-05
3.14159     -0.628319    4.37496e-05

-3.14159     -0.418879    5.05859e-05
-2.93215     -0.418879    4.19427e-05
-2.72271     -0.418879    3.41942e-05
-2.51327     -0.418879    2.7816e-05
-2.30383     -0.418879    2.28527e-05
-2.0944     -0.418879    1.9107e-05
-1.88496     -0.418879    1.62319e-05
-1.67552     -0.418879    1.39588e-05
-1.46608     -0.418879    1.206e-05
-1.25664     -0.418879    1.03983e-05
-1.0472     -0.418879    8.78625e-06
-0.837758     -0.418879    6.93745e-06
-0.628319     -0.418879    4.27352e-06
-0.418879     -0.418879    5.44565e-07
-0.20944     -0.418879    2.62832e-06
0     -0.418879    6.9432e-06
0.20944     -0.418879    3.0348e-06
0.418879     -0.418879    3.97746e-07
0.628319     -0.418879    4.24914e-06
0.837758     -0.418879    6.93853e-06
1.0472     -0.418879    8.78463e-06
1.25664     -0.418879    1.03987e-05
1.46608     -0.418879    1.2059e-05
1.67552     -0.418879    1.39588e-05
1.88496     -0.418879    1.62313e-05
2.0944     -0.418879    1.91066e-05
2.30383     -0.418879    2.28523e-05
2.51327     -0.418879    2.78152e-05
2.72271     -0.418879    3.41937e-05
2.93215     -0.418879    4.19428e-05
3.14159     -0.418879    5.0586e-05

-3.14159     -0.20944    5.59427e-05
-2.93215     -0.20944    4.92672e-05
-2.72271     -0.20944    4.24635e-05
-2.51327     -0.20944    3.60003e-05
-2.30383     -0.20944    3.01561e-05
-2.0944     -0.20944    2.51608e-05
-1.88496     -0.20944    2.09861e-05
-1.67552     -0.20944    1.74774e-05
-1.46608     -0.20944    1.44558e-05
-1.25664     -0.20944    1.17721e-05
-1.0472     -0.20944    9.17577e-06
-0.837758     -0.20944    6.25726e-06
-0.628319     -0.20944    2.41968e-06
-0.418879     -0.20944    2.83821e-06
-0.20944     -0.20944    7.8679e-06
0     -0.20944    1.01192e-05
0.20944     -0.20944    9.33386e-06
0.418879     -0.20944    3.22969e-06
0.628319     -0.20944    2.43891e-06
0.837758     -0.20944    6.25101e-06
1.0472     -0.20944    9.18425e-06
1.25664     -0.20944    1.17732e-05
1.46608     -0.20944    1.44577e-05
1.67552     -0.20944    1.74776e-05
1.88496     -0.20944    2.09868e-05
2.0944     -0.20944    2.51602e-05
2.30383     -0.20944    3.01559e-05
2.51327     -0.20944    3.60002e-05
2.72271     -0.20944    4.24636e-05
2.93215     -0.20944    4.92671e-05
3.14159     -0.20944    5.59428e-05

-3.14159     0    5.77225e-05
-2.93215     0    5.20629e-05
-2.72271     0    4.60229e-05
-2.51327     0    3.97192e-05
-2.30383     0    3.36489e-05
-2.0944     0    2.81231e-05
-1.88496     0    2.33281e-05
-1.67552     0    1.92149e-05
-1.46608     0    1.5662e-05
-1.25664     0    1.24872e-05
-1.0472     0    9.47047e-06
-0.837758     0    6.10877e-06
-0.628319     0    1.66688e-06
-0.418879     0    3.80598e-06
-0.20944     0    1.13225e-05
0     0    3.66817e-16
0.20944     0    1.13225e-05
0.418879     0    3.80598e-06
0.628319     0    1.66688e-06
0.837758     0    6.10877e-06
1.0472     0    9.47047e-06
1.25664     0    1.24872e-05
1.46608     0    1.5662e-05
1.67552     0    1.92149e-05
1.88496     0    2.33281e-05
2.0944     0    2.81231e-05
2.30383     0    3.36489e-05
2.51327     0    3.97192e-05
2.72271     0    4.60229e-05
2.93215     0    5.20629e-05
3.14159     0    5.77225e-05

-3.14159     0.20944    5.59428e-05
-2.93215     0.20944    4.92671e-05
-2.72271     0.20944    4.24636e-05
-2.51327     0.20944    3.60002e-05
-2.30383     0.20944    3.01559e-05
-2.0944     0.20944    2.51602e-05
-1.88496     0.20944    2.09868e-05
-1.67552     0.20944    1.74776e-05
-1.46608     0.20944    1.44577e-05
-1.25664     0.20944    1.17732e-05
-1.0472     0.20944    9.18425e-06
-0.837758     0.20944    6.25101e-06
-0.628319     0.20944    2.43891e-06
-0.418879     0.20944    3.22969e-06
-0.20944     0.20944    9.33386e-06
0     0.20944    1.01192e-05
0.20944     0.20944    7.8679e-06
0.418879     0.20944    2.83821e-06
0.628319     0.20944    2.41968e-06
0.837758     0.20944    6.25726e-06
1.0472     0.20944    9.17577e-06
1.25664     0.20944    1.17721e-05
1.46608     0.20944    1.44558e-05
1.67552     0.20944    1.74774e-05
1.88496     0.20944    2.09861e-05
2.0944     0.20944    2.51608e-05
2.30383     0.20944    3.01561e-05
2.51327     0.20944    3.60003e-05
2.72271     0.20944    4.24635e-05
2.93215     0.20944    4.92672e-05
3.14159     0.20944    5.59427e-05

-3.14159     0.418879    5.0586e-05
-2.93215     0.418879    4.19428e-05
-2.72271     0.418879    3.41937e-05
-2.51327     0.418879    2.78152e-05
-2.30383     0.418879    2.28523e-05
-2.0944     0.418879    1.91066e-05
-1.88496     0.418879    1.62313e-05
-1.67552     0.418879    1.39588e-05
-1.46608     0.418879    1.2059e-05
-1.25664     0.418879    1.03987e-05
-1.0472     0.418879    8.78463e-06
-0.837758     0.418879    6.93853e-06
-0.628319     0.418879    4.24914e-06
-0.418879     0.418879    3.97746e-07
-0.20944     0.418879    3.0348e-06
0     0.418879    6.9432e-06
0.20944     0.418879    2.62832e-06
0.418879     0.418879    5.44565e-07
0.628319     0.418879    4.27352e-06
0.837758     0.418879    6.93745e-06
1.0472     0.418879    8.78625e-06
1.25664     0.418879    1.03983e-05
1.46608     0.418879    1.206e-05
1.67552     0.418879    1.39588e-05
1.88496     0.418879    1.62319e-05
2.0944     0.418879    1.9107e-05
2.30383     0.418879    2.28527e-05
2.51327     0.418879    2.7816e-05
2.72271     0.418879    3.41942e-05
2.93215     0.418879    4.19427e-05
3.14159     0.418879    5.05859e-05

-3.14159     0.628319    4.37496e-05
-2.93215     0.628319    3.38658e-05
-2.72271     0.628319    2.60047e-05
-2.51327     0.628319    2.03718e-05
-2.30383     0.628319    1.66123e-05
-2.0944     0.628319    1.41027e-05
-1.88496     0.628319    1.23855e-05
-1.67552     0.628319    1.11415e-05
-1.46608     0.628319    1.02278e-05
-1.25664     0.628319    9.50324e-06
-1.0472     0.628319    8.94307e-06
-0.837758     0.628319    8.11626e-06
-0.628319     0.628319    6.61926e-06
-0.418879     0.628319    4.65542e-06
-0.20944     0.628319    2.36961e-06
0     0.628319    3.56483e-06
0.20944     0.628319    2.4286e-06
0.418879     0.628319    4.61443e-06
0.628319     0.628319    6.61252e-06
0.837758     0.628319    8.11428e-06
1.0472     0.628319    8.94306e-06
1.25664     0.628319    9.50422e-06
1.46608     0.628319    1.02278e-05
1.67552     0.628319    1.11418e-05
1.88496     0.628319    1.23855e-05
2.0944     0.628319    1.4103e-05
2.30383     0.628319    1.66124e-05
2.51327     0.628319    2.03722e-05
2.72271     0.628319    2.60052e-05
2.93215     0.628319    3.38657e-05
3.14159     0.628319    4.37498e-05

-3.14159     0.837758    3.85884e-05
-2.93215     0.837758    2.82791e-05
-2.72271     0.837758    2.06226e-05
-2.51327     0.837758    1.57721e-05
-2.30383     0.837758    1.29102e-05
-2.0944     0.837758    1.12577e-05
-1.88496     0.837758    1.03023e-05
-1.67552     0.837758    9.76743e-06
-1.46608     0.837758    9.55667e-06
-1.25664     0.837758    9.67316e-06
-1.0472     0.837758    9.96838e-06
-0.837758     0.837758    9.95445e-06
-0.628319     0.837758    9.25193e-06
-0.418879     0.837758    7.61639e-06
-0.20944     0.837758    6.18807e-06
0     0.837758    4.21139e-06
0.20944     0.837758    6.19344e-06
0.418879     0.837758    7.65986e-06
0.628319     0.837758    9.2468e-06
0.837758     0.837758    9.95512e-06
1.0472     0.837758    9.96719e-06
1.25664     0.837758    9.67332e-06
1.46608     0.837758    9.55695e-06
1.67552     0.837758    9.7677e-06
1.88496     0.837758    1.03023e-05
2.0944     0.837758    1.1258e-05
2.30383     0.837758    1.29104e-05
2.51327     0.837758    1.57722e-05
2.72271     0.837758    2.06231e-05
2.93215     0.837758    2.82792e-05
3.14159     0.837758    3.85887e-05

-3.14159     1.0472    3.59389e-05
-2.93215     1.0472    2.55755e-05
-2.72271     1.0472    1.80002e-05
-2.51327     1.0472    1.35128e-05
-2.30383     1.0472    1.11561e-05
-2.0944     1.0472    1.00309e-05
-1.88496     1.0472    9.58587e-06
-1.67552     1.0472    9.62659e-06
-1.46608     1.0472    1.009e-05
-1.25664     1.0472    1.10385e-05
-1.0472     1.0472    1.21302e-05
-0.837758     1.0472    1.27072e-05
-0.628319     1.0472    1.1964e-05
-0.418879     1.0472    1.02894e-05
-0.20944     1.0472    8.56398e-06
0     1.0472    8.97863e-06
0.20944     1.0472    8.53089e-06
0.418879     1.0472    1.02663e-05
0.628319     1.0472    1.19648e-05
0.837758     1.0472    1.27064e-05
1.0472     1.0472    1.21292e-05
1.25664     1.0472    1.10385e-05
1.46608     1.0472    1.00901e-05
1.67552     1.0472    9.62637e-06
1.88496     1.0472    9.58597e-06
2.0944     1.0472    1.0031e-05
2.30383     1.0472    1.11562e-05
2.51327     1.0472    1.3513e-05
2.72271     1.0472    1.80004e-05
2.93215     1.0472    2.55755e-05
3.14159     1.0472    3.5939e-05

-3.14159     1.25664    3.53689e-05
-2.93215     1.25664    2.54947e-05
-2.72271     1.25664    1.76637e-05
-2.51327     1.25664    1.30587e-05
-2.30383     1.25664    1.08279e-05
-2.0944     1.25664    9.98473e-06
-1.88496     1.25664    9.95815e-06
-1.67552     1.25664    1.05568e-05
-1.46608     1.25664    1.18071e-05
-1.25664     1.25664    1.36642e-05
-1.0472     1.25664    1.55166e-05
-0.837758     1.25664    1.60093e-05
-0.628319     1.25664    1.4481e-05
-0.418879     1.25664    1.18317e-05
-0.20944     1.25664    9.73934e-06
0     1.25664    8.5246e-06
0.20944     1.25664    9.78692e-06
0.418879     1.25664    1.18454e-05
0.628319     1.25664    1.44767e-05
0.837758     1.25664    1.60102e-05
1.0472     1.25664    1.55161e-05
1.25664     1.25664    1.36637e-05
1.46608     1.25664    1.18062e-05
1.67552     1.25664    1.05569e-05
1.88496     1.25664    9.95812e-06
2.0944     1.25664    9.98468e-06
2.30383     1.25664    1.08279e-05
2.51327     1.25664    1.30589e-05
2.72271     1.25664    1.76643e-05
2.93215     1.25664    2.54952e-05
3.14159     1.25664    3.53692e-05

-3.14159     1.46608    3.60587e-05
-2.93215     1.46608    2.76129e-05
-2.72271     1.46608    1.95138e-05
-2.51327     1.46608    1.4341e-05
-2.30383     1.46608    1.18641e-05
-2.0944     1.46608    1.11146e-05
-1.88496     1.46608    1.14742e-05
-1.67552     1.46608    1.27473e-05
-1.46608     1.46608    1.4989e-05
-1.25664     1.46608    1.7877e-05
-1.0472     1.46608    1.99739e-05
-0.837758     1.46608    1.94539e-05
-0.628319     1.46608    1.63587e-05
-0.418879     1.46608    1.27487e-05
-0.20944     1.46608    1.03493e-05
0     1.46608    9.59553e-06
0.20944     1.46608    1.03021e-05
0.418879     1.46608    1.27435e-05
0.628319     1.46608    1.63615e-05
0.837758     1.46608    1.94538e-05
1.0472     1.46608    1.99746e-05
1.25664     1.46608    1.78771e-05
1.46608     1.46608    1.49889e-05
1.67552     1.46608    1.27477e-05
1.88496     1.46608    1.14746e-05
2.0944     1.46608    1.11149e-05
2.30383     1.46608    1.18646e-05
2.51327     1.46608    1.43413e-05
2.72271     1.46608    1.95143e-05
2.93215     1.46608    2.76137e-05
3.14159     1.46608    3.60595e-05

-3.14159     1.67552    3.69083e-05
-2.93215     1.67552    3.13078e-05
-2.72271     1.67552    2.35762e-05
-2.51327     1.67552    1.76792e-05
-2.30383     1.67552    1.46446e-05
-2.0944     1.67552    1.38263e-05
-1.88496     1.67552    1.45853e-05
-1.67552     1.67552    1.67521e-05
-1.46608     1.67552    2.01798e-05
-1.25664     1.67552    2.37499e-05
-1.0472     1.67552    2.49857e-05
-0.837758     1.67552    2.23042e-05
-0.628319     1.67552    1.73446e-05
-0.418879     1.67552    1.29576e-05
-0.20944     1.67552    1.03402e-05
0     1.67552    9.69337e-06
0.20944     1.67552    1.03797e-05
0.418879     1.67552    1.2952e-05
0.628319     1.67552    1.73402e-05
0.837758     1.67552    2.23044e-05
1.0472     1.67552    2.49848e-05
1.25664     1.67552    2.37503e-05
1.46608     1.67552    2.01793e-05
1.67552     1.67552    1.67518e-05
1.88496     1.67552    1.45852e-05
2.0944     1.67552    1.38265e-05
2.30383     1.67552    1.4645e-05
2.51327     1.67552    1.76797e-05
2.72271     1.67552    2.3577e-05
2.93215     1.67552    3.13087e-05
3.14159     1.67552    3.69093e-05

-3.14159     1.88496    3.70582e-05
-2.93215     1.88496    3.55608e-05
-2.72271     1.88496    2.96497e-05
-2.51327     1.88496    2.35216e-05
-2.30383     1.88496    1.98438e-05
-2.0944     1.88496    1.88444e-05
-1.88496     1.88496    2.00826e-05
-1.67552     1.88496    2.32848e-05
-1.46608     1.88496    2.76279e-05
-1.25664     1.88496    3.07275e-05
-1.0472     1.88496    2.95742e-05
-0.837758     1.88496    2.4051e-05
-0.628319     1.88496    1.75021e-05
-0.418879     1.88496    1.27595e-05
-0.20944     1.88496    1.03307e-05
0     1.88496    9.24851e-06
0.20944     1.88496    1.03033e-05
0.418879     1.88496    1.27735e-05
0.628319     1.88496    1.75039e-05
0.837758     1.88496    2.40505e-05
1.0472     1.88496    2.95746e-05
1.25664     1.88496    3.07264e-05
1.46608     1.88496    2.76275e-05
1.67552     1.88496    2.32848e-05
1.88496     1.88496    2.00827e-05
2.0944     1.88496    1.88447e-05
2.30383     1.88496    1.98442e-05
2.51327     1.88496    2.35221e-05
2.72271     1.88496    2.96498e-05
2.93215     1.88496    3.55615e-05
3.14159     1.88496    3.70593e-05

-3.14159     2.0944    3.63638e-05
-2.93215     2.0944    3.93887e-05
-2.72271     2.0944    3.68981e-05
-2.51327     2.0944    3.1896e-05
-2.30383     2.0944    2.80229e-05
-2.0944     2.0944    2.68889e-05
-1.88496     2.0944    2.86179e-05
-1.67552     2.0944    3.24942e-05
-1.46608     2.0944    3.65725e-05
-1.25664     2.0944    3.7461e-05
-1.0472     2.0944    3.29188e-05
-0.837758     2.0944    2.47573e-05
-0.628319     2.0944    1.72894e-05
-0.418879     2.0944    1.26055e-05
-0.20944     2.0944    1.02289e-05
0     2.0944    9.94204e-06
0.20944     2.0944    1.02426e-05
0.418879     2.0944    1.25854e-05
0.628319     2.0944    1.72875e-05
0.837758     2.0944    2.4756e-05
1.0472     2.0944    3.29184e-05
1.25664     2.0944    3.74607e-05
1.46608     2.0944    3.65717e-05
1.67552     2.0944    3.24937e-05
1.88496     2.0944    2.86178e-05
2.0944     2.0944    2.68895e-05
2.30383     2.0944    2.80231e-05
2.51327     2.0944    3.18969e-05
2.72271     2.0944    3.68979e-05
2.93215     2.0944    3.93898e-05
3.14159     2.0944    3.63648e-05

-3.14159     2.30383    3.5505e-05
-2.93215     2.30383    4.24552e-05
-2.72271     2.30383    4.41237e-05
-2.51327     2.30383    4.17687e-05
-2.30383     2.30383    3.8781e-05
-2.0944     2.30383    3.7835e-05
-1.88496     2.30383    3.96663e-05
-1.67552     2.30383    4.29987e-05
-1.46608     2.30383    4.50156e-05
-1.25664     2.30383    4.26637e-05
-1.0472     2.30383    3.4934e-05
-0.837758     2.30383    2.50017e-05
-0.628319     2.30383    1.7192e-05
-0.418879     2.30383    1.25609e-05
-0.20944     2.30383    1.03554e-05
0     2.30383    9.35112e-06
0.20944     2.30383    1.03533e-05
0.418879     2.30383    1.25834e-05
0.628319     2.30383    1.71916e-05
0.837758     2.30383    2.50016e-05
1.0472     2.30383    3.49336e-05
1.25664     2.30383    4.26636e-05
1.46608     2.30383    4.5015e-05
1.67552     2.30383    4.29979e-05
1.88496     2.30383    3.96659e-05
2.0944     2.30383    3.78355e-05
2.30383     2.30383    3.87811e-05
2.51327     2.30383    4.17685e-05
2.72271     2.30383    4.41253e-05
2.93215     2.30383    4.24569e-05
3.14159     2.30383    3.55055e-05

-3.14159     2.51327    3.5559e-05
-2.93215     2.51327    4.51198e-05
-2.72271     2.51327    5.04353e-05
-2.51327     2.51327    5.13616e-05
-2.30383     2.51327    5.03067e-05
-2.0944     2.51327    4.99269e-05
-1.88496     2.51327    5.10263e-05
-1.67552     2.51327    5.22658e-05
-1.46608     2.51327    5.14139e-05
-1.25664     2.51327    4.627e-05
-1.0472     2.51327    3.63936e-05
-0.837758     2.51327    2.56509e-05
-0.628319     2.51327    1.77467e-05
-0.418879     2.51327    1.31749e-05
-0.20944     2.51327    1.08826e-05
0     2.51327    1.04806e-05
0.20944     2.51327    1.08763e-05
0.418879     2.51327    1.31537e-05
0.628319     2.51327    1.77467e-05
0.837758     2.51327    2.56495e-05
1.0472     2.51327    3.63934e-05
1.25664     2.51327    4.62695e-05
1.46608     2.51327    5.14134e-05
1.67552     2.51327    5.22656e-05
1.88496     2.51327    5.10258e-05
2.0944     2.51327    4.99279e-05
2.30383     2.51327    5.03074e-05
2.51327     2.51327    5.13617e-05
2.72271     2.51327    5.0436e-05
2.93215     2.51327    4.51207e-05
3.14159     2.51327    3.55591e-05

-3.14159     2.72271    3.74797e-05
-2.93215     2.72271    4.81633e-05
-2.72271     2.72271    5.57209e-05
-2.51327     2.72271    5.91548e-05
-2.30383     2.72271    6.00399e-05
-2.0944     2.72271    6.0094e-05
-1.88496     2.72271    5.97751e-05
-1.67552     2.72271    5.87976e-05
-1.46608     2.72271    5.60239e-05
-1.25664     2.72271    4.92786e-05
-1.0472     2.72271    3.84728e-05
-0.837758     2.72271    2.75685e-05
-0.628319     2.72271    1.96067e-05
-0.418879     2.72271    1.47797e-05
-0.20944     2.72271    1.23059e-05
0     2.72271    1.14218e-05
0.20944     2.72271    1.23163e-05
0.418879     2.72271    1.47955e-05
0.628319     2.72271    1.96057e-05
0.837758     2.72271    2.75689e-05
1.0472     2.72271    3.8472e-05
1.25664     2.72271    4.92788e-05
1.46608     2.72271    5.60233e-05
1.67552     2.72271    5.87975e-05
1.88496     2.72271    5.97752e-05
2.0944     2.72271    6.0095e-05
2.30383     2.72271    6.00404e-05
2.51327     2.72271    5.9156e-05
2.72271     2.72271    5.57212e-05
2.93215     2.72271    4.81641e-05
3.14159     2.72271    3.74799e-05

-3.14159     2.93215    4.18218e-05
-2.93215     2.93215    5.23543e-05
-2.72271     2.93215    6.03515e-05
-2.51327     2.93215    6.44125e-05
-2.30383     2.93215    6.55718e-05
-2.0944     2.93215    6.51919e-05
-1.88496     2.93215    6.41402e-05
-1.67552     2.93215    6.27969e-05
-1.46608     2.93215    5.98911e-05
-1.25664     2.93215    5.28964e-05
-1.0472     2.93215    4.22058e-05
-0.837758     2.93215    3.16452e-05
-0.628319     2.93215    2.36219e-05
-0.418879     2.93215    1.84629e-05
-0.20944     2.93215    1.57008e-05
0     2.93215    1.48813e-05
0.20944     2.93215    1.56901e-05
0.418879     2.93215    1.84545e-05
0.628319     2.93215    2.36222e-05
0.837758     2.93215    3.16447e-05
1.0472     2.93215    4.22051e-05
1.25664     2.93215    5.28964e-05
1.46608     2.93215    5.98913e-05
1.67552     2.93215    6.27971e-05
1.88496     2.93215    6.41404e-05
2.0944     2.93215    6.51917e-05
2.30383     2.93215    6.55724e-05
2.51327     2.93215    6.44123e-05
2.72271     2.93215    6.0352e-05
2.93215     2.93215    5.23549e-05
3.14159     2.93215    4.18221e-05

-3.14159     3.14159    4.83788e-05
-2.93215     3.14159    5.74185e-05
-2.72271     3.14159    6.38621e-05
-2.51327     3.14159    6.62747e-05
-2.30383     3.14159    6.56978e-05
-2.0944     3.14159    6.44598e-05
-1.88496     3.14159    6.41979e-05
-1.67552     3.14159    6.4628e-05
-1.46608     3.14159    6.3319e-05
-1.25664     3.14159    5.74207e-05
-1.0472     3.14159    4.79278e-05
-0.837758     3.14159    3.83446e-05
-0.628319     3.14159    3.05937e-05
-0.418879     3.14159    2.5209e-05
-0.20944     3.14159    2.21569e-05
0     3.14159    2.12043e-05
0.20944     3.14159    2.21645e-05
0.418879     3.14159    2.52083e-05
0.628319     3.14159    3.05931e-05
0.837758     3.14159    3.83445e-05
1.0472     3.14159    4.79283e-05
1.25664     3.14159    5.74207e-05
1.46608     3.14159    6.33192e-05
1.67552     3.14159    6.46282e-05
1.88496     3.14159    6.41978e-05
2.0944     3.14159    6.44595e-05
2.30383     3.14159    6.56989e-05
2.51327     3.14159    6.62753e-05
2.72271     3.14159    6.38625e-05
2.93215     3.14159    5.74184e-05
3.14159     3.14159    4.83789e-05

