-0.15     1.42818
-0.1495     1.65229
-0.149     1.95202
-0.1485     2.35273
-0.148     2.87967
-0.1475     3.53658
-0.147     4.25565
-0.1465     4.84506
-0.146     5.06238
-0.1455     4.85076
-0.145     4.40267
-0.1445     3.95326
-0.144     3.64503
-0.1435     3.53649
-0.143     3.64414
-0.1425     3.96255
-0.142     4.44356
-0.1415     4.94037
-0.141     5.2
-0.1405     5.03952
-0.14     4.5383
-0.1395     3.919
-0.139     3.34318
-0.1385     2.88047
-0.138     2.54661
-0.1375     2.33251
-0.137     2.22344
-0.1365     2.20915
-0.136     2.28762
-0.1355     2.46631
-0.135     2.76232
-0.1345     3.19999
-0.134     3.79963
-0.1335     4.54405
-0.133     5.31899
-0.1325     5.89789
-0.132     6.10814
-0.1315     6.03745
-0.131     5.93181
-0.1305     5.94156
-0.13     5.99863
-0.1295     5.86647
-0.129     5.38658
-0.1285     4.66711
-0.128     3.92412
-0.1275     3.27371
-0.127     2.72947
-0.1265     2.27994
-0.126     1.91812
-0.1255     1.63445
-0.125     1.41474
-0.1245     1.24451
-0.124     1.11169
-0.1235     1.00715
-0.123     0.924227
-0.1225     0.858092
-0.122     0.80525
-0.1215     0.763154
-0.121     0.72994
-0.1205     0.704241
-0.12     0.68507
-0.1195     0.671725
-0.119     0.663741
-0.1185     0.66085
-0.118     0.662963
-0.1175     0.670165
-0.117     0.682723
-0.1165     0.701107
-0.116     0.726032
-0.1155     0.758518
-0.115     0.799988
-0.1145     0.852401
-0.114     0.918467
-0.1135     1.00195
-0.113     1.10812
-0.1125     1.24442
-0.112     1.42144
-0.1115     1.6541
-0.111     1.96283
-0.1105     2.37317
-0.11     2.90906
-0.1095     3.56866
-0.109     4.27119
-0.1085     4.81038
-0.108     4.95029
-0.1075     4.6629
-0.107     4.15289
-0.1065     3.64158
-0.106     3.25146
-0.1055     3.02374
-0.105     2.96162
-0.1045     3.0565
-0.104     3.28815
-0.1035     3.60086
-0.103     3.88216
-0.1025     4.01498
-0.102     3.99665
-0.1015     3.94896
-0.101     4.00182
-0.1005     4.21364
-0.1     4.55542
-0.0995     4.92231
-0.099     5.21453
-0.0985     5.45867
-0.098     5.78455
-0.0975     6.26518
-0.097     6.8017
-0.0965     7.16455
-0.096     7.22832
-0.0955     7.11853
-0.095     7.00947
-0.0945     6.87953
-0.094     6.53237
-0.0935     5.87127
-0.093     5.04485
-0.0925     4.25332
-0.092     3.58129
-0.0915     3.02757
-0.091     2.57829
-0.0905     2.22455
-0.09     1.95426
-0.0895     1.75202
-0.089     1.60344
-0.0885     1.49722
-0.088     1.42531
-0.0875     1.38246
-0.087     1.36563
-0.0865     1.37363
-0.086     1.407
-0.0855     1.46807
-0.085     1.56121
-0.0845     1.6934
-0.084     1.87523
-0.0835     2.12224
-0.083     2.45695
-0.0825     2.91126
-0.082     3.52791
-0.0815     4.3561
-0.081     5.42796
-0.0805     6.69095
-0.08     7.89598
-0.0795     8.5831
-0.079     8.39435
-0.0785     7.4561
-0.078     6.23507
-0.0775     5.1043
-0.077     4.1919
-0.0765     3.4768
-0.076     2.90678
-0.0755     2.45119
-0.075     2.09382
-0.0745     1.81834
-0.074     1.60748
-0.0735     1.44614
-0.073     1.32256
-0.0725     1.22809
-0.072     1.15651
-0.0715     1.10342
-0.071     1.06569
-0.0705     1.04117
-0.07     1.02846
-0.0695     1.02674
-0.069     1.03571
-0.0685     1.05555
-0.068     1.08694
-0.0675     1.13111
-0.067     1.18996
-0.0665     1.26627
-0.066     1.36401
-0.0655     1.48875
-0.065     1.6484
-0.0645     1.85411
-0.064     2.12164
-0.0635     2.47267
-0.063     2.93502
-0.0625     3.53773
-0.062     4.29075
-0.0615     5.13606
-0.061     5.89304
-0.0605     6.32382
-0.06     6.37291
-0.0595     6.25615
-0.059     6.2565
-0.0585     6.55995
-0.058     7.23789
-0.0575     8.23628
-0.057     9.29718
-0.0565     9.93941
-0.056     9.7637
-0.0555     8.86878
-0.055     7.72178
-0.0545     6.70135
-0.054     5.95137
-0.0535     5.4963
-0.053     5.336
-0.0525     5.45399
-0.052     5.78111
-0.0515     6.14069
-0.051     6.26743
-0.0505     6.01228
-0.05     5.49702
-0.0495     4.94785
-0.049     4.5119
-0.0485     4.25781
-0.048     4.21699
-0.0475     4.39682
-0.047     4.76742
-0.0465     5.21459
-0.046     5.50584
-0.0455     5.41293
-0.045     4.94396
-0.0445     4.31166
-0.044     3.69429
-0.0435     3.16071
-0.043     2.72792
-0.0425     2.39525
-0.042     2.15086
-0.0415     1.97863
-0.041     1.86402
-0.0405     1.79625
-0.04     1.76845
-0.0395     1.77711
-0.039     1.82174
-0.0385     1.90472
-0.038     2.03164
-0.0375     2.21201
-0.037     2.46051
-0.0365     2.7987
-0.036     3.25687
-0.0355     3.87383
-0.035     4.68835
-0.0345     5.70629
-0.034     6.82399
-0.0335     7.74954
-0.033     8.1205
-0.0325     7.87139
-0.032     7.32128
-0.0315     6.8379
-0.031     6.63877
-0.0305     6.82147
-0.03     7.41023
-0.0295     8.33241
-0.029     9.31639
-0.0285     9.85179
-0.028     9.51424
-0.0275     8.42653
-0.027     7.09081
-0.0265     5.88841
-0.026     4.93865
-0.0255     4.21062
-0.025     3.6403
-0.0245     3.18893
-0.024     2.8406
-0.0235     2.58249
-0.023     2.40001
-0.0225     2.27977
-0.022     2.21175
-0.0215     2.1896
-0.021     2.21038
-0.0205     2.27431
-0.02     2.3848
-0.0195     2.54887
-0.019     2.77809
-0.0185     3.09001
-0.018     3.51039
-0.0175     4.07564
-0.017     4.834
-0.0165     5.83967
-0.016     7.1252
-0.0155     8.63204
-0.015     10.1215
-0.0145     11.2094
-0.014     11.6115
-0.0135     11.3418
-0.013     10.6526
-0.0125     9.85101
-0.012     9.20132
-0.0115     8.89342
-0.011     9.03317
-0.0105     9.63363
-0.01     10.5626
-0.0095     11.4844
-0.009     11.9664
-0.0085     11.7671
-0.008     10.9881
-0.0075     9.98771
-0.007     9.14353
-0.0065     8.66158
-0.006     8.58335
-0.0055     8.82383
-0.005     9.12347
-0.0045     9.08353
-0.004     8.47176
-0.0035     7.46088
-0.003     6.40248
-0.0025     5.52092
-0.002     4.87043
-0.0015     4.41517
-0.001     4.09961
-0.0005     3.89463
0     3.80536
0.0005     3.85027
0.001     4.04986
0.0015     4.42787
0.002     5.00706
0.0025     5.7826
0.003     6.6653
0.0035     7.44736
0.004     7.92854
0.0045     8.1209
0.005     8.15989
0.0055     8.04221
0.006     7.65182
0.0065     7.02673
0.007     6.3838
0.0075     5.89987
0.008     5.6263
0.0085     5.53273
0.009     5.52906
0.0095     5.50301
0.01     5.42578
0.0105     5.3791
0.011     5.46319
0.0115     5.71268
0.012     6.03272
0.0125     6.18927
0.013     5.98083
0.0135     5.46584
0.014     4.8794
0.0145     4.39258
0.015     4.05217
0.0155     3.85412
0.016     3.80613
0.0165     3.93013
0.017     4.23763
0.0175     4.69569
0.018     5.17233
0.0185     5.42334
0.019     5.25893
0.0195     4.7554
0.02     4.15417
0.0205     3.62326
0.021     3.20055
0.0215     2.86197
0.022     2.5885
0.0225     2.37993
0.023     2.23773
0.0235     2.15804
0.024     2.13534
0.0245     2.16626
0.025     2.25123
0.0255     2.39533
0.026     2.60902
0.0265     2.90951
0.027     3.32227
0.0275     3.88189
0.028     4.62838
0.0285     5.59067
0.029     6.74981
0.0295     8.00526
0.03     9.19963
0.0305     10.1555
0.031     10.6636
0.0315     10.573
0.032     9.9308
0.0325     9.00978
0.033     8.16153
0.0335     7.60615
0.034     7.39367
0.0345     7.45524
0.035     7.60009
0.0355     7.56981
0.036     7.26876
0.0365     6.86692
0.037     6.58288
0.0375     6.50152
0.038     6.55094
0.0385     6.51372
0.039     6.15615
0.0395     5.4723
0.04     4.6758
0.0405     3.9616
0.041     3.40524
0.0415     3.00527
0.042     2.73169
0.0425     2.54424
0.043     2.39986
0.0435     2.27156
0.044     2.16284
0.0445     2.09239
0.045     2.07456
0.0455     2.11778
0.046     2.23051
0.0465     2.42585
0.047     2.72321
0.0475     3.14546
0.048     3.7042
0.0485     4.36002
0.049     4.96307
0.0495     5.27015
0.05     5.15155
0.0505     4.74847
0.051     4.29995
0.0515     3.94349
0.052     3.72252
0.0525     3.65341
0.053     3.73398
0.0535     3.91595
0.054     4.0904
0.0545     4.14539
0.055     4.07247
0.0555     3.96516
0.056     3.93182
0.0565     4.0536
0.057     4.37838
0.0575     4.91325
0.058     5.59019
0.0585     6.22228
0.059     6.57738
0.0595     6.6103
0.06     6.5134
0.0605     6.47145
0.061     6.47418
0.0615     6.32057
0.062     5.82921
0.0625     5.07091
0.063     4.27324
0.0635     3.596
0.064     3.08414
0.0645     2.72061
0.065     2.46506
0.0655     2.26933
0.066     2.09571
0.0665     1.93634
0.067     1.80404
0.0675     1.70975
0.068     1.65623
0.0685     1.6426
0.069     1.66857
0.0695     1.7365
0.07     1.85237
0.0705     2.02651
0.071     2.27368
0.0715     2.61082
0.072     3.04734
0.0725     3.56167
0.073     4.07589
0.0735     4.48824
0.074     4.78398
0.0745     5.06626
0.075     5.42731
0.0755     5.80858
0.076     5.99228
0.0765     5.80818
0.077     5.3465
0.0775     4.83697
0.078     4.43023
0.0785     4.1806
0.079     4.11493
0.0795     4.25658
0.08     4.61771
0.0805     5.17952
0.081     5.85881
0.0815     6.50267
0.082     6.9477
0.0825     7.05232
0.083     6.73269
0.0835     6.0986
0.084     5.40781
0.0845     4.85009
0.085     4.47996
0.0855     4.28976
0.086     4.28295
0.0865     4.48805
0.087     4.94122
0.0875     5.66643
0.088     6.63266
0.0885     7.67452
0.089     8.46148
0.0895     8.6556
0.09     8.1411
0.0905     7.09593
0.091     5.87156
0.0915     4.75324
0.092     3.85279
0.0925     3.16771
0.093     2.65717
0.0935     2.27894
0.094     1.99997
0.0945     1.79701
0.095     1.6543
0.0955     1.5602
0.096     1.50198
0.0965     1.45927
0.097     1.40488
0.0975     1.32321
0.098     1.22452
0.0985     1.12936
0.099     1.04989
0.0995     0.988607
0.1     0.94367
0.1005     0.912414
0.101     0.892594
0.1015     0.882641
0.102     0.881613
0.1025     0.889103
0.103     0.90517
0.1035     0.930333
0.104     0.965596
0.1045     1.01255
0.105     1.07354
0.1055     1.15193
0.106     1.2525
0.1065     1.38199
0.107     1.54985
0.1075     1.76876
0.108     2.05405
0.1085     2.41877
0.109     2.8582
0.1095     3.32115
0.11     3.70002
0.1105     3.90576
0.111     3.97436
0.1115     4.0421
0.112     4.24015
0.1125     4.64382
0.113     5.26436
0.1135     6.02082
0.114     6.70935
0.1145     7.10905
0.115     7.22037
0.1155     7.27771
0.116     7.5107
0.1165     7.98116
0.117     8.55074
0.1175     9.00079
0.118     9.28657
0.1185     9.56741
0.119     9.92407
0.1195     10.1822
0.12     10.0532
0.1205     9.37867
0.121     8.22389
0.1215     6.85582
0.122     5.5655
0.1225     4.50033
0.123     3.67567
0.1235     3.0518
0.124     2.58107
0.1245     2.22398
0.125     1.95144
0.1255     1.74306
0.126     1.58505
0.1265     1.46843
0.127     1.38761
0.1275     1.33861
0.128     1.31578
0.1285     1.30613
0.129     1.28659
0.1295     1.23684
0.13     1.16001
0.1305     1.07704
0.131     1.0049
0.1315     0.949663
0.132     0.911161
0.1325     0.887486
0.133     0.876948
0.1335     0.878648
0.134     0.892598
0.1345     0.919773
0.135     0.962251
0.1355     1.02349
0.136     1.10875
0.1365     1.2257
0.137     1.38476
0.1375     1.59832
0.138     1.87553
0.1385     2.20676
0.139     2.53595
0.1395     2.75398
0.14     2.77363
0.1405     2.61865
0.141     2.38187
0.1415     2.14329
0.142     1.95023
0.1425     1.82152
0.143     1.75774
0.1435     1.75336
0.144     1.80392
0.1445     1.90887
0.145     2.07256
0.1455     2.30501
0.146     2.62317
0.1465     3.0528
0.147     3.63046
0.1475     4.40339
0.148     5.42016
0.1485     6.69748
0.149     8.1552
0.1495     9.58274
