0    0.0789186     0.130074
1    0.0789178     0.130075
2    0.0730737     -0.133258
3    -0.151951     0.00322634
4    0.0730742     -0.133258
5    -0.151951     0.00322664
6    0.0788847     0.129998
7    -0.151739     0.00322251
8    0.0731547     -0.133145
9    0.0729169     -0.133219
10    -0.151965     0.00313812
11    0.0791823     0.129751
12    -0.151921     0.00331057
13    0.0731455     -0.133257
14    0.0730407     -0.133218
15    -0.152089     0.00351246
16    0.07845     0.130195
17    -0.15151     0.00256435
18    0.0722841     -0.13324
19    0.0724269     -0.132953
20    -0.151322     0.00282246
21    0.0788051     0.130045
22    -0.151923     0.00332065
23    0.0731366     -0.133259
24    0.0733937     -0.133315
25    -0.151841     0.0032441
26    0.0788558     0.130111
27    -0.151829     0.00337884
28    0.0729763     -0.133137
29    0.0730061     -0.133377
30    -0.151785     0.00313249
31    0.078855     0.130112
32    -0.151893     0.00325257
33    0.0730799     -0.133322
34    0.0730797     -0.133322
35    -0.151893     0.00325195
36    0.0788029     0.130047
37    -0.151785     0.00313084
38    0.0730081     -0.133375
39    0.0729779     -0.133136
40    -0.15183     0.00337607
41    0.078447     0.130197
42    -0.151842     0.00324064
43    0.0733968     -0.133312
44    0.0731397     -0.133257
45    -0.151924     0.00331644
46    0.0791793     0.129753
47    -0.151323     0.00281821
48    0.0724302     -0.13295
49    0.0722878     -0.133237
50    -0.15151     0.00255979
51    0.0788825     0.129999
52    -0.15209     0.00350857
53    0.0730434     -0.133216
54    0.073149     -0.133254
55    -0.151921     0.00330683
56    -0.151966     0.00313567
57    0.0729183     -0.133218
58    -0.151739     0.00322055
59    0.0731569     -0.133143
60    0.0789953     0.129957
61    0.0787603     0.130042
62    0.0730428     -0.13318
63    -0.151961     0.00331556
64    0.0786337     0.130234
65    -0.151925     0.00314251
66    0.0727818     -0.133406
67    0.0787826     0.129917
68    -0.151742     0.00322199
69    0.0726827     -0.13224
70    0.0791317     0.129931
71    -0.150808     0.00338046
72    0.0729746     -0.133142
73    0.0787182     0.130125
74    -0.151888     0.00292919
75    0.0729899     -0.133339
76    0.0788994     0.129956
77    -0.151808     0.00326248
78    0.0731622     -0.13329
79    0.0787215     0.130308
80    -0.151986     0.0034689
81    0.07277     -0.132756
82    0.0790357     0.129665
83    -0.15178     0.00326104
84    0.0729656     -0.133303
85    0.0786309     0.129675
86    -0.151925     0.00369947
87    0.0734409     -0.132617
88    0.0784361     0.130029
89    -0.151495     0.00386789
90    0.0734896     -0.133077
91    0.0791523     0.130047
92    -0.151883     0.00313026
93    0.0730328     -0.133152
94    -0.151306     0.00321175
95    0.0733102     -0.13324
96    0.0789904     0.130071
97    0.078883     0.130035
98    0.0733519     -0.132947
99    -0.152101     0.00294568
100    0.0784831     0.129075
101    -0.151481     0.00386864
102    0.0729453     -0.133095
103    0.0781738     0.129262
104    -0.150817     0.00302052
105    0.0723676     -0.132414
106    0.0788217     0.130173
107    -0.151687     0.00321783
108    0.073428     -0.132611
109    0.078838     0.130062
110    -0.151745     0.00364498
111    0.072898     -0.133586
112    0.0787858     0.130022
113    -0.151612     0.00286205
114    0.0731246     -0.133215
115    0.0790184     0.12977
116    -0.151692     0.00292958
117    0.0727943     -0.1328
118    0.0787883     0.129817
119    -0.152185     0.00410793
120    0.072902     -0.133417
121    0.0786835     0.12988
122    -0.152041     0.0029893
123    0.0729148     -0.133508
124    0.0785371     0.130063
125    -0.151954     0.00301989
126    0.0739719     -0.133119
127    0.0788694     0.129972
128    -0.151357     0.00321142
129    0.0726984     -0.133228
130    -0.151878     0.00331525
131    0.0725987     -0.13319
132    0.0781273     0.130092
133    0.0782574     0.129798
134    0.0726033     -0.133359
135    -0.151305     0.00359985
136    0.078812     0.129966
137    -0.151927     0.00312792
138    0.0732952     -0.133123
139    0.0792398     0.129417
140    -0.151874     0.00351455
141    0.0729771     -0.133349
142    0.078917     0.129398
143    -0.151763     0.00279086
144    0.0731094     -0.132579
145    0.0784952     0.130379
146    -0.151401     0.00320995
147    0.0722886     -0.133251
148    0.0782883     0.130818
149    -0.151606     0.00315042
150    0.0732558     -0.133222
151    0.0804706     0.127952
152    -0.150942     0.00072869
153    0.0729844     -0.133141
154    0.0792601     0.130714
155    -0.151984     0.00353876
156    0.0720452     -0.131539
157    0.0762527     0.130512
158    -0.149893     0.00312619
159    0.0733756     -0.133203
160    0.079803     0.129899
161    -0.151746     0.00322031
162    0.0704017     -0.133579
163    0.07932     0.129878
164    -0.151944     0.0034266
165    0.0728542     -0.13305
166    -0.151523     0.00255834
167    0.0728099     -0.132843
168    0.0789764     0.130076
169    0.0792363     0.13012
170    0.0729668     -0.133222
171    -0.15184     0.00319842
172    0.0788328     0.130164
173    -0.151835     0.0030628
174    0.0728776     -0.133297
175    0.0787507     0.130416
176    -0.151809     0.00317587
177    0.0730009     -0.133239
178    0.078125     0.130107
179    -0.151595     0.00356635
180    0.072646     -0.13354
181    0.079155     0.130098
182    -0.151602     0.00327662
183    0.0733193     -0.133287
184    0.0786597     0.130343
185    -0.152615     0.00323382
186    0.0721359     -0.131492
187    0.0792923     0.130262
188    -0.152257     0.00296129
189    0.0732839     -0.133687
190    0.0788437     0.130535
191    -0.149789     -0.00297531
192    0.0665873     -0.134266
193    0.0792081     0.13001
194    -0.152368     0.00323264
195    0.0729899     -0.133713
196    0.0787637     0.130335
197    -0.149892     0.00323148
198    0.0733962     -0.133907
199    0.07925     0.129424
200    -0.152031     0.00345511
201    0.0729642     -0.13299
202    -0.151944     0.0027426
203    0.0732161     -0.132851
204    0.0788085     0.129963
205    0.078849     0.1302
206    0.0730169     -0.133289
207    -0.15178     0.00330447
208    0.0789999     0.130109
209    -0.151892     0.00318814
210    0.0730677     -0.133136
211    0.0789584     0.130036
212    -0.151995     0.00297473
213    0.0729525     -0.133196
214    0.0790882     0.130039
215    -0.151677     0.00350054
216    0.0724212     -0.133971
217    0.0778911     0.128359
218    -0.15083     0.00566603
219    0.0728143     -0.133512
220    0.0829693     0.124991
221    -0.152245     0.00348897
222    0.0773581     -0.128345
223    0.0825353     0.13612
224    -0.158931     0.00336169
225    0.0711994     -0.12988
226    0.072471     0.13136
227    -0.14803     0.0031424
228    0.076428     -0.13945
229    0.0778049     0.128409
230    -0.149516     0.0093183
231    0.0734514     -0.133459
232    0.0787429     0.130247
233    -0.151998     0.00290168
234    0.0747278     -0.1312
235    0.0788023     0.13013
236    -0.152223     0.00234271
237    0.0731974     -0.132953
238    -0.151781     0.00317356
239    0.072876     -0.133479
240    0.078918     0.130145
241    0.0789178     0.130145
242    0.0730174     -0.133289
243    -0.151892     0.0031875
244    0.0785825     0.129592
245    -0.151779     0.00330343
246    0.0728759     -0.133478
247    0.0786084     0.129636
248    -0.15178     0.00317234
249    0.0731967     -0.132953
250    0.0788128     0.129973
251    -0.152222     0.00234159
252    0.0747267     -0.131199
253    0.0791363     0.130508
254    -0.151997     0.00290091
255    0.0734504     -0.133459
256    0.0768822     0.12679
257    -0.149516     0.00931799
258    0.0764272     -0.13945
259    0.0768819     0.12679
260    -0.148029     0.00314273
261    0.0711992     -0.12988
262    0.0791357     0.130507
263    -0.158931     0.00336252
264    0.0773587     -0.128345
265    0.078812     0.129972
266    -0.152245     0.00348987
267    0.0728154     -0.133512
268    0.0786077     0.129635
269    -0.150831     0.00566683
270    0.0724226     -0.133971
271    0.078582     0.129592
272    -0.151678     0.00350094
273    0.0729539     -0.133196
274    -0.151995     0.0029746
275    0.0730688     -0.133135
276    0.0788482     0.130201
277    0.0788072     0.129964
278    0.0729682     -0.133221
279    -0.151835     0.00306054
280    0.0788021     0.130132
281    -0.15184     0.0031961
282    0.0732166     -0.13285
283    0.0787432     0.130248
284    -0.151944     0.00274076
285    0.0729638     -0.13299
286    0.0778055     0.12841
287    -0.15203     0.0034541
288    0.0733951     -0.133907
289    0.0724718     0.13136
290    -0.149891     0.00323141
291    0.0729886     -0.133714
292    0.0825358     0.13612
293    -0.152367     0.00323356
294    0.0665862     -0.134267
295    0.0829692     0.12499
296    -0.149788     -0.00297384
297    0.0732834     -0.133689
298    0.0778905     0.128357
299    -0.152257     0.00296275
300    0.0721364     -0.131493
301    0.0790871     0.130038
302    -0.152615     0.00323479
303    0.0733206     -0.133287
304    0.078957     0.130036
305    -0.151603     0.00327677
306    0.072648     -0.13354
307    0.0789984     0.130109
308    -0.151596     0.00356549
309    0.0730031     -0.133238
310    -0.151809     0.00317413
311    0.0728796     -0.133296
312    0.0792349     0.130122
313    0.0789743     0.130078
314    0.0726052     -0.133358
315    -0.151927     0.00312452
316    0.0792495     0.129425
317    -0.151305     0.00359706
318    0.0728106     -0.132842
319    0.0787641     0.130336
320    -0.151522     0.00255672
321    0.0728537     -0.13305
322    0.079209     0.13001
323    -0.151944     0.0034264
324    0.0704003     -0.13358
325    0.0788448     0.130534
326    -0.151745     0.0032215
327    0.0733738     -0.133205
328    0.0792931     0.130262
329    -0.149892     0.00312827
330    0.0720436     -0.131541
331    0.0786597     0.130342
332    -0.151983     0.00354105
333    0.0729837     -0.133142
334    0.0791542     0.130097
335    -0.150942     0.000730357
336    0.0732564     -0.133223
337    0.0781233     0.130107
338    -0.151606     0.00315089
339    0.0722903     -0.133251
340    0.0787485     0.130416
341    -0.151401     0.00320897
342    0.073112     -0.132578
343    0.0788304     0.130165
344    -0.151764     0.00278855
345    0.0729801     -0.133347
346    -0.151874     0.00351134
347    0.0732979     -0.133122
348    0.0782559     0.129799
349    0.0781248     0.130094
350    0.0733538     -0.132946
351    -0.151481     0.00386493
352    0.0793198     0.129879
353    -0.152101     0.00294324
354    0.0725991     -0.13319
355    0.0798038     0.1299
356    -0.151877     0.00331458
357    0.0726973     -0.133229
358    0.0762541     0.130511
359    -0.151356     0.00321258
360    0.0739698     -0.133121
361    0.0792617     0.130713
362    -0.151953     0.00302242
363    0.0729124     -0.13351
364    0.0804716     0.127951
365    -0.15204     0.00299235
366    0.0729001     -0.133419
367    0.0782883     0.130817
368    -0.152184     0.00411054
369    0.0727937     -0.132801
370    0.0784939     0.130379
371    -0.151692     0.00293087
372    0.0731255     -0.133215
373    0.0789147     0.129398
374    -0.151612     0.00286153
375    0.0729003     -0.133586
376    0.0792369     0.129419
377    -0.151745     0.00364268
378    0.0734313     -0.13261
379    0.078809     0.129968
380    -0.151688     0.00321415
381    0.0723712     -0.132412
382    -0.150817     0.00301633
383    0.0729483     -0.133093
384    0.078882     0.130037
385    0.078988     0.130073
386    0.0730442     -0.133179
387    -0.151925     0.0031393
388    0.0788697     0.129972
389    -0.151961     0.00331425
390    0.0733098     -0.13324
391    0.0785386     0.130062
392    -0.151306     0.00321258
393    0.0730309     -0.133153
394    0.0786856     0.129879
395    -0.151882     0.00313292
396    0.0734868     -0.133079
397    0.0787902     0.129815
398    -0.151494     0.00387152
399    0.0734381     -0.13262
400    0.0790195     0.129769
401    -0.151924     0.00370302
402    0.0729636     -0.133305
403    0.0787856     0.130022
404    -0.15178     0.00326343
405    0.0727695     -0.132757
406    0.0788363     0.130062
407    -0.151986     0.00346935
408    0.0731634     -0.13329
409    0.0788188     0.130174
410    -0.151809     0.00326078
411    0.0729927     -0.133338
412    0.0781704     0.129264
413    -0.151888     0.00292568
414    0.0729783     -0.13314
415    0.0784799     0.129077
416    -0.150809     0.00337598
417    0.0726864     -0.132238
418    -0.151743     0.00321762
419    0.0727847     -0.133404
420    0.0787601     0.130042
421    0.0789935     0.129959
422    0.0791536     0.130047
423    0.0784384     0.130028
424    0.0786335     0.129673
425    0.0790379     0.129664
426    0.0787225     0.130307
427    0.0788989     0.129956
428    0.0787161     0.130126
429    0.0791286     0.129933
430    0.0787792     0.129919
431    0.0786308     0.130236
