0    -7.331e-06     -7.54981e-06
1    -1.59299e-05     -1.39851e-05
2    1.2567e-05     2.78025e-06
3    1.18126e-06     1.44158e-05
4    1.097e-05     1.06846e-05
5    -2.87578e-08     3.00121e-06
6    -1.64512e-06     -1.11558e-05
7    -2.20931e-06     1.32425e-05
8    8.06185e-06     6.42486e-07
9    7.89204e-06     8.26677e-06
10    -4.85726e-06     5.42439e-06
11    4.23892e-06     -7.00237e-06
12    -7.94756e-06     9.74888e-06
13    6.5695e-06     1.87547e-06
14    7.07675e-06     4.22331e-07
15    -1.22353e-05     3.24781e-06
16    6.50094e-06     -1.14651e-05
17    -6.76231e-06     7.26612e-06
18    2.92178e-06     5.27127e-06
19    -1.92565e-06     1.76458e-06
20    -1.44041e-05     3.9155e-06
21    3.79002e-06     -1.03814e-05
22    -1.97262e-05     4.06504e-06
23    -1.91359e-06     4.44282e-06
24    8.96047e-06     4.01796e-06
25    -1.22944e-05     4.85368e-06
26    2.96316e-06     -1.37094e-05
27    -9.24595e-06     5.89625e-06
28    7.54183e-06     1.37962e-05
29    7.17962e-06     6.7965e-06
30    -1.98683e-05     3.12931e-06
31    -5.24927e-06     -1.11208e-05
32    -1.30529e-05     8.19391e-07
33    5.08249e-06     1.1619e-05
34    3.25071e-06     6.4325e-06
35    -1.04629e-05     2.63251e-06
36    -8.83362e-07     -9.32934e-06
37    1.88789e-06     2.33177e-06
38    2.95198e-08     7.93507e-06
39    6.25723e-06     8.54272e-06
40    -1.49119e-06     1.31322e-06
41    -5.99513e-06     -1.1303e-05
42    -1.53447e-06     -3.46017e-06
43    4.68036e-06     1.46921e-05
44    2.89464e-06     7.81375e-06
45    1.07628e-06     -4.45193e-06
46    -6.55504e-07     -8.81628e-06
47    -4.59379e-06     -5.03897e-06
48    1.9731e-06     1.27976e-05
49    5.28264e-06     8.0155e-06
50    -1.6119e-06     -1.55022e-06
51    -1.21342e-07     -7.0466e-06
52    -4.8553e-06     -9.94168e-06
53    4.67623e-06     6.17505e-06
54    8.23554e-08     6.43516e-07
55    -3.46595e-06     -1.46814e-06
56    -1.53223e-06     -6.21571e-06
57    -7.5548e-06     -3.31109e-06
58    8.16013e-06     -1.05268e-06
59    6.03541e-06     -1.71393e-06
60    -4.15056e-06     7.1305e-06
61    -4.48369e-06     -1.26527e-05
62    -3.71847e-06     4.24502e-06
63    2.8649e-06     -2.02054e-06
64    5.15657e-06     -4.85506e-06
65    -4.20276e-06     1.38759e-05
66    3.24183e-06     -3.0065e-06
67    -5.21502e-06     1.2495e-05
68    -1.78088e-06     -5.00072e-06
69    -2.26337e-06     -4.69149e-06
70    2.2019e-06     1.29327e-05
71    -3.34431e-07     -9.399e-06
72    -3.82278e-06     1.1861e-05
73    -1.01209e-06     -1.24974e-06
74    1.45374e-06     1.80796e-07
75    3.20061e-06     1.62222e-05
76    -9.86069e-06     -5.95687e-06
77    5.4983e-06     1.14232e-05
78    -8.51376e-07     4.85736e-07
79    1.20069e-06     2.93279e-06
80    7.18644e-06     1.2724e-05
81    -1.51846e-05     -4.0876e-06
82    4.75613e-06     4.83802e-06
83    -1.04839e-06     -3.6355e-06
84    2.54272e-06     4.06855e-07
85    1.46343e-05     7.70057e-06
86    -1.65937e-05     1.38402e-07
87    1.85983e-05     7.45424e-06
88    7.64881e-07     -5.90898e-07
89    -1.5658e-06     1.30842e-06
90    9.8713e-06     -1.0436e-06
91    -1.39598e-05     4.05525e-06
92    1.65828e-05     3.1956e-06
93    -7.53785e-06     -1.75535e-06
94    -2.11225e-06     5.09435e-07
95    2.32799e-05     -2.63404e-06
96    -1.91477e-05     5.45446e-07
97    1.66553e-05     8.33978e-06
98    9.1583e-06     -4.40705e-06
99    -2.76489e-06     -8.90337e-06
100    1.72855e-05     1.3964e-06
101    -1.40689e-05     2.37135e-06
102    1.59904e-05     6.90389e-06
103    -2.2355e-06     -9.32741e-06
104    2.24782e-06     -1.1989e-05
105    1.60092e-05     4.38191e-06
106    -1.68972e-05     8.15756e-06
107    1.15465e-05     1.70953e-05
108    3.07396e-06     -1.57822e-05
109    3.15071e-06     -1.25445e-05
110    1.60312e-05     6.20047e-06
111    -1.328e-05     -3.79268e-06
112    1.64351e-05     1.37026e-05
113    -4.04636e-06     -1.48514e-05
114    1.42811e-06     -1.8849e-05
115    1.26755e-05     1.33186e-05
116    -1.30365e-05     -4.44871e-06
117    1.9727e-05     1.62518e-05
118    -1.38408e-05     -9.68487e-06
119    -9.83388e-06     -7.96866e-06
120    1.78354e-05     6.15554e-06
121    -8.84329e-06     -9.52526e-06
122    2.11274e-05     1.78337e-05
123    -1.49999e-05     -7.83085e-06
124    -1.32937e-05     -7.29772e-06
125    1.8613e-05     1.49789e-05
126    -1.44801e-05     -1.19896e-05
127    1.78624e-05     2.27972e-05
128    -9.51889e-06     -3.97159e-06
129    -1.11295e-05     -1.62109e-06
130    2.49766e-05     1.73446e-05
131    -1.01896e-05     -1.505e-05
132    1.83563e-05     2.62689e-05
133    -4.09956e-06     -1.01523e-05
134    -8.49797e-06     -4.90673e-06
135    1.21091e-05     1.71514e-05
136    -1.79069e-05     -1.98184e-05
137    8.19236e-06     2.42196e-05
138    1.59729e-06     3.69138e-07
139    -8.17837e-07     -9.17591e-06
140    1.48878e-05     1.62477e-05
141    -2.2863e-05     -1.09367e-05
142    1.03682e-05     1.91605e-05
143    4.60924e-06     -4.82496e-07
144    -8.15538e-07     4.85718e-06
145    9.789e-06     1.20271e-05
146    4.35828e-06     1.6129e-05
147    1.21676e-05     2.44089e-06
148    1.38099e-05     6.61711e-06
149    1.02356e-05     7.12757e-06
150    -9.94868e-06     -1.52927e-05
151    -7.7139e-06     -1.38626e-05
152    1.12162e-05     1.87059e-06
153    -6.00969e-06     1.19036e-05
154    2.23577e-06     -6.19817e-06
155    -5.55228e-06     8.66531e-06
156    1.19507e-05     3.22138e-06
157    -3.87248e-06     -1.21746e-05
158    -7.36532e-06     8.96716e-06
159    6.33837e-06     -4.8782e-06
160    5.54801e-06     -9.00067e-06
161    -7.06351e-06     1.32173e-05
162    1.35213e-05     5.43497e-07
163    -9.00865e-07     -1.75581e-05
164    -1.6753e-05     6.39748e-06
165    1.14481e-05     3.10727e-06
166    -3.20011e-07     -1.73175e-05
167    -9.228e-06     1.21228e-06
168    1.77526e-06     1.00959e-05
169    -1.75126e-06     -1.04305e-05
170    -5.12409e-06     4.43296e-06
171    4.40191e-06     1.11706e-05
172    -9.42059e-07     -1.60146e-05
173    -5.49732e-06     -2.33557e-06
174    3.67924e-06     1.46922e-05
175    1.00727e-06     -1.00457e-05
176    -1.25263e-06     1.34761e-08
177    2.39288e-06     1.34722e-05
178    2.86883e-06     -1.05078e-05
179    -6.70546e-06     -1.13289e-05
180    5.75665e-06     1.89159e-05
181    -1.86628e-07     -4.80392e-06
182    -1.02698e-05     -5.76996e-06
183    2.29698e-06     3.39357e-06
184    1.46916e-07     -8.10219e-06
185    -8.58658e-06     4.38157e-06
186    1.94326e-06     4.99809e-06
187    3.89817e-06     -1.5863e-06
188    -6.59586e-06     3.98187e-06
189    4.05145e-06     5.72432e-11
190    3.63214e-06     -8.61121e-06
191    3.89864e-07     9.0757e-06
192    2.2889e-06     2.09029e-06
193    -7.60442e-06     -4.2509e-06
194    4.28004e-06     1.49291e-05
195    -1.17244e-06     -5.32908e-06
196    -4.89891e-06     -4.82311e-06
197    1.07455e-05     4.98858e-06
198    -3.5099e-06     -7.30846e-08
199    -1.27075e-05     -4.34188e-06
200    8.89553e-06     1.07272e-05
201    -4.48887e-06     -7.03896e-07
202    -7.19588e-06     -2.10583e-06
203    1.8107e-05     4.36056e-06
204    -6.71979e-06     2.57853e-06
205    -2.12429e-05     -6.76562e-06
206    1.20341e-05     4.43174e-06
207    3.20303e-06     4.71414e-06
208    -1.24922e-05     -2.18541e-06
209    1.92564e-05     1.4304e-05
210    -1.93606e-06     -7.87228e-06
211    -1.28384e-05     -4.1118e-06
212    1.83913e-05     1.49063e-05
213    4.90148e-06     -8.82179e-06
214    -1.45655e-05     -2.28387e-06
215    1.39613e-05     1.93633e-05
216    -3.20943e-06     -1.49806e-05
217    -7.87226e-06     -5.78108e-06
218    1.05674e-05     1.48661e-05
219    -6.2967e-06     -7.45688e-06
220    -1.28568e-05     -3.97844e-06
221    1.97895e-05     1.17956e-05
222    -8.04629e-06     -1.2579e-05
223    -6.42121e-06     -1.09584e-05
224    2.17229e-05     1.36381e-05
225    -1.04507e-05     -3.92956e-06
226    -1.02023e-05     -1.41878e-05
227    1.46905e-05     1.94843e-05
228    -1.05891e-05     -1.32913e-06
229    -1.25274e-05     -1.9337e-05
230    1.90895e-05     2.37114e-05
231    -3.78546e-06     6.49007e-07
232    -1.1347e-05     -1.76187e-05
233    9.85372e-06     1.9973e-05
234    1.29447e-06     -3.48831e-06
235    -1.44577e-05     -1.99311e-05
236    1.9795e-06     2.21054e-05
237    3.70434e-06     4.22338e-06
238    2.44767e-06     1.15063e-05
239    2.78385e-06     1.02878e-05
240    -7.39875e-06     -1.52216e-05
241    1.4218e-06     -1.22161e-05
242    5.69345e-06     1.72691e-06
243    -1.01518e-05     1.62489e-05
244    -3.37439e-06     -1.28847e-05
245    -2.28365e-06     1.47542e-05
246    9.30676e-06     -9.53426e-07
247    -3.13966e-06     -1.22906e-05
248    -2.84703e-06     6.3532e-06
249    9.71992e-06     5.06271e-06
250    -4.81911e-06     -1.23576e-05
251    -6.26664e-06     6.64633e-06
252    7.70313e-06     8.38175e-06
253    -2.82057e-07     -1.53845e-05
254    -9.51674e-06     1.537e-06
255    6.96036e-06     8.39836e-06
256    1.65986e-06     -1.67494e-05
257    -6.9733e-06     -2.15173e-06
258    2.29375e-06     1.87605e-05
259    3.42478e-06     -8.99192e-06
260    -3.99567e-06     8.01188e-07
261    1.07632e-06     1.69177e-05
262    2.91156e-06     -1.28571e-05
263    -7.95778e-06     -8.27821e-06
264    4.68517e-07     1.71742e-05
265    3.30066e-06     -1.13315e-05
266    -5.95041e-06     -5.96225e-06
267    1.15649e-05     1.66671e-05
268    2.82766e-06     -9.85244e-06
269    -1.02966e-05     -4.51351e-06
270    1.17592e-05     1.79498e-05
271    1.28816e-06     -7.18437e-06
272    -1.46386e-05     -3.57242e-06
273    1.09085e-05     5.49022e-06
274    -3.74163e-06     -6.53172e-06
275    -1.11659e-05     4.54917e-06
276    6.02078e-06     3.98865e-06
277    1.59882e-06     -8.90532e-06
278    -3.08873e-06     1.38577e-05
279    8.12356e-06     -4.27193e-06
280    -5.10274e-06     -1.08947e-05
281    3.81657e-06     6.28782e-06
282    -2.25043e-06     -5.89425e-06
283    -5.9166e-06     -3.71359e-06
284    5.45384e-06     1.14712e-05
285    -6.42268e-06     -2.47356e-06
286    -8.43926e-06     -6.99165e-06
287    8.34986e-06     4.16635e-06
288    -4.9065e-06     -6.65313e-06
289    -8.59805e-06     -4.6153e-06
290    1.04904e-05     1.32528e-05
291    -1.14863e-05     1.5824e-06
292    -1.13999e-05     -1.26173e-05
293    2.69682e-05     8.76387e-06
294    -6.51548e-06     -5.97445e-06
295    -1.59666e-05     -6.53413e-06
296    1.68623e-05     1.87613e-05
297    -1.21111e-05     -7.91153e-06
298    -1.16796e-05     -7.73713e-06
299    1.50602e-05     1.86158e-05
300    3.82871e-06     -7.10682e-06
301    -1.46246e-05     -4.53132e-06
302    1.1645e-05     2.01298e-05
303    -1.54008e-06     -1.1752e-05
304    -1.46185e-05     -1.05629e-05
305    1.48628e-05     1.80368e-05
306    -9.45956e-06     -1.26452e-05
307    -1.06539e-05     -5.57855e-06
308    1.73473e-05     1.52901e-05
309    -9.73776e-06     -1.1399e-05
310    -9.35986e-06     -1.13839e-05
311    1.4015e-05     1.75494e-05
312    -1.20103e-05     -8.75009e-06
313    -9.3448e-06     -1.08587e-05
314    2.12746e-05     2.22403e-05
315    -6.90351e-07     -1.05032e-05
316    -9.90006e-06     -1.76537e-05
317    1.3291e-05     1.76757e-05
318    -5.85908e-06     -4.01356e-06
319    -1.11813e-05     -2.21266e-05
320    8.60103e-06     2.43256e-05
321    1.4099e-06     6.11967e-07
322    -3.02039e-06     -2.44451e-05
323    7.73892e-06     2.3512e-05
324    2.28544e-06     2.71721e-06
325    -7.96612e-06     -1.73603e-05
326    -6.65029e-06     1.69278e-05
327    8.79681e-07     1.00571e-06
328    1.17888e-06     1.56672e-05
329    6.49856e-06     -4.90802e-07
330    -5.53415e-06     -1.12794e-05
331    1.78314e-06     -1.86222e-05
332    1.16429e-05     5.21244e-07
333    -9.98265e-06     1.54805e-05
334    2.22043e-06     -6.25756e-06
335    -5.77153e-06     1.2718e-05
336    1.09957e-05     -1.71326e-06
337    -3.45615e-06     -1.14288e-05
338    -6.21453e-06     9.36634e-06
339    1.65088e-05     1.485e-06
340    9.42126e-07     -8.90162e-06
341    -6.9001e-06     4.5613e-06
342    1.37269e-05     6.85132e-07
343    3.28982e-06     -9.58894e-06
344    -1.10501e-05     3.16677e-06
345    9.84748e-06     1.21002e-05
346    1.9564e-06     -8.13699e-06
347    -1.0959e-05     -1.20965e-06
348    4.7974e-06     9.29452e-06
349    8.94903e-06     -1.15886e-05
350    -6.1683e-06     -1.74855e-06
351    2.25107e-07     1.68579e-05
352    7.64742e-06     -1.56981e-05
353    -1.06916e-05     -2.55106e-06
354    3.76814e-06     1.71355e-05
355    4.62861e-06     -1.47892e-05
356    -1.06476e-05     -4.32663e-06
357    1.55196e-06     2.12341e-05
358    -4.49038e-06     -1.03956e-05
359    -9.69545e-06     -2.28448e-06
360    1.12335e-05     1.28771e-05
361    8.47085e-07     -3.70736e-06
362    -5.89235e-06     3.15829e-06
363    6.24917e-06     6.19785e-06
364    -2.3643e-06     -1.04911e-05
365    1.444e-06     2.73389e-07
366    1.31483e-06     -2.02523e-06
367    4.06223e-08     -1.00552e-06
368    5.59226e-06     7.28769e-06
369    -3.34123e-06     -3.01792e-06
370    -5.86151e-06     -9.34305e-06
371    7.08155e-06     4.39913e-06
372    -4.05796e-06     -1.45785e-06
373    -4.97619e-06     -5.86582e-06
374    1.18048e-05     1.10289e-05
375    -5.10829e-06     -6.3427e-06
376    -3.27181e-06     -1.11631e-05
377    1.68475e-05     6.72923e-06
378    -1.12276e-05     -7.12046e-06
379    -1.51957e-05     -7.55967e-06
380    1.5475e-05     1.37427e-05
381    -6.36367e-06     -4.70273e-06
382    -4.02265e-06     -1.17917e-05
383    1.30195e-05     1.78958e-05
384    -4.84327e-06     -6.50513e-06
385    -1.23135e-05     -1.04439e-05
386    7.35145e-06     2.13454e-05
387    8.41883e-08     -1.84642e-06
388    -5.96365e-06     -7.63085e-06
389    1.92064e-06     2.40845e-05
390    -2.32749e-06     -1.2407e-05
391    -5.48507e-06     -7.78101e-06
392    1.32978e-06     2.52716e-05
393    -5.14166e-06     -1.11157e-05
394    -1.20226e-05     -6.82367e-06
395    6.71929e-06     1.42628e-05
396    -1.03509e-06     -1.11989e-05
397    -5.96363e-06     -5.06991e-07
398    1.27813e-05     1.5421e-05
399    -4.58281e-06     -1.20589e-05
400    -1.1049e-05     -3.55155e-06
401    1.24561e-05     6.24959e-06
402    -1.86959e-06     -6.13432e-06
403    -5.77972e-06     -1.26343e-05
404    7.15441e-06     1.36609e-05
405    3.73634e-07     -9.4175e-06
406    -3.50511e-06     -1.78189e-05
407    6.29917e-06     2.34983e-05
408    -4.60235e-06     -3.60066e-06
409    -8.48786e-06     -2.14758e-05
410    1.39461e-06     1.81761e-05
411    -2.07884e-07     5.4707e-07
412    1.1773e-06     -1.77521e-05
413    -4.10151e-07     2.12841e-05
414    2.64186e-06     2.49208e-06
415    -1.23232e-06     -1.48626e-05
416    -1.25476e-05     1.74446e-05
417    4.88252e-07     4.03627e-06
418    -6.29957e-06     1.13916e-05
419    9.00746e-06     3.18878e-06
420    -1.05575e-06     -8.74693e-06
421    6.92484e-07     -1.06855e-05
422    7.23159e-06     3.46304e-06
423    -4.45991e-06     9.66164e-06
424    -7.1931e-06     -1.92725e-06
425    -4.18301e-06     6.43126e-06
426    1.37166e-05     -1.56125e-06
427    -5.19708e-06     -5.66347e-06
428    -5.26729e-06     2.61178e-06
429    1.31241e-05     1.34067e-07
430    -1.77644e-06     -1.51425e-05
431    -3.17752e-06     4.89905e-06
432    1.64546e-05     6.34708e-06
433    6.12435e-06     -7.81298e-06
434    -8.18849e-06     4.41985e-06
435    7.9049e-06     5.69874e-06
436    8.50344e-06     -1.36906e-05
437    -4.89606e-06     -1.49716e-06
438    5.50039e-07     1.50876e-05
439    5.27024e-06     -1.2008e-05
440    -7.48901e-06     -1.60007e-06
441    3.9677e-06     1.94631e-05
442    4.30198e-06     -1.59292e-05
443    -1.02309e-05     -4.70577e-06
444    1.05265e-05     1.66261e-05
445    3.37702e-06     -1.64604e-05
446    -1.01206e-05     -3.31742e-06
447    1.51619e-05     1.88589e-05
448    -5.13388e-06     -8.00284e-06
449    -1.48377e-05     4.85518e-06
450    9.41559e-06     5.19214e-06
451    -6.48e-06     -7.44909e-06
452    -4.7987e-06     8.77577e-06
453    6.99497e-06     -5.03806e-07
454    -8.50046e-06     -1.00476e-05
455    2.74238e-06     5.68316e-06
456    5.198e-06     -6.15755e-06
457    1.15729e-06     -3.36631e-06
458    8.07463e-06     1.27041e-05
459    -7.509e-07     -1.06692e-05
460    -1.63222e-05     -9.17309e-06
461    1.06931e-05     8.75132e-06
462    -3.87956e-06     -6.13004e-06
463    -8.70109e-06     -9.84443e-06
464    1.41332e-05     1.54955e-05
465    -1.03253e-05     -7.43111e-06
466    -1.22098e-05     -1.27528e-05
467    1.61424e-05     1.37698e-05
468    -1.24411e-05     -1.14573e-05
469    -4.37889e-06     -1.4536e-05
470    1.17255e-05     2.07752e-05
471    -7.39551e-06     -1.06398e-05
472    -5.6159e-06     -1.20491e-05
473    9.99816e-06     2.16047e-05
474    -5.7352e-06     -7.94997e-06
475    -5.65113e-06     -9.90581e-06
476    4.63041e-06     2.40676e-05
477    -3.33062e-06     -1.0461e-05
478    -2.23091e-06     -8.77692e-06
479    6.9392e-06     1.39499e-05
480    -6.9169e-07     -8.20722e-06
481    -6.35375e-06     -4.63938e-06
482    2.8502e-06     1.74698e-05
483    2.11682e-06     -8.71998e-06
484    -5.99993e-06     -4.72826e-07
485    9.47362e-06     5.68127e-06
486    -4.42271e-07     -1.39259e-05
487    -1.14902e-05     1.24144e-07
488    9.85072e-06     1.69361e-05
489    -4.53838e-07     -1.36384e-05
490    -8.85856e-06     -1.17975e-05
491    4.83564e-06     1.75956e-05
492    3.98281e-06     -1.06286e-05
493    -6.52064e-06     -1.26595e-05
494    3.39245e-06     2.03386e-05
495    4.42345e-06     -3.79503e-06
496    3.30171e-06     -2.04967e-05
497    5.46826e-06     1.7034e-05
498    1.41843e-06     4.06667e-06
499    -1.85563e-06     -1.85361e-05
500    -3.00302e-06     1.85041e-05
501    1.986e-06     -2.23084e-06
502    2.17853e-06     -2.6572e-05
503    -2.92719e-06     1.74494e-05
504    -1.64386e-07     3.31022e-06
505    -2.007e-06     -1.45067e-05
506    -7.76704e-06     2.24481e-05
507    7.10438e-06     2.13705e-06
508    -1.02489e-05     1.21714e-05
509    3.32735e-06     -1.62344e-06
510    -7.06787e-06     -2.92286e-06
511    -5.19715e-06     -5.06358e-06
512    1.18447e-05     -3.28976e-06
513    -1.73297e-06     9.45114e-06
514    -4.96578e-06     -8.64628e-07
515    -7.62575e-06     7.81579e-06
516    1.57137e-05     -9.31327e-06
517    -8.6674e-06     -6.6929e-06
518    -6.62495e-06     5.48927e-06
519    1.57313e-05     6.73268e-07
520    -4.43925e-06     -5.99169e-06
521    -4.55301e-06     8.57941e-06
522    1.33098e-05     -7.28921e-08
523    1.37045e-06     -1.02407e-05
524    -7.61958e-06     5.8797e-06
525    8.27759e-06     9.02641e-06
526    6.73802e-07     -1.47809e-05
527    -9.33037e-06     6.48853e-06
528    6.36053e-06     9.52814e-06
529    8.58499e-06     -2.05652e-05
530    -2.82602e-06     2.88464e-06
531    2.59554e-06     1.78523e-05
532    -2.6268e-06     -1.70507e-05
533    -5.9052e-06     3.77197e-06
534    6.94848e-06     1.64532e-05
535    -3.99573e-06     -1.28573e-05
536    -7.07247e-06     2.19522e-06
537    2.99169e-06     1.12319e-05
538    -1.15683e-05     -1.38366e-05
539    -6.27969e-08     6.41155e-06
540    1.64937e-06     6.54605e-06
541    -8.16607e-06     -3.84506e-06
542    9.45964e-06     7.57722e-06
543    -6.74402e-07     -8.26763e-07
544    -1.40359e-05     -1.84888e-05
545    8.43504e-06     6.24171e-06
546    -3.27818e-06     -1.96548e-06
547    -1.03606e-05     -4.67662e-06
548    1.52006e-05     1.69999e-05
549    -5.60411e-06     -9.20983e-06
550    -1.09394e-05     -1.25252e-05
551    8.40219e-06     8.24144e-06
552    -4.37264e-06     -1.18376e-05
553    -1.00327e-05     -7.47449e-06
554    1.07542e-05     1.60661e-05
555    -2.30732e-06     -8.66408e-06
556    -2.2359e-06     -1.03116e-05
557    9.34379e-06     1.70665e-05
558    -1.00893e-05     -9.68747e-06
559    -9.50353e-06     -1.08942e-05
560    3.22922e-06     1.99178e-05
561    7.52206e-07     -1.401e-05
562    -1.06612e-06     -1.14559e-05
563    3.40983e-06     2.42501e-05
564    -2.08794e-07     -1.343e-05
565    -9.08355e-06     -1.18311e-05
566    -1.0732e-05     2.01568e-05
567    4.51321e-06     -1.23184e-05
568    -4.36825e-06     -8.50618e-06
569    -4.07664e-06     1.5588e-05
570    1.04945e-05     -1.37758e-05
571    -9.42959e-06     1.25007e-06
572    -3.98922e-06     1.35497e-05
573    9.54752e-06     -1.24585e-05
574    -6.37272e-06     -5.69366e-06
575    -1.1461e-06     7.54334e-06
576    1.00841e-05     -1.32838e-05
577    -7.2929e-06     -5.34689e-06
578    8.83811e-07     1.487e-05
579    9.26705e-07     -1.24009e-05
580    -3.92999e-06     -1.3262e-05
581    1.70512e-06     1.29668e-05
582    7.61237e-06     -6.29693e-06
583    -7.9876e-06     -1.68038e-05
584    -5.56238e-07     1.73689e-05
585    3.95894e-06     -1.5339e-06
586    -2.76277e-06     -2.00394e-05
587    -4.86664e-06     1.9697e-05
588    7.85577e-06     2.10711e-08
589    2.89013e-07     -2.08615e-05
590    -8.96855e-06     2.19487e-05
591    5.44636e-06     2.40479e-06
592    4.43889e-06     -2.18584e-05
593    -1.33798e-05     1.31087e-05
594    1.18508e-05     9.4596e-07
595    1.75433e-06     -1.39935e-05
596    -1.1569e-05     1.20367e-05
597    3.23852e-06     1.00158e-05
598    -8.61666e-06     6.72355e-06
599    6.00738e-06     -1.87359e-06
600    -9.48297e-06     -8.20965e-06
601    -6.12411e-06     -8.24884e-06
602    1.70838e-05     -3.43716e-06
603    -9.38085e-06     3.77717e-06
604    -7.63235e-06     -5.33195e-06
605    -1.45131e-05     8.91406e-06
606    1.8117e-05     -2.2745e-06
607    -3.4793e-06     -2.83573e-06
608    -1.43173e-05     9.24037e-06
609    1.83598e-05     -8.4063e-06
610    -7.41657e-07     -1.43646e-05
611    -6.53239e-06     7.92133e-06
612    1.41313e-05     6.8359e-06
613    -2.1388e-06     -1.03731e-05
614    -3.32003e-06     6.59155e-06
615    1.13936e-05     4.63067e-06
616    -1.41106e-06     -1.48455e-05
617    2.1285e-07     2.04706e-06
618    8.81515e-07     1.62122e-05
619    -2.76746e-06     -2.16966e-05
620    -7.08303e-07     2.91789e-06
621    5.81376e-06     2.22021e-05
622    -6.59782e-06     -1.88885e-05
623    -4.7375e-06     1.20351e-06
624    9.21082e-06     1.43022e-05
625    -7.13212e-06     -1.42302e-05
626    1.05384e-06     9.76608e-06
627    5.51447e-06     9.68829e-06
628    -4.50974e-06     -1.70319e-05
629    1.53204e-06     7.0673e-06
630    -1.58586e-06     5.07213e-06
631    -7.27522e-06     -7.50338e-06
632    5.89583e-06     1.3134e-05
633    -4.79319e-06     -4.5744e-06
634    -7.94494e-06     -7.20026e-06
635    1.0831e-05     8.4189e-06
636    4.34934e-06     -4.23073e-06
637    -8.93714e-06     -1.1941e-05
638    1.03597e-05     1.58993e-05
639    -1.70466e-06     -6.43974e-06
640    -4.66694e-06     -6.98274e-06
641    8.88223e-06     1.92382e-05
642    3.34833e-06     -1.19681e-05
643    -6.4731e-06     -1.39359e-05
644    4.71063e-06     2.49878e-05
645    -3.81336e-06     -1.06303e-05
646    -2.85377e-06     -5.26386e-06
647    9.0625e-06     2.75845e-05
648    -3.69787e-06     -1.91596e-05
649    -1.32314e-06     -7.08431e-06
650    -5.99825e-06     1.96431e-05
651    -3.09309e-06     -1.47175e-05
652    8.94078e-06     -1.0464e-05
653    -5.25564e-06     2.10581e-05
654    -1.1573e-06     -1.28485e-05
655    -3.42251e-06     -1.55029e-06
656    -3.90573e-06     1.0975e-05
657    5.61462e-06     -1.1808e-05
658    3.85747e-06     -6.57434e-06
659    8.53992e-07     7.43813e-06
660    3.25951e-06     -1.05427e-05
661    -8.93908e-06     -1.68928e-06
662    -2.40822e-06     1.66053e-06
663    5.60721e-06     -1.24977e-05
664    -5.71881e-06     -6.72445e-06
665    -3.18812e-06     1.22164e-05
666    5.3131e-06     -1.23395e-05
667    -7.58891e-06     -9.53252e-06
668    2.81588e-07     1.47675e-05
669    5.60999e-06     -1.30557e-06
670    1.1661e-06     -1.32564e-05
671    -8.93349e-06     1.64923e-05
672    5.28163e-06     2.83662e-06
673    -6.39258e-06     -1.8603e-05
674    -5.41317e-06     1.50862e-05
675    4.95119e-06     -2.13039e-06
676    2.98301e-06     -1.97269e-05
677    -9.13666e-06     1.32028e-05
678    8.18208e-06     5.19109e-06
679    1.05512e-06     -9.48239e-06
680    -9.71165e-06     1.34054e-05
681    1.0247e-05     8.11322e-07
682    -2.79204e-06     -1.78623e-05
683    -1.46879e-05     8.44641e-06
684    1.19649e-05     3.39953e-06
685    -9.69793e-07     -6.70633e-06
686    -6.92172e-06     1.37764e-05
687    9.76469e-06     2.06469e-06
688    -1.19744e-05     4.53517e-06
689    1.22172e-05     6.2235e-07
690    -8.71986e-06     -8.48195e-06
691    -8.77289e-06     -6.5475e-06
692    1.30913e-05     -2.02628e-06
693    -1.26293e-05     1.41241e-05
694    -9.16654e-06     -6.60171e-06
695    -1.19789e-05     6.46542e-06
696    1.67957e-05     -1.8057e-06
697    -8.69566e-06     -1.30422e-05
698    -1.5696e-05     5.12401e-06
699    1.43925e-05     2.90896e-06
700    -4.23988e-06     -7.04726e-06
701    -7.85751e-06     2.64504e-06
702    1.35881e-05     6.4786e-07
703    -6.14567e-06     -1.75671e-05
704    -3.66165e-06     2.78848e-06
705    1.33094e-05     1.03752e-05
706    -7.07367e-06     -1.06431e-05
707    9.72633e-07     7.2461e-06
708    1.21583e-05     2.70209e-06
709    -3.3917e-06     -2.28124e-05
710    -3.24461e-06     1.97854e-06
711    1.03767e-05     8.90048e-06
712    -3.23017e-06     -2.06538e-05
713    -7.45369e-06     9.81217e-06
714    8.1982e-06     1.00731e-05
715    -1.09404e-05     -1.48013e-05
716    -4.15478e-06     8.59175e-06
717    6.39157e-06     8.63871e-06
718    -8.46782e-06     -1.42223e-05
719    8.40827e-06     3.53931e-06
720    4.8754e-06     3.20212e-06
721    -6.9121e-06     -1.12434e-05
722    9.65821e-06     1.66374e-05
723    3.52895e-06     -5.66891e-06
724    -3.90095e-06     -1.53024e-05
725    6.65156e-06     1.21474e-05
726    7.35387e-06     -9.79682e-06
727    -7.37887e-06     -9.05865e-06
728    2.47901e-06     2.78733e-05
729    -6.9228e-07     -7.92708e-06
730    -2.1931e-06     -1.3551e-05
731    6.81892e-06     2.08775e-05
732    4.05182e-06     -1.38726e-05
733    -2.1128e-06     -4.86369e-06
734    -2.43339e-06     1.97204e-05
735    -4.93451e-06     -1.15878e-05
736    7.18021e-06     -4.75008e-06
737    -5.50439e-06     2.1314e-05
738    2.24497e-06     -1.10026e-05
739    6.27285e-07     -5.48962e-06
740    -1.14893e-05     1.71765e-05
741    5.01334e-06     -1.62728e-05
742    2.12132e-06     4.57855e-07
743    -7.40657e-06     1.53864e-05
744    7.53682e-06     -1.88354e-05
745    6.98218e-06     1.15551e-07
746    -1.37629e-05     1.24213e-05
747    6.01675e-06     -1.63055e-05
748    -1.7513e-06     -9.58295e-07
749    -1.15311e-05     1.19162e-05
750    1.34049e-05     -1.19873e-05
751    -6.58846e-06     -2.53214e-06
752    -4.84073e-06     1.17967e-05
753    1.02875e-05     -7.82765e-06
754    -4.65883e-06     -4.30511e-06
755    -5.77285e-06     1.66265e-05
756    1.24411e-05     -3.62982e-06
757    -1.41776e-06     -4.89132e-06
758    -2.816e-07     1.64781e-05
759    6.17276e-06     -7.35959e-07
760    -1.11e-06     -1.66268e-05
761    -1.19315e-05     1.77506e-05
762    1.73443e-06     -8.03621e-07
763    -2.56536e-07     -1.49875e-05
764    -1.07145e-05     1.75708e-05
765    5.6516e-06     1.65238e-06
766    -8.47721e-06     -2.01788e-05
767    -1.21186e-05     1.03266e-05
768    1.16398e-05     -1.68344e-07
769    7.09686e-07     -1.60746e-05
770    -1.30919e-05     1.48296e-05
771    1.52592e-05     9.41981e-06
772    -7.38529e-06     -1.62507e-05
773    -1.13693e-05     1.00161e-05
774    1.88182e-05     4.22007e-06
775    1.3106e-06     -8.13744e-06
776    -8.86009e-06     1.18237e-05
777    1.03373e-05     4.59072e-06
778    -1.15546e-05     6.1519e-06
779    1.02497e-05     5.28335e-08
780    -3.37351e-06     -8.32166e-06
781    -8.00546e-06     -9.45424e-06
782    1.46235e-05     -3.60049e-06
783    -1.53818e-05     8.87671e-06
784    -4.04355e-06     -1.0115e-05
785    -1.85272e-05     1.44777e-05
786    1.52296e-05     -1.01356e-06
787    -6.78323e-06     -5.35081e-06
788    -1.221e-05     7.66541e-06
789    1.03001e-05     1.89449e-06
790    -8.71293e-06     -1.40074e-05
791    -3.50121e-06     4.44492e-06
792    1.18213e-05     4.21711e-06
793    -8.62178e-06     -1.28719e-05
794    -4.57912e-08     3.29257e-08
795    1.26852e-05     1.71596e-06
796    -8.13466e-06     -1.41313e-05
797    -3.15125e-06     1.12784e-05
798    1.33108e-05     1.23355e-05
799    -8.16232e-06     -1.84081e-05
800    -5.68733e-06     6.07748e-06
801    1.31868e-05     6.08609e-06
802    -4.76191e-06     -1.84483e-05
803    -2.44373e-06     6.78449e-06
804    8.20784e-06     5.96806e-06
805    -5.55452e-06     -1.92304e-05
806    -2.71654e-06     9.14236e-06
807    2.44252e-06     6.04353e-06
808    -1.62151e-06     -1.61973e-05
809    5.7195e-06     4.93135e-06
810    1.97231e-06     9.78781e-07
811    -5.17992e-06     -1.46226e-05
812    2.39768e-06     1.65028e-05
813    1.03511e-05     -6.83366e-08
814    -4.01863e-06     -1.68918e-05
815    -2.00437e-06     1.61817e-05
816    1.02162e-05     -3.26582e-06
817    -4.4975e-06     -1.39081e-05
818    -9.59073e-06     2.32077e-05
819    1.12302e-05     -1.17113e-05
820    7.20306e-06     -5.42842e-06
821    -7.6233e-06     2.694e-05
822    2.59777e-06     -1.6904e-05
823    8.00174e-06     -3.9658e-06
824    -1.85495e-05     2.54569e-05
825    8.82665e-06     -1.85165e-05
826    6.61761e-06     -1.30875e-06
827    -9.00788e-06     2.3628e-05
828    3.45579e-06     -1.95264e-05
829    8.02518e-06     -6.24482e-07
830    -1.19074e-05     1.78488e-05
831    7.39631e-06     -1.59087e-05
832    4.45307e-06     -1.18512e-06
833    -3.02857e-06     1.24542e-05
834    1.26156e-06     -1.10043e-05
835    1.0311e-06     1.04776e-06
836    -7.46396e-06     1.16283e-05
837    3.82227e-06     -1.37703e-05
838    1.01746e-06     8.44877e-07
839    -8.94558e-06     1.20721e-05
840    6.80215e-06     -8.04033e-06
841    1.21923e-06     -3.10731e-06
842    -1.08167e-05     1.36632e-05
843    4.36728e-06     -1.1423e-05
844    -2.74694e-07     -1.52168e-05
845    -1.37135e-05     1.98157e-05
846    3.80144e-06     2.37075e-06
847    2.39299e-06     -9.51713e-06
848    -1.64882e-05     1.39636e-05
849    7.08574e-06     -2.42089e-06
850    6.00187e-06     -1.14354e-05
851    -1.27145e-05     1.58858e-05
852    2.772e-06     1.23102e-06
853    3.82526e-06     -9.43551e-06
854    -9.65378e-06     1.0483e-05
855    7.32887e-06     4.92968e-08
856    3.31846e-06     -2.10436e-05
857    -1.00712e-05     9.27309e-06
858    1.26714e-05     -1.31863e-06
859    1.22885e-06     -1.73237e-05
860    -9.38203e-06     1.15188e-05
861    1.35408e-05     3.82517e-06
862    -2.69629e-06     -1.71772e-05
863    -2.14532e-05     6.89725e-06
864    1.11401e-05     1.24449e-05
865    -4.55598e-06     -1.36282e-05
866    -1.86257e-05     9.57447e-06
867    1.41249e-05     6.40771e-06
868    -1.67049e-05     1.10182e-05
869    1.29054e-05     1.55665e-06
870    -3.9266e-06     -8.279e-06
871    2.58209e-06     -1.70535e-05
872    1.16893e-05     1.60734e-06
873    -1.52337e-05     8.96434e-06
874    -2.64574e-07     -7.34705e-06
875    -1.11281e-05     3.35174e-06
876    1.04289e-05     3.66176e-06
877    -3.92281e-06     -1.70158e-05
878    -7.02334e-06     -9.14361e-07
879    1.8613e-05     8.69735e-06
880    -4.73274e-06     -2.8498e-06
881    -5.80006e-06     5.91912e-07
882    1.55655e-05     3.46956e-06
883    -4.46277e-06     -1.27072e-05
884    -7.03003e-06     2.29584e-06
885    2.03615e-05     -1.95674e-06
886    -5.41149e-06     -9.58989e-06
887    -1.06543e-05     1.03297e-05
888    1.5443e-05     1.9093e-06
889    -2.32292e-06     -1.58612e-05
890    -1.31849e-05     8.66046e-06
891    1.72069e-05     4.37265e-06
892    -2.57024e-06     -1.71139e-05
893    -8.30837e-06     7.19694e-06
894    1.12695e-05     3.90235e-06
895    -3.36925e-07     -1.41191e-05
896    -8.29267e-06     1.24737e-05
897    1.10789e-05     2.33774e-06
898    -3.48822e-06     -1.47912e-05
899    4.5934e-06     1.6899e-05
900    4.47244e-06     -6.88121e-06
901    1.20593e-07     -1.50465e-05
902    -9.71616e-06     2.31517e-05
903    1.42068e-05     -7.95005e-06
904    3.48185e-06     -1.28009e-05
905    -1.54584e-06     2.8181e-05
906    5.43859e-06     -1.15632e-05
907    2.32536e-07     -1.41837e-05
908    -1.18846e-05     2.30547e-05
909    1.40122e-05     -8.00834e-06
910    -9.59126e-07     -2.78241e-06
911    -1.39397e-05     1.89569e-05
912    1.42216e-05     -1.08634e-05
913    3.9453e-06     1.506e-06
914    -9.01299e-06     1.34377e-05
915    7.78011e-06     -1.63712e-05
916    7.56083e-06     -1.57367e-06
917    -1.40092e-05     1.42356e-05
918    7.82047e-06     -1.42742e-05
919    9.86886e-06     -3.97264e-06
920    -1.34073e-05     1.18608e-05
921    5.19853e-06     -1.39613e-05
922    5.9573e-06     2.76549e-06
923    -1.2191e-05     1.01221e-05
924    6.92384e-06     -1.1827e-05
925    1.27932e-05     -9.45243e-06
926    -1.52798e-05     1.50134e-05
927    4.59347e-06     -1.14651e-05
928    3.83931e-06     -2.21867e-06
929    -1.71608e-05     2.16998e-05
930    1.32709e-05     -8.25654e-06
931    1.62465e-05     -1.24124e-05
932    -1.2478e-05     2.491e-05
933    4.83978e-06     -6.92318e-06
934    8.21537e-06     -9.22399e-06
935    -1.87297e-05     2.61602e-05
936    1.465e-07     -6.63052e-06
937    6.3221e-06     -1.59686e-05
938    -1.48942e-05     1.27872e-05
939    -4.39765e-06     1.40029e-07
940    9.6733e-06     -8.5263e-06
941    -1.69024e-05     1.76808e-05
942    3.4477e-06     -3.72086e-06
943    3.4798e-06     -1.08971e-05
944    -1.67668e-05     1.16891e-05
945    6.40894e-06     2.07792e-06
946    9.77108e-06     -1.54872e-05
947    -1.77897e-05     1.12421e-05
948    5.61694e-06     -1.43787e-06
949    8.58525e-06     -1.41885e-05
950    -1.69815e-05     9.61939e-06
951    1.44093e-05     1.25916e-06
952    -6.96482e-06     -1.83778e-05
953    -2.07264e-05     2.95582e-06
954    1.30926e-05     1.60919e-05
955    8.70927e-06     -1.44267e-05
956    -1.8e-05     9.63151e-06
957    8.55904e-06     8.37831e-06
958    -1.67053e-05     1.00991e-05
959    7.6119e-06     4.92572e-06
960    -8.37942e-08     -9.89863e-06
961    2.79955e-06     -1.1914e-05
962    6.99297e-06     5.21906e-06
963    -1.21462e-05     9.95925e-06
964    3.04078e-06     -9.65415e-06
965    -1.02032e-05     1.50586e-06
966    1.47438e-05     6.02823e-06
967    2.26696e-06     -1.16414e-05
968    -7.55291e-06     -2.1808e-06
969    1.6105e-05     1.5649e-06
970    -6.73119e-07     -8.90839e-06
971    -3.44326e-06     3.81153e-06
972    1.21772e-05     5.10598e-06
973    -9.44824e-07     -6.70322e-06
974    -1.37938e-05     1.47428e-06
975    1.27769e-05     -8.09608e-07
976    -5.67953e-06     -1.40567e-05
977    -4.34865e-06     8.8221e-06
978    1.14309e-05     1.38402e-06
979    -6.5391e-06     -1.64779e-05
980    -1.12336e-05     1.67e-05
981    1.20697e-05     5.43675e-06
982    -4.14258e-06     -1.79368e-05
983    -1.45253e-06     1.00801e-05
984    1.40719e-05     4.64105e-08
985    -1.73708e-06     -1.41666e-05
986    -3.76053e-06     1.46332e-05
987    1.066e-05     -3.37202e-06
988    -4.48402e-07     -1.57147e-05
989    -9.17457e-06     1.34674e-05
990    1.87932e-05     -2.66568e-06
991    -1.46769e-06     -1.08109e-05
992    -1.51948e-05     1.98097e-05
993    1.76965e-05     -9.63695e-06
994    4.62467e-07     -7.37801e-06
995    -1.26983e-05     2.25579e-05
996    1.3601e-05     -1.11124e-05
997    -5.54638e-06     -5.68589e-06
998    -1.38515e-05     2.38109e-05
999    1.80623e-05     -1.70828e-05
1000    1.98365e-06     -2.21351e-06
1001    -1.64138e-05     2.42275e-05
1002    1.44468e-05     -1.60746e-05
1003    2.16606e-06     -8.66183e-07
1004    -1.18306e-05     1.80711e-05
1005    1.41107e-05     -1.97817e-05
1006    9.65468e-06     5.63793e-08
1007    -1.17741e-05     1.69896e-05
1008    4.97033e-06     -1.45684e-05
1009    9.83244e-06     -1.00114e-05
1010    -1.67862e-05     2.13625e-05
1011    2.52557e-06     -1.77469e-05
1012    1.00919e-05     -7.4753e-06
1013    -1.53556e-05     2.24504e-05
1014    -1.89042e-06     -9.04092e-06
1015    8.80822e-06     -1.01663e-05
1016    -2.02793e-05     2.00021e-05
1017    1.14899e-05     -5.74024e-06
1018    1.48894e-05     -1.07583e-05
1019    -2.19304e-05     2.39364e-05
1020    6.52946e-06     -9.02683e-06
1021    8.49198e-06     -1.35436e-05
1022    -2.07993e-05     2.32552e-05
1023    1.02281e-05     -1.1148e-06
1024    1.51254e-05     -1.15362e-05
1025    -1.39102e-05     1.89665e-05
1026    2.33185e-07     2.75737e-06
1027    1.44914e-05     -9.30858e-06
1028    -1.82971e-05     1.62673e-05
1029    4.87386e-06     -2.73897e-06
1030    1.39263e-05     -1.72894e-05
1031    -1.60329e-05     1.53171e-05
1032    -1.01905e-06     -3.59277e-06
1033    1.07608e-05     -1.29817e-05
1034    -1.30203e-05     1.42185e-05
1035    3.76953e-06     -4.99589e-06
1036    1.3716e-05     -1.79784e-05
1037    -1.62291e-05     1.09022e-05
1038    5.03192e-06     3.74794e-06
1039    1.02031e-05     -1.70388e-05
1040    -2.25767e-05     8.28383e-06
1041    1.23399e-05     5.07413e-06
1042    7.06641e-06     -1.58059e-05
1043    -2.73887e-05     5.95634e-06
1044    1.20798e-05     1.06462e-05
1045    2.02842e-06     -1.68626e-05
1046    -2.30453e-05     1.10393e-05
1047    1.44205e-05     1.06381e-05
1048    -2.0995e-05     7.66384e-06
1049    9.50726e-06     -9.68163e-07
1050    4.60215e-06     -1.35325e-05
1051    7.7751e-06     -1.59409e-05
1052    1.23661e-05     5.10264e-06
1053    -6.76325e-06     1.21595e-05
1054    3.13e-06     -8.60082e-06
1055    -6.15027e-06     1.67984e-06
1056    9.11942e-06     1.46108e-05
1057    -1.98607e-06     -5.37211e-06
1058    -7.7215e-06     -2.72202e-06
1059    1.49972e-05     5.3896e-06
1060    -9.7493e-07     -5.74197e-06
1061    -1.36482e-05     -2.42598e-07
1062    1.61277e-05     8.51123e-08
1063    -6.75786e-06     -1.03103e-05
1064    -1.52087e-05     8.26261e-06
1065    1.85105e-05     -1.86995e-06
1066    2.47216e-06     -1.16057e-05
1067    -1.10798e-05     4.21258e-06
1068    9.19931e-06     -1.19962e-07
1069    -5.36207e-06     -1.13342e-05
1070    -6.83378e-06     1.22931e-05
1071    1.51868e-05     4.67844e-06
1072    2.5273e-06     -1.23696e-05
1073    -4.43501e-06     1.24869e-05
1074    1.01312e-05     2.65975e-07
1075    -5.40681e-06     -8.82647e-06
1076    -6.27595e-06     2.16792e-05
1077    8.0453e-06     -1.15905e-05
1078    1.75213e-06     -7.96041e-06
1079    -8.86636e-06     2.45477e-05
1080    1.29075e-05     -1.03944e-05
1081    -3.28576e-06     -9.4406e-06
1082    -1.6193e-05     2.2851e-05
1083    1.39746e-05     -1.47204e-05
1084    -1.82565e-06     -2.81428e-07
1085    -1.02436e-05     2.19031e-05
1086    1.33281e-05     -1.48677e-05
1087    -1.49171e-06     -1.12628e-07
1088    -1.33413e-05     2.18319e-05
1089    1.23415e-05     -1.68167e-05
1090    2.90692e-06     -8.28181e-06
1091    -1.39275e-05     1.82886e-05
1092    1.20256e-05     -2.01567e-05
1093    6.85814e-06     -7.48407e-06
1094    -1.30921e-05     2.15999e-05
1095    6.98626e-06     -1.46615e-05
1096    7.12353e-06     -1.03789e-05
1097    -1.57443e-05     2.54198e-05
1098    5.61967e-06     -1.51628e-05
1099    1.6188e-05     -1.57539e-05
1100    -1.70902e-05     2.15159e-05
1101    8.15494e-07     -8.8165e-06
1102    1.16947e-05     -1.81615e-05
1103    -1.62406e-05     2.76735e-05
1104    9.23732e-06     -1.19875e-05
1105    2.09252e-05     -1.54438e-05
1106    -2.37966e-05     2.36164e-05
1107    5.4267e-07     -1.00487e-05
1108    1.28754e-05     -2.01254e-05
1109    -2.37676e-05     2.57265e-05
1110    8.92637e-06     -1.34116e-05
1111    1.6731e-05     -1.73084e-05
1112    -1.82355e-05     2.15055e-05
1113    -6.55731e-08     -2.77075e-06
1114    1.12977e-05     -1.63069e-05
1115    -1.84308e-05     1.89032e-05
1116    2.40965e-06     -5.03018e-06
1117    1.75028e-05     -1.28701e-05
1118    -1.4472e-05     1.15545e-05
1119    -1.72541e-06     -2.15382e-06
1120    1.99591e-05     -6.98594e-06
1121    -2.22606e-05     8.50356e-06
1122    7.3981e-07     -3.55579e-06
1123    1.80081e-05     -8.8302e-06
1124    -2.26795e-05     9.55159e-06
1125    6.0456e-06     -7.1418e-06
1126    1.8655e-05     -1.52624e-05
1127    -2.57802e-05     6.3506e-06
1128    1.04932e-05     3.41792e-06
1129    1.31814e-05     -1.34095e-05
1130    -3.08916e-05     4.77267e-06
1131    1.19998e-05     3.27345e-06
1132    1.19605e-05     -1.84903e-05
1133    -2.67175e-05     8.13232e-06
1134    6.61768e-06     1.24019e-05
1135    5.7916e-06     -1.05241e-05
1136    -1.8491e-05     6.57055e-06
1137    1.07359e-05     8.94418e-06
1138    -1.76632e-05     8.14626e-06
1139    1.2388e-05     1.23096e-05
1140    4.45115e-06     -1.10628e-05
1141    -1.07629e-06     -5.76066e-06
1142    6.34334e-06     1.82873e-05
1143    -2.45412e-06     5.65938e-07
1144    5.81759e-06     -1.89056e-06
1145    -3.59853e-06     1.63141e-07
1146    6.23721e-06     5.04747e-06
1147    7.63115e-06     -9.44871e-06
1148    -7.87311e-06     -7.91756e-07
1149    9.22553e-06     8.98999e-07
1150    3.71792e-06     -1.66964e-06
1151    -1.66481e-05     3.35385e-06
1152    1.39219e-05     -3.49103e-06
1153    -3.39471e-06     -4.71215e-06
1154    -1.73806e-05     8.00715e-06
1155    1.26849e-05     -2.02093e-06
1156    2.28398e-07     -1.06484e-05
1157    -5.89954e-06     6.60499e-06
1158    1.59746e-05     -2.51331e-06
1159    -1.95147e-06     -8.58063e-06
1160    -8.34273e-06     1.3618e-05
1161    9.16322e-06     2.76404e-06
1162    1.46719e-06     -9.12211e-06
1163    -3.9376e-06     1.7936e-05
1164    1.36031e-05     -1.08692e-05
1165    8.71619e-07     -6.51405e-06
1166    -1.41828e-05     1.63223e-05
1167    7.59059e-06     -8.05041e-06
1168    -1.68097e-07     -3.03196e-06
1169    -1.35156e-05     2.61652e-05
1170    1.7782e-05     -1.41694e-05
1171    1.61766e-06     -8.65494e-06
1172    -1.95184e-05     2.3042e-05
1173    1.22099e-05     -1.692e-05
1174    3.68979e-07     -6.65362e-06
1175    -2.06631e-05     1.93907e-05
1176    1.9827e-05     -1.66359e-05
1177    4.7785e-06     -3.07332e-06
1178    -1.14933e-05     2.54005e-05
1179    1.02088e-05     -2.16095e-05
1180    2.155e-06     -1.5202e-05
1181    -1.15417e-05     2.86628e-05
1182    7.12004e-06     -2.2991e-05
1183    9.17528e-06     -1.25065e-05
1184    -1.1559e-05     3.07885e-05
1185    1.01947e-05     -1.30505e-05
1186    1.51699e-05     -1.88714e-05
1187    -1.84888e-05     2.50089e-05
1188    2.91944e-06     -7.76628e-06
1189    1.13949e-05     -1.61156e-05
1190    -2.04152e-05     2.46252e-05
1191    9.24783e-06     -6.34624e-06
1192    2.0609e-05     -1.59678e-05
1193    -2.29444e-05     2.60185e-05
1194    6.23931e-06     -1.52983e-05
1195    1.64196e-05     -1.38129e-05
1196    -2.73576e-05     2.8113e-05
1197    5.95139e-06     -1.0395e-05
1198    2.29092e-05     -1.66662e-05
1199    -2.02399e-05     2.36391e-05
1200    3.19985e-06     -9.52907e-06
1201    1.67554e-05     -1.20998e-05
1202    -2.11662e-05     9.90832e-06
1203    9.30505e-07     -4.56036e-06
1204    1.81285e-05     -7.7149e-06
1205    -1.62006e-05     1.08272e-05
1206    -3.95828e-06     -1.1695e-06
1207    2.65438e-05     -1.992e-06
1208    -1.21599e-05     8.77017e-06
1209    2.6177e-07     -5.06537e-06
1210    1.82281e-05     -7.45388e-06
1211    -1.85391e-05     1.09209e-05
1212    -2.45151e-06     -6.35155e-06
1213    2.26054e-05     -7.00642e-06
1214    -2.26692e-05     1.25522e-05
1215    1.04311e-06     -8.71748e-06
1216    1.60283e-05     -7.59408e-06
1217    -2.75286e-05     3.74458e-06
1218    7.45219e-06     1.96535e-06
1219    1.55274e-05     -9.92959e-06
1220    -2.35609e-05     2.97138e-06
1221    1.36212e-05     6.42454e-06
1222    4.19294e-06     -1.13497e-05
1223    -2.12889e-05     2.12561e-06
1224    1.23383e-05     1.05531e-05
1225    9.24061e-06     -1.19819e-05
1226    -1.69489e-05     7.15859e-06
1227    1.35337e-05     1.17902e-05
1228    -6.75995e-06     1.57124e-06
1229    8.54353e-06     5.07777e-06
1230    3.31775e-06     -3.4167e-06
1231    -3.88504e-06     -9.86635e-06
1232    8.19073e-06     -2.72519e-07
1233    -1.5157e-06     6.10292e-07
1234    -4.29109e-06     -3.87756e-06
1235    -1.13828e-05     1.61376e-06
1236    1.86443e-05     3.80622e-06
1237    -3.40269e-06     2.80872e-06
1238    -1.38954e-05     6.07151e-06
1239    1.68464e-05     -6.5081e-06
1240    -3.3255e-06     -6.39513e-06
1241    -1.20605e-05     7.8819e-06
1242    1.71292e-05     -3.83275e-06
1243    -5.49562e-06     -6.43755e-07
1244    -1.10833e-05     1.07304e-05
1245    1.59147e-05     -8.8997e-06
1246    2.22348e-06     -9.41075e-06
1247    -3.22025e-06     9.6493e-06
1248    8.94351e-06     -3.10093e-06
1249    -2.63677e-06     -3.44853e-06
1250    -9.66827e-06     1.27619e-05
1251    1.09904e-05     -1.0807e-05
1252    3.47087e-06     -9.91168e-06
1253    -7.07438e-06     2.16197e-05
1254    1.01896e-05     -1.01139e-05
1255    -1.1323e-06     -3.2723e-06
1256    -1.33604e-05     2.39791e-05
1257    1.30422e-05     -2.07362e-05
1258    9.32071e-08     -7.77979e-06
1259    -9.35202e-06     2.92554e-05
1260    1.39166e-05     -2.12146e-05
1261    1.72315e-06     -5.02271e-06
1262    -1.39106e-05     1.78832e-05
1263    8.80596e-06     -1.74809e-05
1264    2.00274e-07     -1.08131e-05
1265    -1.59019e-05     2.56897e-05
1266    1.43963e-05     -2.0895e-05
1267    5.72278e-06     -1.14523e-05
1268    -1.42178e-05     2.68865e-05
1269    9.64387e-06     -1.91036e-05
1270    4.9987e-06     -1.19793e-05
1271    -1.63942e-05     3.00924e-05
1272    1.05919e-05     -1.38621e-05
1273    1.09477e-05     -1.65289e-05
1274    -1.7809e-05     3.21042e-05
1275    1.33412e-05     -1.40448e-05
1276    1.10036e-05     -1.70239e-05
1277    -2.47572e-05     3.52875e-05
1278    1.92112e-06     -1.34142e-05
1279    1.45778e-05     -6.92148e-06
1280    -1.94246e-05     1.99875e-05
1281    -2.07202e-06     -1.02288e-05
1282    1.10764e-05     -7.85103e-06
1283    -2.10915e-05     3.25055e-05
1284    9.12455e-06     -1.4747e-05
1285    2.15876e-05     -7.50253e-06
1286    -1.74179e-05     2.11789e-05
1287    1.04307e-06     -1.48216e-05
1288    1.2415e-05     -8.52724e-06
1289    -2.48215e-05     1.6508e-05
1290    4.76348e-06     -1.00744e-05
1291    1.84317e-05     -3.44411e-06
1292    -1.38022e-05     7.29017e-06
1293    1.31843e-06     -7.3562e-06
1294    1.63756e-05     -4.96976e-06
1295    -1.65616e-05     7.12699e-06
1296    -4.62773e-06     -3.20688e-06
1297    2.12531e-05     -2.40627e-06
1298    -1.73839e-05     5.67775e-06
1299    6.53546e-07     -3.90425e-06
1300    2.61428e-05     -2.85502e-06
1301    -2.51964e-05     5.71791e-06
1302    -3.22257e-06     -8.42906e-06
1303    1.52501e-05     -6.27337e-06
1304    -2.05607e-05     1.12918e-05
1305    6.43876e-06     -4.31421e-06
1306    1.33155e-05     -8.78985e-06
1307    -1.97573e-05     7.21646e-06
1308    5.22452e-06     -2.44523e-06
1309    9.76896e-06     -3.49903e-06
1310    -2.24313e-05     7.35436e-06
1311    1.22521e-05     -4.02374e-06
1312    1.49773e-06     -1.42573e-05
1313    -1.67725e-05     5.60706e-06
1314    7.34117e-06     5.60679e-06
1315    -1.30254e-06     -5.75855e-06
1316    -7.34718e-06     1.02094e-05
1317    4.49901e-06     3.85734e-06
1318    -7.20576e-06     5.30583e-06
1319    6.9257e-06     9.12348e-06
1320    -1.30503e-06     -9.58241e-06
1321    -5.68766e-06     -3.54469e-06
1322    1.04082e-05     1.14354e-05
1323    7.68333e-06     1.87077e-06
1324    -6.90346e-06     2.95731e-06
1325    -6.3186e-06     1.35691e-06
1326    2.10828e-05     -3.70026e-06
1327    6.32023e-07     -2.10554e-07
1328    -7.55547e-06     6.72272e-06
1329    1.95554e-05     -7.56764e-06
1330    -4.37863e-06     4.21712e-06
1331    -7.56917e-06     1.01772e-05
1332    2.01721e-05     -1.09714e-05
1333    -6.9498e-06     1.95531e-06
1334    -8.17518e-06     1.59084e-05
1335    8.75547e-06     -1.05543e-05
1336    -7.72142e-07     -6.42086e-06
1337    -5.20085e-06     1.12668e-05
1338    1.30463e-05     -9.48903e-06
1339    -2.29514e-06     -1.07264e-05
1340    -8.9185e-06     1.57255e-05
1341    1.33777e-05     -1.21508e-05
1342    -3.69362e-06     -2.64231e-06
1343    7.57891e-08     1.91035e-05
1344    1.04004e-05     -1.75777e-05
1345    2.46218e-06     -4.72785e-06
1346    -1.28795e-05     1.55707e-05
1347    1.16887e-05     -1.57217e-05
1348    3.71839e-06     -6.82039e-07
1349    -1.076e-05     2.36717e-05
1350    7.46398e-06     -2.13229e-05
1351    7.75539e-06     -7.29294e-06
1352    -1.88747e-05     2.158e-05
1353    1.01295e-05     -1.75314e-05
1354    9.60133e-06     -1.21032e-05
1355    -1.05214e-05     1.98039e-05
1356    6.15463e-06     -1.83035e-05
1357    1.61129e-05     -1.23178e-05
1358    -1.85774e-05     2.76532e-05
1359    3.92694e-06     -1.80764e-05
1360    7.76995e-06     -1.07137e-05
1361    -1.61445e-05     3.04676e-05
1362    4.41223e-06     -2.06392e-05
1363    1.64409e-05     -1.70968e-05
1364    -1.74777e-05     2.18302e-05
1365    6.7677e-06     -1.57666e-05
1366    1.97374e-05     -3.66434e-06
1367    -2.44313e-05     2.07949e-05
1368    -8.56995e-06     -1.38534e-05
1369    7.94848e-06     -7.90798e-06
1370    -1.45884e-06     2.64939e-05
1371    1.0848e-05     -2.2068e-05
1372    1.13551e-05     2.38504e-06
1373    -1.60308e-05     2.50719e-05
1374    1.26336e-05     -1.82335e-05
1375    1.20626e-05     -4.79056e-06
1376    -2.05875e-05     1.98562e-05
1377    1.13407e-05     -1.63198e-05
1378    1.54213e-05     1.30972e-06
1379    -1.92319e-05     1.54409e-05
1380    2.84292e-06     -1.01367e-05
1381    2.24653e-05     -1.49314e-06
1382    -1.70319e-05     9.62964e-06
1383    -5.37459e-07     -1.93148e-06
1384    1.70157e-05     6.57471e-09
1385    -1.95256e-05     1.13648e-05
1386    -7.67475e-07     -5.07638e-06
1387    1.85105e-05     -5.3494e-06
1388    -2.01975e-05     7.69314e-06
1389    1.96462e-06     -1.67903e-06
1390    1.49203e-05     -2.45439e-06
1391    -1.88955e-05     8.98886e-06
1392    2.80961e-06     -8.5045e-06
1393    1.18405e-05     -8.69153e-07
1394    -1.97747e-05     1.58714e-06
1395    8.50236e-07     -7.43053e-06
1396    1.15667e-05     -6.07645e-06
1397    -1.43993e-05     5.67953e-06
1398    9.4654e-06     -1.61495e-06
1399    6.5744e-06     -2.16914e-06
1400    -8.67679e-06     6.86606e-06
1401    5.32858e-06     -3.69288e-06
1402    -1.93289e-06     -6.71101e-06
1403    -1.12544e-05     8.20546e-07
1404    7.29844e-06     1.2396e-06
1405    5.41876e-07     -1.30966e-05
1406    5.91949e-06     3.5178e-06
1407    -5.56212e-06     1.14719e-05
1408    -1.46592e-07     1.53636e-06
1409    4.14443e-07     7.20019e-06
1410    -7.07568e-06     -1.88485e-06
1411    -1.32174e-05     -7.70297e-06
1412    1.93746e-05     -2.9006e-06
1413    -3.21065e-06     3.4102e-06
1414    -1.45044e-05     -6.33347e-06
1415    -1.29217e-05     4.05248e-06
1416    2.15033e-05     -2.39533e-08
1417    -9.86811e-06     6.99026e-07
1418    -6.98249e-06     1.20813e-05
1419    2.21967e-05     -9.10042e-06
1420    -8.34899e-06     -2.12142e-06
1421    -2.61161e-06     2.46535e-06
1422    1.74006e-05     -1.26351e-05
1423    -1.28865e-05     3.88282e-06
1424    -7.7827e-06     1.49462e-05
1425    1.80461e-05     -1.75939e-05
1426    -1.4077e-06     -1.20199e-06
1427    -4.32734e-06     1.46884e-05
1428    1.4344e-05     -1.69108e-05
1429    -9.3143e-06     3.57799e-07
1430    -9.44316e-06     2.41395e-05
1431    1.4813e-05     -1.66509e-05
1432    -1.03434e-06     4.12282e-07
1433    -6.42032e-06     1.92283e-05
1434    1.27016e-05     -1.58278e-05
1435    4.91537e-06     -8.00757e-06
1436    -1.24494e-05     1.7883e-05
1437    1.61455e-05     -1.22254e-05
1438    1.11359e-05     -4.64725e-06
1439    -6.81443e-06     2.13907e-05
1440    7.49854e-06     -1.04379e-05
1441    1.0773e-05     -9.35326e-06
1442    -1.65829e-05     1.75678e-05
1443    8.98203e-06     -1.17822e-05
1444    1.19722e-05     -1.19489e-05
1445    -1.41859e-05     2.6214e-05
1446    1.37549e-06     -1.60873e-05
1447    9.64453e-06     -8.79912e-06
1448    -6.03555e-06     2.63968e-05
1449    7.14778e-06     -2.07436e-05
1450    9.17605e-06     -1.39693e-06
1451    -1.53543e-05     2.49779e-05
1452    6.14085e-06     -1.86858e-05
1453    1.43066e-05     -3.47883e-06
1454    -1.90764e-05     2.09093e-05
1455    4.10124e-06     -1.90497e-05
1456    -6.11008e-06     -1.51381e-05
1457    -2.27875e-05     -5.49489e-06
1458    8.3628e-06     9.66412e-07
1459    6.68102e-06     1.34322e-06
1460    -1.99514e-05     1.74398e-05
1461    1.13086e-05     -1.93933e-05
1462    9.81587e-06     7.37277e-06
1463    -1.83719e-05     1.8322e-05
1464    1.27427e-07     -1.95217e-05
1465    1.25843e-05     -4.72004e-06
1466    -1.63427e-05     1.03276e-05
1467    1.19367e-05     -1.11443e-05
1468    1.21933e-05     2.30326e-06
1469    -1.90512e-05     1.88125e-05
1470    7.18605e-07     -9.35067e-06
1471    1.37798e-05     8.62169e-07
1472    -2.04402e-05     8.26481e-06
1473    2.39525e-06     -8.55442e-06
1474    1.46766e-05     -1.17084e-06
1475    -1.85214e-05     9.70697e-06
1476    -1.29446e-06     -6.29408e-06
1477    8.6417e-06     -1.94544e-06
1478    -1.58866e-05     7.60894e-06
1479    -2.09639e-06     -7.99615e-06
1480    1.06159e-05     4.73732e-07
1481    -1.46597e-05     1.19809e-05
1482    8.91823e-06     -1.1058e-05
1483    6.91394e-06     -3.23916e-06
1484    -1.90671e-05     7.62118e-06
1485    4.42285e-06     -9.63301e-06
1486    3.79953e-06     -2.54634e-06
1487    -1.13606e-05     8.94278e-06
1488    1.16154e-05     -1.15318e-05
1489    -5.68745e-06     -2.83758e-06
1490    -7.41648e-06     1.22136e-05
1491    8.3917e-06     -3.51383e-06
1492    -8.44774e-06     -7.25933e-06
1493    -1.3914e-06     8.23772e-06
1494    8.67611e-06     2.12387e-06
1495    -5.02793e-06     -3.93745e-06
1496    5.51641e-06     4.26418e-06
1497    3.49704e-06     -3.30412e-06
1498    -3.48833e-07     3.60094e-06
1499    1.03144e-05     -2.65862e-07
1500    -9.88605e-06     -2.34439e-06
1501    -1.68155e-05     -3.15602e-06
1502    1.82548e-05     -5.06004e-06
1503    2.45438e-07     7.9391e-06
1504    -1.64878e-05     -1.27751e-06
1505    -4.10404e-06     7.21274e-06
1506    1.70899e-05     -9.98437e-06
1507    -1.5609e-05     4.95382e-06
1508    -5.71921e-06     1.22002e-05
1509    2.09366e-05     -1.22929e-05
1510    -9.26914e-06     -5.39414e-06
1511    9.63642e-07     1.09183e-05
1512    1.65092e-05     -1.19216e-05
1513    -1.86052e-05     -1.95304e-06
1514    -4.3728e-06     1.20104e-05
1515    1.4378e-05     -9.34389e-06
1516    -6.3712e-06     5.33563e-06
1517    -1.63175e-06     8.34518e-06
1518    1.62664e-05     -1.77737e-05
1519    -7.28995e-06     -6.06656e-07
1520    -1.0152e-05     1.35077e-05
1521    1.67199e-05     -1.20534e-05
1522    2.25419e-06     -2.08842e-06
1523    -2.68428e-06     2.37609e-05
1524    1.43303e-05     -1.45629e-05
1525    -5.70849e-07     -2.97554e-06
1526    -1.01652e-05     1.29836e-05
1527    9.21655e-06     -1.21919e-05
1528    1.2214e-05     -8.38517e-06
1529    -6.28746e-06     1.81852e-05
1530    6.06121e-06     -8.45302e-06
1531    1.4055e-05     -5.28399e-06
1532    -1.1995e-05     1.93874e-05
1533    3.38313e-06     -1.25978e-05
1534    1.2728e-05     -2.17032e-06
1535    -1.06764e-05     2.3201e-05
1536    -1.64383e-06     -1.5299e-05
1537    1.67242e-05     -8.87721e-07
1538    -1.23794e-05     1.52696e-05
1539    -8.00325e-07     -1.42066e-05
1540    6.95139e-06     1.04499e-05
1541    -9.02042e-06     1.97119e-05
1542    1.52171e-06     -1.78447e-05
1543    1.56134e-05     -3.44613e-07
1544    -2.09763e-05     7.58522e-06
1545    1.0437e-06     -1.14159e-05
1546    1.79309e-05     3.98031e-06
1547    -2.20214e-05     1.13965e-05
1548    3.74985e-06     -1.94126e-05
1549    1.10691e-05     1.28186e-06
1550    -2.21793e-05     9.91571e-06
1551    1.65127e-05     -1.96615e-05
1552    1.28664e-05     6.49404e-06
1553    -1.75974e-05     1.79484e-05
1554    8.58361e-06     -1.55275e-05
1555    1.19155e-05     1.82199e-06
1556    -1.54982e-05     7.62709e-06
1557    6.99186e-06     -1.45435e-05
1558    1.03363e-05     -1.69587e-06
1559    -1.8185e-05     1.32763e-05
1560    9.41993e-06     -4.69707e-06
1561    8.48938e-06     -3.24871e-06
1562    -1.26139e-05     1.1361e-05
1563    4.25634e-06     9.74145e-07
1564    6.26345e-06     -4.27754e-06
1565    -1.34451e-05     6.99023e-06
1566    4.35556e-06     4.85407e-08
1567    5.36869e-06     -2.28488e-06
1568    -2.06703e-05     3.77184e-06
1569    2.24965e-06     -6.54655e-06
1570    4.96554e-06     1.04308e-06
1571    -1.10322e-05     3.93596e-06
1572    3.62016e-06     -4.97866e-06
1573    -6.15775e-06     -1.52665e-06
1574    -9.58423e-06     7.40304e-06
1575    1.2746e-05     -1.41015e-05
1576    -6.44474e-06     -2.83898e-06
1577    -1.54851e-06     7.73181e-06
1578    5.58335e-06     -3.1524e-06
1579    -1.07828e-05     7.29849e-07
1580    1.08032e-06     6.47097e-06
1581    2.11487e-06     -4.9685e-06
1582    -1.58473e-05     -3.97255e-06
1583    5.26284e-06     1.06393e-06
1584    1.86023e-06     -5.59128e-06
1585    -9.61726e-06     -5.33353e-06
1586    1.10169e-05     5.90262e-07
1587    4.09047e-06     2.97531e-06
1588    2.9913e-06     2.98848e-06
1589    1.49111e-05     6.56277e-07
1590    -1.37954e-05     -7.77037e-07
1591    -1.39534e-05     -5.89896e-06
1592    2.09426e-05     -2.66618e-06
1593    -1.29053e-07     6.45563e-06
1594    -7.02683e-06     1.34021e-06
1595    1.37456e-08     5.75589e-06
1596    2.03754e-05     -6.63952e-06
1597    -1.58687e-05     3.93899e-06
1598    -3.70936e-06     7.47456e-06
1599    2.1336e-05     -1.48589e-05
1600    -8.65695e-06     3.41105e-06
1601    -8.67011e-07     9.37639e-06
1602    2.19978e-05     -1.30588e-05
1603    -5.24015e-06     9.51127e-07
1604    -7.60674e-06     1.29684e-05
1605    2.06013e-05     -1.49847e-05
1606    -2.44665e-06     7.2934e-07
1607    -3.45707e-06     1.82492e-05
1608    1.53338e-05     -1.3759e-05
1609    -9.12655e-06     2.68376e-07
1610    -9.21785e-06     1.00757e-05
1611    1.18041e-05     -8.33085e-06
1612    1.79913e-06     -5.84852e-06
1613    -5.18759e-06     9.45746e-06
1614    5.83931e-06     -5.69063e-07
1615    -1.31488e-06     -7.87491e-06
1616    -8.50704e-06     8.46127e-06
1617    1.73592e-05     7.81496e-07
1618    1.39538e-05     -7.22775e-06
1619    -1.01704e-05     1.34918e-05
1620    6.53997e-06     -6.43792e-06
1621    9.62528e-06     -8.96312e-06
1622    -1.56912e-05     1.6199e-05
1623    6.55375e-06     -9.85398e-06
1624    1.63788e-05     -3.95442e-06
1625    -1.37826e-05     2.06433e-05
1626    -2.00453e-06     -1.52751e-05
1627    1.55712e-05     -2.95368e-07
1628    -1.81456e-05     1.43525e-05
1629    1.25716e-06     -1.65569e-05
1630    1.44259e-05     4.22998e-06
1631    -1.80197e-05     1.30463e-05
1632    5.12387e-06     -1.6639e-05
1633    1.50643e-05     5.38956e-06
1634    -2.13179e-05     7.49825e-06
1635    3.30597e-06     -1.50633e-05
1636    4.77214e-06     8.21418e-06
1637    -2.24745e-05     1.55185e-05
1638    7.16242e-06     -2.77077e-05
1639    1.18019e-05     -1.67674e-06
1640    -1.70442e-05     1.27241e-05
1641    9.40836e-06     -2.09154e-05
1642    1.14213e-05     4.49869e-06
1643    -1.83067e-05     1.31125e-05
1644    4.48118e-06     -1.31417e-05
1645    8.97033e-06     -4.66717e-06
1646    -1.77413e-05     1.51249e-05
1647    9.33283e-06     -5.96521e-06
1648    7.96658e-06     -9.82228e-07
1649    -1.74358e-05     1.37666e-05
1650    9.44066e-06     -3.00757e-06
1651    7.33796e-06     -2.48018e-07
1652    -1.76981e-05     6.30584e-06
1653    5.12674e-06     -4.92964e-06
1654    3.61225e-06     1.46756e-06
1655    -1.66961e-05     5.62445e-06
1656    7.49601e-06     -4.07581e-06
1657    2.14278e-06     3.15448e-06
1658    -1.02933e-05     7.20696e-06
1659    3.4142e-06     -7.30964e-06
1660    -6.44854e-06     2.29477e-06
1661    -1.2448e-05     4.16252e-06
1662    1.64166e-05     -8.30136e-06
1663    -5.07356e-06     2.17582e-06
1664    -1.47252e-05     8.14293e-06
1665    1.61639e-05     -1.172e-05
1666    -6.27555e-06     -2.2048e-06
1667    -7.66904e-07     7.02933e-06
1668    1.13345e-05     -1.02219e-05
1669    -6.04692e-06     3.32711e-07
1670    3.58245e-06     -1.54958e-06
1671    1.36014e-06     -5.58493e-06
1672    -1.45209e-05     -5.74647e-07
1673    1.29551e-05     3.00905e-06
1674    -6.39665e-07     -8.45542e-06
1675    -1.40311e-05     -2.83727e-06
1676    1.26367e-05     4.44864e-06
1677    5.4955e-06     -4.51378e-06
1678    6.63515e-06     8.90382e-06
1679    1.17429e-05     -3.83349e-06
1680    -1.68107e-05     1.65519e-06
1681    -1.19879e-05     -3.50694e-06
1682    1.39803e-05     -1.3758e-05
1683    5.76783e-06     1.22352e-05
1684    -1.38999e-05     -3.5185e-06
1685    8.34901e-06     1.19133e-05
1686    1.91207e-05     -8.3473e-06
1687    -1.2473e-05     5.61931e-06
1688    -8.59592e-08     6.99061e-06
1689    1.60598e-05     -1.06137e-05
1690    -8.80783e-06     2.72552e-06
1691    4.20266e-06     5.46863e-06
1692    1.70202e-05     -1.27151e-05
1693    -8.11329e-06     -9.22276e-07
1694    2.50612e-06     8.0853e-06
1695    1.23518e-05     -8.70633e-06
1696    -1.06596e-05     1.36534e-06
1697    -1.77303e-06     1.07659e-05
1698    1.34014e-05     -6.86881e-06
1699    -5.44253e-06     -6.18254e-06
1700    -1.46114e-06     9.18497e-06
1701    1.13807e-05     -3.81208e-06
1702    -9.70204e-07     -7.15909e-06
1703    -8.79178e-06     8.3092e-06
1704    1.51121e-05     -2.94005e-06
1705    5.4909e-06     -7.83618e-06
1706    -1.19109e-05     7.7685e-06
1707    4.29419e-06     -2.78582e-06
1708    1.181e-06     -9.99539e-06
1709    -4.86126e-06     1.25778e-05
1710    7.97464e-06     5.2121e-06
1711    1.42879e-05     -6.406e-06
1712    -8.24719e-06     1.53973e-05
1713    -4.60141e-06     -6.84743e-06
1714    7.82325e-06     2.86662e-06
1715    -8.23171e-06     1.32679e-05
1716    1.27278e-06     -5.95396e-06
1717    8.77781e-06     4.11993e-06
1718    -2.19145e-05     1.28674e-05
1719    3.29533e-06     -1.26886e-05
1720    9.36308e-06     5.99999e-06
1721    -1.14777e-05     1.55301e-05
1722    7.80895e-06     -1.64434e-05
1723    3.84027e-06     3.08611e-06
1724    -1.65229e-05     1.40794e-05
1725    1.33616e-05     -1.98248e-05
1726    8.11009e-06     6.48825e-06
1727    -2.38865e-05     1.19096e-05
1728    9.21191e-06     -2.43815e-05
1729    1.04915e-05     4.52076e-06
1730    -2.68134e-05     8.99771e-06
1731    1.69696e-05     -2.14754e-05
1732    1.14901e-05     -2.66906e-06
1733    -2.01924e-05     8.00642e-06
1734    1.60262e-05     -7.02578e-06
1735    1.01541e-05     -1.80273e-06
1736    -2.52804e-05     7.4642e-06
1737    1.80201e-05     -4.27408e-06
1738    8.35538e-06     -3.58163e-06
1739    -2.54758e-05     6.99064e-06
1740    1.19397e-05     -3.64936e-07
1741    2.53511e-06     -5.97588e-06
1742    -2.0392e-05     3.29471e-06
1743    8.72027e-06     -7.71475e-08
1744    6.68968e-06     -4.73977e-06
1745    -1.5842e-05     3.70905e-06
1746    3.09635e-06     -4.91256e-06
1747    -8.91804e-06     3.9243e-06
1748    -1.48261e-05     8.60574e-06
1749    1.49081e-05     -6.61464e-06
1750    -6.75739e-06     -1.34493e-07
1751    -9.29722e-06     1.13939e-05
1752    1.42364e-05     -1.53718e-05
1753    -1.19504e-05     7.90954e-06
1754    -5.18687e-06     7.30138e-06
1755    1.65083e-05     -1.18621e-05
1756    -1.54865e-05     3.07753e-06
1757    2.62217e-06     6.22071e-07
1758    1.45618e-05     -1.22005e-05
1759    -1.2433e-05     -8.40721e-07
1760    1.23652e-05     3.14749e-06
1761    8.71342e-06     -8.85049e-06
1762    -1.44683e-05     2.92958e-07
1763    1.60119e-05     5.53461e-06
1764    4.45973e-06     -1.07366e-05
1765    -1.77119e-05     6.37796e-07
1766    1.02059e-05     5.35244e-06
1767    9.81859e-06     -7.89377e-06
1768    7.12405e-06     1.24292e-05
1769    1.45633e-05     -8.89028e-06
1770    -1.92292e-05     4.50878e-06
1771    -1.67811e-05     4.52409e-06
1772    2.04772e-05     -4.33851e-06
1773    3.97456e-06     5.95016e-06
1774    -1.09383e-05     5.44823e-06
1775    6.11045e-06     4.24315e-06
1776    1.84352e-05     -9.56869e-06
1777    -1.19911e-05     3.58413e-06
1778    1.96379e-06     5.7225e-06
1779    1.61615e-05     -1.26679e-05
1780    -1.01591e-05     3.74567e-06
1781    2.48333e-08     1.00319e-05
1782    1.91329e-05     -7.77737e-06
1783    -6.72944e-06     2.33062e-06
1784    1.01905e-06     8.3814e-06
1785    1.66623e-05     -1.47029e-05
1786    -5.8977e-06     -4.9184e-06
1787    4.12911e-06     3.28687e-06
1788    5.49481e-06     1.78764e-06
1789    -7.66813e-06     -1.12544e-05
1790    7.46934e-10     5.77412e-06
1791    1.70077e-05     7.10185e-06
1792    6.28721e-06     -9.56728e-06
1793    -9.07251e-06     1.97403e-06
1794    9.10623e-06     5.56876e-06
1795    -2.53266e-06     -1.04189e-05
1796    -1.00979e-05     4.7185e-06
1797    7.7422e-06     5.84811e-06
1798    8.47463e-06     -7.10828e-06
1799    -9.7921e-06     7.87657e-06
1800    3.82476e-06     -5.72753e-06
1801    4.71663e-06     -7.67952e-06
1802    -1.44979e-05     8.56735e-06
1803    9.99712e-06     -5.69416e-06
1804    9.56583e-06     1.44723e-06
1805    -1.32375e-05     1.7666e-05
1806    2.52526e-07     -1.30262e-05
1807    3.14969e-06     -1.41111e-08
1808    -1.75922e-05     8.47968e-06
1809    1.27577e-05     -1.7495e-05
1810    3.03484e-06     4.03375e-06
1811    -1.98805e-05     1.4837e-05
1812    1.35977e-05     -1.75757e-05
1813    4.40597e-06     8.05103e-06
1814    -1.61839e-05     1.04835e-05
1815    1.19368e-05     -1.69446e-05
1816    1.14714e-05     4.38439e-06
1817    -2.00642e-05     1.05659e-05
1818    1.28835e-05     -2.18852e-05
1819    5.32187e-06     6.32545e-07
1820    -2.08775e-05     1.38957e-05
1821    1.34639e-05     -1.70268e-05
1822    1.2272e-05     1.61314e-06
1823    -2.55727e-05     7.78843e-06
1824    1.22199e-05     -1.11686e-05
1825    8.85901e-06     -1.53783e-06
1826    -2.55987e-05     3.52093e-06
1827    1.83121e-05     -3.44528e-06
1828    3.63866e-06     -4.68174e-06
1829    -2.86143e-05     2.81395e-06
1830    1.5285e-05     4.69461e-07
1831    8.28538e-06     3.50098e-06
1832    -1.61958e-05     -1.52093e-06
1833    1.14916e-05     4.0316e-06
1834    -1.88149e-06     -9.84854e-07
1835    -1.95427e-05     7.03704e-07
1836    1.38646e-05     1.60237e-07
1837    -5.21925e-06     7.90679e-06
1838    -1.08972e-05     6.268e-06
1839    1.30397e-05     -2.50372e-06
1840    -1.79607e-05     2.10027e-06
1841    -1.17409e-05     3.63635e-07
1842    1.93389e-05     -6.44143e-06
1843    -2.11501e-05     4.76026e-06
1844    1.66898e-06     3.45867e-06
1845    1.89899e-05     -7.97723e-07
1846    -1.59411e-05     6.88332e-06
1847    1.14021e-05     -1.26291e-06
1848    1.18954e-05     -8.92504e-06
1849    -2.47167e-05     3.96494e-06
1850    1.84173e-05     6.95207e-06
1851    2.31379e-06     -6.26893e-06
1852    -1.85292e-05     6.22656e-06
1853    2.35871e-05     4.03537e-06
1854    7.23398e-06     -1.02642e-05
1855    -2.44242e-05     3.16057e-06
1856    1.03192e-05     3.11871e-06
1857    1.20591e-05     -1.23571e-05
1858    1.76266e-05     7.01813e-06
1859    1.16537e-05     -1.13718e-05
1860    -2.09485e-05     8.79113e-06
1861    -2.04422e-05     6.5535e-06
1862    1.26274e-05     -7.26065e-06
1863    8.69905e-06     4.25946e-06
1864    -1.34212e-05     7.04103e-06
1865    5.96453e-06     6.88841e-06
1866    1.51037e-05     -4.81109e-06
1867    -1.62398e-05     1.84234e-06
1868    5.52247e-06     6.62372e-06
1869    1.6575e-05     -1.5148e-05
1870    -1.26444e-05     6.88563e-06
1871    -1.14949e-06     1.16957e-05
1872    2.03322e-05     -1.26381e-05
1873    -7.93926e-06     -2.58242e-06
1874    2.79809e-06     1.4632e-05
1875    1.7834e-05     -5.03893e-06
1876    -6.95617e-06     -7.03214e-06
1877    -7.58564e-06     7.44086e-06
1878    1.73605e-05     -5.05687e-06
1879    -4.67136e-06     -8.23134e-06
1880    -3.21663e-06     1.46219e-06
1881    1.20832e-05     4.34044e-06
1882    -1.68507e-06     -9.92933e-06
1883    -5.02562e-06     2.93505e-06
1884    9.17007e-06     7.21441e-06
1885    4.74211e-06     -9.6699e-06
1886    -7.15934e-06     9.83265e-06
1887    -2.41257e-06     1.52711e-06
1888    3.1864e-06     -7.08507e-06
1889    -7.69785e-06     1.03409e-05
1890    6.31417e-06     3.2964e-06
1891    3.85272e-06     -5.41748e-06
1892    -1.30511e-05     9.3267e-06
1893    6.48381e-06     -5.11689e-06
1894    5.48591e-06     -2.24916e-06
1895    -5.66423e-06     1.64026e-05
1896    1.28482e-05     -1.12342e-05
1897    1.97809e-06     -6.54547e-07
1898    -1.85385e-05     1.57113e-05
1899    1.03101e-05     -5.90352e-06
1900    2.15217e-06     2.52142e-06
1901    -2.06423e-05     7.90835e-06
1902    1.53718e-05     -1.60386e-05
1903    8.56599e-06     6.18874e-06
1904    -2.01935e-05     8.84839e-06
1905    1.9167e-05     -1.45589e-05
1906    1.10114e-05     3.67707e-06
1907    -1.84722e-05     8.48497e-06
1908    1.69292e-05     -1.05918e-05
1909    1.0345e-05     -1.85856e-06
1910    -2.87948e-05     9.51243e-06
1911    1.69719e-05     -1.72316e-05
1912    1.01965e-05     1.5675e-06
1913    -2.52173e-05     6.38571e-06
1914    1.79808e-05     -1.02917e-05
1915    6.93562e-06     -2.78466e-06
1916    -2.52656e-05     4.44421e-06
1917    1.76747e-05     -6.58578e-07
1918    2.03242e-06     2.4619e-07
1919    -2.60513e-05     2.35705e-06
1920    7.86763e-06     1.43897e-06
1921    -7.52587e-07     2.37439e-06
1922    -1.19696e-05     -1.62328e-06
1923    1.48198e-05     -2.64145e-06
1924    -1.42075e-06     2.31074e-06
1925    -1.0668e-05     2.98577e-06
1926    1.20652e-05     -2.71872e-06
1927    -1.47046e-05     3.35307e-06
1928    -1.64681e-06     6.49663e-06
1929    1.26253e-05     -3.18935e-06
1930    -2.16978e-05     4.80152e-06
1931    2.16739e-06     5.28392e-06
1932    1.24091e-05     -2.78254e-06
1933    -2.85545e-05     7.78714e-06
1934    8.63126e-06     6.82757e-06
1935    1.74819e-05     -5.48534e-06
1936    -3.1308e-05     8.06503e-06
1937    2.11323e-05     -2.07571e-06
1938    1.17232e-05     -5.02733e-06
1939    -3.2207e-05     5.42962e-06
1940    1.81501e-05     2.35164e-06
1941    1.53156e-05     -1.30258e-05
1942    -2.01157e-05     6.52751e-06
1943    1.85322e-05     8.2974e-07
1944    1.79292e-05     -7.32059e-06
1945    -2.59155e-05     9.56859e-06
1946    9.51219e-06     6.87821e-06
1947    1.4614e-05     -7.23497e-06
1948    1.25205e-05     4.59025e-06
1949    1.27467e-05     -9.58622e-06
1950    -2.15295e-05     1.63791e-06
1951    -2.07618e-05     9.35694e-06
1952    1.54751e-05     -1.04884e-05
1953    7.02506e-06     4.01249e-06
1954    -1.63089e-05     3.51671e-06
1955    5.99732e-06     1.14691e-05
1956    1.96087e-05     -3.29267e-06
1957    -1.83925e-05     2.52858e-06
1958    7.33187e-07     1.4801e-05
1959    1.78866e-05     -5.95184e-06
1960    -1.72101e-05     -1.63167e-06
1961    -7.84211e-07     1.1048e-05
1962    2.25093e-05     -1.15708e-06
1963    -1.82204e-05     4.85692e-07
1964    -8.5271e-08     8.74694e-06
1965    2.53467e-05     -1.75643e-06
1966    -6.93847e-06     -6.65028e-06
1967    -3.54536e-06     -1.5957e-06
1968    1.88433e-05     5.62186e-06
1969    2.4615e-06     -1.47803e-05
1970    -5.92113e-06     8.56095e-06
1971    1.00335e-05     5.38217e-06
1972    5.34678e-06     -3.63918e-06
1973    -1.43402e-05     4.84413e-06
1974    6.71363e-06     -3.22639e-07
1975    4.77051e-06     -1.62408e-05
1976    -9.31299e-06     3.94045e-06
1977    7.66007e-06     6.14013e-06
1978    4.69147e-07     -1.0548e-05
1979    -1.57638e-05     1.08428e-05
1980    9.36201e-06     -7.69359e-06
1981    4.12077e-07     -1.14406e-05
1982    -1.24002e-05     1.5453e-05
1983    1.22706e-05     -9.17994e-06
1984    -2.49595e-07     -7.55557e-07
1985    -1.60442e-05     1.6427e-05
1986    1.29212e-05     -9.85015e-06
1987    1.78727e-06     9.32465e-06
1988    -1.49181e-05     9.58983e-06
1989    1.48797e-05     -1.80451e-05
1990    -7.07356e-07     -9.20715e-07
1991    -1.63561e-05     1.02542e-05
1992    1.24853e-05     -1.343e-05
1993    4.70508e-06     4.97171e-06
1994    -1.62304e-05     1.33536e-05
1995    1.42666e-05     -1.28517e-05
1996    4.01865e-06     5.35695e-08
1997    -1.58688e-05     9.49434e-06
1998    1.28069e-05     -1.60826e-05
1999    6.02187e-06     2.39961e-06
2000    -1.78932e-05     9.09544e-06
2001    1.90405e-05     -5.25757e-06
2002    5.27285e-06     3.80397e-06
2003    -2.44869e-05     2.27165e-06
2004    1.47076e-05     1.41429e-06
2005    5.85562e-06     -1.18465e-06
2006    -2.37166e-05     -9.16483e-06
2007    1.4555e-05     9.26382e-07
2008    -4.09609e-06     5.63494e-07
2009    -1.69227e-05     -2.10272e-06
2010    1.32841e-05     2.91569e-06
2011    -9.55671e-06     5.85202e-06
2012    -5.07696e-06     -5.86895e-07
2013    7.19837e-06     -3.60677e-08
2014    -1.91595e-05     -1.66215e-06
2015    3.43176e-07     -8.49369e-07
2016    9.37513e-06     3.51675e-06
2017    -1.69538e-05     4.00564e-06
2018    2.31384e-06     6.51591e-06
2019    1.29034e-05     9.33696e-07
2020    -2.14594e-05     4.16518e-07
2021    3.86851e-06     -8.72006e-07
2022    9.9189e-06     2.10756e-06
2023    -3.24967e-05     7.09028e-06
2024    1.13316e-05     3.34499e-06
2025    1.69865e-05     -3.27176e-07
2026    -2.68662e-05     4.39422e-06
2027    2.12491e-05     -1.11391e-06
2028    1.29369e-05     -4.69511e-06
2029    -3.73025e-05     6.4675e-06
2030    1.88713e-05     8.00742e-06
2031    9.05712e-06     -7.60589e-06
2032    -3.19187e-05     6.72023e-06
2033    1.93499e-05     -1.10963e-06
2034    1.45532e-05     -6.71371e-06
2035    -2.5702e-05     6.75371e-06
2036    6.86193e-06     -8.25072e-08
2037    1.87392e-05     -7.57845e-06
2038    7.09869e-06     -8.37089e-07
2039    1.74481e-05     -1.11096e-05
2040    -1.76051e-05     -1.22429e-06
2041    -2.11088e-05     5.16137e-06
2042    1.73341e-05     -6.15001e-06
2043    8.6147e-06     3.01259e-06
2044    -2.33965e-05     -1.67381e-06
2045    6.63214e-06     1.01606e-05
2046    1.49093e-05     -6.37925e-06
2047    -1.77128e-05     -2.37518e-06
2048    -9.88698e-07     1.27569e-05
2049    2.02279e-05     -6.96839e-06
2050    -2.29672e-05     -6.59083e-06
2051    -2.11818e-06     9.59499e-06
2052    1.80681e-05     6.27795e-08
2053    -9.11152e-06     -1.05303e-06
2054    -4.97645e-06     7.1659e-06
2055    1.9139e-05     2.10701e-06
2056    -6.51284e-06     -1.30661e-05
2057    -1.14243e-05     4.79426e-06
2058    1.1929e-05     1.15112e-06
2059    -2.93516e-06     -4.01423e-06
2060    -8.81106e-06     9.93553e-06
2061    1.26426e-05     5.62253e-06
2062    2.35751e-06     -1.92981e-05
2063    -1.01848e-05     1.02946e-05
2064    1.45786e-05     -7.08545e-07
2065    4.25736e-06     -7.55375e-06
2066    -9.44749e-06     8.82583e-06
2067    8.25311e-06     -2.58893e-06
2068    -3.63358e-06     -6.1036e-06
2069    -1.03466e-05     1.08598e-05
2070    8.15941e-06     -4.09968e-06
2071    6.68054e-07     1.08173e-06
2072    -1.73762e-05     6.11545e-06
2073    1.71305e-05     -6.9806e-06
2074    -1.77787e-06     -1.76391e-06
2075    -2.13851e-05     1.00282e-05
2076    1.38224e-05     -6.15658e-06
2077    4.12641e-06     6.69925e-07
2078    -2.03827e-05     1.03652e-05
2079    7.97138e-06     -3.74786e-06
2080    2.10969e-07     2.76182e-06
2081    -1.94689e-05     3.11425e-06
2082    1.34411e-05     -7.63117e-06
2083    6.50929e-06     -5.06693e-07
2084    -1.60494e-05     2.27608e-06
2085    9.93916e-06     -6.61669e-06
2086    3.44604e-06     7.2612e-06
2087    -1.15807e-05     3.17912e-06
2088    1.34816e-05     -7.92618e-06
2089    6.76963e-06     -1.71943e-06
2090    -9.59705e-06     3.43128e-06
2091    9.64264e-06     -7.45657e-06
2092    -3.82118e-06     7.54477e-06
2093    -1.71103e-05     9.52182e-06
2094    9.20054e-06     -1.06183e-05
2095    -6.76739e-06     2.41406e-06
2096    -2.91068e-06     3.20782e-06
2097    3.96669e-06     -1.29101e-07
2098    -5.30342e-06     4.46171e-06
2099    -1.2317e-05     2.54895e-06
2100    8.9735e-06     -6.76796e-06
2101    -1.54903e-05     -6.37879e-07
2102    3.12835e-06     3.24912e-06
2103    8.64918e-06     -2.51202e-06
2104    -1.71204e-05     -4.027e-06
2105    1.95415e-06     6.89548e-06
2106    1.10135e-05     -4.9938e-06
2107    -2.23178e-05     1.22884e-06
2108    4.47698e-06     8.5092e-06
2109    1.58173e-05     -7.53104e-06
2110    -2.68869e-05     -1.65088e-06
2111    1.52815e-05     9.27299e-06
2112    6.64993e-06     1.46878e-06
2113    -2.95165e-05     4.20073e-06
2114    1.14134e-05     6.30712e-06
2115    1.12644e-05     -7.36516e-06
2116    -3.05115e-05     -6.89362e-07
2117    2.0446e-05     2.07655e-06
2118    1.03364e-05     6.50517e-07
2119    -2.88153e-05     1.25208e-05
2120    1.53976e-05     4.01879e-06
2121    1.64841e-05     -5.91298e-06
2122    -2.84888e-05     7.6234e-06
2123    1.26446e-05     -1.04368e-05
2124    1.70703e-05     -7.47436e-06
2125    -2.18908e-05     4.58479e-06
2126    9.80163e-06     3.04943e-07
2127    1.32319e-05     -6.12275e-06
2128    1.30823e-05     -1.74113e-06
2129    1.49878e-05     -4.43172e-06
2130    -1.71085e-05     -3.01166e-06
2131    -2.03073e-05     3.86741e-06
2132    1.08644e-05     -2.16128e-06
2133    9.87377e-06     4.97739e-06
2134    -2.06796e-05     -4.31407e-07
2135    7.77686e-06     8.77748e-06
2136    1.76893e-05     -7.02333e-06
2137    -2.01858e-05     -4.40666e-06
2138    3.76691e-06     8.35117e-06
2139    1.35401e-05     1.70562e-06
2140    -1.71417e-05     -8.08506e-06
2141    -7.89457e-06     3.15322e-06
2142    2.00292e-05     1.83291e-06
2143    -6.77753e-06     -6.41714e-06
2144    -7.49699e-06     5.98123e-06
2145    1.3951e-05     3.80108e-06
2146    -6.19485e-06     -8.82315e-06
2147    -1.25456e-05     1.09607e-06
2148    1.6451e-05     1.52093e-06
2149    3.2342e-08     -7.37292e-06
2150    -9.32847e-06     1.08616e-05
2151    1.31213e-05     3.8309e-06
2152    -3.46903e-06     -5.12711e-06
2153    -1.82265e-05     2.21198e-06
2154    2.11826e-05     -6.25018e-07
2155    1.07951e-06     -7.60077e-06
2156    -1.24069e-05     1.00327e-05
2157    1.28178e-05     -5.00336e-06
2158    -7.13549e-07     -7.50164e-06
2159    -1.38691e-05     7.28922e-06
2160    1.44907e-05     -1.11158e-05
2161    3.20839e-06     2.48459e-06
2162    -1.57207e-05     1.17561e-05
2163    4.51769e-06     -9.89832e-06
2164    2.81447e-06     -3.49442e-06
2165    -1.66027e-05     9.06222e-06
2166    1.01565e-05     -9.82188e-06
2167    4.67157e-06     5.79894e-06
2168    -1.02124e-05     9.8813e-06
2169    3.44147e-06     -8.59706e-06
2170    4.74396e-06     2.99453e-06
2171    -1.13362e-05     8.11081e-06
2172    8.75481e-06     -5.64541e-06
2173    4.82509e-06     -3.70625e-06
2174    -9.99808e-06     1.52189e-05
2175    7.748e-06     -1.33902e-05
2176    5.78703e-07     4.56969e-06
2177    -1.56964e-05     7.16526e-06
2178    1.36531e-05     -1.94695e-06
2179    2.20192e-06     -7.05935e-07
2180    -1.33595e-05     1.28317e-06
2181    9.69327e-06     -7.61666e-06
2182    -3.30115e-08     1.76152e-06
2183    -9.51829e-06     3.01775e-06
2184    7.79329e-06     2.6584e-06
2185    -7.70051e-06     3.7077e-06
2186    -3.08281e-06     -8.20693e-06
2187    5.36543e-06     -4.3161e-06
2188    -1.32368e-05     6.1968e-06
2189    2.15905e-06     4.87902e-06
2190    -5.68355e-08     -7.14287e-06
2191    -1.29802e-05     -4.50276e-06
2192    7.01328e-06     1.6719e-06
2193    2.40288e-06     -1.53092e-06
2194    -2.354e-05     -4.85989e-06
2195    1.19621e-05     8.8768e-06
2196    6.28262e-06     -6.13447e-06
2197    -2.40498e-05     3.63471e-07
2198    1.26963e-05     1.13281e-05
2199    8.01309e-06     -5.41791e-07
2200    -2.04728e-05     -6.3683e-07
2201    1.28253e-05     7.23622e-07
2202    1.28802e-05     -4.16208e-06
2203    -2.74894e-05     1.74357e-06
2204    1.46567e-05     1.35388e-05
2205    8.75198e-06     -3.84082e-06
2206    -2.70605e-05     1.52446e-06
2207    1.48737e-05     -1.26731e-06
2208    7.95295e-06     -1.08992e-05
2209    -2.84865e-05     9.63403e-06
2210    1.46038e-05     5.40425e-06
2211    1.11e-05     -7.53916e-06
2212    -2.32375e-05     1.83099e-06
2213    1.37254e-05     -5.58158e-07
2214    9.88059e-06     -6.18371e-06
2215    -2.48917e-05     -3.72693e-06
2216    1.1996e-05     -2.98378e-06
2217    1.20605e-05     -4.14801e-06
2218    1.06601e-05     6.7923e-06
2219    1.3541e-05     -4.18119e-06
2220    -2.09318e-05     -1.14304e-06
2221    -1.86656e-05     -5.93234e-07
2222    1.50611e-05     -1.71877e-07
2223    7.46287e-06     2.34608e-06
2224    -1.58771e-05     1.0156e-06
2225    1.39188e-06     8.14349e-06
2226    1.16689e-05     -3.05272e-06
2227    -1.63694e-05     -2.35422e-06
2228    -1.49264e-06     7.3162e-06
2229    1.56145e-05     -2.2134e-06
2230    -9.03572e-06     -6.3096e-06
2231    -1.06016e-05     7.62061e-07
2232    1.08776e-05     4.70426e-06
2233    -3.63051e-06     -5.6627e-06
2234    -2.30755e-06     8.31792e-06
2235    1.56538e-05     -2.38547e-08
2236    -2.98658e-06     -1.05883e-05
2237    -1.13695e-05     7.69367e-06
2238    1.2389e-05     2.02412e-06
2239    -2.113e-06     -2.03083e-06
2240    -7.92301e-06     5.85901e-06
2241    1.22126e-05     -2.43423e-06
2242    6.24931e-06     -5.64927e-06
2243    -1.3137e-05     8.51241e-07
2244    1.14877e-05     4.32955e-06
2245    -1.03812e-06     5.95309e-06
2246    -1.54039e-05     9.59178e-06
2247    1.2162e-05     -9.25987e-06
2248    1.62696e-06     4.20646e-07
2249    -2.0889e-05     1.39015e-06
2250    9.05672e-06     -5.33416e-06
2251    -3.52523e-06     3.33519e-06
2252    -1.73198e-05     7.50517e-06
2253    1.08344e-05     -2.70295e-06
2254    8.63959e-07     2.14743e-06
2255    -1.58951e-05     -3.21843e-06
2256    7.47213e-06     -2.64663e-06
2257    1.57616e-06     3.14752e-06
2258    -1.44355e-05     -2.35458e-07
2259    -4.70985e-07     -7.48325e-07
2260    5.26928e-06     6.98717e-06
2261    -1.31736e-05     -6.63458e-06
2262    3.3303e-06     -1.95912e-06
2263    7.1694e-06     5.92108e-09
2264    -7.61074e-06     -2.72639e-06
2265    1.84817e-06     -2.66376e-06
2266    1.32295e-06     4.74747e-06
2267    -8.82756e-06     4.44698e-06
2268    2.32247e-06     -1.34089e-05
2269    1.06223e-06     -3.5944e-06
2270    -1.88432e-06     -1.43937e-06
2271    2.05641e-06     -7.86338e-06
2272    -6.01128e-06     6.41668e-06
2273    1.34106e-06     7.80363e-06
2274    -1.0367e-06     -1.28447e-05
2275    -1.05078e-05     -6.48132e-07
2276    1.75821e-06     5.94966e-06
2277    1.44578e-07     -5.98865e-06
2278    -1.44398e-05     -4.30046e-06
2279    9.29989e-06     8.96008e-06
2280    3.39266e-06     -5.87433e-06
2281    -1.99951e-05     -6.15557e-06
2282    8.83397e-06     5.32979e-06
2283    4.70494e-06     -8.79572e-06
2284    -1.36581e-05     -7.96558e-06
2285    1.29843e-05     1.42974e-05
2286    3.13438e-06     -6.07717e-06
2287    -2.20054e-05     1.12382e-06
2288    1.54051e-05     1.59203e-05
2289    6.84359e-06     -4.3948e-06
2290    -2.16838e-05     -2.67034e-06
2291    2.01279e-05     3.18794e-06
2292    3.51368e-06     -7.18236e-06
2293    -2.53163e-05     6.46323e-06
2294    1.30966e-05     4.71685e-06
2295    5.49913e-06     -5.49806e-06
2296    -2.68852e-05     2.16171e-06
2297    1.38083e-05     -5.62197e-06
2298    9.97116e-06     -1.89281e-06
2299    -1.98183e-05     4.96122e-06
2300    1.13315e-05     -2.74159e-06
2301    7.72306e-06     -5.66109e-06
2302    -2.17225e-05     6.07392e-06
2303    1.26551e-05     1.18455e-06
2304    1.40554e-05     -8.28903e-06
2305    -2.06237e-05     3.53661e-07
2306    1.44398e-05     -2.5175e-06
2307    6.41335e-06     -6.74284e-06
2308    9.47306e-06     8.70193e-06
2309    8.21482e-06     -7.71167e-06
2310    -9.77509e-06     -3.25601e-06
2311    -1.78121e-05     5.23391e-06
2312    1.21481e-05     -6.35141e-07
2313    7.79419e-06     3.01611e-06
2314    -1.37959e-05     -4.10082e-06
2315    2.23182e-06     8.28332e-06
2316    1.4838e-05     8.76152e-07
2317    -5.75677e-06     -4.82935e-07
2318    -4.64897e-06     5.57837e-06
2319    1.37261e-05     6.02934e-06
2320    -4.90707e-06     -2.97719e-06
2321    -5.75716e-06     8.33103e-06
2322    1.51486e-05     1.71723e-06
2323    1.57167e-06     2.32309e-06
2324    -6.54453e-06     1.03966e-05
2325    1.2848e-05     6.46517e-07
2326    -3.65107e-06     1.05222e-06
2327    -7.98563e-06     7.77448e-06
2328    1.53925e-05     -4.04131e-06
2329    3.65533e-06     1.46039e-06
2330    -1.30533e-05     4.44461e-06
2331    9.00512e-06     -8.75392e-07
2332    4.27668e-06     1.56775e-06
2333    -1.29181e-05     2.80237e-06
2334    1.29444e-05     -8.85246e-06
2335    1.41898e-07     4.66408e-06
2336    -2.31444e-05     8.80144e-06
2337    9.87669e-06     -6.58155e-06
2338    1.21144e-06     5.18131e-06
2339    -1.95148e-05     3.11096e-06
2340    1.16113e-05     -7.42329e-06
2341    3.40307e-06     6.49632e-06
2342    -1.82375e-05     7.97551e-06
2343    -5.81127e-07     -6.51144e-06
2344    6.81298e-06     1.73227e-06
2345    -1.13232e-05     3.01293e-06
2346    2.11619e-06     -4.29894e-06
2347    7.73439e-06     1.02935e-05
2348    -6.00877e-06     2.11621e-06
2349    -1.54652e-06     -9.13473e-06
2350    8.44758e-06     1.74314e-06
2351    -3.2291e-06     6.90066e-06
2352    -2.13287e-08     -7.91927e-06
2353    -3.05496e-06     5.45099e-06
2354    -5.49339e-06     4.51336e-06
2355    5.23988e-06     -1.23779e-05
2356    4.27967e-06     -1.03318e-06
2357    3.20646e-07     6.84932e-06
2358    1.96918e-06     -2.69405e-06
2359    -5.94303e-06     1.96505e-07
2360    -2.50587e-06     4.26033e-06
2361    1.89543e-06     -3.70815e-06
2362    -7.61122e-06     1.69261e-06
2363    5.60174e-06     9.64243e-06
2364    -1.80596e-06     -3.44845e-06
2365    -4.89036e-06     -6.17902e-06
2366    8.5205e-06     3.59456e-06
2367    -9.36879e-06     -2.53262e-06
2368    -1.41391e-05     -3.92077e-06
2369    1.04808e-05     1.02293e-05
2370    2.19569e-09     -3.7374e-06
2371    -1.2781e-05     -8.33346e-06
2372    1.80651e-05     8.14821e-06
2373    -3.12498e-06     -6.26057e-06
2374    -2.2112e-05     -3.36546e-06
2375    1.86986e-05     7.47534e-06
2376    5.92816e-06     -5.15065e-06
2377    -1.31811e-05     2.88749e-06
2378    1.95746e-05     7.26171e-06
2379    3.15456e-06     -7.74222e-06
2380    -2.16757e-05     7.56219e-07
2381    1.22426e-05     4.41572e-06
2382    7.39417e-06     -1.01564e-05
2383    -1.6238e-05     5.95763e-06
2384    1.50696e-05     6.9337e-06
2385    2.8435e-06     -7.44289e-06
2386    -1.81714e-05     8.68234e-06
2387    1.30872e-05     1.95831e-06
2388    6.14212e-06     -3.53402e-06
2389    -1.9859e-05     5.79476e-06
2390    1.58098e-05     -8.113e-07
2391    -1.36448e-06     -7.5747e-07
2392    -1.94051e-05     3.79121e-06
2393    1.7075e-05     7.97784e-07
2394    6.78508e-06     -1.62371e-06
2395    -1.69255e-05     -1.16375e-06
2396    1.53397e-05     -1.89971e-07
2397    8.8368e-06     -6.52385e-07
2398    1.77156e-05     5.55025e-06
2399    7.84879e-06     -1.22181e-05
2400    -1.64341e-05     4.17962e-07
2401    -1.61979e-05     1.123e-06
2402    1.24684e-05     2.40517e-06
2403    8.83114e-06     2.23767e-06
2404    -1.03784e-05     -3.5236e-06
2405    -3.09847e-07     2.95283e-06
2406    1.01257e-05     6.18086e-06
2407    -1.11686e-06     3.80591e-07
2408    -5.56542e-06     7.17754e-06
2409    1.02442e-05     -7.66942e-07
2410    -1.42143e-06     -3.29567e-06
2411    -3.68697e-06     5.53041e-06
2412    9.51629e-07     -9.59976e-07
2413    -5.26228e-07     3.10845e-06
2414    -2.05027e-06     5.38471e-06
2415    4.62899e-06     -4.67587e-07
2416    5.26292e-06     -4.15392e-06
2417    -4.02071e-06     8.40314e-07
2418    5.63985e-06     4.61656e-06
2419    6.83158e-06     7.04444e-06
2420    -1.23807e-05     1.79684e-06
2421    5.33487e-06     -9.57509e-07
2422    8.30588e-06     -3.29609e-07
2423    -1.92377e-05     -4.67157e-07
2424    2.34652e-06     -5.02807e-07
2425    2.48835e-06     1.0128e-05
2426    -1.34988e-05     7.89568e-06
2427    8.02555e-06     -7.05234e-06
2428    8.45478e-06     2.7448e-06
2429    -1.57516e-05     3.4391e-06
2430    3.79032e-06     -9.0073e-06
2431    6.15305e-06     1.17378e-05
2432    -9.93252e-06     -1.9324e-06
2433    2.07586e-06     -1.09888e-06
2434    2.10792e-06     2.23778e-07
2435    -3.38871e-06     -5.8206e-06
2436    -2.90114e-06     6.20878e-08
2437    3.95125e-07     5.36973e-06
2438    -1.08163e-05     -5.18766e-06
2439    -4.25748e-07     3.27528e-06
2440    5.65541e-06     1.47649e-06
2441    1.0826e-06     3.52171e-06
2442    -5.97415e-07     -1.98192e-06
2443    -1.39639e-07     -4.99657e-06
2444    -8.8545e-06     6.21758e-06
2445    3.00405e-06     -3.17232e-06
2446    6.45131e-06     1.62694e-06
2447    5.84987e-06     7.23809e-06
2448    -4.63097e-06     -1.5799e-05
2449    -8.50665e-06     -6.18404e-06
2450    6.67416e-06     1.14832e-05
2451    -4.45665e-06     -7.60556e-06
2452    -5.7648e-06     -3.1672e-06
2453    1.26369e-05     1.19133e-05
2454    -5.5112e-06     -4.5855e-06
2455    -1.47005e-05     -2.83511e-06
2456    1.60513e-05     1.44231e-05
2457    -2.88114e-07     -4.66534e-06
2458    -1.86991e-05     -7.60689e-06
2459    9.03078e-06     1.02308e-05
2460    2.31776e-06     3.44687e-06
2461    -1.69689e-05     5.24563e-07
2462    1.68537e-05     1.35405e-05
2463    2.80403e-06     -1.21876e-05
2464    -1.57654e-05     -6.32761e-07
2465    1.92977e-05     2.86134e-06
2466    -1.98945e-06     -1.33353e-05
2467    -1.3299e-05     6.04874e-06
2468    1.56884e-05     2.3205e-06
2469    4.78281e-06     -3.79097e-06
2470    -1.21861e-05     6.87055e-06
2471    9.05547e-06     2.77908e-06
2472    -2.34193e-06     -1.11845e-05
2473    -1.46015e-05     7.9771e-06
2474    8.61268e-06     2.92836e-06
2475    3.36002e-06     -4.7316e-06
2476    -1.56377e-05     3.4771e-06
2477    8.27035e-06     4.47458e-06
2478    2.49294e-06     -5.55142e-06
2479    -1.55129e-05     2.12416e-06
2480    2.00458e-05     1.75796e-06
2481    1.00185e-06     -2.96238e-06
2482    -1.59525e-05     1.30201e-06
2483    2.07487e-05     6.14561e-06
2484    -4.25187e-06     -9.52695e-06
2485    -1.69129e-05     2.6877e-07
2486    1.9617e-05     5.40363e-06
2487    6.59122e-06     -5.59816e-06
2488    1.41933e-05     8.4496e-06
2489    7.35486e-06     -2.06938e-06
2490    -1.26648e-05     -7.96129e-06
2491    -1.96579e-05     -5.43486e-06
2492    1.14606e-05     5.8007e-06
2493    7.18039e-06     8.15656e-06
2494    -5.49108e-06     -2.04244e-06
2495    1.10698e-06     5.34101e-06
2496    9.94753e-06     5.8806e-06
2497    -3.64897e-06     -5.47406e-06
2498    -2.50493e-06     1.28632e-06
2499    1.11495e-05     5.15699e-06
2500    -1.0177e-06     8.03335e-07
2501    -9.67409e-06     4.14185e-06
2502    1.89245e-06     2.81525e-07
2503    4.26266e-06     -2.73272e-06
2504    -1.15276e-05     -2.06003e-07
2505    5.10061e-06     4.86239e-06
2506    1.50621e-05     -1.51343e-06
2507    -1.16236e-05     8.10871e-06
2508    3.61529e-06     -1.78388e-06
2509    2.07052e-06     -8.51528e-07
2510    -1.95769e-05     2.75661e-06
2511    7.49551e-06     3.56169e-07
2512    6.70481e-06     -1.90194e-06
2513    -1.42352e-05     -8.92722e-07
2514    7.17696e-06     -3.19173e-06
2515    3.65545e-06     8.36347e-06
2516    -2.33554e-05     6.86711e-06
2517    8.9919e-06     -2.69458e-06
2518    2.6125e-06     1.31845e-06
2519    -1.13583e-05     1.91354e-06
2520    1.23433e-06     -8.57845e-06
2521    2.50354e-06     5.20311e-06
2522    -3.89089e-06     1.94384e-07
2523    -7.53343e-07     -7.58644e-06
2524    4.4595e-06     -1.24846e-06
2525    1.00315e-06     1.32936e-06
2526    -4.02613e-06     3.32662e-06
2527    -2.46236e-06     7.62198e-07
2528    -1.11794e-06     2.92788e-06
2529    9.2038e-07     -4.42827e-06
2530    4.07556e-06     -3.27548e-06
2531    -3.52671e-06     4.6227e-06
2532    2.15693e-06     -6.52575e-06
2533    -6.96486e-06     -4.52857e-06
2534    -4.17264e-06     8.09825e-06
2535    -4.87735e-06     -8.82791e-06
2536    -3.76493e-06     -4.9547e-06
2537    4.2315e-06     1.38443e-05
2538    -7.63652e-07     -4.95813e-06
2539    -8.81596e-06     -5.07389e-06
2540    5.90005e-06     9.89769e-06
2541    -5.37164e-06     -2.32493e-06
2542    -1.52001e-05     -7.16375e-06
2543    1.50701e-05     1.18666e-05
2544    -1.83317e-06     9.69594e-07
2545    -9.5392e-06     -1.06562e-05
2546    1.55442e-05     7.81411e-06
2547    -3.01877e-06     -2.9043e-06
2548    -2.32682e-05     -4.69026e-06
2549    2.30716e-05     7.16712e-06
2550    -4.19159e-06     -1.49446e-06
2551    -1.47558e-05     2.93196e-06
2552    2.14794e-05     8.75472e-06
2553    -8.07336e-07     -6.1397e-06
2554    -1.88671e-05     3.67838e-06
2555    1.2555e-05     -1.12242e-06
2556    8.53921e-06     -1.00883e-05
2557    -5.17304e-06     1.2986e-05
2558    1.74951e-05     2.88213e-06
2559    -8.44351e-07     -1.29618e-05
2560    -1.32644e-05     5.18145e-06
2561    8.45691e-06     4.10129e-06
2562    1.6923e-06     -1.1048e-05
2563    -1.56513e-05     2.71296e-06
2564    1.89029e-05     5.61551e-06
2565    -5.74407e-06     -1.04116e-05
2566    -1.59957e-05     3.72757e-06
2567    1.87604e-05     7.14276e-06
2568    -6.37385e-06     -4.03534e-06
2569    -1.76576e-05     -1.37228e-06
2570    2.29648e-05     3.96438e-06
2571    -7.90223e-07     -6.87521e-06
2572    -1.76321e-05     2.44397e-06
2573    1.76942e-05     7.66696e-06
2574    -4.0245e-06     -4.67446e-06
2575    -1.28808e-05     4.92431e-07
2576    1.37613e-05     1.06629e-05
2577    1.15879e-06     -3.79929e-06
2578    9.91269e-06     1.03944e-05
2579    6.37424e-06     -2.78259e-06
2580    -1.3016e-05     -4.3679e-06
2581    -2.36421e-05     -1.04629e-05
2582    1.34855e-05     9.15731e-07
2583    5.17343e-06     1.20705e-05
2584    -6.98718e-06     -8.44503e-06
2585    -1.56023e-06     7.34241e-06
2586    1.1385e-05     6.87796e-06
2587    1.81691e-06     -1.59469e-06
2588    -2.1189e-06     7.91921e-06
2589    3.27512e-06     2.4015e-06
2590    6.49405e-06     -8.78664e-06
2591    9.58627e-07     5.42011e-06
2592    2.18824e-06     8.32998e-06
2593    5.91996e-06     -2.21702e-06
2594    -1.30572e-05     -3.61638e-06
2595    -2.42336e-06     8.77724e-06
2596    1.13301e-05     -4.53484e-06
2597    -1.32154e-05     -4.36465e-06
2598    1.40027e-07     7.55445e-06
2599    -1.98407e-06     -3.57281e-06
2600    -2.19813e-05     6.20992e-06
2601    4.93854e-06     5.18599e-06
2602    7.92497e-06     -3.22466e-06
2603    -1.31198e-05     -3.37687e-06
2604    3.18759e-06     -3.7906e-07
2605    1.22935e-07     1.92586e-06
2606    -7.47406e-06     1.28628e-06
2607    2.57579e-06     5.83872e-06
2608    1.26693e-06     1.52542e-06
2609    -1.98548e-06     -3.05521e-06
2610    -1.58971e-06     6.29194e-06
2611    -5.32082e-06     1.15176e-06
2612    1.94763e-06     -1.46088e-06
2613    8.83062e-07     7.81175e-06
2614    -1.31632e-06     9.46385e-07
2615    8.6242e-07     -1.1669e-05
2616    1.95939e-06     -1.29165e-06
2617    -6.18803e-06     -3.63633e-06
2618    -4.2895e-06     3.06897e-06
2619    2.45161e-06     7.75514e-07
2620    -2.26231e-06     -2.23286e-06
2621    -9.98657e-07     8.50565e-06
2622    4.97233e-06     -1.03994e-05
2623    -3.14026e-06     -1.34703e-05
2624    -2.58459e-06     1.02378e-05
2625    -3.46049e-06     -6.67727e-06
2626    -1.47632e-06     -9.30542e-06
2627    7.53428e-06     1.74624e-05
2628    -5.43169e-06     -6.00817e-06
2629    -1.33875e-05     -7.89805e-06
2630    3.45819e-06     1.43576e-05
2631    3.96476e-07     2.47291e-06
2632    -2.0477e-05     -6.52023e-06
2633    1.72006e-05     7.67124e-06
2634    -4.15226e-06     2.51055e-06
2635    -1.68128e-05     9.89173e-07
2636    1.84286e-05     7.04711e-06
2637    5.4918e-06     -4.90017e-06
2638    -2.0076e-05     -3.48882e-06
2639    1.92136e-05     -1.60494e-06
2640    -2.26602e-07     -6.21733e-06
2641    -1.38585e-05     -2.06122e-06
2642    1.83477e-05     -2.02763e-07
2643    2.8568e-06     -4.70696e-06
2644    -1.74628e-05     9.72929e-06
2645    1.57043e-05     6.24974e-06
2646    2.41046e-06     -1.45974e-05
2647    -1.48742e-05     3.53502e-06
2648    1.64891e-05     4.40092e-06
2649    -7.67989e-07     -9.41126e-06
2650    -1.33771e-05     7.70381e-06
2651    9.98392e-06     1.25039e-05
2652    -7.8819e-06     -1.57654e-05
2653    -1.11008e-05     -5.42622e-06
2654    1.56134e-05     1.1042e-05
2655    -9.35946e-06     -4.96839e-06
2656    -1.20715e-05     3.29939e-06
2657    2.1407e-05     1.3158e-05
2658    -7.47292e-06     -1.33512e-06
2659    -9.91764e-06     -7.64035e-06
2660    2.31083e-05     1.13748e-05
2661    -1.24125e-05     -2.90096e-06
2662    -1.26991e-05     -8.82604e-06
2663    2.27432e-05     1.58125e-05
2664    -6.36257e-06     -4.492e-06
2665    -1.71245e-05     -7.30872e-06
2666    1.81673e-05     1.97421e-05
2667    3.56632e-06     -4.68057e-06
2668    7.66533e-06     1.5423e-05
2669    1.1049e-05     2.50298e-06
2670    -1.27434e-05     -5.6155e-06
2671    -1.8334e-05     -9.41593e-06
2672    -7.20978e-06     -8.31744e-06
2673    -3.82028e-06     -6.34621e-06
2674    9.93393e-06     -2.89746e-06
2675    4.37192e-06     -1.35835e-05
2676    1.03748e-05     -9.44673e-06
2677    -2.6645e-06     -8.22688e-06
2678    -1.62938e-06     -7.43462e-06
2679    -5.15875e-06     -2.26348e-06
2680    -7.64446e-06     -7.96277e-06
2681    -3.13409e-06     -3.70164e-06
2682    -2.50501e-06     -7.37446e-06
2683    -4.12529e-06     -3.8585e-06
2684    -6.36005e-06     -9.24257e-06
2685    -5.56965e-06     -8.50201e-06
2686    -1.46338e-05     -1.01356e-05
2687    -1.69488e-05     -6.82169e-06
2688    -1.18744e-05     -3.21792e-06
2689    -2.16398e-05     1.39984e-06
2690    -1.87363e-05     3.74065e-06
2691    -1.74276e-05     3.41849e-06
2692    -1.68869e-05     7.35623e-06
2693    -1.19627e-05     2.27533e-07
2694    -1.61992e-05     -1.65376e-06
2695    -1.09057e-05     -9.47252e-06
2696    -1.52736e-05     -9.86922e-06
2697    -1.56548e-05     -1.53382e-05
2698    -1.75922e-05     -1.082e-05
2699    -2.1149e-05     -1.60388e-05
