-0.15     0.247966
-0.1495     0.268192
-0.149     0.29562
-0.1485     0.332591
-0.148     0.382365
-0.1475     0.449091
-0.147     0.536843
-0.1465     0.645993
-0.146     0.764778
-0.1455     0.860687
-0.145     0.893696
-0.1445     0.857326
-0.144     0.788473
-0.1435     0.728555
-0.143     0.699591
-0.1425     0.709391
-0.142     0.761305
-0.1415     0.857882
-0.141     0.997033
-0.1405     1.15901
-0.14     1.29058
-0.1395     1.32067
-0.139     1.22679
-0.1385     1.06181
-0.138     0.892823
-0.1375     0.754356
-0.137     0.653163
-0.1365     0.584976
-0.136     0.543812
-0.1355     0.525124
-0.135     0.526459
-0.1345     0.547413
-0.134     0.589426
-0.1335     0.655246
-0.133     0.747138
-0.1325     0.862163
-0.132     0.984912
-0.1315     1.08906
-0.131     1.163
-0.1305     1.23247
-0.13     1.34165
-0.1295     1.52542
-0.129     1.79966
-0.1285     2.14749
-0.128     2.48673
-0.1275     2.66286
-0.127     2.5572
-0.1265     2.22123
-0.126     1.81117
-0.1255     1.43991
-0.125     1.14421
-0.1245     0.920291
-0.124     0.752967
-0.1235     0.627461
-0.123     0.532275
-0.1225     0.459099
-0.122     0.402072
-0.1215     0.357067
-0.121     0.32116
-0.1205     0.292254
-0.12     0.268831
-0.1195     0.249776
-0.119     0.234267
-0.1185     0.221688
-0.118     0.211586
-0.1175     0.203622
-0.117     0.197554
-0.1165     0.193217
-0.116     0.190512
-0.1155     0.189404
-0.115     0.189921
-0.1145     0.192157
-0.114     0.196291
-0.1135     0.202599
-0.113     0.211495
-0.1125     0.223577
-0.112     0.239703
-0.1115     0.261102
-0.111     0.289534
-0.1105     0.327497
-0.11     0.378419
-0.1095     0.44658
-0.109     0.535961
-0.1085     0.646093
-0.108     0.762876
-0.1075     0.850449
-0.107     0.868056
-0.1065     0.812852
-0.106     0.724409
-0.1055     0.642925
-0.105     0.587412
-0.1045     0.562076
-0.104     0.565442
-0.1035     0.592876
-0.103     0.633383
-0.1025     0.666743
-0.102     0.67392
-0.1015     0.657066
-0.101     0.637201
-0.1005     0.632925
-0.1     0.650221
-0.0995     0.682717
-0.099     0.715424
-0.0985     0.737612
-0.098     0.756554
-0.0975     0.790502
-0.097     0.852129
-0.0965     0.940576
-0.096     1.04014
-0.0955     1.13144
-0.095     1.21763
-0.0945     1.33094
-0.094     1.50761
-0.0935     1.76489
-0.093     2.08093
-0.0925     2.36614
-0.092     2.47473
-0.0915     2.32469
-0.091     1.9937
-0.0905     1.62375
-0.09     1.30166
-0.0895     1.05005
-0.089     0.861741
-0.0885     0.722535
-0.088     0.619615
-0.0875     0.543268
-0.087     0.486591
-0.0865     0.444796
-0.086     0.414604
-0.0855     0.393811
-0.085     0.380988
-0.0845     0.375304
-0.084     0.376413
-0.0835     0.384422
-0.083     0.399894
-0.0825     0.423927
-0.082     0.458286
-0.0815     0.505617
-0.081     0.569755
-0.0805     0.656104
-0.08     0.772096
-0.0795     0.927827
-0.079     1.13674
-0.0785     1.41353
-0.078     1.76215
-0.0775     2.14618
-0.077     2.454
-0.0765     2.53222
-0.076     2.33077
-0.0755     1.96453
-0.075     1.58106
-0.0745     1.25666
-0.074     1.00588
-0.0735     0.818231
-0.073     0.678571
-0.0725     0.573939
-0.072     0.494665
-0.0715     0.433871
-0.071     0.386733
-0.0705     0.349858
-0.07     0.320847
-0.0695     0.297989
-0.069     0.280053
-0.0685     0.266155
-0.068     0.255667
-0.0675     0.248153
-0.067     0.243332
-0.0665     0.241061
-0.066     0.241322
-0.0655     0.24423
-0.065     0.250054
-0.0645     0.259258
-0.064     0.272562
-0.0635     0.291038
-0.063     0.316215
-0.0625     0.350165
-0.062     0.395326
-0.0615     0.453473
-0.061     0.522657
-0.0605     0.591859
-0.06     0.640155
-0.0595     0.652729
-0.059     0.639579
-0.0585     0.625462
-0.058     0.629378
-0.0575     0.660746
-0.057     0.724724
-0.0565     0.825981
-0.056     0.968432
-0.0555     1.14849
-0.055     1.3389
-0.0545     1.47713
-0.054     1.50053
-0.0535     1.41607
-0.053     1.29494
-0.0525     1.20252
-0.052     1.16981
-0.0515     1.20553
-0.051     1.30665
-0.0505     1.45273
-0.05     1.59042
-0.0495     1.64258
-0.049     1.57369
-0.0485     1.43178
-0.048     1.29261
-0.0475     1.20257
-0.047     1.17856
-0.0465     1.22589
-0.046     1.34754
-0.0455     1.54041
-0.045     1.77669
-0.0445     1.97762
-0.044     2.02935
-0.0435     1.88273
-0.043     1.61089
-0.0425     1.32171
-0.042     1.07493
-0.0415     0.88359
-0.041     0.740687
-0.0405     0.635152
-0.04     0.557343
-0.0395     0.500071
-0.039     0.458295
-0.0385     0.42859
-0.038     0.408716
-0.0375     0.39732
-0.037     0.393761
-0.0365     0.398034
-0.036     0.410792
-0.0355     0.433432
-0.035     0.46825
-0.0345     0.518531
-0.034     0.588201
-0.0335     0.679945
-0.033     0.789696
-0.0325     0.897199
-0.032     0.964897
-0.0315     0.966547
-0.031     0.919355
-0.0305     0.865159
-0.03     0.834623
-0.0295     0.841067
-0.029     0.890194
-0.0285     0.98784
-0.028     1.14311
-0.0275     1.36753
-0.027     1.66726
-0.0265     2.02096
-0.026     2.34435
-0.0255     2.49199
-0.025     2.37147
-0.0245     2.05221
-0.024     1.68078
-0.0235     1.35237
-0.023     1.09437
-0.0225     0.901019
-0.022     0.758194
-0.0215     0.652747
-0.021     0.574648
-0.0205     0.516756
-0.02     0.47413
-0.0195     0.443415
-0.019     0.422394
-0.0185     0.409697
-0.018     0.404632
-0.0175     0.407105
-0.017     0.417609
-0.0165     0.437248
-0.016     0.467693
-0.0155     0.51087
-0.015     0.568187
-0.0145     0.639693
-0.014     0.72399
-0.0135     0.817532
-0.013     0.911664
-0.0125     0.987767
-0.012     1.01796
-0.0115     0.990404
-0.011     0.930198
-0.0105     0.875213
-0.01     0.848262
-0.0095     0.855874
-0.009     0.896824
-0.0085     0.969199
-0.008     1.07236
-0.0075     1.1973
-0.007     1.31169
-0.0065     1.36862
-0.006     1.35373
-0.0055     1.30669
-0.005     1.28013
-0.0045     1.30655
-0.004     1.40224
-0.0035     1.57916
-0.003     1.84694
-0.0025     2.19893
-0.002     2.57848
-0.0015     2.84999
-0.001     2.86279
-0.0005     2.60697
0     2.22489
0.0005     1.85742
0.001     1.5667
0.0015     1.36076
0.002     1.22903
0.0025     1.1593
0.003     1.14183
0.0035     1.16695
0.004     1.21971
0.0045     1.28005
0.005     1.33918
0.0055     1.41379
0.006     1.53038
0.0065     1.69774
0.007     1.88757
0.0075     2.03277
0.008     2.07759
0.0085     2.04511
0.009     2.0094
0.0095     2.01208
0.01     2.02962
0.0105     2.00541
0.011     1.92189
0.0115     1.82589
0.012     1.77738
0.0125     1.81265
0.013     1.94753
0.0135     2.18285
0.014     2.4892
0.0145     2.7756
0.015     2.8991
0.0155     2.78202
0.016     2.50398
0.0165     2.20749
0.017     1.98228
0.0175     1.85823
0.018     1.83989
0.0185     1.92936
0.019     2.13335
0.0195     2.45748
0.02     2.88239
0.0205     3.31709
0.021     3.57508
0.0215     3.48778
0.022     3.08924
0.0225     2.57153
0.023     2.09096
0.0235     1.70513
0.024     1.4137
0.0245     1.19836
0.025     1.04027
0.0255     0.924631
0.026     0.840903
0.0265     0.781956
0.027     0.743201
0.0275     0.72194
0.028     0.716846
0.0285     0.727323
0.029     0.752455
0.0295     0.789905
0.03     0.836952
0.0305     0.894205
0.031     0.966198
0.0315     1.0589
0.032     1.17899
0.0325     1.32658
0.033     1.47856
0.0335     1.58513
0.034     1.6102
0.0345     1.57867
0.035     1.55162
0.0355     1.5727
0.036     1.65075
0.0365     1.75954
0.037     1.84395
0.0375     1.86044
0.038     1.82686
0.0385     1.80296
0.039     1.83863
0.0395     1.96211
0.04     2.19357
0.0405     2.55624
0.041     3.0767
0.0415     3.7673
0.042     4.57445
0.0425     5.29898
0.043     5.61101
0.0435     5.31929
0.044     4.59883
0.0445     3.77968
0.045     3.06767
0.0455     2.51937
0.046     2.12125
0.0465     1.84332
0.047     1.65923
0.0475     1.55095
0.048     1.5086
0.0485     1.52948
0.049     1.61681
0.0495     1.77681
0.05     2.00988
0.0505     2.28956
0.051     2.53551
0.0515     2.63296
0.052     2.53925
0.0525     2.34009
0.053     2.15525
0.0535     2.05232
0.054     2.04276
0.0545     2.09393
0.055     2.13233
0.0555     2.08025
0.056     1.92927
0.0565     1.74322
0.057     1.58615
0.0575     1.48734
0.058     1.45253
0.0585     1.47819
0.059     1.55361
0.0595     1.65376
0.06     1.73878
0.0605     1.78338
0.061     1.80904
0.0615     1.86484
0.062     1.99237
0.0625     2.22097
0.063     2.57806
0.0635     3.09386
0.064     3.78937
0.0645     4.63185
0.065     5.45161
0.0655     5.91361
0.066     5.74375
0.0665     5.03998
0.067     4.15035
0.0675     3.33729
0.068     2.69104
0.0685     2.20694
0.069     1.85269
0.0695     1.59633
0.07     1.4134
0.0705     1.28707
0.071     1.20673
0.0715     1.16642
0.072     1.16331
0.0725     1.19495
0.073     1.25396
0.0735     1.32123
0.074     1.37043
0.0745     1.39395
0.075     1.4175
0.0755     1.47763
0.076     1.59912
0.0765     1.78818
0.077     2.02061
0.0775     2.22178
0.078     2.28571
0.0785     2.17098
0.079     1.95069
0.0795     1.72765
0.08     1.55899
0.0805     1.45858
0.081     1.42029
0.0815     1.43132
0.082     1.4817
0.0825     1.57519
0.083     1.72853
0.0835     1.95555
0.084     2.24441
0.0845     2.52791
0.085     2.67958
0.0855     2.60494
0.086     2.3498
0.0865     2.04302
0.087     1.77657
0.0875     1.5807
0.088     1.45315
0.0885     1.38194
0.089     1.35381
0.0895     1.35728
0.09     1.38695
0.0905     1.44563
0.091     1.54059
0.0915     1.68035
0.092     1.87546
0.0925     2.14088
0.093     2.49869
0.0935     2.98109
0.094     3.63375
0.0945     4.51704
0.095     5.69731
0.0955     7.20593
0.096     8.92854
0.0965     10.44
0.097     11.053
0.0975     10.3958
0.098     8.8596
0.0985     7.1298
0.099     5.62045
0.0995     4.43883
0.1     3.55101
0.1005     2.89
0.101     2.3952
0.1015     2.02059
0.102     1.73326
0.1025     1.51008
0.103     1.33483
0.1035     1.19606
0.104     1.08564
0.1045     0.997787
0.105     0.92839
0.1055     0.874626
0.106     0.834693
0.1065     0.807678
0.107     0.793541
0.1075     0.793168
0.108     0.808438
0.1085     0.842087
0.109     0.89667
0.1095     0.971088
0.11     1.05324
0.1105     1.11446
0.111     1.12482
0.1115     1.08596
0.112     1.03085
0.1125     0.991128
0.113     0.982281
0.1135     1.00856
0.114     1.06699
0.1145     1.14373
0.115     1.20935
0.1155     1.23314
0.116     1.21538
0.1165     1.18759
0.117     1.1778
0.1175     1.19024
0.118     1.20736
0.1185     1.20759
0.119     1.18919
0.1195     1.1681
0.12     1.15645
0.1205     1.15771
0.121     1.17543
0.1215     1.21532
0.122     1.2823
0.1225     1.3803
0.123     1.51405
0.1235     1.69069
0.124     1.92102
0.1245     2.22107
0.125     2.61421
0.1255     3.13418
0.126     3.82885
0.1265     4.7631
0.127     6.01459
0.1275     7.64371
0.128     9.59801
0.1285     11.5278
0.129     12.697
0.1295     12.4478
0.13     10.936
0.1305     8.9375
0.131     7.076
0.1315     5.57989
0.132     4.44766
0.1325     3.60697
0.133     2.98306
0.1335     2.51699
0.134     2.16623
0.1345     1.90116
0.135     1.70148
0.1355     1.5536
0.136     1.44887
0.1365     1.38252
0.137     1.35315
0.1375     1.36268
0.138     1.41634
0.1385     1.52213
0.139     1.68744
0.1395     1.90797
0.14     2.14412
0.1405     2.30213
0.141     2.28093
0.1415     2.07819
0.142     1.79246
0.1425     1.51754
0.143     1.29304
0.1435     1.12222
0.144     0.995847
0.1445     0.903404
0.145     0.836445
0.1455     0.788904
0.146     0.756678
0.1465     0.737154
0.147     0.728857
0.1475     0.731213
0.148     0.744317
0.1485     0.768485
0.149     0.803138
0.1495     0.844871
