#site1    site2      values
0       1      0.054
0       23      0.054
0       24      0.054
0       47      0.054
0       552      0.054
0       553      0.054
1       2      0.054
1       24      0.054
1       25      0.054
1       553      0.054
1       554      0.054
2       3      0.054
2       25      0.054
2       26      0.054
2       554      0.054
2       555      0.054
3       4      0.054
3       26      0.054
3       27      0.054
3       555      0.054
3       556      0.054
4       5      0.054
4       27      0.054
4       28      0.054
4       556      0.054
4       557      0.054
5       6      0.054
5       28      0.054
5       29      0.054
5       557      0.054
5       558      0.054
6       7      0.054
6       29      0.054
6       30      0.054
6       558      0.054
6       559      0.054
7       8      0.054
7       30      0.054
7       31      0.054
7       559      0.054
7       560      0.054
8       9      0.054
8       31      0.054
8       32      0.054
8       560      0.054
8       561      0.054
9       10      0.054
9       32      0.054
9       33      0.054
9       561      0.054
9       562      0.054
10       11      0.054
10       33      0.054
10       34      0.054
10       562      0.054
10       563      0.054
11       12      0.054
11       34      0.054
11       35      0.054
11       563      0.054
11       564      0.054
12       13      0.054
12       35      0.054
12       36      0.054
12       564      0.054
12       565      0.054
13       14      0.054
13       36      0.054
13       37      0.054
13       565      0.054
13       566      0.054
14       15      0.054
14       37      0.054
14       38      0.054
14       566      0.054
14       567      0.054
15       16      0.054
15       38      0.054
15       39      0.054
15       567      0.054
15       568      0.054
16       17      0.054
16       39      0.054
16       40      0.054
16       568      0.054
16       569      0.054
17       18      0.054
17       40      0.054
17       41      0.054
17       569      0.054
17       570      0.054
18       19      0.054
18       41      0.054
18       42      0.054
18       570      0.054
18       571      0.054
19       20      0.054
19       42      0.054
19       43      0.054
19       571      0.054
19       572      0.054
20       21      0.054
20       43      0.054
20       44      0.054
20       572      0.054
20       573      0.054
21       22      0.054
21       44      0.054
21       45      0.054
21       573      0.054
21       574      0.054
22       23      0.054
22       45      0.054
22       46      0.054
22       574      0.054
22       575      0.054
23       46      0.054
23       47      0.054
23       552      0.054
23       575      0.054
24       25      0.054
24       47      0.054
24       48      0.054
24       71      0.054
25       26      0.054
25       48      0.054
25       49      0.054
26       27      0.054
26       49      0.054
26       50      0.054
27       28      0.054
27       50      0.054
27       51      0.054
28       29      0.054
28       51      0.054
28       52      0.054
29       30      0.054
29       52      0.054
29       53      0.054
30       31      0.054
30       53      0.054
30       54      0.054
31       32      0.054
31       54      0.054
31       55      0.054
32       33      0.054
32       55      0.054
32       56      0.054
33       34      0.054
33       56      0.054
33       57      0.054
34       35      0.054
34       57      0.054
34       58      0.054
35       36      0.054
35       58      0.054
35       59      0.054
36       37      0.054
36       59      0.054
36       60      0.054
37       38      0.054
37       60      0.054
37       61      0.054
38       39      0.054
38       61      0.054
38       62      0.054
39       40      0.054
39       62      0.054
39       63      0.054
40       41      0.054
40       63      0.054
40       64      0.054
41       42      0.054
41       64      0.054
41       65      0.054
42       43      0.054
42       65      0.054
42       66      0.054
43       44      0.054
43       66      0.054
43       67      0.054
44       45      0.054
44       67      0.054
44       68      0.054
45       46      0.054
45       68      0.054
45       69      0.054
46       47      0.054
46       69      0.054
46       70      0.054
47       70      0.054
47       71      0.054
48       49      0.054
48       71      0.054
48       72      0.054
48       95      0.054
49       50      0.054
49       72      0.054
49       73      0.054
50       51      0.054
50       73      0.054
50       74      0.054
51       52      0.054
51       74      0.054
51       75      0.054
52       53      0.054
52       75      0.054
52       76      0.054
53       54      0.054
53       76      0.054
53       77      0.054
54       55      0.054
54       77      0.054
54       78      0.054
55       56      0.054
55       78      0.054
55       79      0.054
56       57      0.054
56       79      0.054
56       80      0.054
57       58      0.054
57       80      0.054
57       81      0.054
58       59      0.054
58       81      0.054
58       82      0.054
59       60      0.054
59       82      0.054
59       83      0.054
60       61      0.054
60       83      0.054
60       84      0.054
61       62      0.054
61       84      0.054
61       85      0.054
62       63      0.054
62       85      0.054
62       86      0.054
63       64      0.054
63       86      0.054
63       87      0.054
64       65      0.054
64       87      0.054
64       88      0.054
65       66      0.054
65       88      0.054
65       89      0.054
66       67      0.054
66       89      0.054
66       90      0.054
67       68      0.054
67       90      0.054
67       91      0.054
68       69      0.054
68       91      0.054
68       92      0.054
69       70      0.054
69       92      0.054
69       93      0.054
70       71      0.054
70       93      0.054
70       94      0.054
71       94      0.054
71       95      0.054
72       73      0.054
72       95      0.054
72       96      0.054
72       119      0.054
73       74      0.054
73       96      0.054
73       97      0.054
74       75      0.054
74       97      0.054
74       98      0.054
75       76      0.054
75       98      0.054
75       99      0.054
76       77      0.054
76       99      0.054
76       100      0.054
77       78      0.054
77       100      0.054
77       101      0.054
78       79      0.054
78       101      0.054
78       102      0.054
79       80      0.054
79       102      0.054
79       103      0.054
80       81      0.054
80       103      0.054
80       104      0.054
81       82      0.054
81       104      0.054
81       105      0.054
82       83      0.054
82       105      0.054
82       106      0.054
83       84      0.054
83       106      0.054
83       107      0.054
84       85      0.054
84       107      0.054
84       108      0.054
85       86      0.054
85       108      0.054
85       109      0.054
86       87      0.054
86       109      0.054
86       110      0.054
87       88      0.054
87       110      0.054
87       111      0.054
88       89      0.054
88       111      0.054
88       112      0.054
89       90      0.054
89       112      0.054
89       113      0.054
90       91      0.054
90       113      0.054
90       114      0.054
91       92      0.054
91       114      0.054
91       115      0.054
92       93      0.054
92       115      0.054
92       116      0.054
93       94      0.054
93       116      0.054
93       117      0.054
94       95      0.054
94       117      0.054
94       118      0.054
95       118      0.054
95       119      0.054
96       97      0.054
96       119      0.054
96       120      0.054
96       143      0.054
97       98      0.054
97       120      0.054
97       121      0.054
98       99      0.054
98       121      0.054
98       122      0.054
99       100      0.054
99       122      0.054
99       123      0.054
100       101      0.054
100       123      0.054
100       124      0.054
101       102      0.054
101       124      0.054
101       125      0.054
102       103      0.054
102       125      0.054
102       126      0.054
103       104      0.054
103       126      0.054
103       127      0.054
104       105      0.054
104       127      0.054
104       128      0.054
105       106      0.054
105       128      0.054
105       129      0.054
106       107      0.054
106       129      0.054
106       130      0.054
107       108      0.054
107       130      0.054
107       131      0.054
108       109      0.054
108       131      0.054
108       132      0.054
109       110      0.054
109       132      0.054
109       133      0.054
110       111      0.054
110       133      0.054
110       134      0.054
111       112      0.054
111       134      0.054
111       135      0.054
112       113      0.054
112       135      0.054
112       136      0.054
113       114      0.054
113       136      0.054
113       137      0.054
114       115      0.054
114       137      0.054
114       138      0.054
115       116      0.054
115       138      0.054
115       139      0.054
116       117      0.054
116       139      0.054
116       140      0.054
117       118      0.054
117       140      0.054
117       141      0.054
118       119      0.054
118       141      0.054
118       142      0.054
119       142      0.054
119       143      0.054
120       121      0.054
120       143      0.054
120       144      0.054
120       167      0.054
121       122      0.054
121       144      0.054
121       145      0.054
122       123      0.054
122       145      0.054
122       146      0.054
123       124      0.054
123       146      0.054
123       147      0.054
124       125      0.054
124       147      0.054
124       148      0.054
125       126      0.054
125       148      0.054
125       149      0.054
126       127      0.054
126       149      0.054
126       150      0.054
127       128      0.054
127       150      0.054
127       151      0.054
128       129      0.054
128       151      0.054
128       152      0.054
129       130      0.054
129       152      0.054
129       153      0.054
130       131      0.054
130       153      0.054
130       154      0.054
131       132      0.054
131       154      0.054
131       155      0.054
132       133      0.054
132       155      0.054
132       156      0.054
133       134      0.054
133       156      0.054
133       157      0.054
134       135      0.054
134       157      0.054
134       158      0.054
135       136      0.054
135       158      0.054
135       159      0.054
136       137      0.054
136       159      0.054
136       160      0.054
137       138      0.054
137       160      0.054
137       161      0.054
138       139      0.054
138       161      0.054
138       162      0.054
139       140      0.054
139       162      0.054
139       163      0.054
140       141      0.054
140       163      0.054
140       164      0.054
141       142      0.054
141       164      0.054
141       165      0.054
142       143      0.054
142       165      0.054
142       166      0.054
143       166      0.054
143       167      0.054
144       145      0.054
144       167      0.054
144       168      0.054
144       191      0.054
145       146      0.054
145       168      0.054
145       169      0.054
146       147      0.054
146       169      0.054
146       170      0.054
147       148      0.054
147       170      0.054
147       171      0.054
148       149      0.054
148       171      0.054
148       172      0.054
149       150      0.054
149       172      0.054
149       173      0.054
150       151      0.054
150       173      0.054
150       174      0.054
151       152      0.054
151       174      0.054
151       175      0.054
152       153      0.054
152       175      0.054
152       176      0.054
153       154      0.054
153       176      0.054
153       177      0.054
154       155      0.054
154       177      0.054
154       178      0.054
155       156      0.054
155       178      0.054
155       179      0.054
156       157      0.054
156       179      0.054
156       180      0.054
157       158      0.054
157       180      0.054
157       181      0.054
158       159      0.054
158       181      0.054
158       182      0.054
159       160      0.054
159       182      0.054
159       183      0.054
160       161      0.054
160       183      0.054
160       184      0.054
161       162      0.054
161       184      0.054
161       185      0.054
162       163      0.054
162       185      0.054
162       186      0.054
163       164      0.054
163       186      0.054
163       187      0.054
164       165      0.054
164       187      0.054
164       188      0.054
165       166      0.054
165       188      0.054
165       189      0.054
166       167      0.054
166       189      0.054
166       190      0.054
167       190      0.054
167       191      0.054
168       169      0.054
168       191      0.054
168       192      0.054
168       215      0.054
169       170      0.054
169       192      0.054
169       193      0.054
170       171      0.054
170       193      0.054
170       194      0.054
171       172      0.054
171       194      0.054
171       195      0.054
172       173      0.054
172       195      0.054
172       196      0.054
173       174      0.054
173       196      0.054
173       197      0.054
174       175      0.054
174       197      0.054
174       198      0.054
175       176      0.054
175       198      0.054
175       199      0.054
176       177      0.054
176       199      0.054
176       200      0.054
177       178      0.054
177       200      0.054
177       201      0.054
178       179      0.054
178       201      0.054
178       202      0.054
179       180      0.054
179       202      0.054
179       203      0.054
180       181      0.054
180       203      0.054
180       204      0.054
181       182      0.054
181       204      0.054
181       205      0.054
182       183      0.054
182       205      0.054
182       206      0.054
183       184      0.054
183       206      0.054
183       207      0.054
184       185      0.054
184       207      0.054
184       208      0.054
185       186      0.054
185       208      0.054
185       209      0.054
186       187      0.054
186       209      0.054
186       210      0.054
187       188      0.054
187       210      0.054
187       211      0.054
188       189      0.054
188       211      0.054
188       212      0.054
189       190      0.054
189       212      0.054
189       213      0.054
190       191      0.054
190       213      0.054
190       214      0.054
191       214      0.054
191       215      0.054
192       193      0.054
192       215      0.054
192       216      0.054
192       239      0.054
193       194      0.054
193       216      0.054
193       217      0.054
194       195      0.054
194       217      0.054
194       218      0.054
195       196      0.054
195       218      0.054
195       219      0.054
196       197      0.054
196       219      0.054
196       220      0.054
197       198      0.054
197       220      0.054
197       221      0.054
198       199      0.054
198       221      0.054
198       222      0.054
199       200      0.054
199       222      0.054
199       223      0.054
200       201      0.054
200       223      0.054
200       224      0.054
201       202      0.054
201       224      0.054
201       225      0.054
202       203      0.054
202       225      0.054
202       226      0.054
203       204      0.054
203       226      0.054
203       227      0.054
204       205      0.054
204       227      0.054
204       228      0.054
205       206      0.054
205       228      0.054
205       229      0.054
206       207      0.054
206       229      0.054
206       230      0.054
207       208      0.054
207       230      0.054
207       231      0.054
208       209      0.054
208       231      0.054
208       232      0.054
209       210      0.054
209       232      0.054
209       233      0.054
210       211      0.054
210       233      0.054
210       234      0.054
211       212      0.054
211       234      0.054
211       235      0.054
212       213      0.054
212       235      0.054
212       236      0.054
213       214      0.054
213       236      0.054
213       237      0.054
214       215      0.054
214       237      0.054
214       238      0.054
215       238      0.054
215       239      0.054
216       217      0.054
216       239      0.054
216       240      0.054
216       263      0.054
217       218      0.054
217       240      0.054
217       241      0.054
218       219      0.054
218       241      0.054
218       242      0.054
219       220      0.054
219       242      0.054
219       243      0.054
220       221      0.054
220       243      0.054
220       244      0.054
221       222      0.054
221       244      0.054
221       245      0.054
222       223      0.054
222       245      0.054
222       246      0.054
223       224      0.054
223       246      0.054
223       247      0.054
224       225      0.054
224       247      0.054
224       248      0.054
225       226      0.054
225       248      0.054
225       249      0.054
226       227      0.054
226       249      0.054
226       250      0.054
227       228      0.054
227       250      0.054
227       251      0.054
228       229      0.054
228       251      0.054
228       252      0.054
229       230      0.054
229       252      0.054
229       253      0.054
230       231      0.054
230       253      0.054
230       254      0.054
231       232      0.054
231       254      0.054
231       255      0.054
232       233      0.054
232       255      0.054
232       256      0.054
233       234      0.054
233       256      0.054
233       257      0.054
234       235      0.054
234       257      0.054
234       258      0.054
235       236      0.054
235       258      0.054
235       259      0.054
236       237      0.054
236       259      0.054
236       260      0.054
237       238      0.054
237       260      0.054
237       261      0.054
238       239      0.054
238       261      0.054
238       262      0.054
239       262      0.054
239       263      0.054
240       241      0.054
240       263      0.054
240       264      0.054
240       287      0.054
241       242      0.054
241       264      0.054
241       265      0.054
242       243      0.054
242       265      0.054
242       266      0.054
243       244      0.054
243       266      0.054
243       267      0.054
244       245      0.054
244       267      0.054
244       268      0.054
245       246      0.054
245       268      0.054
245       269      0.054
246       247      0.054
246       269      0.054
246       270      0.054
247       248      0.054
247       270      0.054
247       271      0.054
248       249      0.054
248       271      0.054
248       272      0.054
249       250      0.054
249       272      0.054
249       273      0.054
250       251      0.054
250       273      0.054
250       274      0.054
251       252      0.054
251       274      0.054
251       275      0.054
252       253      0.054
252       275      0.054
252       276      0.054
253       254      0.054
253       276      0.054
253       277      0.054
254       255      0.054
254       277      0.054
254       278      0.054
255       256      0.054
255       278      0.054
255       279      0.054
256       257      0.054
256       279      0.054
256       280      0.054
257       258      0.054
257       280      0.054
257       281      0.054
258       259      0.054
258       281      0.054
258       282      0.054
259       260      0.054
259       282      0.054
259       283      0.054
260       261      0.054
260       283      0.054
260       284      0.054
261       262      0.054
261       284      0.054
261       285      0.054
262       263      0.054
262       285      0.054
262       286      0.054
263       286      0.054
263       287      0.054
264       265      0.054
264       287      0.054
264       288      0.054
264       311      0.054
265       266      0.054
265       288      0.054
265       289      0.054
266       267      0.054
266       289      0.054
266       290      0.054
267       268      0.054
267       290      0.054
267       291      0.054
268       269      0.054
268       291      0.054
268       292      0.054
269       270      0.054
269       292      0.054
269       293      0.054
270       271      0.054
270       293      0.054
270       294      0.054
271       272      0.054
271       294      0.054
271       295      0.054
272       273      0.054
272       295      0.054
272       296      0.054
273       274      0.054
273       296      0.054
273       297      0.054
274       275      0.054
274       297      0.054
274       298      0.054
275       276      0.054
275       298      0.054
275       299      0.054
276       277      0.054
276       299      0.054
276       300      0.054
277       278      0.054
277       300      0.054
277       301      0.054
278       279      0.054
278       301      0.054
278       302      0.054
279       280      0.054
279       302      0.054
279       303      0.054
280       281      0.054
280       303      0.054
280       304      0.054
281       282      0.054
281       304      0.054
281       305      0.054
282       283      0.054
282       305      0.054
282       306      0.054
283       284      0.054
283       306      0.054
283       307      0.054
284       285      0.054
284       307      0.054
284       308      0.054
285       286      0.054
285       308      0.054
285       309      0.054
286       287      0.054
286       309      0.054
286       310      0.054
287       310      0.054
287       311      0.054
288       289      0.054
288       311      0.054
288       312      0.054
288       335      0.054
289       290      0.054
289       312      0.054
289       313      0.054
290       291      0.054
290       313      0.054
290       314      0.054
291       292      0.054
291       314      0.054
291       315      0.054
292       293      0.054
292       315      0.054
292       316      0.054
293       294      0.054
293       316      0.054
293       317      0.054
294       295      0.054
294       317      0.054
294       318      0.054
295       296      0.054
295       318      0.054
295       319      0.054
296       297      0.054
296       319      0.054
296       320      0.054
297       298      0.054
297       320      0.054
297       321      0.054
298       299      0.054
298       321      0.054
298       322      0.054
299       300      0.054
299       322      0.054
299       323      0.054
300       301      0.054
300       323      0.054
300       324      0.054
301       302      0.054
301       324      0.054
301       325      0.054
302       303      0.054
302       325      0.054
302       326      0.054
303       304      0.054
303       326      0.054
303       327      0.054
304       305      0.054
304       327      0.054
304       328      0.054
305       306      0.054
305       328      0.054
305       329      0.054
306       307      0.054
306       329      0.054
306       330      0.054
307       308      0.054
307       330      0.054
307       331      0.054
308       309      0.054
308       331      0.054
308       332      0.054
309       310      0.054
309       332      0.054
309       333      0.054
310       311      0.054
310       333      0.054
310       334      0.054
311       334      0.054
311       335      0.054
312       313      0.054
312       335      0.054
312       336      0.054
312       359      0.054
313       314      0.054
313       336      0.054
313       337      0.054
314       315      0.054
314       337      0.054
314       338      0.054
315       316      0.054
315       338      0.054
315       339      0.054
316       317      0.054
316       339      0.054
316       340      0.054
317       318      0.054
317       340      0.054
317       341      0.054
318       319      0.054
318       341      0.054
318       342      0.054
319       320      0.054
319       342      0.054
319       343      0.054
320       321      0.054
320       343      0.054
320       344      0.054
321       322      0.054
321       344      0.054
321       345      0.054
322       323      0.054
322       345      0.054
322       346      0.054
323       324      0.054
323       346      0.054
323       347      0.054
324       325      0.054
324       347      0.054
324       348      0.054
325       326      0.054
325       348      0.054
325       349      0.054
326       327      0.054
326       349      0.054
326       350      0.054
327       328      0.054
327       350      0.054
327       351      0.054
328       329      0.054
328       351      0.054
328       352      0.054
329       330      0.054
329       352      0.054
329       353      0.054
330       331      0.054
330       353      0.054
330       354      0.054
331       332      0.054
331       354      0.054
331       355      0.054
332       333      0.054
332       355      0.054
332       356      0.054
333       334      0.054
333       356      0.054
333       357      0.054
334       335      0.054
334       357      0.054
334       358      0.054
335       358      0.054
335       359      0.054
336       337      0.054
336       359      0.054
336       360      0.054
336       383      0.054
337       338      0.054
337       360      0.054
337       361      0.054
338       339      0.054
338       361      0.054
338       362      0.054
339       340      0.054
339       362      0.054
339       363      0.054
340       341      0.054
340       363      0.054
340       364      0.054
341       342      0.054
341       364      0.054
341       365      0.054
342       343      0.054
342       365      0.054
342       366      0.054
343       344      0.054
343       366      0.054
343       367      0.054
344       345      0.054
344       367      0.054
344       368      0.054
345       346      0.054
345       368      0.054
345       369      0.054
346       347      0.054
346       369      0.054
346       370      0.054
347       348      0.054
347       370      0.054
347       371      0.054
348       349      0.054
348       371      0.054
348       372      0.054
349       350      0.054
349       372      0.054
349       373      0.054
350       351      0.054
350       373      0.054
350       374      0.054
351       352      0.054
351       374      0.054
351       375      0.054
352       353      0.054
352       375      0.054
352       376      0.054
353       354      0.054
353       376      0.054
353       377      0.054
354       355      0.054
354       377      0.054
354       378      0.054
355       356      0.054
355       378      0.054
355       379      0.054
356       357      0.054
356       379      0.054
356       380      0.054
357       358      0.054
357       380      0.054
357       381      0.054
358       359      0.054
358       381      0.054
358       382      0.054
359       382      0.054
359       383      0.054
360       361      0.054
360       383      0.054
360       384      0.054
360       407      0.054
361       362      0.054
361       384      0.054
361       385      0.054
362       363      0.054
362       385      0.054
362       386      0.054
363       364      0.054
363       386      0.054
363       387      0.054
364       365      0.054
364       387      0.054
364       388      0.054
365       366      0.054
365       388      0.054
365       389      0.054
366       367      0.054
366       389      0.054
366       390      0.054
367       368      0.054
367       390      0.054
367       391      0.054
368       369      0.054
368       391      0.054
368       392      0.054
369       370      0.054
369       392      0.054
369       393      0.054
370       371      0.054
370       393      0.054
370       394      0.054
371       372      0.054
371       394      0.054
371       395      0.054
372       373      0.054
372       395      0.054
372       396      0.054
373       374      0.054
373       396      0.054
373       397      0.054
374       375      0.054
374       397      0.054
374       398      0.054
375       376      0.054
375       398      0.054
375       399      0.054
376       377      0.054
376       399      0.054
376       400      0.054
377       378      0.054
377       400      0.054
377       401      0.054
378       379      0.054
378       401      0.054
378       402      0.054
379       380      0.054
379       402      0.054
379       403      0.054
380       381      0.054
380       403      0.054
380       404      0.054
381       382      0.054
381       404      0.054
381       405      0.054
382       383      0.054
382       405      0.054
382       406      0.054
383       406      0.054
383       407      0.054
384       385      0.054
384       407      0.054
384       408      0.054
384       431      0.054
385       386      0.054
385       408      0.054
385       409      0.054
386       387      0.054
386       409      0.054
386       410      0.054
387       388      0.054
387       410      0.054
387       411      0.054
388       389      0.054
388       411      0.054
388       412      0.054
389       390      0.054
389       412      0.054
389       413      0.054
390       391      0.054
390       413      0.054
390       414      0.054
391       392      0.054
391       414      0.054
391       415      0.054
392       393      0.054
392       415      0.054
392       416      0.054
393       394      0.054
393       416      0.054
393       417      0.054
394       395      0.054
394       417      0.054
394       418      0.054
395       396      0.054
395       418      0.054
395       419      0.054
396       397      0.054
396       419      0.054
396       420      0.054
397       398      0.054
397       420      0.054
397       421      0.054
398       399      0.054
398       421      0.054
398       422      0.054
399       400      0.054
399       422      0.054
399       423      0.054
400       401      0.054
400       423      0.054
400       424      0.054
401       402      0.054
401       424      0.054
401       425      0.054
402       403      0.054
402       425      0.054
402       426      0.054
403       404      0.054
403       426      0.054
403       427      0.054
404       405      0.054
404       427      0.054
404       428      0.054
405       406      0.054
405       428      0.054
405       429      0.054
406       407      0.054
406       429      0.054
406       430      0.054
407       430      0.054
407       431      0.054
408       409      0.054
408       431      0.054
408       432      0.054
408       455      0.054
409       410      0.054
409       432      0.054
409       433      0.054
410       411      0.054
410       433      0.054
410       434      0.054
411       412      0.054
411       434      0.054
411       435      0.054
412       413      0.054
412       435      0.054
412       436      0.054
413       414      0.054
413       436      0.054
413       437      0.054
414       415      0.054
414       437      0.054
414       438      0.054
415       416      0.054
415       438      0.054
415       439      0.054
416       417      0.054
416       439      0.054
416       440      0.054
417       418      0.054
417       440      0.054
417       441      0.054
418       419      0.054
418       441      0.054
418       442      0.054
419       420      0.054
419       442      0.054
419       443      0.054
420       421      0.054
420       443      0.054
420       444      0.054
421       422      0.054
421       444      0.054
421       445      0.054
422       423      0.054
422       445      0.054
422       446      0.054
423       424      0.054
423       446      0.054
423       447      0.054
424       425      0.054
424       447      0.054
424       448      0.054
425       426      0.054
425       448      0.054
425       449      0.054
426       427      0.054
426       449      0.054
426       450      0.054
427       428      0.054
427       450      0.054
427       451      0.054
428       429      0.054
428       451      0.054
428       452      0.054
429       430      0.054
429       452      0.054
429       453      0.054
430       431      0.054
430       453      0.054
430       454      0.054
431       454      0.054
431       455      0.054
432       433      0.054
432       455      0.054
432       456      0.054
432       479      0.054
433       434      0.054
433       456      0.054
433       457      0.054
434       435      0.054
434       457      0.054
434       458      0.054
435       436      0.054
435       458      0.054
435       459      0.054
436       437      0.054
436       459      0.054
436       460      0.054
437       438      0.054
437       460      0.054
437       461      0.054
438       439      0.054
438       461      0.054
438       462      0.054
439       440      0.054
439       462      0.054
439       463      0.054
440       441      0.054
440       463      0.054
440       464      0.054
441       442      0.054
441       464      0.054
441       465      0.054
442       443      0.054
442       465      0.054
442       466      0.054
443       444      0.054
443       466      0.054
443       467      0.054
444       445      0.054
444       467      0.054
444       468      0.054
445       446      0.054
445       468      0.054
445       469      0.054
446       447      0.054
446       469      0.054
446       470      0.054
447       448      0.054
447       470      0.054
447       471      0.054
448       449      0.054
448       471      0.054
448       472      0.054
449       450      0.054
449       472      0.054
449       473      0.054
450       451      0.054
450       473      0.054
450       474      0.054
451       452      0.054
451       474      0.054
451       475      0.054
452       453      0.054
452       475      0.054
452       476      0.054
453       454      0.054
453       476      0.054
453       477      0.054
454       455      0.054
454       477      0.054
454       478      0.054
455       478      0.054
455       479      0.054
456       457      0.054
456       479      0.054
456       480      0.054
456       503      0.054
457       458      0.054
457       480      0.054
457       481      0.054
458       459      0.054
458       481      0.054
458       482      0.054
459       460      0.054
459       482      0.054
459       483      0.054
460       461      0.054
460       483      0.054
460       484      0.054
461       462      0.054
461       484      0.054
461       485      0.054
462       463      0.054
462       485      0.054
462       486      0.054
463       464      0.054
463       486      0.054
463       487      0.054
464       465      0.054
464       487      0.054
464       488      0.054
465       466      0.054
465       488      0.054
465       489      0.054
466       467      0.054
466       489      0.054
466       490      0.054
467       468      0.054
467       490      0.054
467       491      0.054
468       469      0.054
468       491      0.054
468       492      0.054
469       470      0.054
469       492      0.054
469       493      0.054
470       471      0.054
470       493      0.054
470       494      0.054
471       472      0.054
471       494      0.054
471       495      0.054
472       473      0.054
472       495      0.054
472       496      0.054
473       474      0.054
473       496      0.054
473       497      0.054
474       475      0.054
474       497      0.054
474       498      0.054
475       476      0.054
475       498      0.054
475       499      0.054
476       477      0.054
476       499      0.054
476       500      0.054
477       478      0.054
477       500      0.054
477       501      0.054
478       479      0.054
478       501      0.054
478       502      0.054
479       502      0.054
479       503      0.054
480       481      0.054
480       503      0.054
480       504      0.054
480       527      0.054
481       482      0.054
481       504      0.054
481       505      0.054
482       483      0.054
482       505      0.054
482       506      0.054
483       484      0.054
483       506      0.054
483       507      0.054
484       485      0.054
484       507      0.054
484       508      0.054
485       486      0.054
485       508      0.054
485       509      0.054
486       487      0.054
486       509      0.054
486       510      0.054
487       488      0.054
487       510      0.054
487       511      0.054
488       489      0.054
488       511      0.054
488       512      0.054
489       490      0.054
489       512      0.054
489       513      0.054
490       491      0.054
490       513      0.054
490       514      0.054
491       492      0.054
491       514      0.054
491       515      0.054
492       493      0.054
492       515      0.054
492       516      0.054
493       494      0.054
493       516      0.054
493       517      0.054
494       495      0.054
494       517      0.054
494       518      0.054
495       496      0.054
495       518      0.054
495       519      0.054
496       497      0.054
496       519      0.054
496       520      0.054
497       498      0.054
497       520      0.054
497       521      0.054
498       499      0.054
498       521      0.054
498       522      0.054
499       500      0.054
499       522      0.054
499       523      0.054
500       501      0.054
500       523      0.054
500       524      0.054
501       502      0.054
501       524      0.054
501       525      0.054
502       503      0.054
502       525      0.054
502       526      0.054
503       526      0.054
503       527      0.054
504       505      0.054
504       527      0.054
504       528      0.054
504       551      0.054
505       506      0.054
505       528      0.054
505       529      0.054
506       507      0.054
506       529      0.054
506       530      0.054
507       508      0.054
507       530      0.054
507       531      0.054
508       509      0.054
508       531      0.054
508       532      0.054
509       510      0.054
509       532      0.054
509       533      0.054
510       511      0.054
510       533      0.054
510       534      0.054
511       512      0.054
511       534      0.054
511       535      0.054
512       513      0.054
512       535      0.054
512       536      0.054
513       514      0.054
513       536      0.054
513       537      0.054
514       515      0.054
514       537      0.054
514       538      0.054
515       516      0.054
515       538      0.054
515       539      0.054
516       517      0.054
516       539      0.054
516       540      0.054
517       518      0.054
517       540      0.054
517       541      0.054
518       519      0.054
518       541      0.054
518       542      0.054
519       520      0.054
519       542      0.054
519       543      0.054
520       521      0.054
520       543      0.054
520       544      0.054
521       522      0.054
521       544      0.054
521       545      0.054
522       523      0.054
522       545      0.054
522       546      0.054
523       524      0.054
523       546      0.054
523       547      0.054
524       525      0.054
524       547      0.054
524       548      0.054
525       526      0.054
525       548      0.054
525       549      0.054
526       527      0.054
526       549      0.054
526       550      0.054
527       550      0.054
527       551      0.054
528       529      0.054
528       551      0.054
528       552      0.054
528       575      0.054
529       530      0.054
529       552      0.054
529       553      0.054
530       531      0.054
530       553      0.054
530       554      0.054
531       532      0.054
531       554      0.054
531       555      0.054
532       533      0.054
532       555      0.054
532       556      0.054
533       534      0.054
533       556      0.054
533       557      0.054
534       535      0.054
534       557      0.054
534       558      0.054
535       536      0.054
535       558      0.054
535       559      0.054
536       537      0.054
536       559      0.054
536       560      0.054
537       538      0.054
537       560      0.054
537       561      0.054
538       539      0.054
538       561      0.054
538       562      0.054
539       540      0.054
539       562      0.054
539       563      0.054
540       541      0.054
540       563      0.054
540       564      0.054
541       542      0.054
541       564      0.054
541       565      0.054
542       543      0.054
542       565      0.054
542       566      0.054
543       544      0.054
543       566      0.054
543       567      0.054
544       545      0.054
544       567      0.054
544       568      0.054
545       546      0.054
545       568      0.054
545       569      0.054
546       547      0.054
546       569      0.054
546       570      0.054
547       548      0.054
547       570      0.054
547       571      0.054
548       549      0.054
548       571      0.054
548       572      0.054
549       550      0.054
549       572      0.054
549       573      0.054
550       551      0.054
550       573      0.054
550       574      0.054
551       574      0.054
551       575      0.054
552       553      0.054
552       575      0.054
553       554      0.054
554       555      0.054
555       556      0.054
556       557      0.054
557       558      0.054
558       559      0.054
559       560      0.054
560       561      0.054
561       562      0.054
562       563      0.054
563       564      0.054
564       565      0.054
565       566      0.054
566       567      0.054
567       568      0.054
568       569      0.054
569       570      0.054
570       571      0.054
571       572      0.054
572       573      0.054
573       574      0.054
574       575      0.054
