-3.14159     -3.14159    1.04567e-05
-3.14159     -2.82743    1.09819e-05
-3.14159     -2.51327    7.82253e-06
-3.14159     -2.19911    1.69319e-05
-3.14159     -1.88496    6.50941e-06
-3.14159     -1.5708    4.0759e-06
-3.14159     -1.25664    6.5079e-06
-3.14159     -0.942478    1.69272e-05
-3.14159     -0.628319    7.82207e-06
-3.14159     -0.314159    1.0982e-05
-3.14159     0    1.04541e-05
-3.14159     0.314159    1.0982e-05
-3.14159     0.628319    7.82207e-06
-3.14159     0.942478    1.69272e-05
-3.14159     1.25664    6.5079e-06
-3.14159     1.5708    4.0759e-06
-3.14159     1.88496    6.50941e-06
-3.14159     2.19911    1.69319e-05
-3.14159     2.51327    7.82253e-06
-3.14159     2.82743    1.09819e-05

-2.82743     -3.14159    1.09801e-05
-2.82743     -2.82743    5.02148e-06
-2.82743     -2.51327    2.80406e-06
-2.82743     -2.19911    1.35996e-06
-2.82743     -1.88496    1.17717e-05
-2.82743     -1.5708    1.30017e-05
-2.82743     -1.25664    1.30013e-05
-2.82743     -0.942478    1.17708e-05
-2.82743     -0.628319    1.35945e-06
-2.82743     -0.314159    2.80431e-06
-2.82743     0    5.02217e-06
-2.82743     0.314159    1.09778e-05
-2.82743     0.628319    2.89011e-05
-2.82743     0.942478    2.63431e-05
-2.82743     1.25664    1.30885e-05
-2.82743     1.5708    7.69063e-06
-2.82743     1.88496    7.6871e-06
-2.82743     2.19911    1.30904e-05
-2.82743     2.51327    2.63422e-05
-2.82743     2.82743    2.8908e-05

-2.51327     -3.14159    7.82282e-06
-2.51327     -2.82743    2.80384e-06
-2.51327     -2.51327    5.61556e-06
-2.51327     -2.19911    6.94872e-09
-2.51327     -1.88496    6.22129e-07
-2.51327     -1.5708    6.55871e-06
-2.51327     -1.25664    1.59527e-05
-2.51327     -0.942478    6.55856e-06
-2.51327     -0.628319    6.2233e-07
-2.51327     -0.314159    6.93187e-09
-2.51327     0    5.6169e-06
-2.51327     0.314159    2.80549e-06
-2.51327     0.628319    7.82227e-06
-2.51327     0.942478    2.63433e-05
-2.51327     1.25664    2.56611e-05
-2.51327     1.5708    8.743e-06
-2.51327     1.88496    5.16289e-06
-2.51327     2.19911    8.74821e-06
-2.51327     2.51327    2.56821e-05
-2.51327     2.82743    2.63417e-05

-2.19911     -3.14159    1.69309e-05
-2.19911     -2.82743    1.35941e-06
-2.19911     -2.51327    6.99752e-09
-2.19911     -2.19911    3.02192e-06
-2.19911     -1.88496    2.04358e-07
-2.19911     -1.5708    1.47609e-06
-2.19911     -1.25664    6.45756e-06
-2.19911     -0.942478    6.45671e-06
-2.19911     -0.628319    1.47674e-06
-2.19911     -0.314159    2.04083e-07
-2.19911     0    3.02366e-06
-2.19911     0.314159    7.07103e-09
-2.19911     0.628319    1.35988e-06
-2.19911     0.942478    1.69297e-05
-2.19911     1.25664    1.30852e-05
-2.19911     1.5708    8.75359e-06
-2.19911     1.88496    7.8068e-06
-2.19911     2.19911    7.81483e-06
-2.19911     2.51327    8.75056e-06
-2.19911     2.82743    1.30873e-05

-1.88496     -3.14159    6.50709e-06
-1.88496     -2.82743    1.17708e-05
-1.88496     -2.51327    6.21886e-07
-1.88496     -2.19911    2.0414e-07
-1.88496     -1.88496    1.37972e-07
-1.88496     -1.5708    1.25364e-06
-1.88496     -1.25664    1.91898e-06
-1.88496     -0.942478    1.71936e-05
-1.88496     -0.628319    1.9191e-06
-1.88496     -0.314159    1.256e-06
-1.88496     0    1.37308e-07
-1.88496     0.314159    2.04741e-07
-1.88496     0.628319    6.21364e-07
-1.88496     0.942478    1.17713e-05
-1.88496     1.25664    6.50801e-06
-1.88496     1.5708    7.6837e-06
-1.88496     1.88496    5.15784e-06
-1.88496     2.19911    7.81237e-06
-1.88496     2.51327    5.16887e-06
-1.88496     2.82743    7.69436e-06

-1.5708     -3.14159    4.07853e-06
-1.5708     -2.82743    1.30029e-05
-1.5708     -2.51327    6.55948e-06
-1.5708     -2.19911    1.47618e-06
-1.5708     -1.88496    1.25533e-06
-1.5708     -1.5708    1.14031e-07
-1.5708     -1.25664    2.71095e-06
-1.5708     -0.942478    4.86698e-06
-1.5708     -0.628319    4.8687e-06
-1.5708     -0.314159    2.71059e-06
-1.5708     0    1.13955e-07
-1.5708     0.314159    1.25387e-06
-1.5708     0.628319    1.47745e-06
-1.5708     0.942478    6.55836e-06
-1.5708     1.25664    1.30025e-05
-1.5708     1.5708    4.07348e-06
-1.5708     1.88496    7.68638e-06
-1.5708     2.19911    8.75011e-06
-1.5708     2.51327    8.74449e-06
-1.5708     2.82743    7.68509e-06

-1.25664     -3.14159    6.50925e-06
-1.25664     -2.82743    1.30039e-05
-1.25664     -2.51327    1.59538e-05
-1.25664     -2.19911    6.45725e-06
-1.25664     -1.88496    1.92032e-06
-1.25664     -1.5708    2.71245e-06
-1.25664     -1.25664    6.66518e-06
-1.25664     -0.942478    4.30403e-06
-1.25664     -0.628319    5.41499e-06
-1.25664     -0.314159    4.30432e-06
-1.25664     0    6.6692e-06
-1.25664     0.314159    2.7109e-06
-1.25664     0.628319    1.91728e-06
-1.25664     0.942478    6.45619e-06
-1.25664     1.25664    1.59525e-05
-1.25664     1.5708    1.30028e-05
-1.25664     1.88496    6.50657e-06
-1.25664     2.19911    1.30895e-05
-1.25664     2.51327    2.56793e-05
-1.25664     2.82743    1.30858e-05

-0.942478     -3.14159    1.69308e-05
-0.942478     -2.82743    1.17723e-05
-0.942478     -2.51327    6.55908e-06
-0.942478     -2.19911    6.45789e-06
-0.942478     -1.88496    1.71979e-05
-0.942478     -1.5708    4.86262e-06
-0.942478     -1.25664    4.30795e-06
-0.942478     -0.942478    1.82878e-05
-0.942478     -0.628319    5.70846e-06
-0.942478     -0.314159    5.70925e-06
-0.942478     0    1.82905e-05
-0.942478     0.314159    4.30416e-06
-0.942478     0.628319    4.86604e-06
-0.942478     0.942478    1.72029e-05
-0.942478     1.25664    6.45853e-06
-0.942478     1.5708    6.55807e-06
-0.942478     1.88496    1.17724e-05
-0.942478     2.19911    1.69272e-05
-0.942478     2.51327    2.63422e-05
-0.942478     2.82743    2.6341e-05

-0.628319     -3.14159    7.82205e-06
-0.628319     -2.82743    1.3594e-06
-0.628319     -2.51327    6.22474e-07
-0.628319     -2.19911    1.4774e-06
-0.628319     -1.88496    1.91994e-06
-0.628319     -1.5708    4.86651e-06
-0.628319     -1.25664    5.41258e-06
-0.628319     -0.942478    5.7127e-06
-0.628319     -0.628319    4.06383e-06
-0.628319     -0.314159    4.34038e-06
-0.628319     0    4.0661e-06
-0.628319     0.314159    5.70364e-06
-0.628319     0.628319    5.42436e-06
-0.628319     0.942478    4.86604e-06
-0.628319     1.25664    1.91801e-06
-0.628319     1.5708    1.47641e-06
-0.628319     1.88496    6.21861e-07
-0.628319     2.19911    1.35921e-06
-0.628319     2.51327    7.82217e-06
-0.628319     2.82743    2.89059e-05

-0.314159     -3.14159    1.0976e-05
-0.314159     -2.82743    2.80334e-06
-0.314159     -2.51327    6.97302e-09
-0.314159     -2.19911    2.04077e-07
-0.314159     -1.88496    1.25547e-06
-0.314159     -1.5708    2.70917e-06
-0.314159     -1.25664    4.30022e-06
-0.314159     -0.942478    5.70843e-06
-0.314159     -0.628319    4.36251e-06
-0.314159     -0.314159    5.38433e-06
-0.314159     0    5.43957e-06
-0.314159     0.314159    4.35948e-06
-0.314159     0.628319    5.70623e-06
-0.314159     0.942478    4.31777e-06
-0.314159     1.25664    2.71217e-06
-0.314159     1.5708    1.25116e-06
-0.314159     1.88496    2.03781e-07
-0.314159     2.19911    6.97782e-09
-0.314159     2.51327    2.80557e-06
-0.314159     2.82743    1.09787e-05

0     -3.14159    1.04561e-05
0     -2.82743    5.02308e-06
0     -2.51327    5.61845e-06
0     -2.19911    3.02411e-06
0     -1.88496    1.36832e-07
0     -1.5708    1.14649e-07
0     -1.25664    6.65903e-06
0     -0.942478    1.8303e-05
0     -0.628319    4.06028e-06
0     -0.314159    5.32867e-06
0     0    1.27449e-30
0     0.314159    5.32867e-06
0     0.628319    4.06028e-06
0     0.942478    1.8303e-05
0     1.25664    6.65903e-06
0     1.5708    1.14649e-07
0     1.88496    1.36832e-07
0     2.19911    3.02411e-06
0     2.51327    5.61845e-06
0     2.82743    5.02308e-06

0.314159     -3.14159    1.0976e-05
0.314159     -2.82743    1.09787e-05
0.314159     -2.51327    2.80557e-06
0.314159     -2.19911    6.97782e-09
0.314159     -1.88496    2.03781e-07
0.314159     -1.5708    1.25116e-06
0.314159     -1.25664    2.71217e-06
0.314159     -0.942478    4.31777e-06
0.314159     -0.628319    5.70623e-06
0.314159     -0.314159    4.35948e-06
0.314159     0    5.43957e-06
0.314159     0.314159    5.38433e-06
0.314159     0.628319    4.36251e-06
0.314159     0.942478    5.70843e-06
0.314159     1.25664    4.30022e-06
0.314159     1.5708    2.70917e-06
0.314159     1.88496    1.25547e-06
0.314159     2.19911    2.04077e-07
0.314159     2.51327    6.97302e-09
0.314159     2.82743    2.80334e-06

0.628319     -3.14159    7.82205e-06
0.628319     -2.82743    2.89059e-05
0.628319     -2.51327    7.82217e-06
0.628319     -2.19911    1.35921e-06
0.628319     -1.88496    6.21861e-07
0.628319     -1.5708    1.47641e-06
0.628319     -1.25664    1.91801e-06
0.628319     -0.942478    4.86604e-06
0.628319     -0.628319    5.42436e-06
0.628319     -0.314159    5.70364e-06
0.628319     0    4.0661e-06
0.628319     0.314159    4.34038e-06
0.628319     0.628319    4.06383e-06
0.628319     0.942478    5.7127e-06
0.628319     1.25664    5.41258e-06
0.628319     1.5708    4.86651e-06
0.628319     1.88496    1.91994e-06
0.628319     2.19911    1.4774e-06
0.628319     2.51327    6.22474e-07
0.628319     2.82743    1.3594e-06

0.942478     -3.14159    1.69308e-05
0.942478     -2.82743    2.6341e-05
0.942478     -2.51327    2.63422e-05
0.942478     -2.19911    1.69272e-05
0.942478     -1.88496    1.17724e-05
0.942478     -1.5708    6.55807e-06
0.942478     -1.25664    6.45853e-06
0.942478     -0.942478    1.72029e-05
0.942478     -0.628319    4.86604e-06
0.942478     -0.314159    4.30416e-06
0.942478     0    1.82905e-05
0.942478     0.314159    5.70925e-06
0.942478     0.628319    5.70846e-06
0.942478     0.942478    1.82878e-05
0.942478     1.25664    4.30795e-06
0.942478     1.5708    4.86262e-06
0.942478     1.88496    1.71979e-05
0.942478     2.19911    6.45789e-06
0.942478     2.51327    6.55908e-06
0.942478     2.82743    1.17723e-05

1.25664     -3.14159    6.50925e-06
1.25664     -2.82743    1.30858e-05
1.25664     -2.51327    2.56793e-05
1.25664     -2.19911    1.30895e-05
1.25664     -1.88496    6.50657e-06
1.25664     -1.5708    1.30028e-05
1.25664     -1.25664    1.59525e-05
1.25664     -0.942478    6.45619e-06
1.25664     -0.628319    1.91728e-06
1.25664     -0.314159    2.7109e-06
1.25664     0    6.6692e-06
1.25664     0.314159    4.30432e-06
1.25664     0.628319    5.41499e-06
1.25664     0.942478    4.30403e-06
1.25664     1.25664    6.66518e-06
1.25664     1.5708    2.71245e-06
1.25664     1.88496    1.92032e-06
1.25664     2.19911    6.45725e-06
1.25664     2.51327    1.59538e-05
1.25664     2.82743    1.30039e-05

1.5708     -3.14159    4.07853e-06
1.5708     -2.82743    7.68509e-06
1.5708     -2.51327    8.74449e-06
1.5708     -2.19911    8.75011e-06
1.5708     -1.88496    7.68638e-06
1.5708     -1.5708    4.07348e-06
1.5708     -1.25664    1.30025e-05
1.5708     -0.942478    6.55836e-06
1.5708     -0.628319    1.47745e-06
1.5708     -0.314159    1.25387e-06
1.5708     0    1.13955e-07
1.5708     0.314159    2.71059e-06
1.5708     0.628319    4.8687e-06
1.5708     0.942478    4.86698e-06
1.5708     1.25664    2.71095e-06
1.5708     1.5708    1.14031e-07
1.5708     1.88496    1.25533e-06
1.5708     2.19911    1.47618e-06
1.5708     2.51327    6.55948e-06
1.5708     2.82743    1.30029e-05

1.88496     -3.14159    6.50709e-06
1.88496     -2.82743    7.69436e-06
1.88496     -2.51327    5.16887e-06
1.88496     -2.19911    7.81237e-06
1.88496     -1.88496    5.15784e-06
1.88496     -1.5708    7.6837e-06
1.88496     -1.25664    6.50801e-06
1.88496     -0.942478    1.17713e-05
1.88496     -0.628319    6.21364e-07
1.88496     -0.314159    2.04741e-07
1.88496     0    1.37308e-07
1.88496     0.314159    1.256e-06
1.88496     0.628319    1.9191e-06
1.88496     0.942478    1.71936e-05
1.88496     1.25664    1.91898e-06
1.88496     1.5708    1.25364e-06
1.88496     1.88496    1.37972e-07
1.88496     2.19911    2.0414e-07
1.88496     2.51327    6.21886e-07
1.88496     2.82743    1.17708e-05

2.19911     -3.14159    1.69309e-05
2.19911     -2.82743    1.30873e-05
2.19911     -2.51327    8.75056e-06
2.19911     -2.19911    7.81483e-06
2.19911     -1.88496    7.8068e-06
2.19911     -1.5708    8.75359e-06
2.19911     -1.25664    1.30852e-05
2.19911     -0.942478    1.69297e-05
2.19911     -0.628319    1.35988e-06
2.19911     -0.314159    7.07103e-09
2.19911     0    3.02366e-06
2.19911     0.314159    2.04083e-07
2.19911     0.628319    1.47674e-06
2.19911     0.942478    6.45671e-06
2.19911     1.25664    6.45756e-06
2.19911     1.5708    1.47609e-06
2.19911     1.88496    2.04358e-07
2.19911     2.19911    3.02192e-06
2.19911     2.51327    6.99752e-09
2.19911     2.82743    1.35941e-06

2.51327     -3.14159    7.82282e-06
2.51327     -2.82743    2.63417e-05
2.51327     -2.51327    2.56821e-05
2.51327     -2.19911    8.74821e-06
2.51327     -1.88496    5.16289e-06
2.51327     -1.5708    8.743e-06
2.51327     -1.25664    2.56611e-05
2.51327     -0.942478    2.63433e-05
2.51327     -0.628319    7.82227e-06
2.51327     -0.314159    2.80549e-06
2.51327     0    5.6169e-06
2.51327     0.314159    6.93187e-09
2.51327     0.628319    6.2233e-07
2.51327     0.942478    6.55856e-06
2.51327     1.25664    1.59527e-05
2.51327     1.5708    6.55871e-06
2.51327     1.88496    6.22129e-07
2.51327     2.19911    6.94872e-09
2.51327     2.51327    5.61556e-06
2.51327     2.82743    2.80384e-06

2.82743     -3.14159    1.09801e-05
2.82743     -2.82743    2.8908e-05
2.82743     -2.51327    2.63422e-05
2.82743     -2.19911    1.30904e-05
2.82743     -1.88496    7.6871e-06
2.82743     -1.5708    7.69063e-06
2.82743     -1.25664    1.30885e-05
2.82743     -0.942478    2.63431e-05
2.82743     -0.628319    2.89011e-05
2.82743     -0.314159    1.09778e-05
2.82743     0    5.02217e-06
2.82743     0.314159    2.80431e-06
2.82743     0.628319    1.35945e-06
2.82743     0.942478    1.17708e-05
2.82743     1.25664    1.30013e-05
2.82743     1.5708    1.30017e-05
2.82743     1.88496    1.17717e-05
2.82743     2.19911    1.35996e-06
2.82743     2.51327    2.80406e-06
2.82743     2.82743    5.02148e-06

