-3.14159     -3.14159    1.18806e-05
-3.14159     -2.82743    8.83929e-05
-3.14159     -2.51327    0.000213388
-3.14159     -2.19911    0.000789296
-3.14159     -1.88496    0.000895977
-3.14159     -1.5708    0.000899145
-3.14159     -1.25664    0.000470412
-3.14159     -0.942478    8.52839e-05
-3.14159     -0.628319    0.000102132
-3.14159     -0.314159    0.00029878
-3.14159     0    0.00239465
-3.14159     0.314159    0.00029878
-3.14159     0.628319    0.000102132
-3.14159     0.942478    8.52839e-05
-3.14159     1.25664    0.000470412
-3.14159     1.5708    0.000899145
-3.14159     1.88496    0.000895977
-3.14159     2.19911    0.000789296
-3.14159     2.51327    0.000213388
-3.14159     2.82743    8.83929e-05

-2.82743     -3.14159    0.000298735
-2.82743     -2.82743    6.29956e-05
-2.82743     -2.51327    0.000173927
-2.82743     -2.19911    0.000627685
-2.82743     -1.88496    0.00105988
-2.82743     -1.5708    0.00140661
-2.82743     -1.25664    0.000321371
-2.82743     -0.942478    0.000110902
-2.82743     -0.628319    6.1506e-05
-2.82743     -0.314159    0.000759302
-2.82743     0    0.000586517
-2.82743     0.314159    0.000759302
-2.82743     0.628319    6.1506e-05
-2.82743     0.942478    0.000110902
-2.82743     1.25664    0.000321371
-2.82743     1.5708    0.00140661
-2.82743     1.88496    0.00105988
-2.82743     2.19911    0.000627685
-2.82743     2.51327    0.000173927
-2.82743     2.82743    6.29956e-05

-2.51327     -3.14159    0.000466145
-2.51327     -2.82743    0.000208209
-2.51327     -2.51327    1.861e-05
-2.51327     -2.19911    0.000133444
-2.51327     -1.88496    0.000528734
-2.51327     -1.5708    3.15735e-06
-2.51327     -1.25664    0.000220808
-2.51327     -0.942478    0.000103598
-2.51327     -0.628319    0.000573552
-2.51327     -0.314159    0.000203962
-2.51327     0    1.97918e-05
-2.51327     0.314159    0.000203962
-2.51327     0.628319    0.000573552
-2.51327     0.942478    0.000103598
-2.51327     1.25664    0.000220808
-2.51327     1.5708    3.15735e-06
-2.51327     1.88496    0.000528734
-2.51327     2.19911    0.000133444
-2.51327     2.51327    1.861e-05
-2.51327     2.82743    0.000208209

-2.19911     -3.14159    0.00135633
-2.19911     -2.82743    2.31391e-05
-2.19911     -2.51327    0.000417154
-2.19911     -2.19911    2.12764e-05
-2.19911     -1.88496    0.000207062
-2.19911     -1.5708    0.000404189
-2.19911     -1.25664    0.000268896
-2.19911     -0.942478    4.83214e-05
-2.19911     -0.628319    0.000258316
-2.19911     -0.314159    1.17632e-05
-2.19911     0    0.000162445
-2.19911     0.314159    1.17632e-05
-2.19911     0.628319    0.000258316
-2.19911     0.942478    4.83214e-05
-2.19911     1.25664    0.000268896
-2.19911     1.5708    0.000404189
-2.19911     1.88496    0.000207062
-2.19911     2.19911    2.12764e-05
-2.19911     2.51327    0.000417154
-2.19911     2.82743    2.31391e-05

-1.88496     -3.14159    0.00187791
-1.88496     -2.82743    0.000120371
-1.88496     -2.51327    0.000145109
-1.88496     -2.19911    0.000274707
-1.88496     -1.88496    0.000154168
-1.88496     -1.5708    0.000405015
-1.88496     -1.25664    0.000140472
-1.88496     -0.942478    2.53975e-06
-1.88496     -0.628319    1.97388e-05
-1.88496     -0.314159    0.00029572
-1.88496     0    9.02027e-05
-1.88496     0.314159    0.00029572
-1.88496     0.628319    1.97388e-05
-1.88496     0.942478    2.53975e-06
-1.88496     1.25664    0.000140472
-1.88496     1.5708    0.000405015
-1.88496     1.88496    0.000154168
-1.88496     2.19911    0.000274707
-1.88496     2.51327    0.000145109
-1.88496     2.82743    0.000120371

-1.5708     -3.14159    0.000255259
-1.5708     -2.82743    0.00200698
-1.5708     -2.51327    0.00148701
-1.5708     -2.19911    0.000421997
-1.5708     -1.88496    0.000266809
-1.5708     -1.5708    0.000148856
-1.5708     -1.25664    7.7707e-05
-1.5708     -0.942478    0.000380654
-1.5708     -0.628319    0.00020797
-1.5708     -0.314159    7.81786e-06
-1.5708     0    0.00025965
-1.5708     0.314159    7.81786e-06
-1.5708     0.628319    0.00020797
-1.5708     0.942478    0.000380654
-1.5708     1.25664    7.7707e-05
-1.5708     1.5708    0.000148856
-1.5708     1.88496    0.000266809
-1.5708     2.19911    0.000421997
-1.5708     2.51327    0.00148701
-1.5708     2.82743    0.00200698

-1.25664     -3.14159    0.000238334
-1.25664     -2.82743    0.000386669
-1.25664     -2.51327    0.000605735
-1.25664     -2.19911    1.21973e-05
-1.25664     -1.88496    6.85274e-05
-1.25664     -1.5708    0.000299352
-1.25664     -1.25664    9.07046e-05
-1.25664     -0.942478    0.00017776
-1.25664     -0.628319    0.000125776
-1.25664     -0.314159    1.57595e-06
-1.25664     0    0.000110617
-1.25664     0.314159    1.57595e-06
-1.25664     0.628319    0.000125776
-1.25664     0.942478    0.00017776
-1.25664     1.25664    9.07046e-05
-1.25664     1.5708    0.000299352
-1.25664     1.88496    6.85274e-05
-1.25664     2.19911    1.21973e-05
-1.25664     2.51327    0.000605735
-1.25664     2.82743    0.000386669

-0.942478     -3.14159    0.000118246
-0.942478     -2.82743    3.13251e-05
-0.942478     -2.51327    0.000656312
-0.942478     -2.19911    1.13187e-05
-0.942478     -1.88496    0.000117296
-0.942478     -1.5708    0.000102909
-0.942478     -1.25664    8.32994e-05
-0.942478     -0.942478    4.01089e-06
-0.942478     -0.628319    0.000610028
-0.942478     -0.314159    0.000579666
-0.942478     0    3.59124e-05
-0.942478     0.314159    0.000579666
-0.942478     0.628319    0.000610028
-0.942478     0.942478    4.01089e-06
-0.942478     1.25664    8.32994e-05
-0.942478     1.5708    0.000102909
-0.942478     1.88496    0.000117296
-0.942478     2.19911    1.13187e-05
-0.942478     2.51327    0.000656312
-0.942478     2.82743    3.13251e-05

-0.628319     -3.14159    0.00014145
-0.628319     -2.82743    5.99755e-05
-0.628319     -2.51327    0.000331029
-0.628319     -2.19911    0.000211128
-0.628319     -1.88496    0.000253221
-0.628319     -1.5708    8.91297e-05
-0.628319     -1.25664    0.000236506
-0.628319     -0.942478    1.23255e-05
-0.628319     -0.628319    0.0004279
-0.628319     -0.314159    0.00234882
-0.628319     0    0.000825628
-0.628319     0.314159    0.00234882
-0.628319     0.628319    0.0004279
-0.628319     0.942478    1.23255e-05
-0.628319     1.25664    0.000236506
-0.628319     1.5708    8.91297e-05
-0.628319     1.88496    0.000253221
-0.628319     2.19911    0.000211128
-0.628319     2.51327    0.000331029
-0.628319     2.82743    5.99755e-05

-0.314159     -3.14159    0.000346671
-0.314159     -2.82743    0.000476884
-0.314159     -2.51327    2.13932e-05
-0.314159     -2.19911    0.000287845
-0.314159     -1.88496    2.4706e-06
-0.314159     -1.5708    4.96814e-05
-0.314159     -1.25664    1.41835e-06
-0.314159     -0.942478    3.26359e-05
-0.314159     -0.628319    0.000452921
-0.314159     -0.314159    0.00352671
-0.314159     0    0.00797653
-0.314159     0.314159    0.00352671
-0.314159     0.628319    0.000452921
-0.314159     0.942478    3.26359e-05
-0.314159     1.25664    1.41835e-06
-0.314159     1.5708    4.96814e-05
-0.314159     1.88496    2.4706e-06
-0.314159     2.19911    0.000287845
-0.314159     2.51327    2.13932e-05
-0.314159     2.82743    0.000476884

0     -3.14159    0.000864529
0     -2.82743    3.13739e-05
0     -2.51327    0.00031902
0     -2.19911    0.000180819
0     -1.88496    0.000499002
0     -1.5708    0.00026168
0     -1.25664    0.000839464
0     -0.942478    0.000977101
0     -0.628319    0.00457782
0     -0.314159    0.00460808
0     0    1.48601e-31
0     0.314159    0.00460808
0     0.628319    0.00457782
0     0.942478    0.000977101
0     1.25664    0.000839464
0     1.5708    0.00026168
0     1.88496    0.000499002
0     2.19911    0.000180819
0     2.51327    0.00031902
0     2.82743    3.13739e-05

0.314159     -3.14159    0.000346671
0.314159     -2.82743    0.000476884
0.314159     -2.51327    2.13932e-05
0.314159     -2.19911    0.000287845
0.314159     -1.88496    2.4706e-06
0.314159     -1.5708    4.96814e-05
0.314159     -1.25664    1.41835e-06
0.314159     -0.942478    3.26359e-05
0.314159     -0.628319    0.000452921
0.314159     -0.314159    0.00352671
0.314159     0    0.00797653
0.314159     0.314159    0.00352671
0.314159     0.628319    0.000452921
0.314159     0.942478    3.26359e-05
0.314159     1.25664    1.41835e-06
0.314159     1.5708    4.96814e-05
0.314159     1.88496    2.4706e-06
0.314159     2.19911    0.000287845
0.314159     2.51327    2.13932e-05
0.314159     2.82743    0.000476884

0.628319     -3.14159    0.00014145
0.628319     -2.82743    5.99755e-05
0.628319     -2.51327    0.000331029
0.628319     -2.19911    0.000211128
0.628319     -1.88496    0.000253221
0.628319     -1.5708    8.91297e-05
0.628319     -1.25664    0.000236506
0.628319     -0.942478    1.23255e-05
0.628319     -0.628319    0.0004279
0.628319     -0.314159    0.00234882
0.628319     0    0.000825628
0.628319     0.314159    0.00234882
0.628319     0.628319    0.0004279
0.628319     0.942478    1.23255e-05
0.628319     1.25664    0.000236506
0.628319     1.5708    8.91297e-05
0.628319     1.88496    0.000253221
0.628319     2.19911    0.000211128
0.628319     2.51327    0.000331029
0.628319     2.82743    5.99755e-05

0.942478     -3.14159    0.000118246
0.942478     -2.82743    3.13251e-05
0.942478     -2.51327    0.000656312
0.942478     -2.19911    1.13187e-05
0.942478     -1.88496    0.000117296
0.942478     -1.5708    0.000102909
0.942478     -1.25664    8.32994e-05
0.942478     -0.942478    4.01089e-06
0.942478     -0.628319    0.000610028
0.942478     -0.314159    0.000579666
0.942478     0    3.59124e-05
0.942478     0.314159    0.000579666
0.942478     0.628319    0.000610028
0.942478     0.942478    4.01089e-06
0.942478     1.25664    8.32994e-05
0.942478     1.5708    0.000102909
0.942478     1.88496    0.000117296
0.942478     2.19911    1.13187e-05
0.942478     2.51327    0.000656312
0.942478     2.82743    3.13251e-05

1.25664     -3.14159    0.000238334
1.25664     -2.82743    0.000386669
1.25664     -2.51327    0.000605735
1.25664     -2.19911    1.21973e-05
1.25664     -1.88496    6.85274e-05
1.25664     -1.5708    0.000299352
1.25664     -1.25664    9.07046e-05
1.25664     -0.942478    0.00017776
1.25664     -0.628319    0.000125776
1.25664     -0.314159    1.57595e-06
1.25664     0    0.000110617
1.25664     0.314159    1.57595e-06
1.25664     0.628319    0.000125776
1.25664     0.942478    0.00017776
1.25664     1.25664    9.07046e-05
1.25664     1.5708    0.000299352
1.25664     1.88496    6.85274e-05
1.25664     2.19911    1.21973e-05
1.25664     2.51327    0.000605735
1.25664     2.82743    0.000386669

1.5708     -3.14159    0.000255259
1.5708     -2.82743    0.00200698
1.5708     -2.51327    0.00148701
1.5708     -2.19911    0.000421997
1.5708     -1.88496    0.000266809
1.5708     -1.5708    0.000148856
1.5708     -1.25664    7.7707e-05
1.5708     -0.942478    0.000380654
1.5708     -0.628319    0.00020797
1.5708     -0.314159    7.81786e-06
1.5708     0    0.00025965
1.5708     0.314159    7.81786e-06
1.5708     0.628319    0.00020797
1.5708     0.942478    0.000380654
1.5708     1.25664    7.7707e-05
1.5708     1.5708    0.000148856
1.5708     1.88496    0.000266809
1.5708     2.19911    0.000421997
1.5708     2.51327    0.00148701
1.5708     2.82743    0.00200698

1.88496     -3.14159    0.00187791
1.88496     -2.82743    0.000120371
1.88496     -2.51327    0.000145109
1.88496     -2.19911    0.000274707
1.88496     -1.88496    0.000154168
1.88496     -1.5708    0.000405015
1.88496     -1.25664    0.000140472
1.88496     -0.942478    2.53975e-06
1.88496     -0.628319    1.97388e-05
1.88496     -0.314159    0.00029572
1.88496     0    9.02027e-05
1.88496     0.314159    0.00029572
1.88496     0.628319    1.97388e-05
1.88496     0.942478    2.53975e-06
1.88496     1.25664    0.000140472
1.88496     1.5708    0.000405015
1.88496     1.88496    0.000154168
1.88496     2.19911    0.000274707
1.88496     2.51327    0.000145109
1.88496     2.82743    0.000120371

2.19911     -3.14159    0.00135633
2.19911     -2.82743    2.31391e-05
2.19911     -2.51327    0.000417154
2.19911     -2.19911    2.12764e-05
2.19911     -1.88496    0.000207062
2.19911     -1.5708    0.000404189
2.19911     -1.25664    0.000268896
2.19911     -0.942478    4.83214e-05
2.19911     -0.628319    0.000258316
2.19911     -0.314159    1.17632e-05
2.19911     0    0.000162445
2.19911     0.314159    1.17632e-05
2.19911     0.628319    0.000258316
2.19911     0.942478    4.83214e-05
2.19911     1.25664    0.000268896
2.19911     1.5708    0.000404189
2.19911     1.88496    0.000207062
2.19911     2.19911    2.12764e-05
2.19911     2.51327    0.000417154
2.19911     2.82743    2.31391e-05

2.51327     -3.14159    0.000466145
2.51327     -2.82743    0.000208209
2.51327     -2.51327    1.861e-05
2.51327     -2.19911    0.000133444
2.51327     -1.88496    0.000528734
2.51327     -1.5708    3.15735e-06
2.51327     -1.25664    0.000220808
2.51327     -0.942478    0.000103598
2.51327     -0.628319    0.000573552
2.51327     -0.314159    0.000203962
2.51327     0    1.97918e-05
2.51327     0.314159    0.000203962
2.51327     0.628319    0.000573552
2.51327     0.942478    0.000103598
2.51327     1.25664    0.000220808
2.51327     1.5708    3.15735e-06
2.51327     1.88496    0.000528734
2.51327     2.19911    0.000133444
2.51327     2.51327    1.861e-05
2.51327     2.82743    0.000208209

2.82743     -3.14159    0.000298735
2.82743     -2.82743    6.29956e-05
2.82743     -2.51327    0.000173927
2.82743     -2.19911    0.000627685
2.82743     -1.88496    0.00105988
2.82743     -1.5708    0.00140661
2.82743     -1.25664    0.000321371
2.82743     -0.942478    0.000110902
2.82743     -0.628319    6.1506e-05
2.82743     -0.314159    0.000759302
2.82743     0    0.000586517
2.82743     0.314159    0.000759302
2.82743     0.628319    6.1506e-05
2.82743     0.942478    0.000110902
2.82743     1.25664    0.000321371
2.82743     1.5708    0.00140661
2.82743     1.88496    0.00105988
2.82743     2.19911    0.000627685
2.82743     2.51327    0.000173927
2.82743     2.82743    6.29956e-05

