-3.14159     -3.14159    3.72573e-05
-3.14159     -2.93215    0.000153436
-3.14159     -2.72271    3.47034e-05
-3.14159     -2.51327    2.95507e-05
-3.14159     -2.30383    2.34888e-07
-3.14159     -2.0944    9.57266e-06
-3.14159     -1.88496    0.000102416
-3.14159     -1.67552    3.59662e-05
-3.14159     -1.46608    1.84745e-05
-3.14159     -1.25664    1.36583e-05
-3.14159     -1.0472    9.28945e-06
-3.14159     -0.837758    9.81378e-05
-3.14159     -0.628319    8.5176e-05
-3.14159     -0.418879    0.000225208
-3.14159     -0.20944    0.000947629
-3.14159     0    0.000859616
-3.14159     0.20944    0.000947629
-3.14159     0.418879    0.000225209
-3.14159     0.628319    8.5176e-05
-3.14159     0.837758    9.81378e-05
-3.14159     1.0472    9.28945e-06
-3.14159     1.25664    1.36583e-05
-3.14159     1.46608    1.84745e-05
-3.14159     1.67552    3.59663e-05
-3.14159     1.88496    0.000102416
-3.14159     2.0944    9.57267e-06
-3.14159     2.30383    2.34888e-07
-3.14159     2.51327    2.95507e-05
-3.14159     2.72271    3.47034e-05
-3.14159     2.93215    0.000153436

-2.93215     -3.14159    0.000164418
-2.93215     -2.93215    4.3944e-06
-2.93215     -2.72271    1.69034e-07
-2.93215     -2.51327    1.80879e-05
-2.93215     -2.30383    2.48074e-05
-2.93215     -2.0944    5.09211e-06
-2.93215     -1.88496    5.03012e-06
-2.93215     -1.67552    7.27266e-05
-2.93215     -1.46608    2.38471e-05
-2.93215     -1.25664    1.83223e-05
-2.93215     -1.0472    4.08671e-07
-2.93215     -0.837758    2.74526e-05
-2.93215     -0.628319    0.000174672
-2.93215     -0.418879    7.96219e-05
-2.93215     -0.20944    6.38137e-05
-2.93215     0    6.22307e-05
-2.93215     0.20944    6.38137e-05
-2.93215     0.418879    7.96219e-05
-2.93215     0.628319    0.000174672
-2.93215     0.837758    2.74526e-05
-2.93215     1.0472    4.08671e-07
-2.93215     1.25664    1.83223e-05
-2.93215     1.46608    2.38471e-05
-2.93215     1.67552    7.27266e-05
-2.93215     1.88496    5.03012e-06
-2.93215     2.0944    5.09212e-06
-2.93215     2.30383    2.48074e-05
-2.93215     2.51327    1.80879e-05
-2.93215     2.72271    1.69034e-07
-2.93215     2.93215    4.3944e-06

-2.72271     -3.14159    0.000167428
-2.72271     -2.93215    6.57378e-05
-2.72271     -2.72271    1.0485e-07
-2.72271     -2.51327    0.000164249
-2.72271     -2.30383    2.85617e-05
-2.72271     -2.0944    5.4088e-07
-2.72271     -1.88496    1.53049e-05
-2.72271     -1.67552    7.93765e-06
-2.72271     -1.46608    1.50085e-06
-2.72271     -1.25664    4.09719e-05
-2.72271     -1.0472    1.36866e-05
-2.72271     -0.837758    0.000116935
-2.72271     -0.628319    0.0001056
-2.72271     -0.418879    3.71684e-05
-2.72271     -0.20944    6.85258e-05
-2.72271     0    1.83856e-05
-2.72271     0.20944    6.85258e-05
-2.72271     0.418879    3.71684e-05
-2.72271     0.628319    0.0001056
-2.72271     0.837758    0.000116935
-2.72271     1.0472    1.36866e-05
-2.72271     1.25664    4.09719e-05
-2.72271     1.46608    1.50085e-06
-2.72271     1.67552    7.93765e-06
-2.72271     1.88496    1.53049e-05
-2.72271     2.0944    5.4088e-07
-2.72271     2.30383    2.85617e-05
-2.72271     2.51327    0.000164249
-2.72271     2.72271    1.0485e-07
-2.72271     2.93215    6.57378e-05

-2.51327     -3.14159    0.000144554
-2.51327     -2.93215    0.000121639
-2.51327     -2.72271    2.19935e-05
-2.51327     -2.51327    1.75151e-06
-2.51327     -2.30383    1.60398e-06
-2.51327     -2.0944    1.93467e-05
-2.51327     -1.88496    4.54129e-05
-2.51327     -1.67552    2.05872e-05
-2.51327     -1.46608    2.93735e-05
-2.51327     -1.25664    4.70302e-06
-2.51327     -1.0472    2.15142e-05
-2.51327     -0.837758    7.47493e-06
-2.51327     -0.628319    3.26371e-05
-2.51327     -0.418879    1.20756e-05
-2.51327     -0.20944    3.74469e-05
-2.51327     0    0.000624106
-2.51327     0.20944    3.74469e-05
-2.51327     0.418879    1.20756e-05
-2.51327     0.628319    3.26371e-05
-2.51327     0.837758    7.47494e-06
-2.51327     1.0472    2.15142e-05
-2.51327     1.25664    4.70301e-06
-2.51327     1.46608    2.93735e-05
-2.51327     1.67552    2.05872e-05
-2.51327     1.88496    4.54129e-05
-2.51327     2.0944    1.93467e-05
-2.51327     2.30383    1.60398e-06
-2.51327     2.51327    1.75151e-06
-2.51327     2.72271    2.19935e-05
-2.51327     2.93215    0.000121639

-2.30383     -3.14159    0.000133256
-2.30383     -2.93215    0.000105337
-2.30383     -2.72271    7.93099e-05
-2.30383     -2.51327    8.29878e-08
-2.30383     -2.30383    9.20689e-05
-2.30383     -2.0944    9.56026e-06
-2.30383     -1.88496    8.13286e-06
-2.30383     -1.67552    6.78283e-07
-2.30383     -1.46608    9.96818e-07
-2.30383     -1.25664    6.14794e-05
-2.30383     -1.0472    9.59846e-07
-2.30383     -0.837758    3.37109e-05
-2.30383     -0.628319    2.11171e-08
-2.30383     -0.418879    3.36144e-06
-2.30383     -0.20944    7.41392e-05
-2.30383     0    0.000172023
-2.30383     0.20944    7.41392e-05
-2.30383     0.418879    3.36144e-06
-2.30383     0.628319    2.11171e-08
-2.30383     0.837758    3.37109e-05
-2.30383     1.0472    9.59846e-07
-2.30383     1.25664    6.14794e-05
-2.30383     1.46608    9.96818e-07
-2.30383     1.67552    6.78284e-07
-2.30383     1.88496    8.13286e-06
-2.30383     2.0944    9.56026e-06
-2.30383     2.30383    9.20689e-05
-2.30383     2.51327    8.2988e-08
-2.30383     2.72271    7.93099e-05
-2.30383     2.93215    0.000105337

-2.0944     -3.14159    3.00072e-05
-2.0944     -2.93215    0.000208432
-2.0944     -2.72271    0.000339154
-2.0944     -2.51327    4.26304e-06
-2.0944     -2.30383    8.35889e-05
-2.0944     -2.0944    6.4512e-06
-2.0944     -1.88496    0.000127274
-2.0944     -1.67552    8.11827e-06
-2.0944     -1.46608    9.45717e-07
-2.0944     -1.25664    0.000307968
-2.0944     -1.0472    0.00016133
-2.0944     -0.837758    9.66101e-05
-2.0944     -0.628319    1.01096e-05
-2.0944     -0.418879    4.40264e-05
-2.0944     -0.20944    2.35918e-05
-2.0944     0    6.26438e-05
-2.0944     0.20944    2.35918e-05
-2.0944     0.418879    4.40264e-05
-2.0944     0.628319    1.01095e-05
-2.0944     0.837758    9.66101e-05
-2.0944     1.0472    0.00016133
-2.0944     1.25664    0.000307968
-2.0944     1.46608    9.45718e-07
-2.0944     1.67552    8.11827e-06
-2.0944     1.88496    0.000127274
-2.0944     2.0944    6.4512e-06
-2.0944     2.30383    8.35889e-05
-2.0944     2.51327    4.26304e-06
-2.0944     2.72271    0.000339154
-2.0944     2.93215    0.000208432

-1.88496     -3.14159    0.00023694
-1.88496     -2.93215    1.05341e-06
-1.88496     -2.72271    0.00072701
-1.88496     -2.51327    0.000310606
-1.88496     -2.30383    0.000188619
-1.88496     -2.0944    0.000198143
-1.88496     -1.88496    8.35578e-08
-1.88496     -1.67552    9.09437e-05
-1.88496     -1.46608    5.76233e-07
-1.88496     -1.25664    8.35777e-06
-1.88496     -1.0472    0.000168879
-1.88496     -0.837758    7.59842e-07
-1.88496     -0.628319    0.00011652
-1.88496     -0.418879    0.000149812
-1.88496     -0.20944    2.33914e-05
-1.88496     0    4.70633e-05
-1.88496     0.20944    2.33914e-05
-1.88496     0.418879    0.000149812
-1.88496     0.628319    0.00011652
-1.88496     0.837758    7.59841e-07
-1.88496     1.0472    0.000168879
-1.88496     1.25664    8.35776e-06
-1.88496     1.46608    5.76233e-07
-1.88496     1.67552    9.09437e-05
-1.88496     1.88496    8.35576e-08
-1.88496     2.0944    0.000198143
-1.88496     2.30383    0.000188619
-1.88496     2.51327    0.000310607
-1.88496     2.72271    0.00072701
-1.88496     2.93215    1.05341e-06

-1.67552     -3.14159    1.42176e-06
-1.67552     -2.93215    2.79656e-06
-1.67552     -2.72271    0.000699898
-1.67552     -2.51327    0.000430441
-1.67552     -2.30383    1.02277e-05
-1.67552     -2.0944    9.25977e-06
-1.67552     -1.88496    6.40789e-06
-1.67552     -1.67552    1.00005e-06
-1.67552     -1.46608    6.7383e-05
-1.67552     -1.25664    1.49969e-06
-1.67552     -1.0472    5.50284e-06
-1.67552     -0.837758    6.02311e-05
-1.67552     -0.628319    4.22569e-05
-1.67552     -0.418879    7.63669e-06
-1.67552     -0.20944    1.47225e-05
-1.67552     0    5.87937e-05
-1.67552     0.20944    1.47225e-05
-1.67552     0.418879    7.63669e-06
-1.67552     0.628319    4.22569e-05
-1.67552     0.837758    6.02311e-05
-1.67552     1.0472    5.50284e-06
-1.67552     1.25664    1.49969e-06
-1.67552     1.46608    6.7383e-05
-1.67552     1.67552    1.00005e-06
-1.67552     1.88496    6.40789e-06
-1.67552     2.0944    9.25977e-06
-1.67552     2.30383    1.02277e-05
-1.67552     2.51327    0.000430441
-1.67552     2.72271    0.000699898
-1.67552     2.93215    2.79656e-06

-1.46608     -3.14159    0.000178891
-1.46608     -2.93215    0.000816205
-1.46608     -2.72271    0.00064058
-1.46608     -2.51327    4.83127e-05
-1.46608     -2.30383    4.67203e-05
-1.46608     -2.0944    5.59108e-06
-1.46608     -1.88496    2.00272e-05
-1.46608     -1.67552    1.45492e-08
-1.46608     -1.46608    0.000132979
-1.46608     -1.25664    2.71234e-05
-1.46608     -1.0472    8.54086e-05
-1.46608     -0.837758    0.00014481
-1.46608     -0.628319    1.19728e-05
-1.46608     -0.418879    2.10216e-06
-1.46608     -0.20944    3.34482e-05
-1.46608     0    0.0004355
-1.46608     0.20944    3.34482e-05
-1.46608     0.418879    2.10216e-06
-1.46608     0.628319    1.19728e-05
-1.46608     0.837758    0.00014481
-1.46608     1.0472    8.54086e-05
-1.46608     1.25664    2.71234e-05
-1.46608     1.46608    0.000132979
-1.46608     1.67552    1.45492e-08
-1.46608     1.88496    2.00272e-05
-1.46608     2.0944    5.59108e-06
-1.46608     2.30383    4.67203e-05
-1.46608     2.51327    4.83127e-05
-1.46608     2.72271    0.00064058
-1.46608     2.93215    0.000816205

-1.25664     -3.14159    0.000171583
-1.25664     -2.93215    0.00045765
-1.25664     -2.72271    0.000155102
-1.25664     -2.51327    1.67636e-06
-1.25664     -2.30383    0.000354238
-1.25664     -2.0944    0.000490685
-1.25664     -1.88496    8.53109e-05
-1.25664     -1.67552    4.76492e-05
-1.25664     -1.46608    5.18905e-05
-1.25664     -1.25664    1.83472e-05
-1.25664     -1.0472    4.28245e-05
-1.25664     -0.837758    4.12095e-06
-1.25664     -0.628319    3.15417e-06
-1.25664     -0.418879    6.95333e-05
-1.25664     -0.20944    3.33456e-07
-1.25664     0    2.48703e-05
-1.25664     0.20944    3.33457e-07
-1.25664     0.418879    6.95333e-05
-1.25664     0.628319    3.15417e-06
-1.25664     0.837758    4.12095e-06
-1.25664     1.0472    4.28245e-05
-1.25664     1.25664    1.83472e-05
-1.25664     1.46608    5.18906e-05
-1.25664     1.67552    4.76492e-05
-1.25664     1.88496    8.53109e-05
-1.25664     2.0944    0.000490685
-1.25664     2.30383    0.000354238
-1.25664     2.51327    1.67637e-06
-1.25664     2.72271    0.000155102
-1.25664     2.93215    0.00045765

-1.0472     -3.14159    9.89448e-08
-1.0472     -2.93215    0.000198516
-1.0472     -2.72271    0.000107466
-1.0472     -2.51327    1.60847e-08
-1.0472     -2.30383    4.43334e-06
-1.0472     -2.0944    0.000142995
-1.0472     -1.88496    4.62799e-06
-1.0472     -1.67552    0.000103507
-1.0472     -1.46608    2.0833e-05
-1.0472     -1.25664    8.64522e-08
-1.0472     -1.0472    6.22124e-05
-1.0472     -0.837758    6.62767e-05
-1.0472     -0.628319    0.0003668
-1.0472     -0.418879    0.000266612
-1.0472     -0.20944    1.07121e-05
-1.0472     0    0.000136466
-1.0472     0.20944    1.07121e-05
-1.0472     0.418879    0.000266612
-1.0472     0.628319    0.0003668
-1.0472     0.837758    6.62767e-05
-1.0472     1.0472    6.22124e-05
-1.0472     1.25664    8.64521e-08
-1.0472     1.46608    2.0833e-05
-1.0472     1.67552    0.000103507
-1.0472     1.88496    4.62799e-06
-1.0472     2.0944    0.000142995
-1.0472     2.30383    4.43334e-06
-1.0472     2.51327    1.60847e-08
-1.0472     2.72271    0.000107466
-1.0472     2.93215    0.000198516

-0.837758     -3.14159    9.01623e-05
-0.837758     -2.93215    2.03213e-05
-0.837758     -2.72271    9.88579e-05
-0.837758     -2.51327    5.24894e-05
-0.837758     -2.30383    1.81063e-05
-0.837758     -2.0944    1.90131e-05
-0.837758     -1.88496    3.62433e-05
-0.837758     -1.67552    6.28464e-05
-0.837758     -1.46608    6.50414e-05
-0.837758     -1.25664    6.56842e-05
-0.837758     -1.0472    2.47355e-05
-0.837758     -0.837758    1.40117e-05
-0.837758     -0.628319    0.000567977
-0.837758     -0.418879    0.000312763
-0.837758     -0.20944    8.71546e-06
-0.837758     0    1.3121e-05
-0.837758     0.20944    8.71545e-06
-0.837758     0.418879    0.000312763
-0.837758     0.628319    0.000567977
-0.837758     0.837758    1.40117e-05
-0.837758     1.0472    2.47355e-05
-0.837758     1.25664    6.56842e-05
-0.837758     1.46608    6.50414e-05
-0.837758     1.67552    6.28464e-05
-0.837758     1.88496    3.62433e-05
-0.837758     2.0944    1.90131e-05
-0.837758     2.30383    1.81063e-05
-0.837758     2.51327    5.24894e-05
-0.837758     2.72271    9.88579e-05
-0.837758     2.93215    2.03213e-05

-0.628319     -3.14159    1.71365e-05
-0.628319     -2.93215    5.55261e-05
-0.628319     -2.72271    0.00012063
-0.628319     -2.51327    1.36153e-05
-0.628319     -2.30383    1.9834e-08
-0.628319     -2.0944    6.61331e-06
-0.628319     -1.88496    5.12092e-05
-0.628319     -1.67552    1.02851e-05
-0.628319     -1.46608    5.98242e-05
-0.628319     -1.25664    3.43525e-05
-0.628319     -1.0472    5.05169e-05
-0.628319     -0.837758    2.59983e-05
-0.628319     -0.628319    1.58959e-05
-0.628319     -0.418879    2.48739e-05
-0.628319     -0.20944    5.17324e-07
-0.628319     0    0.000170446
-0.628319     0.20944    5.17324e-07
-0.628319     0.418879    2.48739e-05
-0.628319     0.628319    1.58959e-05
-0.628319     0.837758    2.59983e-05
-0.628319     1.0472    5.0517e-05
-0.628319     1.25664    3.43525e-05
-0.628319     1.46608    5.98242e-05
-0.628319     1.67552    1.02851e-05
-0.628319     1.88496    5.12092e-05
-0.628319     2.0944    6.61331e-06
-0.628319     2.30383    1.9834e-08
-0.628319     2.51327    1.36153e-05
-0.628319     2.72271    0.00012063
-0.628319     2.93215    5.55261e-05

-0.418879     -3.14159    2.02637e-05
-0.418879     -2.93215    8.75988e-07
-0.418879     -2.72271    8.85325e-06
-0.418879     -2.51327    3.83229e-05
-0.418879     -2.30383    3.08672e-05
-0.418879     -2.0944    0.000136349
-0.418879     -1.88496    0.000103384
-0.418879     -1.67552    3.39366e-06
-0.418879     -1.46608    6.35231e-05
-0.418879     -1.25664    1.50806e-06
-0.418879     -1.0472    1.4169e-05
-0.418879     -0.837758    9.81252e-06
-0.418879     -0.628319    4.37525e-05
-0.418879     -0.418879    7.2943e-05
-0.418879     -0.20944    0.000124064
-0.418879     0    4.70596e-05
-0.418879     0.20944    0.000124064
-0.418879     0.418879    7.2943e-05
-0.418879     0.628319    4.37525e-05
-0.418879     0.837758    9.81252e-06
-0.418879     1.0472    1.4169e-05
-0.418879     1.25664    1.50806e-06
-0.418879     1.46608    6.35231e-05
-0.418879     1.67552    3.39365e-06
-0.418879     1.88496    0.000103384
-0.418879     2.0944    0.000136349
-0.418879     2.30383    3.08672e-05
-0.418879     2.51327    3.83229e-05
-0.418879     2.72271    8.85325e-06
-0.418879     2.93215    8.75988e-07

-0.20944     -3.14159    3.24068e-05
-0.20944     -2.93215    9.65274e-06
-0.20944     -2.72271    8.58009e-07
-0.20944     -2.51327    4.60619e-06
-0.20944     -2.30383    4.29341e-06
-0.20944     -2.0944    3.25567e-06
-0.20944     -1.88496    5.10755e-05
-0.20944     -1.67552    0.000101206
-0.20944     -1.46608    8.87039e-06
-0.20944     -1.25664    0.000132807
-0.20944     -1.0472    0.000169571
-0.20944     -0.837758    1.32049e-05
-0.20944     -0.628319    4.63247e-05
-0.20944     -0.418879    4.75452e-05
-0.20944     -0.20944    0.000162697
-0.20944     0    0.000527481
-0.20944     0.20944    0.000162697
-0.20944     0.418879    4.75452e-05
-0.20944     0.628319    4.63247e-05
-0.20944     0.837758    1.32049e-05
-0.20944     1.0472    0.000169571
-0.20944     1.25664    0.000132807
-0.20944     1.46608    8.8704e-06
-0.20944     1.67552    0.000101206
-0.20944     1.88496    5.10755e-05
-0.20944     2.0944    3.25567e-06
-0.20944     2.30383    4.29341e-06
-0.20944     2.51327    4.60619e-06
-0.20944     2.72271    8.58009e-07
-0.20944     2.93215    9.65275e-06

0     -3.14159    8.5195e-07
0     -2.93215    2.85988e-05
0     -2.72271    2.52658e-05
0     -2.51327    0.000372296
0     -2.30383    4.77648e-05
0     -2.0944    0.0002286
0     -1.88496    1.08244e-05
0     -1.67552    0.000172254
0     -1.46608    4.79723e-05
0     -1.25664    0.000246852
0     -1.0472    0.00069219
0     -0.837758    6.29546e-05
0     -0.628319    6.09184e-05
0     -0.418879    0.000384748
0     -0.20944    0.000244076
0     0    1.6174e-30
0     0.20944    0.000244076
0     0.418879    0.000384748
0     0.628319    6.09184e-05
0     0.837758    6.29546e-05
0     1.0472    0.00069219
0     1.25664    0.000246852
0     1.46608    4.79723e-05
0     1.67552    0.000172254
0     1.88496    1.08244e-05
0     2.0944    0.0002286
0     2.30383    4.77648e-05
0     2.51327    0.000372296
0     2.72271    2.52658e-05
0     2.93215    2.85988e-05

0.20944     -3.14159    3.24068e-05
0.20944     -2.93215    9.65275e-06
0.20944     -2.72271    8.58009e-07
0.20944     -2.51327    4.60619e-06
0.20944     -2.30383    4.29341e-06
0.20944     -2.0944    3.25567e-06
0.20944     -1.88496    5.10755e-05
0.20944     -1.67552    0.000101206
0.20944     -1.46608    8.8704e-06
0.20944     -1.25664    0.000132807
0.20944     -1.0472    0.000169571
0.20944     -0.837758    1.32049e-05
0.20944     -0.628319    4.63247e-05
0.20944     -0.418879    4.75452e-05
0.20944     -0.20944    0.000162697
0.20944     0    0.000527481
0.20944     0.20944    0.000162697
0.20944     0.418879    4.75452e-05
0.20944     0.628319    4.63247e-05
0.20944     0.837758    1.32049e-05
0.20944     1.0472    0.000169571
0.20944     1.25664    0.000132807
0.20944     1.46608    8.87039e-06
0.20944     1.67552    0.000101206
0.20944     1.88496    5.10755e-05
0.20944     2.0944    3.25567e-06
0.20944     2.30383    4.29341e-06
0.20944     2.51327    4.60619e-06
0.20944     2.72271    8.58009e-07
0.20944     2.93215    9.65274e-06

0.418879     -3.14159    2.02637e-05
0.418879     -2.93215    8.75988e-07
0.418879     -2.72271    8.85325e-06
0.418879     -2.51327    3.83229e-05
0.418879     -2.30383    3.08672e-05
0.418879     -2.0944    0.000136349
0.418879     -1.88496    0.000103384
0.418879     -1.67552    3.39365e-06
0.418879     -1.46608    6.35231e-05
0.418879     -1.25664    1.50806e-06
0.418879     -1.0472    1.4169e-05
0.418879     -0.837758    9.81252e-06
0.418879     -0.628319    4.37525e-05
0.418879     -0.418879    7.2943e-05
0.418879     -0.20944    0.000124064
0.418879     0    4.70596e-05
0.418879     0.20944    0.000124064
0.418879     0.418879    7.2943e-05
0.418879     0.628319    4.37525e-05
0.418879     0.837758    9.81252e-06
0.418879     1.0472    1.4169e-05
0.418879     1.25664    1.50806e-06
0.418879     1.46608    6.35231e-05
0.418879     1.67552    3.39366e-06
0.418879     1.88496    0.000103384
0.418879     2.0944    0.000136349
0.418879     2.30383    3.08672e-05
0.418879     2.51327    3.83229e-05
0.418879     2.72271    8.85325e-06
0.418879     2.93215    8.75988e-07

0.628319     -3.14159    1.71365e-05
0.628319     -2.93215    5.55261e-05
0.628319     -2.72271    0.00012063
0.628319     -2.51327    1.36153e-05
0.628319     -2.30383    1.9834e-08
0.628319     -2.0944    6.61331e-06
0.628319     -1.88496    5.12092e-05
0.628319     -1.67552    1.02851e-05
0.628319     -1.46608    5.98242e-05
0.628319     -1.25664    3.43525e-05
0.628319     -1.0472    5.0517e-05
0.628319     -0.837758    2.59983e-05
0.628319     -0.628319    1.58959e-05
0.628319     -0.418879    2.48739e-05
0.628319     -0.20944    5.17324e-07
0.628319     0    0.000170446
0.628319     0.20944    5.17324e-07
0.628319     0.418879    2.48739e-05
0.628319     0.628319    1.58959e-05
0.628319     0.837758    2.59983e-05
0.628319     1.0472    5.05169e-05
0.628319     1.25664    3.43525e-05
0.628319     1.46608    5.98242e-05
0.628319     1.67552    1.02851e-05
0.628319     1.88496    5.12092e-05
0.628319     2.0944    6.61331e-06
0.628319     2.30383    1.9834e-08
0.628319     2.51327    1.36153e-05
0.628319     2.72271    0.00012063
0.628319     2.93215    5.55261e-05

0.837758     -3.14159    9.01623e-05
0.837758     -2.93215    2.03213e-05
0.837758     -2.72271    9.88579e-05
0.837758     -2.51327    5.24894e-05
0.837758     -2.30383    1.81063e-05
0.837758     -2.0944    1.90131e-05
0.837758     -1.88496    3.62433e-05
0.837758     -1.67552    6.28464e-05
0.837758     -1.46608    6.50414e-05
0.837758     -1.25664    6.56842e-05
0.837758     -1.0472    2.47355e-05
0.837758     -0.837758    1.40117e-05
0.837758     -0.628319    0.000567977
0.837758     -0.418879    0.000312763
0.837758     -0.20944    8.71545e-06
0.837758     0    1.3121e-05
0.837758     0.20944    8.71546e-06
0.837758     0.418879    0.000312763
0.837758     0.628319    0.000567977
0.837758     0.837758    1.40117e-05
0.837758     1.0472    2.47355e-05
0.837758     1.25664    6.56842e-05
0.837758     1.46608    6.50414e-05
0.837758     1.67552    6.28464e-05
0.837758     1.88496    3.62433e-05
0.837758     2.0944    1.90131e-05
0.837758     2.30383    1.81063e-05
0.837758     2.51327    5.24894e-05
0.837758     2.72271    9.88579e-05
0.837758     2.93215    2.03213e-05

1.0472     -3.14159    9.89448e-08
1.0472     -2.93215    0.000198516
1.0472     -2.72271    0.000107466
1.0472     -2.51327    1.60847e-08
1.0472     -2.30383    4.43334e-06
1.0472     -2.0944    0.000142995
1.0472     -1.88496    4.62799e-06
1.0472     -1.67552    0.000103507
1.0472     -1.46608    2.0833e-05
1.0472     -1.25664    8.64521e-08
1.0472     -1.0472    6.22124e-05
1.0472     -0.837758    6.62767e-05
1.0472     -0.628319    0.0003668
1.0472     -0.418879    0.000266612
1.0472     -0.20944    1.07121e-05
1.0472     0    0.000136466
1.0472     0.20944    1.07121e-05
1.0472     0.418879    0.000266612
1.0472     0.628319    0.0003668
1.0472     0.837758    6.62767e-05
1.0472     1.0472    6.22124e-05
1.0472     1.25664    8.64522e-08
1.0472     1.46608    2.0833e-05
1.0472     1.67552    0.000103507
1.0472     1.88496    4.62799e-06
1.0472     2.0944    0.000142995
1.0472     2.30383    4.43334e-06
1.0472     2.51327    1.60847e-08
1.0472     2.72271    0.000107466
1.0472     2.93215    0.000198516

1.25664     -3.14159    0.000171583
1.25664     -2.93215    0.00045765
1.25664     -2.72271    0.000155102
1.25664     -2.51327    1.67637e-06
1.25664     -2.30383    0.000354238
1.25664     -2.0944    0.000490685
1.25664     -1.88496    8.53109e-05
1.25664     -1.67552    4.76492e-05
1.25664     -1.46608    5.18906e-05
1.25664     -1.25664    1.83472e-05
1.25664     -1.0472    4.28245e-05
1.25664     -0.837758    4.12095e-06
1.25664     -0.628319    3.15417e-06
1.25664     -0.418879    6.95333e-05
1.25664     -0.20944    3.33457e-07
1.25664     0    2.48703e-05
1.25664     0.20944    3.33456e-07
1.25664     0.418879    6.95333e-05
1.25664     0.628319    3.15417e-06
1.25664     0.837758    4.12095e-06
1.25664     1.0472    4.28245e-05
1.25664     1.25664    1.83472e-05
1.25664     1.46608    5.18905e-05
1.25664     1.67552    4.76492e-05
1.25664     1.88496    8.53109e-05
1.25664     2.0944    0.000490685
1.25664     2.30383    0.000354238
1.25664     2.51327    1.67636e-06
1.25664     2.72271    0.000155102
1.25664     2.93215    0.00045765

1.46608     -3.14159    0.000178891
1.46608     -2.93215    0.000816205
1.46608     -2.72271    0.00064058
1.46608     -2.51327    4.83127e-05
1.46608     -2.30383    4.67203e-05
1.46608     -2.0944    5.59108e-06
1.46608     -1.88496    2.00272e-05
1.46608     -1.67552    1.45492e-08
1.46608     -1.46608    0.000132979
1.46608     -1.25664    2.71234e-05
1.46608     -1.0472    8.54086e-05
1.46608     -0.837758    0.00014481
1.46608     -0.628319    1.19728e-05
1.46608     -0.418879    2.10216e-06
1.46608     -0.20944    3.34482e-05
1.46608     0    0.0004355
1.46608     0.20944    3.34482e-05
1.46608     0.418879    2.10216e-06
1.46608     0.628319    1.19728e-05
1.46608     0.837758    0.00014481
1.46608     1.0472    8.54086e-05
1.46608     1.25664    2.71234e-05
1.46608     1.46608    0.000132979
1.46608     1.67552    1.45492e-08
1.46608     1.88496    2.00272e-05
1.46608     2.0944    5.59108e-06
1.46608     2.30383    4.67203e-05
1.46608     2.51327    4.83127e-05
1.46608     2.72271    0.00064058
1.46608     2.93215    0.000816205

1.67552     -3.14159    1.42176e-06
1.67552     -2.93215    2.79656e-06
1.67552     -2.72271    0.000699898
1.67552     -2.51327    0.000430441
1.67552     -2.30383    1.02277e-05
1.67552     -2.0944    9.25977e-06
1.67552     -1.88496    6.40789e-06
1.67552     -1.67552    1.00005e-06
1.67552     -1.46608    6.7383e-05
1.67552     -1.25664    1.49969e-06
1.67552     -1.0472    5.50284e-06
1.67552     -0.837758    6.02311e-05
1.67552     -0.628319    4.22569e-05
1.67552     -0.418879    7.63669e-06
1.67552     -0.20944    1.47225e-05
1.67552     0    5.87937e-05
1.67552     0.20944    1.47225e-05
1.67552     0.418879    7.63669e-06
1.67552     0.628319    4.22569e-05
1.67552     0.837758    6.02311e-05
1.67552     1.0472    5.50284e-06
1.67552     1.25664    1.49969e-06
1.67552     1.46608    6.7383e-05
1.67552     1.67552    1.00005e-06
1.67552     1.88496    6.40789e-06
1.67552     2.0944    9.25977e-06
1.67552     2.30383    1.02277e-05
1.67552     2.51327    0.000430441
1.67552     2.72271    0.000699898
1.67552     2.93215    2.79656e-06

1.88496     -3.14159    0.00023694
1.88496     -2.93215    1.05341e-06
1.88496     -2.72271    0.00072701
1.88496     -2.51327    0.000310607
1.88496     -2.30383    0.000188619
1.88496     -2.0944    0.000198143
1.88496     -1.88496    8.35576e-08
1.88496     -1.67552    9.09437e-05
1.88496     -1.46608    5.76233e-07
1.88496     -1.25664    8.35776e-06
1.88496     -1.0472    0.000168879
1.88496     -0.837758    7.59841e-07
1.88496     -0.628319    0.00011652
1.88496     -0.418879    0.000149812
1.88496     -0.20944    2.33914e-05
1.88496     0    4.70633e-05
1.88496     0.20944    2.33914e-05
1.88496     0.418879    0.000149812
1.88496     0.628319    0.00011652
1.88496     0.837758    7.59842e-07
1.88496     1.0472    0.000168879
1.88496     1.25664    8.35777e-06
1.88496     1.46608    5.76233e-07
1.88496     1.67552    9.09437e-05
1.88496     1.88496    8.35578e-08
1.88496     2.0944    0.000198143
1.88496     2.30383    0.000188619
1.88496     2.51327    0.000310606
1.88496     2.72271    0.00072701
1.88496     2.93215    1.05341e-06

2.0944     -3.14159    3.00072e-05
2.0944     -2.93215    0.000208432
2.0944     -2.72271    0.000339154
2.0944     -2.51327    4.26304e-06
2.0944     -2.30383    8.35889e-05
2.0944     -2.0944    6.4512e-06
2.0944     -1.88496    0.000127274
2.0944     -1.67552    8.11827e-06
2.0944     -1.46608    9.45718e-07
2.0944     -1.25664    0.000307968
2.0944     -1.0472    0.00016133
2.0944     -0.837758    9.66101e-05
2.0944     -0.628319    1.01095e-05
2.0944     -0.418879    4.40264e-05
2.0944     -0.20944    2.35918e-05
2.0944     0    6.26438e-05
2.0944     0.20944    2.35918e-05
2.0944     0.418879    4.40264e-05
2.0944     0.628319    1.01096e-05
2.0944     0.837758    9.66101e-05
2.0944     1.0472    0.00016133
2.0944     1.25664    0.000307968
2.0944     1.46608    9.45717e-07
2.0944     1.67552    8.11827e-06
2.0944     1.88496    0.000127274
2.0944     2.0944    6.4512e-06
2.0944     2.30383    8.35889e-05
2.0944     2.51327    4.26304e-06
2.0944     2.72271    0.000339154
2.0944     2.93215    0.000208432

2.30383     -3.14159    0.000133256
2.30383     -2.93215    0.000105337
2.30383     -2.72271    7.93099e-05
2.30383     -2.51327    8.2988e-08
2.30383     -2.30383    9.20689e-05
2.30383     -2.0944    9.56026e-06
2.30383     -1.88496    8.13286e-06
2.30383     -1.67552    6.78284e-07
2.30383     -1.46608    9.96818e-07
2.30383     -1.25664    6.14794e-05
2.30383     -1.0472    9.59846e-07
2.30383     -0.837758    3.37109e-05
2.30383     -0.628319    2.11171e-08
2.30383     -0.418879    3.36144e-06
2.30383     -0.20944    7.41392e-05
2.30383     0    0.000172023
2.30383     0.20944    7.41392e-05
2.30383     0.418879    3.36144e-06
2.30383     0.628319    2.11171e-08
2.30383     0.837758    3.37109e-05
2.30383     1.0472    9.59846e-07
2.30383     1.25664    6.14794e-05
2.30383     1.46608    9.96818e-07
2.30383     1.67552    6.78283e-07
2.30383     1.88496    8.13286e-06
2.30383     2.0944    9.56026e-06
2.30383     2.30383    9.20689e-05
2.30383     2.51327    8.29878e-08
2.30383     2.72271    7.93099e-05
2.30383     2.93215    0.000105337

2.51327     -3.14159    0.000144554
2.51327     -2.93215    0.000121639
2.51327     -2.72271    2.19935e-05
2.51327     -2.51327    1.75151e-06
2.51327     -2.30383    1.60398e-06
2.51327     -2.0944    1.93467e-05
2.51327     -1.88496    4.54129e-05
2.51327     -1.67552    2.05872e-05
2.51327     -1.46608    2.93735e-05
2.51327     -1.25664    4.70301e-06
2.51327     -1.0472    2.15142e-05
2.51327     -0.837758    7.47494e-06
2.51327     -0.628319    3.26371e-05
2.51327     -0.418879    1.20756e-05
2.51327     -0.20944    3.74469e-05
2.51327     0    0.000624106
2.51327     0.20944    3.74469e-05
2.51327     0.418879    1.20756e-05
2.51327     0.628319    3.26371e-05
2.51327     0.837758    7.47493e-06
2.51327     1.0472    2.15142e-05
2.51327     1.25664    4.70302e-06
2.51327     1.46608    2.93735e-05
2.51327     1.67552    2.05872e-05
2.51327     1.88496    4.54129e-05
2.51327     2.0944    1.93467e-05
2.51327     2.30383    1.60398e-06
2.51327     2.51327    1.75151e-06
2.51327     2.72271    2.19935e-05
2.51327     2.93215    0.000121639

2.72271     -3.14159    0.000167428
2.72271     -2.93215    6.57378e-05
2.72271     -2.72271    1.0485e-07
2.72271     -2.51327    0.000164249
2.72271     -2.30383    2.85617e-05
2.72271     -2.0944    5.4088e-07
2.72271     -1.88496    1.53049e-05
2.72271     -1.67552    7.93765e-06
2.72271     -1.46608    1.50085e-06
2.72271     -1.25664    4.09719e-05
2.72271     -1.0472    1.36866e-05
2.72271     -0.837758    0.000116935
2.72271     -0.628319    0.0001056
2.72271     -0.418879    3.71684e-05
2.72271     -0.20944    6.85258e-05
2.72271     0    1.83856e-05
2.72271     0.20944    6.85258e-05
2.72271     0.418879    3.71684e-05
2.72271     0.628319    0.0001056
2.72271     0.837758    0.000116935
2.72271     1.0472    1.36866e-05
2.72271     1.25664    4.09719e-05
2.72271     1.46608    1.50085e-06
2.72271     1.67552    7.93765e-06
2.72271     1.88496    1.53049e-05
2.72271     2.0944    5.4088e-07
2.72271     2.30383    2.85617e-05
2.72271     2.51327    0.000164249
2.72271     2.72271    1.0485e-07
2.72271     2.93215    6.57378e-05

2.93215     -3.14159    0.000164418
2.93215     -2.93215    4.3944e-06
2.93215     -2.72271    1.69034e-07
2.93215     -2.51327    1.80879e-05
2.93215     -2.30383    2.48074e-05
2.93215     -2.0944    5.09212e-06
2.93215     -1.88496    5.03012e-06
2.93215     -1.67552    7.27266e-05
2.93215     -1.46608    2.38471e-05
2.93215     -1.25664    1.83223e-05
2.93215     -1.0472    4.08671e-07
2.93215     -0.837758    2.74526e-05
2.93215     -0.628319    0.000174672
2.93215     -0.418879    7.96219e-05
2.93215     -0.20944    6.38137e-05
2.93215     0    6.22307e-05
2.93215     0.20944    6.38137e-05
2.93215     0.418879    7.96219e-05
2.93215     0.628319    0.000174672
2.93215     0.837758    2.74526e-05
2.93215     1.0472    4.08671e-07
2.93215     1.25664    1.83223e-05
2.93215     1.46608    2.38471e-05
2.93215     1.67552    7.27266e-05
2.93215     1.88496    5.03012e-06
2.93215     2.0944    5.09211e-06
2.93215     2.30383    2.48074e-05
2.93215     2.51327    1.80879e-05
2.93215     2.72271    1.69034e-07
2.93215     2.93215    4.3944e-06

