-3.14159     -3.14159    0.00074701
-3.14159     -2.61799    5.23204e-05
-3.14159     -2.0944    0.000132796
-3.14159     -1.5708    1.01704e-06
-3.14159     -1.0472    0.000132788
-3.14159     -0.523599    5.23217e-05
-3.14159     0    0.00074712
-3.14159     0.523599    5.23217e-05
-3.14159     1.0472    0.000132788
-3.14159     1.5708    1.01704e-06
-3.14159     2.0944    0.000132796
-3.14159     2.61799    5.23204e-05

-2.61799     -3.14159    5.23203e-05
-2.61799     -2.61799    1.56707e-06
-2.61799     -2.0944    4.19236e-06
-2.61799     -1.5708    1.45796e-05
-2.61799     -1.0472    1.45798e-05
-2.61799     -0.523599    4.19273e-06
-2.61799     0    1.56649e-06
-2.61799     0.523599    5.23245e-05
-2.61799     1.0472    1.1972e-06
-2.61799     1.5708    5.60953e-05
-2.61799     2.0944    5.60984e-05
-2.61799     2.61799    1.19746e-06

-2.0944     -3.14159    0.000132799
-2.0944     -2.61799    4.19239e-06
-2.0944     -2.0944    5.7186e-06
-2.0944     -1.5708    1.02781e-06
-2.0944     -1.0472    0.000182086
-2.0944     -0.523599    1.02759e-06
-2.0944     0    5.71857e-06
-2.0944     0.523599    4.19254e-06
-2.0944     1.0472    0.000132806
-2.0944     1.5708    5.60981e-05
-2.0944     2.0944    0.00162454
-2.0944     2.61799    5.60981e-05

-1.5708     -3.14159    1.0176e-06
-1.5708     -2.61799    1.45797e-05
-1.5708     -2.0944    1.02785e-06
-1.5708     -1.5708    4.19292e-08
-1.5708     -1.0472    1.06563e-05
-1.5708     -0.523599    1.06563e-05
-1.5708     0    4.19022e-08
-1.5708     0.523599    1.02769e-06
-1.5708     1.0472    1.45794e-05
-1.5708     1.5708    1.01592e-06
-1.5708     2.0944    5.60985e-05
-1.5708     2.61799    5.60963e-05

-1.0472     -3.14159    0.000132789
-1.0472     -2.61799    1.45799e-05
-1.0472     -2.0944    0.000182088
-1.0472     -1.5708    1.06568e-05
-1.0472     -1.0472    9.81097e-05
-1.0472     -0.523599    3.0411e-08
-1.0472     0    9.8113e-05
-1.0472     0.523599    1.06566e-05
-1.0472     1.0472    0.00018206
-1.0472     1.5708    1.45795e-05
-1.0472     2.0944    0.000132799
-1.0472     2.61799    1.19739e-06

-0.523599     -3.14159    5.232e-05
-0.523599     -2.61799    4.19309e-06
-0.523599     -2.0944    1.02754e-06
-0.523599     -1.5708    1.06567e-05
-0.523599     -1.0472    3.04556e-08
-0.523599     -0.523599    4.96706e-05
-0.523599     0    4.96718e-05
-0.523599     0.523599    3.0379e-08
-0.523599     1.0472    1.06566e-05
-0.523599     1.5708    1.02779e-06
-0.523599     2.0944    4.19341e-06
-0.523599     2.61799    5.23223e-05

0     -3.14159    0.000747217
0     -2.61799    1.56667e-06
0     -2.0944    5.71856e-06
0     -1.5708    4.19234e-08
0     -1.0472    9.81132e-05
0     -0.523599    4.967e-05
0     0    2.67459e-33
0     0.523599    4.967e-05
0     1.0472    9.81132e-05
0     1.5708    4.19234e-08
0     2.0944    5.71856e-06
0     2.61799    1.56667e-06

0.523599     -3.14159    5.232e-05
0.523599     -2.61799    5.23223e-05
0.523599     -2.0944    4.19341e-06
0.523599     -1.5708    1.02779e-06
0.523599     -1.0472    1.06566e-05
0.523599     -0.523599    3.0379e-08
0.523599     0    4.96718e-05
0.523599     0.523599    4.96706e-05
0.523599     1.0472    3.04556e-08
0.523599     1.5708    1.06567e-05
0.523599     2.0944    1.02754e-06
0.523599     2.61799    4.19309e-06

1.0472     -3.14159    0.000132789
1.0472     -2.61799    1.19739e-06
1.0472     -2.0944    0.000132799
1.0472     -1.5708    1.45795e-05
1.0472     -1.0472    0.00018206
1.0472     -0.523599    1.06566e-05
1.0472     0    9.8113e-05
1.0472     0.523599    3.0411e-08
1.0472     1.0472    9.81097e-05
1.0472     1.5708    1.06568e-05
1.0472     2.0944    0.000182088
1.0472     2.61799    1.45799e-05

1.5708     -3.14159    1.0176e-06
1.5708     -2.61799    5.60963e-05
1.5708     -2.0944    5.60985e-05
1.5708     -1.5708    1.01592e-06
1.5708     -1.0472    1.45794e-05
1.5708     -0.523599    1.02769e-06
1.5708     0    4.19022e-08
1.5708     0.523599    1.06563e-05
1.5708     1.0472    1.06563e-05
1.5708     1.5708    4.19292e-08
1.5708     2.0944    1.02785e-06
1.5708     2.61799    1.45797e-05

2.0944     -3.14159    0.000132799
2.0944     -2.61799    5.60981e-05
2.0944     -2.0944    0.00162454
2.0944     -1.5708    5.60981e-05
2.0944     -1.0472    0.000132806
2.0944     -0.523599    4.19254e-06
2.0944     0    5.71857e-06
2.0944     0.523599    1.02759e-06
2.0944     1.0472    0.000182086
2.0944     1.5708    1.02781e-06
2.0944     2.0944    5.7186e-06
2.0944     2.61799    4.19239e-06

2.61799     -3.14159    5.23203e-05
2.61799     -2.61799    1.19746e-06
2.61799     -2.0944    5.60984e-05
2.61799     -1.5708    5.60953e-05
2.61799     -1.0472    1.1972e-06
2.61799     -0.523599    5.23245e-05
2.61799     0    1.56649e-06
2.61799     0.523599    4.19273e-06
2.61799     1.0472    1.45798e-05
2.61799     1.5708    1.45796e-05
2.61799     2.0944    4.19236e-06
2.61799     2.61799    1.56707e-06

