-3.14159     -3.14159    0.00091022
-3.14159     -2.82743    0.00285648
-3.14159     -2.51327    0.00296747
-3.14159     -2.19911    0.00382537
-3.14159     -1.88496    0.00387727
-3.14159     -1.5708    0.00404185
-3.14159     -1.25664    0.00322911
-3.14159     -0.942478    0.00311391
-3.14159     -0.628319    0.00170246
-3.14159     -0.314159    0.000846898
-3.14159     0    0.00211998
-3.14159     0.314159    0.000846118
-3.14159     0.628319    0.00170073
-3.14159     0.942478    0.00311021
-3.14159     1.25664    0.0032257
-3.14159     1.5708    0.00403807
-3.14159     1.88496    0.00387342
-3.14159     2.19911    0.00382183
-3.14159     2.51327    0.00296395
-3.14159     2.82743    0.00285333

-2.82743     -3.14159    0.00286099
-2.82743     -2.82743    0.00390985
-2.82743     -2.51327    0.00496419
-2.82743     -2.19911    0.00394243
-2.82743     -1.88496    0.00400925
-2.82743     -1.5708    0.00327262
-2.82743     -1.25664    0.0016681
-2.82743     -0.942478    0.00120896
-2.82743     -0.628319    0.000726693
-2.82743     -0.314159    0.000164257
-2.82743     0    4.69129e-05
-2.82743     0.314159    0.000163751
-2.82743     0.628319    0.00072497
-2.82743     0.942478    0.00120624
-2.82743     1.25664    0.00166512
-2.82743     1.5708    0.00326951
-2.82743     1.88496    0.00400568
-2.82743     2.19911    0.0039387
-2.82743     2.51327    0.00496131
-2.82743     2.82743    0.00390837

-2.51327     -3.14159    0.00501251
-2.51327     -2.82743    0.00341389
-2.51327     -2.51327    0.00460326
-2.51327     -2.19911    0.00311209
-2.51327     -1.88496    0.0018858
-2.51327     -1.5708    0.00100398
-2.51327     -1.25664    0.000436422
-2.51327     -0.942478    0.000173508
-2.51327     -0.628319    5.40531e-05
-2.51327     -0.314159    6.72459e-06
-2.51327     0    0.000251547
-2.51327     0.314159    6.87943e-06
-2.51327     0.628319    5.35088e-05
-2.51327     0.942478    0.000172645
-2.51327     1.25664    0.000434596
-2.51327     1.5708    0.00100128
-2.51327     1.88496    0.00188176
-2.51327     2.19911    0.00310822
-2.51327     2.51327    0.00460095
-2.51327     2.82743    0.00341327

-2.19911     -3.14159    0.00720663
-2.19911     -2.82743    0.00339546
-2.19911     -2.51327    0.00250089
-2.19911     -2.19911    0.00203777
-2.19911     -1.88496    0.000784011
-2.19911     -1.5708    0.00022846
-2.19911     -1.25664    2.58669e-05
-2.19911     -0.942478    8.41477e-06
-2.19911     -0.628319    4.93003e-05
-2.19911     -0.314159    0.000673989
-2.19911     0    0.00175707
-2.19911     0.314159    0.000675802
-2.19911     0.628319    4.97556e-05
-2.19911     0.942478    8.61668e-06
-2.19911     1.25664    2.54816e-05
-2.19911     1.5708    0.000226997
-2.19911     1.88496    0.000781164
-2.19911     2.19911    0.00203375
-2.19911     2.51327    0.00249786
-2.19911     2.82743    0.00339417

-1.88496     -3.14159    0.00694889
-1.88496     -2.82743    0.0038013
-1.88496     -2.51327    0.000653752
-1.88496     -2.19911    0.000526511
-1.88496     -1.88496    0.000181191
-1.88496     -1.5708    9.07062e-06
-1.88496     -1.25664    1.77211e-05
-1.88496     -0.942478    0.000176554
-1.88496     -0.628319    0.000509719
-1.88496     -0.314159    0.00196557
-1.88496     0    0.00374554
-1.88496     0.314159    0.00196734
-1.88496     0.628319    0.000510742
-1.88496     0.942478    0.000177145
-1.88496     1.25664    1.8048e-05
-1.88496     1.5708    9.26802e-06
-1.88496     1.88496    0.000179888
-1.88496     2.19911    0.000524734
-1.88496     2.51327    0.000652689
-1.88496     2.82743    0.00379913

-1.5708     -3.14159    0.00504075
-1.5708     -2.82743    0.00317333
-1.5708     -2.51327    0.000510126
-1.5708     -2.19911    5.78284e-06
-1.5708     -1.88496    2.53691e-06
-1.5708     -1.5708    0.000154431
-1.5708     -1.25664    0.000374369
-1.5708     -0.942478    0.000765636
-1.5708     -0.628319    0.0017139
-1.5708     -0.314159    0.00321437
-1.5708     0    0.00433297
-1.5708     0.314159    0.00321578
-1.5708     0.628319    0.00171512
-1.5708     0.942478    0.000766513
-1.5708     1.25664    0.000375467
-1.5708     1.5708    0.000155428
-1.5708     1.88496    2.67784e-06
-1.5708     2.19911    5.65681e-06
-1.5708     2.51327    0.000508862
-1.5708     2.82743    0.00317027

-1.25664     -3.14159    0.0021133
-1.25664     -2.82743    0.000512839
-1.25664     -2.51327    5.87075e-05
-1.25664     -2.19911    0.00019556
-1.25664     -1.88496    0.00111786
-1.25664     -1.5708    0.00155694
-1.25664     -1.25664    0.0017391
-1.25664     -0.942478    0.00255158
-1.25664     -0.628319    0.00390021
-1.25664     -0.314159    0.0050401
-1.25664     0    0.00577208
-1.25664     0.314159    0.00504127
-1.25664     0.628319    0.00390074
-1.25664     0.942478    0.00255293
-1.25664     1.25664    0.0017414
-1.25664     1.5708    0.00155896
-1.25664     1.88496    0.00111979
-1.25664     2.19911    0.000196322
-1.25664     2.51327    5.84423e-05
-1.25664     2.82743    0.000512589

-0.942478     -3.14159    0.00284934
-0.942478     -2.82743    0.000918012
-0.942478     -2.51327    0.000121222
-0.942478     -2.19911    0.000198563
-0.942478     -1.88496    0.00215177
-0.942478     -1.5708    0.00390734
-0.942478     -1.25664    0.00388915
-0.942478     -0.942478    0.00465762
-0.942478     -0.628319    0.00698103
-0.942478     -0.314159    0.008603
-0.942478     0    0.00877869
-0.942478     0.314159    0.00860332
-0.942478     0.628319    0.00697966
-0.942478     0.942478    0.00465899
-0.942478     1.25664    0.00389063
-0.942478     1.5708    0.0039082
-0.942478     1.88496    0.00215243
-0.942478     2.19911    0.000198918
-0.942478     2.51327    0.000120847
-0.942478     2.82743    0.000917095

-0.628319     -3.14159    0.00235132
-0.628319     -2.82743    0.000847341
-0.628319     -2.51327    4.87382e-05
-0.628319     -2.19911    7.57443e-05
-0.628319     -1.88496    0.00116649
-0.628319     -1.5708    0.00315363
-0.628319     -1.25664    0.00503522
-0.628319     -0.942478    0.00642655
-0.628319     -0.628319    0.0106166
-0.628319     -0.314159    0.0161335
-0.628319     0    0.016366
-0.628319     0.314159    0.0161311
-0.628319     0.628319    0.0106155
-0.628319     0.942478    0.0064263
-0.628319     1.25664    0.00503568
-0.628319     1.5708    0.00315451
-0.628319     1.88496    0.0011672
-0.628319     2.19911    7.60034e-05
-0.628319     2.51327    4.84591e-05
-0.628319     2.82743    0.000846386

-0.314159     -3.14159    0.00204199
-0.314159     -2.82743    0.000603828
-0.314159     -2.51327    1.64416e-05
-0.314159     -2.19911    8.3645e-05
-0.314159     -1.88496    0.000697364
-0.314159     -1.5708    0.00246529
-0.314159     -1.25664    0.00498504
-0.314159     -0.942478    0.00834952
-0.314159     -0.628319    0.0135851
-0.314159     -0.314159    0.02921
-0.314159     0    0.0440612
-0.314159     0.314159    0.0292188
-0.314159     0.628319    0.013581
-0.314159     0.942478    0.00834888
-0.314159     1.25664    0.00498525
-0.314159     1.5708    0.00246586
-0.314159     1.88496    0.000698336
-0.314159     2.19911    8.39037e-05
-0.314159     2.51327    1.63102e-05
-0.314159     2.82743    0.00060313

0     -3.14159    0.00300572
0     -2.82743    0.000336013
0     -2.51327    4.66676e-05
0     -2.19911    3.32093e-05
0     -1.88496    0.00100226
0     -1.5708    0.00135395
0     -1.25664    0.00911055
0     -0.942478    0.00536733
0     -0.628319    0.0301744
0     -0.314159    0.0286155
0     0    4.6685e-31
0     0.314159    0.0286155
0     0.628319    0.0301744
0     0.942478    0.00536733
0     1.25664    0.00911055
0     1.5708    0.00135395
0     1.88496    0.00100226
0     2.19911    3.32093e-05
0     2.51327    4.66676e-05
0     2.82743    0.000336013

0.314159     -3.14159    0.00204131
0.314159     -2.82743    0.00060313
0.314159     -2.51327    1.63102e-05
0.314159     -2.19911    8.39037e-05
0.314159     -1.88496    0.000698336
0.314159     -1.5708    0.00246586
0.314159     -1.25664    0.00498525
0.314159     -0.942478    0.00834888
0.314159     -0.628319    0.013581
0.314159     -0.314159    0.0292188
0.314159     0    0.0440612
0.314159     0.314159    0.02921
0.314159     0.628319    0.0135851
0.314159     0.942478    0.00834952
0.314159     1.25664    0.00498504
0.314159     1.5708    0.00246529
0.314159     1.88496    0.000697364
0.314159     2.19911    8.3645e-05
0.314159     2.51327    1.64416e-05
0.314159     2.82743    0.000603828

0.628319     -3.14159    0.00235048
0.628319     -2.82743    0.000846386
0.628319     -2.51327    4.84591e-05
0.628319     -2.19911    7.60034e-05
0.628319     -1.88496    0.0011672
0.628319     -1.5708    0.00315451
0.628319     -1.25664    0.00503568
0.628319     -0.942478    0.0064263
0.628319     -0.628319    0.0106155
0.628319     -0.314159    0.0161311
0.628319     0    0.016366
0.628319     0.314159    0.0161335
0.628319     0.628319    0.0106166
0.628319     0.942478    0.00642655
0.628319     1.25664    0.00503522
0.628319     1.5708    0.00315363
0.628319     1.88496    0.00116649
0.628319     2.19911    7.57443e-05
0.628319     2.51327    4.87382e-05
0.628319     2.82743    0.000847341

0.942478     -3.14159    0.00284802
0.942478     -2.82743    0.000917095
0.942478     -2.51327    0.000120847
0.942478     -2.19911    0.000198918
0.942478     -1.88496    0.00215243
0.942478     -1.5708    0.0039082
0.942478     -1.25664    0.00389063
0.942478     -0.942478    0.00465899
0.942478     -0.628319    0.00697966
0.942478     -0.314159    0.00860332
0.942478     0    0.00877869
0.942478     0.314159    0.008603
0.942478     0.628319    0.00698103
0.942478     0.942478    0.00465762
0.942478     1.25664    0.00388915
0.942478     1.5708    0.00390734
0.942478     1.88496    0.00215177
0.942478     2.19911    0.000198563
0.942478     2.51327    0.000121222
0.942478     2.82743    0.000918012

1.25664     -3.14159    0.00211318
1.25664     -2.82743    0.000512589
1.25664     -2.51327    5.84423e-05
1.25664     -2.19911    0.000196322
1.25664     -1.88496    0.00111979
1.25664     -1.5708    0.00155896
1.25664     -1.25664    0.0017414
1.25664     -0.942478    0.00255293
1.25664     -0.628319    0.00390074
1.25664     -0.314159    0.00504127
1.25664     0    0.00577208
1.25664     0.314159    0.0050401
1.25664     0.628319    0.00390021
1.25664     0.942478    0.00255158
1.25664     1.25664    0.0017391
1.25664     1.5708    0.00155694
1.25664     1.88496    0.00111786
1.25664     2.19911    0.00019556
1.25664     2.51327    5.87075e-05
1.25664     2.82743    0.000512839

1.5708     -3.14159    0.00503909
1.5708     -2.82743    0.00317027
1.5708     -2.51327    0.000508862
1.5708     -2.19911    5.65681e-06
1.5708     -1.88496    2.67784e-06
1.5708     -1.5708    0.000155428
1.5708     -1.25664    0.000375467
1.5708     -0.942478    0.000766513
1.5708     -0.628319    0.00171512
1.5708     -0.314159    0.00321578
1.5708     0    0.00433297
1.5708     0.314159    0.00321437
1.5708     0.628319    0.0017139
1.5708     0.942478    0.000765636
1.5708     1.25664    0.000374369
1.5708     1.5708    0.000154431
1.5708     1.88496    2.53691e-06
1.5708     2.19911    5.78284e-06
1.5708     2.51327    0.000510126
1.5708     2.82743    0.00317333

1.88496     -3.14159    0.00694609
1.88496     -2.82743    0.00379913
1.88496     -2.51327    0.000652689
1.88496     -2.19911    0.000524734
1.88496     -1.88496    0.000179888
1.88496     -1.5708    9.26802e-06
1.88496     -1.25664    1.8048e-05
1.88496     -0.942478    0.000177145
1.88496     -0.628319    0.000510742
1.88496     -0.314159    0.00196734
1.88496     0    0.00374554
1.88496     0.314159    0.00196557
1.88496     0.628319    0.000509719
1.88496     0.942478    0.000176554
1.88496     1.25664    1.77211e-05
1.88496     1.5708    9.07062e-06
1.88496     1.88496    0.000181191
1.88496     2.19911    0.000526511
1.88496     2.51327    0.000653752
1.88496     2.82743    0.0038013

2.19911     -3.14159    0.00720526
2.19911     -2.82743    0.00339417
2.19911     -2.51327    0.00249786
2.19911     -2.19911    0.00203375
2.19911     -1.88496    0.000781164
2.19911     -1.5708    0.000226997
2.19911     -1.25664    2.54816e-05
2.19911     -0.942478    8.61668e-06
2.19911     -0.628319    4.97556e-05
2.19911     -0.314159    0.000675802
2.19911     0    0.00175707
2.19911     0.314159    0.000673989
2.19911     0.628319    4.93003e-05
2.19911     0.942478    8.41477e-06
2.19911     1.25664    2.58669e-05
2.19911     1.5708    0.00022846
2.19911     1.88496    0.000784011
2.19911     2.19911    0.00203777
2.19911     2.51327    0.00250089
2.19911     2.82743    0.00339546

2.51327     -3.14159    0.00501252
2.51327     -2.82743    0.00341327
2.51327     -2.51327    0.00460095
2.51327     -2.19911    0.00310822
2.51327     -1.88496    0.00188176
2.51327     -1.5708    0.00100128
2.51327     -1.25664    0.000434596
2.51327     -0.942478    0.000172645
2.51327     -0.628319    5.35088e-05
2.51327     -0.314159    6.87943e-06
2.51327     0    0.000251547
2.51327     0.314159    6.72459e-06
2.51327     0.628319    5.40531e-05
2.51327     0.942478    0.000173508
2.51327     1.25664    0.000436422
2.51327     1.5708    0.00100398
2.51327     1.88496    0.0018858
2.51327     2.19911    0.00311209
2.51327     2.51327    0.00460326
2.51327     2.82743    0.00341389

2.82743     -3.14159    0.00286033
2.82743     -2.82743    0.00390837
2.82743     -2.51327    0.00496131
2.82743     -2.19911    0.0039387
2.82743     -1.88496    0.00400568
2.82743     -1.5708    0.00326951
2.82743     -1.25664    0.00166512
2.82743     -0.942478    0.00120624
2.82743     -0.628319    0.00072497
2.82743     -0.314159    0.000163751
2.82743     0    4.69129e-05
2.82743     0.314159    0.000164257
2.82743     0.628319    0.000726693
2.82743     0.942478    0.00120896
2.82743     1.25664    0.0016681
2.82743     1.5708    0.00327262
2.82743     1.88496    0.00400925
2.82743     2.19911    0.00394243
2.82743     2.51327    0.00496419
2.82743     2.82743    0.00390985

